52	518.456499550525
60	474.343276666845
66	458.804021080200
80	432.931094143271
88	379.610858174301
110	330.769326398468
182	329.725766698162
234	322.676760523685
258	294.535415082527
340	271.005169099145
548	257.308857694463
642	251.954479636617
798	242.619849590443
856	194.051047265574
3490	180.833817248164
3724	164.357987089273
4150	159.892866048302
4186	159.317112024023
4212	158.882765858379
4236	154.517714366700
4238	134.239296338994
4274	126.963163770353
4334	123.874706481118
4340	123.553026297969
4348	117.957132221727
4398	111.918614208588
4422	108.290309362935
4438	106.472230483518
4446	105.890968359721
4462	105.763950431851
4466	102.738086964756
4480	97.485713099561
4506	92.5510301960424
4542	90.0807937511483
4572	89.5642771918443
4588	88.9840629063198
4606	88.5535699101421
4618	86.1029543968126
4622	85.8046776766187
4630	85.7561208227386
4648	85.3894003676983
4658	84.4951357870884
4672	84.2119551712057
4682	82.5570962518852
4708	82.1533023337741
4718	81.2639378433108
4740	81.0024310156077
4758	81.0021147862528
4770	79.610214480748
4790	79.0225103366603
4800	78.7331713496182
4808	78.3253002871166
4810	78.2804978982911
4816	76.7414552995474
4848	76.3204258993861
4870	74.64175715277
4904	74.49408551002
4906	73.38055001057
4926	73.2083717345035
4940	73.1444504531335
4960	72.640278416822
4966	72.2791992689306
4990	70.5842410328173
5002	70.2722048959101
5010	70.0478368217178
5012	69.9197014546893
5016	69.7163093845747
5024	69.5295823339225
5030	69.3520684860046
5040	67.4988880689192
5070	66.7578995692191
5128	66.6610837121955
5132	66.6197491719044
5134	66.251039843849
5140	65.3568292089548
5158	65.3060663952203
5198	65.0766197246875
5216	65.0656706175947
5218	64.7717078102301
5242	64.2818817974365
5266	64.2719421124597
5268	63.8517234568507
5278	63.8189372967547
5288	63.7296737950359
5298	63.509746856572
5302	63.3634035691067
5306	63.3261474626339
5308	62.7820349209007
5312	62.6496997995877
5334	62.5204350593182
5344	61.9543405135498
5360	61.8205588539442
5378	61.6380562563814
5380	61.3665847126476
5388	61.2927856014353
5396	61.2045585992899
5398	60.8365496973237
5414	60.5803787555589
5420	60.0324069656851
5432	59.9719626286294
5442	59.8257707257907
5450	59.760042587108
5456	59.6850939533192
5460	59.6328724551305
5464	59.1353356572703
5484	59.1017763476115
5486	58.5550194167545
5488	58.411949433207
5498	58.2042024243386
5514	58.0110721540779
5538	57.6379206959581
5546	57.4024516628468
5550	57.0106896942024
5564	56.438945769221
5578	56.3373850019
5588	55.8373908378631
5594	55.5487619469268
5596	55.4586146729848
5598	55.1836776536996
5626	54.267369426477
5638	53.8437167709584
5666	53.8145482869508
5674	53.6539361162512
5680	53.6133787935619
5694	53.3922860465526
5706	53.1868289348033
5712	53.0707559801111
5728	52.914931480299
5748	52.720703050668
5760	52.4001352687951
5782	52.3590972519574
5784	51.8201542803095
5794	51.718087629828
5806	51.4569973360887
5812	51.3188952434564
5816	51.3000438476406
5826	50.9140175064682
5830	50.3735110762313
5856	49.851197880484
5868	49.8080525160686
5870	49.585100080477
5884	49.5444424408298
5892	49.4524186535805
5894	49.3471348586413
5912	49.2975310280437
5916	49.2084501947914
5918	48.961916947137
5920	48.9143862225298
5926	48.5659760645782
5940	48.4149197874384
5944	48.0995003996234
5976	47.8591521142332
5992	47.6436008529151
6010	47.5745827469778
6016	47.5704028004092
6024	47.1675148770449
6042	47.099291703831
6044	46.4900364550701
6056	46.1679312496183
6062	46.0844485791571
6064	46.065069663787
6092	45.8473820989016
6094	45.836667205517
6112	45.4348825711785
6116	45.2790116705539
6136	45.2610502609431
6150	45.2223769616539
6152	45.0858956181027
6170	44.9708413906983
6180	44.6496366703313
6196	44.5502168921277
6208	44.5249202532168
6224	44.2227636059774
6254	43.8034720263175
6266	43.769234010043
6274	43.6302057133841
6288	43.5390482000843
6294	43.4091827179873
6310	43.2151121117111
6320	43.0190259756151
6326	42.8554720893517
6352	42.6740498049913
6364	42.6496053079223
6366	42.58900233165
6370	42.5107607569783
6376	42.4969795086761
6386	42.4300327361684
6392	42.3844090688415
6394	42.3428904384178
6402	42.1383406392940
6412	42.0799972631088
6420	41.8892206590086
6450	41.7696963568444
6462	41.6939348591634
6470	41.6465159002049
6472	41.5562107571799
6498	41.5182539508395
6528	41.4685710820399
6534	41.3840187167049
6538	41.3546222626349
6546	41.3185442919871
6554	41.2833604059705
6570	41.2186404028014
6578	41.2166316434005
6592	41.2145689219078
6594	41.1420378142
6606	41.1005855412956
6612	41.0993927984610
6628	41.0484293203306
6638	40.9890979148846
6642	40.9031477455998
6662	40.8858502665644
6666	40.8311160100373
6672	40.7771195118335
6680	40.7465686320795
6694	40.5959736241083
6698	40.4322505005023
6708	40.4065871463361
6718	40.1544182788723
6720	39.7042244812327
6746	39.6870926323905
6748	39.5157764840461
6774	39.4449480717347
6778	39.3972491379438
6788	39.3306041795977
6794	39.2616480597939
6798	39.2275259326784
6806	39.1751367957549
6812	38.9429531970523
6822	38.6850274636686
6826	38.6450349114648
6856	38.5774830305571
6862	38.465715852787
6886	38.4019119828832
6894	38.2699387173391
6898	38.1679627425929
6912	38.1573793324678
6918	37.9735654754219
6936	37.8685337335334
6942	37.7080445032827
6970	37.6021374356191
6994	37.4829364196033
6996	37.3965556219919
6998	37.3774510713051
7006	37.2705120958387
7020	37.1973613315915
7022	37.1343657089946
7024	37.1266354230576
7028	37.0875016130720
7032	36.8040806247931
7038	36.3622725387462
7058	35.8979291693023
7086	35.7753105412424
7100	35.7393012237991
7106	35.7392484605106
7124	35.6607078945893
7126	35.3716384799257
7138	35.2443070773922
7144	35.2175256014259
7160	34.8527810891297
7178	34.7838997140731
7200	34.6680294845166
7210	34.6092781085822
7224	34.5960612593921
7234	34.5872801673003
7246	34.4964224640422
7248	34.3362055899956
7254	34.3313462299862
7262	34.3302410256338
7264	34.1698764794885
7280	34.1641699233989
7288	34.1556963661905
7298	34.0228700163006
7302	33.7962934849605
7310	33.7239222720148
7312	33.7081367465186
7318	33.5935331090075
7330	33.5666965749415
7344	33.4139330572952
7370	33.3515093138995
7382	33.0449387347948
7386	32.9543520096198
7414	32.8835552907527
7416	32.7596230515784
7426	32.6327418206974
7438	32.5494961914204
7442	32.42501543273
7458	32.373701594274
7472	32.3476515423786
7478	32.0250040079822
7482	31.9544077948748
7490	31.7077012961575
7498	31.541263031893
7532	31.4310599698299
7546	31.4159229038028
7552	31.3599917305391
7554	31.1085844166194
7580	31.083054977657
7602	31.0187007629065
7646	31.0050680570884
7650	30.8761954773154
7666	30.8571726152871
7680	30.840592886225
7692	30.7849401577566
7700	30.6854657997726
7736	30.6826314437197
7738	30.6317688002512
7762	30.6150489728019
7766	30.5739241920365
7802	30.5721561089649
7804	30.5711071071850
7810	30.5340426436731
7822	30.4651222773795
7824	30.4445908350144
7838	30.4418458815723
7844	30.3900759456931
7846	30.3002564391813
7850	30.11962312757
7880	30.0606482276353
7920	30.0480804706567
7930	29.9848313443903
7950	29.9826855909926
7954	29.9308272487188
7966	29.9217960784558
7970	29.8836841392427
8014	29.8268447801772
8050	29.7830698254958
8064	29.7678261103406
8074	29.7527641212108
8080	29.7374217629552
8084	29.7283450106200
8096	29.7123649202635
8100	29.6659072642569
8102	29.664565933259
8132	29.6368515729178
8152	29.6086842239465
8194	29.5772308380088
8204	29.5764865390356
8218	29.5504479779163
8224	29.5417178946832
8238	29.5373198787446
8246	29.5183886844628
8254	29.4988960064837
8260	29.4794969507241
8278	29.4605925277636
8280	29.4260416599303
8284	29.3854471245090
8296	29.3145972839634
8302	29.2965312500403
8304	29.2856428569362
8308	29.2852279233729
8316	29.264756649325
8320	29.1662793624413
8332	29.1435414782703
8336	29.0636048086265
8358	29.0493765909681
8374	29.0302452703069
8380	28.9998508015726
8402	28.9929897313413
8428	28.9667001067879
8462	28.9346586771850
8470	28.9312340843376
8488	28.8903629171626
8490	28.8646476933458
8504	28.8334459139081
8510	28.7444974213251
8538	28.6894717973487
8542	28.6590069247506
8546	28.6509119779400
8552	28.6209373596560
8558	28.6076410829519
8574	28.5911049350267
8582	28.5050034852379
8604	28.4945302061815
8608	28.4564399127797
8616	28.3882470126636
8620	28.328081190468
8628	28.2282489428793
8648	28.1535908104531
8670	28.1422527887740
8688	28.0610564408822
8704	27.9848499152827
8716	27.9629476368264
8744	27.8741576767583
8748	27.8447308266949
8754	27.8022894724958
8766	27.7189153240266
8800	27.7182195952162
8802	27.7007045827680
8804	27.5333789346247
8832	27.5262828442503
8836	27.5174096412013
8858	27.4709458646307
8868	27.3233390360888
8884	27.3044451895838
8904	27.2635674612167
8908	27.1674087763239
8918	27.1319572417109
8940	27.1250864238094
8946	27.1153270565228
8962	27.1099456879365
8970	27.0766072276373
8988	27.0120262174753
8990	26.9746320979096
9002	26.8945154192600
9018	26.8663777155736
9036	26.7653142769637
9040	26.6723604276987
9058	26.6097466165348
9094	26.5672701218968
9122	26.5459744098670
9140	26.5190595673088
9142	26.3578103877378
9168	26.3447190649860
9180	26.3388439322480
9182	26.1972079224958
9184	26.0750871197164
9216	26.001122495273
9234	25.9974040276994
9240	25.9893559548987
9242	25.9112646619869
9254	25.8540003873113
9272	25.8512210153768
9292	25.8026554612479
9300	25.8010563068744
9302	25.7819842747546
9310	25.7747921110923
9316	25.7407412825072
9322	25.7055360463209
9336	25.7029059676442
9350	25.6769505465186
9356	25.6471855272002
9366	25.5963023318075
9384	25.5387937998735
9408	25.5233889669914
9422	25.4989759752840
9428	25.4380748311542
9438	25.3856992642107
9470	25.3668346984234
9472	25.3571645770823
9476	25.3433450278769
9490	25.3393697548622
9494	25.3368341243702
9504	25.3274987592045
9510	25.3168410457149
9524	25.2722018323716
9544	25.2485522718723
9546	25.2200461739341
9574	25.2145604623900
9584	25.1712152557479
9612	25.1452723695902
9618	25.1452582354651
9628	25.1303627158874
9644	25.1088588502664
9660	25.1086083029443
9680	25.0915330003225
9682	25.0658355381296
9684	25.0446547580723
9688	25.0380799711189
9702	25.0345348201642
9712	25.0163819666915
9716	25.004803130781
9740	25.0002810610245
9750	24.9911306995171
9768	24.9802787796232
9778	24.9748289595970
9782	24.9743939711580
9796	24.9573329739725
9804	24.9447221249616
9818	24.9171445194931
9822	24.9126348948161
9840	24.9025669860385
9850	24.8922718823030
9858	24.8848865922896
9866	24.8775195961408
9870	24.8752013026966
9882	24.8267508761678
9896	24.8140978177923
9900	24.8016205321112
9914	24.7991182409288
9922	24.7869304172407
9934	24.7863601092128
9946	24.750120793542
9948	24.7123136526260
9986	24.7057109005499
9992	24.6808617796689
10000	24.6282725430703
10014	24.5773216710458
10034	24.5583498569192
10040	24.5552255314644
10044	24.5401695819779
10046	24.5293476025445
10052	24.5256598580632
10054	24.4810300931133
10074	24.4581054633070
10078	24.4091653646025
10080	24.3618480511289
10086	24.3219776463951
10102	24.2917354052152
10126	24.2736971927187
10142	24.2504985599488
10158	24.2422038589662
10172	24.2238884800011
10184	24.1806499193649
10190	24.1265734273025
10234	24.1028725548011
10236	24.0958541294429
10244	24.0855902751852
10264	24.0658510165906
10268	24.0322530077390
10272	24.0159192566742
10304	23.9768853978962
10314	23.9476339184074
10348	23.9370354356941
10352	23.9196555014099
10358	23.9140104282272
10362	23.9088041137650
10370	23.8938740617337
10372	23.8905553880128
10394	23.8512385456958
10398	23.8454383537021
10428	23.8108107460536
10446	23.8055572086069
10448	23.8037598082523
10452	23.7804563284232
10472	23.7771194298189
10496	23.7750964976208
10498	23.7607609923702
10506	23.7519550321262
10514	23.7495256356588
10520	23.7463310222077
10532	23.7309609924380
10536	23.7266668041660
10544	23.7214727635467
10552	23.7201391112025
10558	23.7178494262527
10562	23.7080793157255
10566	23.7046291220114
10570	23.7042706418922
10574	23.6884070286248
10598	23.6812062808768
10600	23.6696578904104
10612	23.6633229533538
10618	23.6504389806331
10630	23.6383406101882
10648	23.6338692810530
10662	23.6208883869971
10670	23.5999800298975
10674	23.5505353522596
10716	23.5283792374863
10730	23.5281990708711
10734	23.5156072092915
10750	23.5099560750396
10758	23.4956330045082
10760	23.4899197220560
10776	23.4825961032008
10802	23.4720248939996
10820	23.4537474572026
10846	23.4452143290554
10854	23.4439258057930
10860	23.4423179010387
10862	23.4420851970406
10866	23.4338243896256
10868	23.417321941924
10878	23.4002021716379
10892	23.3899060767963
10898	23.3892888459188
10912	23.3804814508224
10946	23.3715665980086
10960	23.3508751910184
10966	23.3506521917383
10968	23.3318004468433
10972	23.2896760368362
10988	23.2799951879260
10994	23.2748683256398
10998	23.2720934913378
11014	23.2680355045755
11038	23.2634901921794
11040	23.2507645710983
11066	23.2467937263042
11074	23.2425984013453
11076	23.2390016669619
11084	23.2274106269974
11096	23.2216089311709
11124	23.2192890442429
11126	23.2113462510346
11140	23.2109724675706
11142	23.2072930036309
11156	23.2044247135693
11166	23.1969649803606
11188	23.1894456755211
11192	23.1823113316445
11242	23.1754603372211
11246	23.1743622990226
11256	23.1742170627088
11264	23.1699673730231
11268	23.1645794500441
11270	23.1628589315032
11286	23.1593458569877
11292	23.1296763768483
11300	23.1208096334131
11358	23.1117291731273
11362	23.1069117594281
11368	23.1050842805500
11370	23.1047929425703
11394	23.1009659727643
11430	23.0972956664681
11452	23.0961275460118
11460	23.0915233652171
11466	23.0900002281103
11472	23.0897608897882
11474	23.0827736195771
11480	23.0814606061847
11496	23.0807547252484
11508	23.0778064684994
11514	23.0765282684757
11518	23.0763321001876
11520	23.0753579740982
11522	23.0682078395779
11530	23.0670575601968
11542	23.0497121893899
11572	23.046606223044
11574	23.0357413146222
11590	23.0321926957195
11606	23.0318616299859
11626	23.0153662313689
11656	23.0103768706014
11664	23.0091537338777
11668	23.0079593458767
11672	23.0043909253531
11676	23.0039203214751
11680	23.0036702554961
11692	22.9930478223766
11700	22.9919320575530
11720	22.9904740231882
11726	22.9894538759988
11728	22.9710695311163
11744	22.9654691759769
11748	22.9650496282010
11750	22.9596231999566
11754	22.9506724670973
11756	22.9472963931745
11768	22.9440627446706
11778	22.9405661833660
11780	22.9299221597031
11804	22.9255490898709
11808	22.9220445984782
11826	22.9124466964238
11848	22.9120142641904
11866	22.9011928682176
11870	22.8922046123725
11880	22.8883065430806
11902	22.8835870373297
11904	22.8792114388086
11910	22.8773062764685
11912	22.8758131469008
11914	22.8726536667336
11930	22.8544780927180
11938	22.839715766371
11952	22.8352069407931
11958	22.8205676528285
11962	22.8058743667107
11974	22.7892406471926
11988	22.780684849881
11992	22.7738928297101
12004	22.7631861986956
12042	22.7575127776658
12054	22.7442228492623
12082	22.7430317230584
12084	22.7426230995525
12088	22.7220002494994
12106	22.7006472999840
12132	22.6998887568950
12158	22.6942859848329
12172	22.6919700294929
12190	22.6919141129953
12192	22.6899145573010
12198	22.6860649730988
12204	22.6644194116884
12214	22.6593473305505
12220	22.6561583457652
12246	22.6471430892476
12276	22.6460915274998
12296	22.6374831395336
12312	22.6361639787597
12326	22.628988998839
12338	22.6272153054359
12356	22.6153293724526
12378	22.6112969487125
12384	22.6107665229864
12400	22.6078997547292
12422	22.6060257117932
12426	22.6057616853922
12428	22.6033840272461
12452	22.5898608599350
12462	22.5833491503013
12464	22.5813020120326
12466	22.5700598030232
12468	22.5694222697743
12470	22.5572829955
12474	22.5523414736704
12504	22.5426064381157
12506	22.5398091451984
12522	22.5258333451746
12554	22.525763530676
12564	22.5202603029941
12580	22.5174881153766
12594	22.5036795395526
12596	22.4990691770284
12610	22.4982850344497
12612	22.4898492881042
12634	22.4877704068418
12638	22.4741101714041
12664	22.4629450045764
12698	22.4626022876013
12700	22.4594226442013
12704	22.4587107737574
12710	22.45341446457
12712	22.4516477298617
12744	22.4424562549432
12746	22.4423291649185
12752	22.4316081454283
12760	22.4304673592651
12782	22.4112949281163
12796	22.4110942156935
12808	22.4012752046101
12826	22.3982096302038
12836	22.3924062989117
12844	22.391939672678
12846	22.3856841133925
12856	22.3855293553738
12876	22.3783023395563
12886	22.3713073254246
12888	22.3711482633029
12902	22.3675877136553
12918	22.364638722573
12926	22.3550167932963
12980	22.3500457214419
12982	22.3466989271907
12986	22.3459499975781
12988	22.3450584813747
12998	22.3428135666862
13006	22.3366237853828
13008	22.3346481788129
13014	22.3309330155885
13050	22.3293527372494
13068	22.3173582076917
13084	22.3167065650815
13088	22.3107112588721
13092	22.3036470202104
13100	22.2985303200431
13114	22.2941851224148
13130	22.2803432967907
13142	22.2783890371940
13146	22.2679590620665
13158	22.2564293635446
13164	22.2553057177985
13170	22.2442576440309
13180	22.2368637942189
13200	22.2347622275376
13202	22.2263946248133
13224	22.2174336333277
13244	22.2169421193537
13250	22.2085078466433
13274	22.2026573127882
13284	22.1973351224383
13290	22.1913393281609
13308	22.1872519622019
13318	22.1773876066853
13330	22.1742061471381
13332	22.1691917936664
13340	22.1499689141334
13344	22.1441646907774
13370	22.1403305503623
13394	22.1374088996292
13398	22.1364546613019
13408	22.1135616904254
13416	22.1028007724043
13482	22.0953912554222
13486	22.0921562012403
13488	22.0906651341087
13498	22.0889357061667
13510	22.0877671761815
13512	22.0761471471847
13534	22.0739444772175
13536	22.0605776268848
13556	22.051704279842
13566	22.0428818787977
13572	22.0392774859381
13574	22.0353779196571
13586	22.0310693610224
13592	22.0284595053857
13596	22.0278514081334
13602	22.0273336000029
13606	22.0233202190352
13610	22.0124495428952
13612	22.0049451904067
13620	22.0006714051495
13626	21.9813746295110
13652	21.9756417931919
13662	21.972800786774
13668	21.9634275991280
13676	21.9467238104947
13702	21.9325093290781
13710	21.9227737081135
13732	21.9053116028684
13734	21.9006847456774
13760	21.8975876127318
13766	21.8969872460220
13780	21.8879334698085
13794	21.8848223928132
13796	21.8780653412788
13798	21.8756439972628
13810	21.8710450069915
13818	21.8620133743447
13842	21.8560224838004
13846	21.8554197121492
13860	21.8414386006356
13864	21.8393694294628
13872	21.8253805660484
13878	21.8200811509301
13886	21.8162904810854
13908	21.807651405631
13914	21.7966002660596
13932	21.7729466513834
13944	21.7614112461198
13956	21.7534009678677
13958	21.751649530559
13968	21.7505308412935
13970	21.7334177701532
13976	21.7323689876547
13984	21.7302948594005
13992	21.7274642469999
14000	21.7066563972218
14030	21.7057022555677
14036	21.7039607949769
14038	21.6913353314211
14096	21.686534453079
14102	21.686347483796
14104	21.6848823669792
14116	21.6805344201327
14132	21.6783888020443
14154	21.6740498147202
14184	21.6736028167722
14186	21.6696813375494
14188	21.6628424990177
14190	21.6566761301853
14212	21.6511648750501
14224	21.6501551205358
14232	21.6367393537038
14260	21.6360570414587
14270	21.6261797986217
14278	21.6189057479515
14302	21.6086502911475
14314	21.6077334062743
14328	21.6043861657803
14334	21.5987087384193
14342	21.5887271254623
14356	21.5879552319106
14366	21.5817357219613
14372	21.5790454599599
14378	21.5750657330960
14380	21.5655549540621
14412	21.5634395876409
14416	21.5530204786884
14420	21.5465707758697
14424	21.542573015845
14448	21.5391488223882
14458	21.5372848069084
14468	21.5362872707394
14478	21.5286606870937
14494	21.5194836488742
14500	21.5015079033132
14532	21.4983166115668
14542	21.4945908320396
14548	21.4919398997026
14554	21.4905566296507
14556	21.4883261413938
14562	21.4758953913538
14584	21.469877566984
14632	21.4584330057087
14654	21.4580210500889
14656	21.4514427606356
14660	21.4488818664479
14664	21.4459967525634
14680	21.4430363551632
14688	21.4415040554057
14700	21.4355265909103
14718	21.4287523046225
14720	21.4281562537479
14724	21.4267546247635
14732	21.4245029641102
14752	21.4231151108198
14754	21.4167414362939
14756	21.4085740155573
14764	21.4040303000716
14782	21.4003856833201
14788	21.3987333315545
14792	21.3878809534071
14806	21.3848112637393
14826	21.3801844068079
14832	21.3733469049984
14844	21.3708608575322
14854	21.3678981761731
14856	21.3568988940478
14878	21.3493888925327
14886	21.3427388139147
14904	21.3389977274471
14930	21.3342361045437
14936	21.3148047237686
14952	21.3118221398466
14962	21.3030384952040
14964	21.2993113369720
14976	21.2875082535719
14994	21.2843761037389
15016	21.2696598991379
15022	21.2631698152711
15028	21.2617920655189
15044	21.2572922700747
15056	21.2566614209053
15088	21.2544336123909
15108	21.2504059189575
15118	21.2491586251306
15122	21.2486444359337
15130	21.2467978635097
15136	21.2466635294149
15142	21.2434546288621
15144	21.2396333154733
15146	21.2370105700705
15186	21.236667401885
15192	21.2358566335433
15194	21.2304888019189
15214	21.2299831024052
15220	21.2297114284071
15230	21.2291847599779
15250	21.2251320261240
15256	21.2229450893290
15276	21.2220711032431
15284	21.2217865252515
15308	21.2205705894072
15322	21.2188925194562
15326	21.216972807032
15330	21.2158079610167
15340	21.2141826371899
15346	21.2137775136209
15352	21.2136238088996
15366	21.2129390169336
15370	21.2122616369482
15378	21.2100205739813
15390	21.2091462917499
15396	21.2083140270052
15408	21.2081392884438
15414	21.2075905183206
15422	21.2057527554059
15428	21.2049829104615
15440	21.2038994194284
15442	21.2020860653700
15446	21.2005077631727
15516	21.1988170391239
15526	21.1968964982952
15542	21.1961762240561
15544	21.1940047858604
15556	21.1935602200418
15570	21.1922489141966
15574	21.1897535941501
15624	21.1887669011756
15636	21.1880569445818
15650	21.1869477722388
15686	21.1849974787332
15694	21.1846208142219
15698	21.1845438697984
15708	21.1842014227786
15710	21.1841628220499
15716	21.1826949548605
15742	21.1824853631423
15750	21.1819851858126
15758	21.1802766444673
15768	21.1792284800066
15782	21.1788718617976
15786	21.1779392472026
15796	21.1769557772592
15802	21.1765035724760
15810	21.1758280878276
15814	21.1749475526738
15822	21.1737491216257
15828	21.1730766341276
15846	21.1724905010743
15856	21.1723303582977
15860	21.171787197322
15862	21.1699546393550
15864	21.1667343077533
15882	21.1646369092019
15888	21.1622743886549
15914	21.1596811488923
15940	21.1578361671015
15968	21.1575161773632
15984	21.1561446023119
15996	21.1554886349056
16014	21.1546125441815
16032	21.1544771218397
16036	21.1519976344326
16040	21.1518749572681
16058	21.1514822767708
16060	21.1509875516857
16068	21.1502268497038
16076	21.1496566647162
16080	21.14857442932
16084	21.1484079059701
16102	21.1472188707430
16104	21.1459580383897
16112	21.1453530515172
16120	21.1413374970868
16146	21.1402524143350
16160	21.1396306551654
16172	21.1393615397334
16176	21.1382649244373
16182	21.138263138219
16192	21.1366202787018
16208	21.1360062441219
16210	21.1331745034300
16228	21.1328817597720
16238	21.1285658189701
16264	21.1282909661438
16270	21.1277663784841
16272	21.1245837247726
16278	21.123192171723
16292	21.1179365839339
16326	21.1157721688346
16328	21.1136568053505
16330	21.1133858323125
16332	21.1086229941808
16342	21.1075063179487
16362	21.1033572948763
16370	21.1018313375711
16392	21.0998059697828
16414	21.0981273536187
16422	21.093959905743
16464	21.0932140505917
16478	21.0925399919798
16486	21.0923303268440
16502	21.0913184393578
16504	21.09044328646
16508	21.0878012966524
16510	21.0869353477521
16514	21.0830140743262
16532	21.0812781136622
16544	21.079882558803
16564	21.0794693970940
16590	21.0784949379979
16594	21.0781462503576
16610	21.0772227517674
16624	21.0742921870679
16628	21.0739999963123
16648	21.0724882362846
16658	21.0700080892796
16668	21.0679561966312
16676	21.0677626353166
16688	21.0660584183795
16720	21.0653595129085
16726	21.0632590992457
16784	21.0628683431127
16792	21.0626419653228
16796	21.0624837200536
16798	21.0611820668198
16822	21.0608889768444
16824	21.0588017939022
16848	21.0574776116925
16872	21.0560430634947
16894	21.0553294134326
16898	21.0543137265628
16912	21.0526937129833
16928	21.0518303930922
16942	21.0507311381562
16944	21.0505081815261
16962	21.0496582598797
16964	21.0472304332064
16968	21.044324811148
16984	21.0438119618085
17000	21.0431618926351
17004	21.0402218882683
17024	21.0401019254277
17028	21.0397748089878
17030	21.0389254709945
17040	21.0378025958565
17044	21.0377616993376
17050	21.0372369186708
17056	21.0347713676252
17080	21.0337412189038
17094	21.0308852869752
17108	21.0296988865499
17114	21.0294200688893
17116	21.0286744240544
17124	21.0278231330095
17130	21.0263409727768
17144	21.0259971627735
17150	21.0240664359565
17156	21.0220261642629
17182	21.0214417360154
17188	21.0202180234459
17196	21.0162720416017
17260	21.0150644975688
17262	21.0139693937005
17266	21.0139661250863
17272	21.0136238080245
17274	21.0130486950614
17276	21.0129492047699
17292	21.0112829166986
17304	21.0110518960423
17322	21.0107441792465
17324	21.0102970298540
17328	21.0100470143711
17332	21.0097909896008
17348	21.0093382874285
17350	21.0085220576925
17356	21.0066838321097
17372	21.0065312315785
17382	21.0051144121346
17392	21.0045240846766
17428	21.0042754246816
17464	21.0041877845127
17466	21.0034808446765
17474	21.0029049560249
17490	21.0023281066783
17498	21.0015739563159
17520	21.0014640240894
17522	21.0008560053365
17524	21.0002840296808
17530	20.9992867889946
17560	20.9985936702477
17588	20.997067683313
17610	20.9956654746642
17620	20.9950018949189
17628	20.9947377605384
17630	20.9937117889195
17636	20.9934437951599
17638	20.9926817178523
17664	20.9921425310023
17668	20.9920567476769
17672	20.9919488831298
17678	20.9914860771950
17694	20.9908920388576
17710	20.9903226750477
17744	20.9897741051740
17758	20.9894245499656
17766	20.9888370962519
17768	20.9876496423992
17806	20.9872783173739
17816	20.9861274845579
17830	20.9857270390095
17846	20.9854781654534
17868	20.9851814729736
17872	20.9848290604017
17914	20.9843688267526
17926	20.9833987255288
17938	20.9832180971199
17942	20.9821300577054
17964	20.9820248855981
17994	20.9819500207904
18008	20.9817710601708
18010	20.9817614617545
18018	20.9812178479205
18030	20.9811678001435
18050	20.9810982244332
18052	20.9810460178964
18054	20.9807464992120
18060	20.9806614523599
18064	20.9805845920664
18076	20.9805112768337
18098	20.9802889256726
18124	20.9798470784284
18128	20.9796258275542
18164	20.9796028454051
18166	20.9792679676377
18172	20.9791986196216
18178	20.9785377552885
18192	20.978292372964
18206	20.9781367466021
18212	20.9778139772544
18220	20.9775487483779
18230	20.9774690421221
18234	20.9771556598711
18250	20.9771110703257
18252	20.9771008426288
18260	20.9766224935268
18264	20.9764773182965
18270	20.9763428452919
18282	20.9761937591262
18310	20.9761718873086
18316	20.9760660029326
18334	20.9757994045064
18336	20.9757432154133
18370	20.9750710144970
18388	20.9749528476265
18394	20.9749263534079
18398	20.9747011152929
18402	20.9741484875211
18406	20.9741028339149
18414	20.9737323152951
18434	20.9736630612970
18438	20.9732450560632
18458	20.9730928947832
18460	20.9730175277899
18466	20.9727208754629
18484	20.9724364947520
18488	20.9720348609847
18492	20.9718905752380
18512	20.9715678592373
18522	20.9715317120305
18528	20.9713816694008
18534	20.9711753928072
18548	20.9710520232081
18554	20.9707603852239
18556	20.9706506906799
18566	20.9700403420024
18578	20.9698352353337
18586	20.9695836730057
18616	20.9690471424406
18646	20.9688292205184
18664	20.9688199733677
18666	20.96830960906
18676	20.9678666565624
18694	20.9674352296957
18714	20.9672324482683
18744	20.9671047974073
18746	20.9670488445939
18760	20.9664257308578
18784	20.9663586654017
18790	20.9662524241821
18794	20.9659584162656
18798	20.9659285209870
18800	20.9656883312000
18802	20.9656447695251
18806	20.9654055393737
18822	20.964942815414
18824	20.9647297064169
18828	20.9644225811857
18832	20.9643788996995
18834	20.9639671970126
18882	20.9636941371211
18902	20.963488113157
18922	20.9634026418113
18924	20.9631315636217
18942	20.9630037270898
18948	20.9628660131585
18964	20.9628279864821
18966	20.9625784642498
19008	20.9622898349235
19010	20.9622105951192
19026	20.9620077280211
19038	20.9617680801945
19052	20.9614939982655
19054	20.9612338573355
19066	20.9611977997000
19072	20.960878540268
19084	20.9604278750723
19120	20.9600276818514
19126	20.9592069786007
19156	20.9588055953374
19176	20.9585838845788
19198	20.9579081830171
19202	20.9563066226304
19204	20.9559465667133
19222	20.9552884874753
19238	20.9551057680395
19246	20.9544580927855
19260	20.9534457368828
19266	20.9532432893296
19290	20.9530584992674
19292	20.9530177657719
19300	20.9524318066248
19324	20.9510291809255
19332	20.9500917900724
19360	20.9498051665794
19376	20.9494032018167
19408	20.9492964703161
19410	20.9492490340505
19414	20.9489974127574
19420	20.9483944416709
19446	20.9477323273313
19448	20.9474571394089
19452	20.9474501498707
19472	20.9468364967441
19474	20.9466577436477
19492	20.9461342637055
19498	20.9460389383730
19522	20.9460318664152
19530	20.9459833135257
19538	20.945126943707
19558	20.9451097568278
19568	20.9446522242451
19582	20.9446483703722
19590	20.9443421752872
19596	20.9443393436547
19604	20.9439272525816
19624	20.9438532618485
19658	20.943235699624
19666	20.9429553485065
19668	20.9426523502509
19684	20.9424552682961
19690	20.9421554296017
19696	20.9419581161558
19710	20.9419259122822
19718	20.9409679000117
19750	20.9408212005835
19754	20.9407068148319
19758	20.9407038178778
19768	20.9400345566432
19800	20.9394191129837
19804	20.9391869731883
19818	20.939128982453
19838	20.9390024838432
19846	20.9388154884783
19854	20.9386739754800
19860	20.9386665232375
19862	20.9386275839977
19864	20.9385449821123
19870	20.9383120775876
19876	20.9382442868104
19888	20.9378241520351
19896	20.9378148015621
19904	20.9376702230603
19914	20.9374395537781
19918	20.9374348385639
19942	20.9370132310984
19958	20.9362985176228
19986	20.9354806538457
19990	20.9352386980599
20032	20.9352285459292
20040	20.9350886898026
20042	20.9350513137798
20046	20.9348501640146
20054	20.9346206859012
20096	20.9346129947822
20100	20.9343539303012
20104	20.9342775387434
20146	20.9341089541779
20168	20.9340120419722
20172	20.9337818500604
20196	20.9337814047217
20200	20.9336726870089
20204	20.9334563862615
20222	20.9334475431592
20226	20.9333176045244
20246	20.9331279994098
20254	20.9327026938589
20298	20.9326593277482
20302	20.9324849991327
20308	20.9323911726250
20310	20.9322006526266
20312	20.932087964355
20318	20.9320490289326
20320	20.931852009179
20324	20.9318408885251
20334	20.9313509828481
20346	20.9310843362844
20374	20.9307727634427
20376	20.9305223620513
20388	20.9302579710403
20390	20.9298395422133
20392	20.9297686859494
20400	20.9295645683808
20404	20.9292620660101
20410	20.9291752790609
20412	20.9291396802373
20414	20.9290916984183
20422	20.92884745445
20424	20.9286993133749
20428	20.9285643861359
20434	20.9279190899098
20454	20.9275935378414
20462	20.9274750682676
20474	20.9274449795442
20480	20.9271126414897
20484	20.9264015620971
20504	20.9260636671775
20524	20.9257592812563
20558	20.9249326129113
20600	20.9246875704310
20614	20.9244467702303
20616	20.9243754591422
20648	20.9243174942407
20650	20.924206750727
20658	20.9241196353945
20672	20.9239988182896
20676	20.923953671398
20686	20.9238937101351
20688	20.9238507353650
20700	20.9237569700249
20706	20.9237145857202
20714	20.9236212153052
20716	20.9233874278615
20726	20.9228335812707
20730	20.9226932718549
20750	20.9223336728320
20758	20.922255055522
20764	20.9222192887880
20766	20.9222034856099
20774	20.9220650830359
20778	20.9220517621773
20784	20.92166117166
20792	20.9216437298364
20822	20.9215654527325
20828	20.9212433793298
20834	20.9203922542174
20862	20.9202945190756
20864	20.9200329327993
20868	20.9198648250136
20876	20.9196701732338
20882	20.9195060395753
20894	20.9176112031311
20902	20.9169631084867
20908	20.9166402688404
20938	20.9157274665946
20960	20.9154791594154
20972	20.9152981241124
20976	20.9144119815679
20996	20.9134001030127
21046	20.9128839830225
21072	20.9128349487755
21076	20.9126361485479
21080	20.9124978214479
21082	20.9124516113515
21112	20.9121218885763
21122	20.9113049030641
21162	20.9111320427242
21170	20.9110237807109
21178	20.9107338316446
21208	20.9104495243037
21230	20.9103815427414
21232	20.9102340094927
21252	20.9101255633953
21262	20.9095512708645
21272	20.9093865142879
21296	20.9089080514623
21312	20.9088919468987
21314	20.9084971794401
21340	20.9084718745631
21342	20.9084281160454
21344	20.9083413125746
21346	20.9082674258926
21350	20.9082153275628
21354	20.9081007347132
21366	20.9080398847974
21370	20.9079311820534
21384	20.9079055829402
21410	20.9077796238944
21414	20.9074971052294
21454	20.9071638122067
21460	20.9069773233909
21466	20.9068841755407
21482	20.9067481997324
21532	20.9065457750428
21534	20.9064093425575
21540	20.9063477599643
21562	20.9062922456593
21568	20.9061683951415
21574	20.9057792813055
21580	20.9056527731902
21604	20.9055061560114
21618	20.9054434010604
21620	20.9053075984929
21626	20.9051640833677
21646	20.905098052558
21662	20.9050822151575
21666	20.9049437140437
21674	20.9049382161347
21680	20.9048820523708
21690	20.9048072609
21720	20.9046516969898
21736	20.9044571594317
21746	20.9042921944994
21760	20.9042729344807
21764	20.9041538965970
21772	20.9038773186787
21816	20.9038188433602
21818	20.9032886271226
21828	20.9032674914838
21846	20.9031941027401
21848	20.9031778565079
21854	20.9031133644325
21892	20.9030638810728
21904	20.9030446747140
21918	20.9029743438376
21920	20.9028620630064
21934	20.9027047875112
21948	20.9026941512007
21962	20.9026656782192
21964	20.9026152067295
21974	20.9025240998650
21976	20.9024982915178
21978	20.9024982641541
21986	20.9024443789415
21996	20.9023261575215
22006	20.9021773630164
22012	20.9021218690666
22016	20.9019958673823
22026	20.9019501954793
22028	20.9019413532287
22042	20.9018818934698
22052	20.9018039892707
22056	20.9017608728875
22072	20.9014943527235
22074	20.9013349495624
22104	20.9012152195060
22114	20.9010862683904
22118	20.9009286875736
22132	20.9009112381110
22134	20.9008745532471
22138	20.9008733352458
22142	20.9008370631065
22148	20.900304884488
22166	20.9001041857792
22174	20.9000414375164
22196	20.8999566127459
22216	20.8997027696453
22222	20.8996495113132
22230	20.8995301417768
22238	20.8994662321900
22254	20.8992926685942
22266	20.8992916543989
22268	20.8990649821922
22288	20.8989824513949
22314	20.898916903027
22334	20.8988387801031
22364	20.8988233070694
22372	20.8987472948489
22386	20.8987123515845
22390	20.8987097897924
22414	20.8986006329770
22438	20.8986000489102
22444	20.8985262884816
22452	20.8985026983016
22454	20.8984844923964
22462	20.8984428071489
22474	20.8984210178465
22480	20.8984157644284
22488	20.8983727227212
22516	20.8982245372446
22524	20.8981748312884
22534	20.8981032231710
22550	20.8980516890838
22568	20.8980062402903
22610	20.8979487721881
22616	20.8979006229988
22648	20.8978989873061
22654	20.8978594473078
22658	20.8978266236961
22682	20.8978190005762
22696	20.8978147638212
22702	20.8977989561098
22704	20.8977843266160
22712	20.8977391404522
22722	20.8977218197157
22724	20.8977019684165
22730	20.8976632528051
22734	20.8975785435770
22736	20.8975231796093
22780	20.8975163899388
22794	20.8974682238758
22798	20.8973893508951
22814	20.8973706320257
22816	20.8973426604521
22824	20.8973057601629
22830	20.8972776730757
22848	20.8972630594495
22870	20.8972283037381
22878	20.8971333689669
22880	20.8971197644945
22894	20.8970868332240
22916	20.8970016472189
22936	20.8969273358468
22958	20.8969171764329
22966	20.8968213277858
22972	20.8967734366259
22996	20.8967421024467
23000	20.8966450900877
23002	20.8965631437301
23010	20.8964636276876
23034	20.8964455210268
23038	20.8963694659811
23044	20.8963289960530
23056	20.8963192669752
23070	20.8962207166878
23074	20.8961987555015
23110	20.8961358914188
23116	20.89612976287
23120	20.8960595549739
23148	20.8960442313324
23156	20.896007486536
23172	20.8959920675685
23174	20.895922633361
23184	20.8959039654817
23220	20.8958733902023
23228	20.8958613087418
23230	20.8958518931191
23248	20.8958490932007
23260	20.8958088053868
23264	20.8957951393168
23272	20.8957902997359
23278	20.8957692170747
23286	20.8957485682583
23294	20.8957281879774
23304	20.8957110165345
23314	20.8956144640865
23318	20.8955962844047
23348	20.8955809111303
23352	20.8955616583549
23358	20.8955315536323
23368	20.8955019310462
23372	20.8954824808755
23386	20.8954794871756
23390	20.8954503280206
23418	20.895421912773
23430	20.8954088579905
23450	20.8953801442951
23462	20.8953601653679
23470	20.8953350265951
23500	20.8953240305381
23536	20.8953162358522
23562	20.8953090458882
23568	20.8952978629787
23598	20.8952827867079
23604	20.8952767362477
23610	20.8952723698873
23614	20.8952328272541
23654	20.895225666772
23660	20.8952062607292
23672	20.8952029215030
23688	20.8951897090973
23690	20.8951650202743
23716	20.8951493294395
23746	20.8951438227771
23758	20.8951412482452
23768	20.8951263430861
23782	20.8951197646332
23792	20.895115249174
23806	20.8951141145460
23816	20.8951046082497
23826	20.8951019733357
23828	20.8950956325518
23830	20.8950935327811
23840	20.895091019414
23864	20.8950843222096
23886	20.8950836513575
23894	20.8950798983733
23904	20.8950674760199
23936	20.8950637912407
23946	20.8950580992052
23950	20.8950298650773
23952	20.8950240544337
23964	20.8950157344474
23974	20.8950009267426
23986	20.8949801245548
23990	20.8949448242080
24000	20.8949280404132
24024	20.8949173609149
24034	20.8948918791743
24066	20.8948854501163
24076	20.8948295760928
24090	20.8948235010463
24096	20.8948147645859
24114	20.8947952378918
24118	20.8947802064898
24134	20.8947745820558
24144	20.8947702779234
24150	20.8947293453380
24170	20.8946973408167
24178	20.8946858770656
24206	20.8946722708738
24246	20.8946657184707
24250	20.8946619714403
24252	20.8946546480181
24282	20.8946543608569
24292	20.8946496464430
24306	20.8946461746989
24310	20.8946412524500
24340	20.8946336762594
24346	20.8946314193084
24348	20.8946217724047
24366	20.8946212530456
24370	20.8946211879776
24382	20.8946198911125
24390	20.8946159920384
24394	20.8946104518794
24412	20.8946039085004
24426	20.8946011508485
24428	20.8945945224298
24456	20.8945942265537
24468	20.8945931178904
24472	20.8945913433347
24480	20.8945876794215
24504	20.8945830723042
24516	20.8945806503701
24522	20.8945757888349
24536	20.8945751096244
24540	20.8945676255141
24570	20.894566957412
24572	20.8945626680975
24596	20.8945619402324
24612	20.8945573636360
24632	20.8945571531732
24634	20.8945542062366
24670	20.8945467887354
24674	20.8945429703521
24678	20.8945424682802
24682	20.8945415619329
24690	20.894537452481
24706	20.8945348973549
24708	20.8945338608928
24724	20.8945135722394
24738	20.8945005391950
24756	20.8944992797124
24784	20.8944965820195
24790	20.8944960891748
24794	20.8944897662061
24830	20.8944890575380
24832	20.8944865736533
24834	20.8944829344354
24870	20.8944815010424
24880	20.8944799030332
24886	20.8944761633799
24892	20.8944739522911
24898	20.8944735478264
24918	20.8944697665481
24932	20.8944661617615
24946	20.8944644302254
24948	20.8944642696528
24950	20.8944622910711
24972	20.8944599824792
24976	20.8944564366798
24980	20.8944533558816
25018	20.8944528254827
25028	20.8944495860065
25044	20.8944484629656
25066	20.8944467440563
25072	20.8944451917759
25100	20.8944445775540
25106	20.8944425095988
25108	20.8944423589679
25116	20.8944393515399
25124	20.8944358137503
25160	20.8944317250684
25168	20.8944265410118
25172	20.8944225841532
25212	20.8944210714945
25220	20.8944205961425
25228	20.8944192987686
25230	20.8944166174054
25244	20.8944156388860
25256	20.8944136711986
25266	20.8944125673713
25296	20.8944113170830
25316	20.8944101880092
25324	20.8944085653719
25328	20.8944074140324
25332	20.8944054120474
25346	20.8944046494509
25356	20.8944043657963
25362	20.8944029628401
25364	20.8944024213745
25372	20.8944020964625
25382	20.8944016540904
25386	20.8944013563351
25390	20.8944011102327
25396	20.8944009256397
25406	20.8944006282991
25416	20.8944002291662
25418	20.8943981083859
25426	20.894396913466
25436	20.8943955667371
25440	20.8943934363887
25448	20.8943914202919
25470	20.8943902983478
25478	20.8943883425679
25480	20.8943855160907
25482	20.8943829831071
25490	20.8943783734699
25504	20.8943762977065
25544	20.8943758597699
25552	20.8943754163589
25554	20.8943752175133
25556	20.8943740160438
25560	20.8943738405335
25600	20.8943736563674
25624	20.8943707738516
25650	20.8943705928959
25654	20.8943677390771
25678	20.8943654826696
25692	20.8943615934563
25726	20.8943593093922
25766	20.8943587830269
25768	20.8943587686355
25774	20.8943584095608
25776	20.8943575103997
25804	20.8943565715926
25818	20.8943545813842
25830	20.894354050552
25840	20.8943539812611
25842	20.8943526648888
25846	20.8943516217197
25854	20.8943515272381
25858	20.8943479398719
25876	20.8943419354689
25894	20.8943403598387
25912	20.8943397137284
25914	20.8943383657271
25936	20.8943378678580
25942	20.8943360473767
25958	20.8943351677871
25994	20.8943340902192
26004	20.8943339025108
26012	20.8943317817996
26014	20.8943303314012
26020	20.8943286923932
26044	20.8943280710543
26048	20.8943254269148
26056	20.8943219646803
26076	20.8943196600720
26084	20.8943178946589
26114	20.8943176840969
26124	20.8943170048101
26130	20.8943160584353
26138	20.8943140639836
26144	20.8943138889365
26152	20.8943128255333
26162	20.8943109653490
26182	20.8943105328933
26184	20.8943095379366
26200	20.8943091509764
26214	20.8943087934994
26226	20.8943058766317
26234	20.8943048389642
26256	20.8943041960182
26270	20.894302039171
26298	20.894301387538
26304	20.8943008123220
26330	20.8943006203132
26334	20.8942989517642
26336	20.8942971852163
26338	20.8942971742228
26360	20.8942956223112
26404	20.894294245209
26428	20.8942941643915
26444	20.8942935930517
26456	20.8942910063012
26462	20.8942901315218
26476	20.8942886577700
26478	20.894288421856
26482	20.8942883786864
26496	20.8942882624304
26500	20.8942870187666
26518	20.8942850056570
26524	20.8942842907709
26534	20.8942834223748
26548	20.8942830471226
26552	20.8942820562857
26558	20.8942813535146
26564	20.8942806287418
26582	20.8942803280547
26598	20.8942798680497
26606	20.8942783044311
26636	20.8942771503541
26648	20.8942767425641
26656	20.8942766984304
26660	20.8942766605974
26678	20.8942756323811
26694	20.8942755570472
26698	20.8942741771427
26702	20.8942739318541
26718	20.8942731159518
26736	20.8942725241387
26744	20.8942721666773
26746	20.8942715370643
26750	20.8942712916718
26770	20.894271219131
26778	20.8942709989647
26780	20.8942691140220
26782	20.8942688905231
26792	20.8942675659634
26808	20.8942664317756
26820	20.8942651633385
26832	20.8942645704771
26838	20.8942639855663
26844	20.89426386255
26854	20.8942638089977
26856	20.8942635795781
26858	20.8942621443118
26870	20.8942617466288
26896	20.8942599080826
26898	20.8942597377931
26918	20.8942578683788
26938	20.8942577056613
26958	20.8942573374194
26966	20.8942572767467
26968	20.8942565939748
26986	20.8942550579859
26992	20.8942543176263
27014	20.8942535408109
27022	20.8942533301514
27030	20.8942527181921
27056	20.8942525362861
27060	20.8942523394658
27062	20.8942519410024
27068	20.8942512597603
27072	20.8942504796823
27078	20.8942502240793
27082	20.8942490228307
27126	20.8942471296546
27132	20.8942457804868
27152	20.8942453047106
27174	20.8942442443041
27192	20.8942435350804
27204	20.8942425925205
27210	20.894240932787
27214	20.8942405050175
27216	20.89423996972
27246	20.8942399577194
27260	20.8942384084740
27264	20.8942365705268
27282	20.8942364706377
27284	20.8942360442909
27290	20.8942359358339
27302	20.8942343621316
27310	20.8942343304713
27330	20.8942336529779
27344	20.8942327918201
27380	20.8942326054797
27384	20.8942317979298
27400	20.8942308053566
27402	20.8942302388046
27422	20.8942300195502
27424	20.8942277850708
27426	20.8942273145408
27456	20.8942257069027
27506	20.8942248126976
27522	20.8942235360756
27530	20.8942226061884
27546	20.8942221148387
27572	20.8942213263468
27574	20.8942207726354
27588	20.8942207251481
27604	20.8942184551769
27628	20.8942183993562
27636	20.8942182890809
27642	20.8942178498585
27652	20.8942171721056
27662	20.8942169757336
27672	20.8942162400647
27690	20.8942161396899
27698	20.8942150241694
27702	20.8942143982793
27742	20.8942132342493
27752	20.8942132027435
27780	20.8942131369391
27798	20.8942130254293
27808	20.8942126295495
27812	20.894211665506
27824	20.8942110548468
27828	20.8942108234447
27832	20.8942097373814
27876	20.8942094375409
27882	20.8942081861916
27890	20.8942078667671
27892	20.8942073406831
27906	20.8942068431870
27934	20.8942067052341
27938	20.8942065963180
27970	20.8942063050051
27972	20.8942062438443
27984	20.8942061813289
27986	20.8942052920042
27990	20.8942049436285
27992	20.8942047262078
28018	20.894204306423
28030	20.8942042543236
28042	20.8942038665284
28060	20.8942034385229
28076	20.8942033153753
28090	20.8942032395578
28116	20.8942029927669
28144	20.8942029800194
28146	20.8942027445718
28148	20.894202715907
28170	20.8942019365189
28174	20.8942015983825
28202	20.8942014906936
28216	20.8942009031715
28228	20.8942000609878
28264	20.8941997368719
28266	20.8941994910146
28270	20.894199466844
28274	20.8941986845053
28302	20.8941986786949
28318	20.8941969812478
28346	20.8941969526394
28356	20.8941965885044
28370	20.8941964317199
28372	20.894196191885
28374	20.8941961776113
28376	20.8941957424731
28388	20.8941955092229
28406	20.8941950322621
28414	20.8941949991625
28420	20.8941939193571
28428	20.8941935072946
28470	20.8941934728284
28472	20.8941934201152
28478	20.8941933973606
28480	20.8941926640159
28482	20.8941922430851
28490	20.8941920222734
28492	20.8941919121921
28508	20.8941917178886
28524	20.8941917102936
28528	20.8941912445012
28542	20.8941911891129
28550	20.8941911879451
28562	20.8941906000881
28568	20.8941901995793
28582	20.8941900780299
28594	20.8941896574943
28616	20.8941896042231
28620	20.8941894363934
28626	20.8941892458413
28628	20.8941887248242
28638	20.8941885084589
28642	20.894188381435
28654	20.8941883175383
28666	20.8941880278875
28686	20.8941878923075
28696	20.8941876161897
28718	20.8941875329314
28726	20.8941874206077
28728	20.8941868579086
28744	20.8941865193232
28816	20.8941862965172
28830	20.8941862724551
28842	20.8941860474334
28844	20.8941860197274
28846	20.8941857120077
28872	20.894185562626
28882	20.8941851910539
28892	20.8941851745938
28894	20.8941851106525
28896	20.8941849219682
28902	20.8941846922329
28908	20.8941840622976
28946	20.8941839471287
28958	20.8941838789045
28980	20.8941836620248
28988	20.8941834744293
28990	20.8941832203556
29000	20.8941828357393
29016	20.8941826251644
29038	20.8941819421573
29040	20.8941819362778
29048	20.8941812396704
29052	20.8941812156446
29066	20.8941809550386
29080	20.8941808815617
29108	20.8941808605073
29110	20.8941802878859
29126	20.8941798698628
29144	20.8941795877183
29146	20.8941786527148
29160	20.8941786103424
29172	20.8941781800745
29174	20.8941779790705
29178	20.8941778250287
29208	20.8941769991715
29216	20.8941754355902
29258	20.8941753679892
29264	20.8941750597420
29274	20.8941733944574
29286	20.8941723806348
29304	20.8941693759206
29306	20.8941687897814
29332	20.8941678422310
29360	20.8941678416979
29362	20.8941676774434
29368	20.8941672315465
29380	20.8941660269050
29404	20.8941657848505
29406	20.8941647209634
29408	20.8941646506063
29426	20.8941641696404
29454	20.8941641120650
29458	20.8941626829824
29472	20.8941625516592
29484	20.8941617937488
29502	20.8941617518203
29504	20.8941613497083
29514	20.8941611653909
29522	20.8941603653595
29540	20.8941598029752
29566	20.8941586767105
29576	20.8941579310573
29588	20.8941573096927
29596	20.8941566870513
29606	20.8941562572841
29608	20.8941559164129
29616	20.8941548693998
29660	20.8941540131249
29668	20.8941536149796
29674	20.8941535307457
29696	20.8941534677013
29706	20.8941526212869
29708	20.8941508002335
29746	20.8941503141931
29770	20.8941502397834
29784	20.8941502272601
29786	20.8941492879505
29802	20.8941492105643
29810	20.8941480910537
29828	20.8941480217916
29830	20.8941476348785
29838	20.8941470811384
29852	20.8941469893377
29854	20.8941465504323
29856	20.8941465310457
29858	20.8941465181156
29872	20.8941459881853
29874	20.8941459841639
29878	20.8941459371663
29882	20.8941450419563
29902	20.8941449734978
29906	20.8941441993519
29930	20.8941438687121
29962	20.8941433373618
29996	20.8941431189983
30002	20.8941430811993
30012	20.8941428472292
30036	20.8941425651476
30048	20.8941424207432
30066	20.8941423850731
30068	20.8941423328256
30078	20.8941422979750
30086	20.894142052964
30090	20.8941419718548
30144	20.8941418650205
30154	20.8941417425135
30160	20.8941414220245
30170	20.8941413259430
30172	20.8941412443655
30178	20.8941412428737
30180	20.8941409675674
30194	20.8941407026171
30202	20.8941406221253
30212	20.8941402796949
30248	20.8941401922558
30268	20.8941397794836
30296	20.8941396098378
30324	20.8941395662402
30334	20.8941393129029
30340	20.8941389713646
30372	20.8941389146001
30388	20.8941389114777
30392	20.8941387376983
30436	20.8941383694719
30446	20.8941383381506
30460	20.8941382365430
30464	20.8941381920924
30472	20.8941381748140
30492	20.8941380334028
30524	20.8941380044817
30528	20.8941379570411
30544	20.8941379534646
30552	20.8941379055008
30582	20.8941378890262
30592	20.8941377040872
30602	20.8941376877172
30610	20.8941376328248
30642	20.8941375341812
30656	20.8941375324064
30660	20.894137510997
30666	20.8941373734068
30690	20.8941373414287
30720	20.8941371915092
30730	20.8941369538152
30752	20.8941368616443
30776	20.8941368337516
30780	20.8941367179368
30816	20.8941366957322
30820	20.8941366772940
30826	20.8941366307564
30832	20.8941366140585
30840	20.8941365511624
30846	20.894136539793
30850	20.8941364085731
30860	20.8941364074089
30882	20.8941363575691
30920	20.8941363446647
30928	20.8941363425074
30930	20.8941363058168
30942	20.8941362982675
30948	20.8941362937141
30960	20.8941361834932
30966	20.8941361785358
30974	20.8941361636758
30980	20.8941360951507
30996	20.8941360017631
31004	20.8941359785318
31006	20.8941359512311
31008	20.894135936709
31012	20.8941358891054
31016	20.8941358520843
31024	20.8941357479929
31038	20.8941356931014
31044	20.8941356214335
31068	20.8941355349116
31090	20.8941355339265
31098	20.8941355238062
31102	20.8941355095195
31112	20.8941354094574
31134	20.8941353333805
31138	20.8941352996235
31200	20.8941352849955
31216	20.8941351514273
31218	20.8941351058457
31228	20.8941350668122
31244	20.8941349488346
31286	20.8941349260283
31290	20.8941348649624
31300	20.8941348031854
31310	20.8941346444083
31330	20.8941346193282
31340	20.8941346097882
31354	20.8941344954385
31400	20.8941344748516
31406	20.8941344560747
31416	20.8941344552557
31424	20.8941344267153
31426	20.8941343934016
31442	20.8941343690406
31448	20.8941343327614
31456	20.8941342849132
31460	20.8941342809199
31462	20.8941342427511
31474	20.8941342271118
31496	20.8941342039062
31504	20.8941341846708
31512	20.8941341661478
31522	20.8941341649076
31530	20.8941341132782
31554	20.8941340959240
31564	20.8941340632401
31568	20.8941340436464
31580	20.8941340189582
31586	20.8941340002637
31588	20.8941339808321
31596	20.8941339170072
31600	20.8941338563520
31608	20.8941338563424
31612	20.8941338343244
31616	20.8941337462042
31666	20.8941336434827
31676	20.8941336205377
31724	20.8941335976455
31736	20.8941335898326
31740	20.8941335506568
31746	20.8941335491960
31752	20.8941335457742
31758	20.8941335203333
31768	20.8941334636178
31774	20.8941334464393
31792	20.8941333938897
31810	20.8941333885087
31818	20.8941333774314
31822	20.8941333640719
31832	20.894133329817
31840	20.8941332948608
31842	20.8941332751548
31850	20.8941332560059
31862	20.8941332252617
31876	20.8941331753293
31896	20.8941331469982
31912	20.8941331284286
31914	20.8941330986488
31928	20.8941330811787
31956	20.894132985624
31958	20.8941329705717
31968	20.8941329504754
31972	20.8941328754969
31974	20.8941327592212
31982	20.8941327120920
32016	20.8941326966619
32022	20.8941326180988
32038	20.8941326143103
32054	20.8941325863121
32056	20.8941325495767
32068	20.8941325393104
32076	20.894132517384
32086	20.8941324874544
32088	20.8941324558204
32096	20.8941324543725
32102	20.8941323762186
32150	20.8941323366949
32178	20.8941323315172
32192	20.8941323204517
32196	20.8941323151043
32212	20.8941322901393
32226	20.8941322556004
32240	20.8941321929606
32250	20.8941321683358
32260	20.8941321568833
32278	20.8941320980589
32290	20.8941320911927
32306	20.8941320412167
32318	20.8941320205138
32322	20.8941320094569
32324	20.8941319324103
32328	20.8941318961639
32342	20.8941318828861
32366	20.8941318754454
32368	20.8941318654867
32376	20.8941318595362
32386	20.8941318481848
32408	20.8941318458195
32410	20.8941318308145
32422	20.8941318093034
32444	20.8941318089849
32448	20.8941317834412
32480	20.8941317777839
32494	20.8941317596706
32528	20.8941317460860
32538	20.8941317430649
32562	20.8941317332530
32574	20.8941317217323
32616	20.8941317212826
32624	20.8941317177068
32630	20.8941317046326
32632	20.8941316974837
32652	20.8941316960006
32656	20.8941316833461
32662	20.8941316786986
32668	20.894131669058
32684	20.8941316575869
32690	20.8941316531438
32704	20.8941316359657
32716	20.8941316293562
32736	20.8941316261783
32740	20.8941316061851
32742	20.8941315904665
32760	20.8941315820028
32788	20.8941315720620
32828	20.8941315711248
32844	20.8941315612956
32848	20.8941315501199
32856	20.8941315376378
32882	20.8941315349509
32896	20.8941315252090
32898	20.8941315154065
32910	20.8941315041826
32922	20.8941314929943
32954	20.8941314850027
32956	20.8941314823239
32962	20.8941314815349
32968	20.8941314758539
32970	20.8941314670409
32986	20.8941314546337
33000	20.8941314541902
33012	20.8941314348150
33016	20.894131424597
33018	20.8941314135123
33020	20.8941314119665
33046	20.8941313979591
33064	20.8941313899662
33076	20.8941313757215
33078	20.8941313742248
33108	20.8941313641228
33112	20.8941313518536
33122	20.8941313504047
33124	20.8941313349456
33144	20.8941313337103
33156	20.8941313246758
33158	20.8941313097758
33212	20.8941312885571
33250	20.8941312827346
33274	20.8941312663065
33312	20.8941312633467
33320	20.8941312507818
33334	20.8941312496669
33346	20.8941312441357
33370	20.8941312414504
33378	20.8941312371969
33390	20.8941312348864
33394	20.8941312295070
33414	20.8941312205668
33426	20.8941312201944
33430	20.8941312023843
33462	20.8941311994085
33490	20.8941311945340
33498	20.8941311908349
33514	20.8941311824717
33530	20.8941311796334
33546	20.8941311712269
33558	20.8941311701694
33562	20.8941311684764
33566	20.8941311592462
33578	20.8941311525376
33588	20.8941311497418
33598	20.8941311250956
33612	20.8941311129569
33624	20.8941311055661
33652	20.894131099675
33672	20.8941310884706
33686	20.8941310868208
33690	20.8941310791311
33704	20.8941310768414
33708	20.8941310652449
33756	20.8941310633695
33782	20.8941310572722
33784	20.8941310525235
33802	20.8941310524949
33822	20.8941310502243
33826	20.8941310488166
33832	20.8941310477125
33846	20.8941310468241
33848	20.8941310431879
33850	20.8941310408293
33852	20.8941310306624
33878	20.8941310303699
33886	20.8941310269965
33888	20.8941310180315
33922	20.8941310166668
33930	20.8941310156971
33934	20.8941309986758
33942	20.8941309868696
33950	20.8941309762252
33960	20.8941309756014
33968	20.8941309329254
33992	20.8941309262116
33996	20.8941309251893
34000	20.8941308954958
34028	20.8941308835906
34058	20.8941308511671
34064	20.8941308332799
34092	20.8941308291079
34118	20.8941308249965
34142	20.8941308124456
34156	20.8941308115545
34162	20.8941308084308
34176	20.8941307987272
34192	20.8941307870624
34196	20.8941307825399
34214	20.8941307646188
34230	20.8941307514846
34248	20.8941307498408
34254	20.8941307465407
34260	20.8941307437009
34264	20.8941307306816
34274	20.8941307280106
34284	20.8941307203021
34302	20.8941307173112
34316	20.8941306963249
34344	20.8941306954867
34360	20.8941306948789
34362	20.8941306919582
34380	20.8941306859816
34404	20.8941306822135
34440	20.8941306810753
34444	20.8941306773224
34448	20.8941306737373
34450	20.8941306724007
34478	20.8941306717853
34484	20.8941306682410
34486	20.8941306649624
34500	20.8941306648223
34506	20.8941306619317
34514	20.8941306613547
34516	20.8941306602548
34522	20.8941306574381
34526	20.8941306564736
34538	20.8941306436983
34546	20.8941306369810
34552	20.8941306255707
34566	20.8941306245420
34568	20.8941306219775
34594	20.8941306202079
34606	20.8941306163158
34618	20.8941306152759
34632	20.8941306146123
34634	20.8941306042298
34644	20.8941305955154
34650	20.8941305694345
34694	20.8941305546584
34716	20.8941305538342
34718	20.8941305518673
34730	20.8941305456486
34758	20.8941305393780
34764	20.8941305374611
34784	20.894130534716
34792	20.8941305183287
34812	20.8941305059683
34826	20.8941305021804
34830	20.8941304995921
34868	20.8941304972095
34872	20.8941304860487
34904	20.8941304856437
34922	20.8941304803423
34936	20.8941304797606
34958	20.8941304793158
34964	20.8941304778632
34966	20.8941304765798
34976	20.8941304702667
34992	20.8941304666191
34996	20.8941304602244
35006	20.8941304521779
35010	20.8941304457024
35018	20.8941304389396
35034	20.8941304338576
35036	20.8941304294032
35052	20.8941304251568
35072	20.8941304192847
35082	20.8941304117879
35090	20.8941304098958
35110	20.8941304054185
35128	20.8941304038261
35174	20.8941304037131
35178	20.8941303990081
35188	20.8941303964407
35192	20.8941303950664
35210	20.8941303892774
35236	20.8941303887272
35242	20.8941303877560
35244	20.8941303832739
35302	20.8941303827920
35310	20.8941303794321
35318	20.894130377164
35358	20.8941303742285
35376	20.8941303726513
35386	20.8941303724394
35392	20.8941303723793
35398	20.8941303722241
35408	20.8941303699095
35428	20.8941303686879
35438	20.8941303683625
35444	20.8941303678569
35450	20.8941303659948
35456	20.8941303641767
35466	20.8941303577986
35474	20.8941303547813
35482	20.8941303543018
35490	20.8941303523787
35494	20.8941303474007
35510	20.8941303440159
35520	20.8941303423639
35524	20.8941303408681
35526	20.8941303402034
35532	20.8941303387059
35552	20.8941303380826
35556	20.8941303368541
35560	20.8941303358650
35566	20.8941303327736
35574	20.8941303327148
35598	20.8941303312401
35602	20.8941303306296
35612	20.8941303299892
35632	20.8941303296881
35634	20.8941303290789
35636	20.8941303271781
35640	20.8941303261556
35648	20.8941303258447
35652	20.8941303255217
35662	20.8941303251341
35668	20.8941303239470
35670	20.8941303231668
35674	20.894130320542
35694	20.8941303185187
35706	20.8941303142022
35742	20.8941303115694
35752	20.8941303112954
35770	20.8941303111728
35788	20.8941303097090
35818	20.894130308605
35824	20.894130308579
35834	20.8941303058346
35878	20.8941303053429
35884	20.8941303045137
35894	20.8941303035578
35904	20.8941303033480
35922	20.8941303012053
35942	20.89413030059
35952	20.8941302998259
35970	20.8941302992535
35996	20.8941302987389
36006	20.894130298029
36020	20.8941302975426
36036	20.8941302967385
36042	20.8941302947061
36068	20.8941302946999
36074	20.8941302938584
36084	20.8941302935272
36100	20.8941302932447
36110	20.894130292821
36120	20.8941302924603
36124	20.8941302919043
36132	20.8941302918486
36134	20.8941302895212
36164	20.8941302895009
36168	20.8941302891809
36178	20.8941302877310
36180	20.8941302870657
36184	20.8941302866226
36212	20.8941302863914
36214	20.8941302863088
36218	20.8941302840586
36222	20.8941302837449
36232	20.8941302817170
36244	20.8941302815983
36250	20.8941302793928
36270	20.8941302782304
36280	20.8941302775004
36282	20.8941302774351
36298	20.8941302738916
36326	20.8941302737058
36332	20.8941302706181
36342	20.8941302681167
36354	20.8941302670893
36370	20.8941302643369
36376	20.8941302619866
36408	20.8941302612054
36412	20.8941302604619
36426	20.8941302592082
36442	20.8941302574118
36450	20.8941302571605
36472	20.8941302551685
36478	20.8941302539146
36496	20.8941302528720
36500	20.8941302523928
36502	20.8941302519188
36514	20.8941302510129
36518	20.8941302501452
36538	20.8941302501019
36558	20.8941302495348
36566	20.8941302483226
36568	20.8941302483203
36580	20.8941302464408
36620	20.8941302457439
36622	20.8941302456317
36626	20.8941302441154
36640	20.8941302431411
36672	20.8941302429577
36674	20.8941302421424
36680	20.8941302416249
36682	20.8941302403814
36692	20.8941302398837
36694	20.8941302387724
36698	20.8941302381852
36700	20.8941302351752
36724	20.8941302339954
36758	20.8941302332476
36790	20.8941302331001
36796	20.8941302330461
36798	20.8941302318452
36802	20.8941302314190
36824	20.8941302305527
36832	20.8941302296929
36838	20.8941302295515
36850	20.8941302277533
36888	20.8941302267496
36908	20.8941302267197
36914	20.8941302262133
36918	20.8941302255321
36920	20.8941302246147
36930	20.8941302241542
36946	20.8941302219369
36948	20.8941302208367
36958	20.8941302202736
36962	20.8941302184781
36986	20.8941302178020
36994	20.8941302171741
37004	20.8941302164865
37006	20.8941302145185
37016	20.8941302141162
37022	20.8941302134888
37042	20.8941302121923
37046	20.8941302121773
37058	20.89413021189
37062	20.8941302085181
37108	20.8941302079345
37110	20.8941302072285
37132	20.8941302065289
37138	20.8941302050742
37144	20.8941302044952
37156	20.8941302033314
37186	20.8941302029316
37196	20.8941302028647
37204	20.8941302021244
37230	20.8941302011902
37266	20.8941302010483
37272	20.8941302009966
37274	20.8941302007484
37280	20.8941302007163
37292	20.8941302004281
37318	20.8941301993721
37332	20.8941301993259
37336	20.8941301989540
37348	20.8941301984290
37364	20.8941301981868
37374	20.8941301973853
37398	20.8941301971740
37406	20.8941301969941
37422	20.8941301965944
37450	20.8941301964709
37460	20.8941301964649
37464	20.894130196361
37478	20.8941301957782
37486	20.8941301955097
37488	20.8941301954813
37490	20.8941301948645
37506	20.8941301940923
37516	20.8941301929474
37532	20.8941301914165
37538	20.8941301901771
37574	20.894130189703
37584	20.8941301888746
37624	20.8941301886824
37634	20.8941301879496
37670	20.8941301878089
37672	20.8941301877705
37674	20.8941301856035
37694	20.8941301853089
37702	20.8941301845762
37726	20.8941301836463
37760	20.8941301833564
37766	20.8941301827758
37776	20.8941301816080
37782	20.8941301805076
37800	20.8941301802127
37814	20.8941301800327
37838	20.8941301799744
37850	20.8941301798338
37866	20.8941301796371
37872	20.8941301795765
37878	20.894130179511
37884	20.8941301794979
37888	20.8941301793144
37906	20.8941301789322
37916	20.8941301788536
37924	20.8941301785429
37938	20.8941301785027
37940	20.8941301775097
37950	20.894130177239
37966	20.8941301770959
37976	20.8941301764971
37996	20.8941301764218
38000	20.8941301762538
38010	20.8941301761792
38040	20.8941301761165
38044	20.8941301760501
38056	20.8941301759013
38072	20.8941301758910
38076	20.8941301745773
38082	20.8941301742675
38086	20.8941301742173
38090	20.8941301738636
38124	20.8941301729800
38132	20.8941301728862
38140	20.8941301720996
38152	20.8941301717890
38164	20.8941301712288
38180	20.8941301710220
38194	20.8941301706154
38196	20.8941301696531
38202	20.8941301693937
38204	20.8941301692617
38222	20.8941301683258
38234	20.8941301681765
38244	20.8941301681341
38246	20.8941301676592
38248	20.8941301668984
38270	20.8941301668407
38280	20.8941301666961
38286	20.8941301666286
38290	20.8941301661698
38300	20.8941301650845
38318	20.8941301647262
38320	20.8941301645047
38338	20.8941301630777
38358	20.8941301625003
38376	20.8941301615851
38386	20.8941301615845
38426	20.8941301613924
38430	20.8941301608347
38446	20.8941301605138
38456	20.894130160116
38458	20.8941301599613
38474	20.8941301597550
38496	20.8941301596425
38504	20.8941301595521
38518	20.8941301591300
38552	20.8941301590482
38558	20.8941301590196
38572	20.8941301582892
38590	20.8941301582852
38602	20.8941301576418
38614	20.8941301569466
38634	20.8941301568098
38642	20.8941301564919
38644	20.8941301564906
38650	20.8941301562133
38652	20.8941301561534
38656	20.8941301559796
38662	20.8941301556412
38688	20.8941301553369
38696	20.8941301552832
38704	20.8941301550958
38714	20.8941301547435
38738	20.8941301546765
38742	20.8941301540383
38778	20.8941301540011
38792	20.8941301537530
38822	20.8941301534208
38848	20.8941301533731
38858	20.8941301531516
38876	20.8941301529506
38886	20.8941301527753
38900	20.8941301522764
38908	20.8941301521849
38922	20.8941301520546
38926	20.8941301516901
38928	20.8941301514639
38930	20.8941301514610
38940	20.8941301512783
38950	20.8941301510397
38958	20.8941301509235
38974	20.8941301502663
38984	20.8941301496330
38990	20.8941301494108
39006	20.8941301494078
39024	20.8941301491244
39026	20.8941301491004
39030	20.8941301490023
39032	20.8941301485899
39052	20.8941301485758
39054	20.8941301483974
39056	20.8941301483807
39084	20.8941301480718
39086	20.8941301477235
39088	20.8941301474548
39094	20.8941301472424
39118	20.8941301467823
39138	20.8941301465200
39168	20.8941301463172
39186	20.8941301459010
39188	20.8941301457578
39206	20.8941301456618
39208	20.8941301455263
39222	20.8941301451823
39240	20.8941301450629
39242	20.8941301446458
39268	20.8941301445603
39280	20.8941301441895
39304	20.8941301438307
39308	20.8941301432773
39314	20.8941301432713
39320	20.894130143179
39332	20.8941301427886
39346	20.8941301424547
39382	20.8941301423662
39392	20.8941301423063
39394	20.8941301420544
39402	20.8941301418645
39410	20.8941301416195
39414	20.8941301413861
39428	20.8941301413137
39430	20.8941301411886
39464	20.8941301411536
39478	20.8941301411198
39480	20.8941301410806
39484	20.8941301406981
39490	20.8941301402374
39514	20.8941301401429
39528	20.8941301399035
39536	20.8941301397876
39550	20.8941301394363
39558	20.8941301393261
39564	20.8941301392883
39572	20.8941301390449
39574	20.8941301388315
39588	20.8941301382325
39622	20.8941301381226
39632	20.8941301376065
39634	20.8941301371945
39674	20.894130137153
39676	20.8941301371139
39682	20.8941301369462
39690	20.8941301368702
39702	20.8941301366761
39724	20.8941301364956
39732	20.8941301364186
39746	20.8941301362429
39764	20.8941301362315
39774	20.8941301360668
39794	20.8941301359897
39800	20.8941301358775
39810	20.8941301358052
39816	20.8941301357815
39826	20.8941301356936
39832	20.8941301356463
39840	20.8941301356326
39850	20.8941301353413
39856	20.8941301353025
39864	20.8941301352686
39868	20.8941301352143
39878	20.8941301350422
39920	20.8941301350059
39924	20.8941301349751
39932	20.8941301349026
39940	20.8941301347841
39966	20.8941301347184
39968	20.8941301346944
39982	20.894130134467
40004	20.8941301344407
40014	20.8941301344037
40018	20.894130134386
40020	20.8941301342188
40024	20.8941301341200
40036	20.8941301340976
40042	20.8941301340512
40046	20.8941301339888
40060	20.8941301339213
40070	20.8941301339074
40074	20.8941301337741
40082	20.8941301337605
40084	20.8941301336689
40090	20.8941301336244
40102	20.8941301336130
40104	20.8941301336072
40132	20.8941301335058
40166	20.8941301333809
40180	20.894130133245
40186	20.8941301331597
40202	20.8941301330402
40210	20.8941301329279
40222	20.8941301328493
40228	20.8941301328353
40230	20.8941301327606
40234	20.8941301325863
40238	20.8941301323351
40262	20.8941301322541
40270	20.8941301321897
40272	20.8941301321029
40278	20.8941301320751
40280	20.8941301319010
40302	20.8941301318219
40306	20.8941301316653
40334	20.8941301315779
40354	20.8941301314721
40374	20.8941301313518
40412	20.8941301312751
40426	20.8941301312294
40454	20.8941301311570
40470	20.8941301311224
40486	20.8941301310432
40502	20.8941301309432
40520	20.8941301308896
40530	20.8941301307867
40560	20.8941301307711
40590	20.8941301307697
40594	20.8941301307654
40602	20.8941301307587
40606	20.8941301307126
40642	20.8941301306685
40644	20.8941301306407
40648	20.8941301305232
40650	20.8941301304726
40664	20.8941301303514
40674	20.8941301302588
40676	20.8941301302252
40680	20.8941301302029
40698	20.8941301300965
40702	20.8941301300674
40706	20.8941301299973
40708	20.8941301297522
40738	20.8941301296246
40740	20.8941301294794
40748	20.8941301293909
40752	20.8941301293136
40756	20.8941301292479
40762	20.8941301292464
40788	20.8941301291769
40792	20.8941301291564
40794	20.8941301291309
40802	20.8941301290125
40810	20.8941301289565
40816	20.8941301289365
40834	20.8941301289187
40838	20.8941301286827
40870	20.8941301286530
40874	20.8941301286073
40882	20.8941301285299
40900	20.8941301284867
40940	20.8941301284137
40952	20.8941301283983
40964	20.8941301283802
40976	20.8941301283745
40994	20.8941301283333
41004	20.8941301283006
41026	20.8941301282682
41028	20.8941301282520
41032	20.8941301281918
41058	20.8941301281556
41066	20.8941301281186
41068	20.8941301280918
41096	20.8941301280883
41100	20.894130128065
41104	20.8941301280642
41106	20.8941301279836
41120	20.8941301279259
41146	20.8941301279256
41148	20.8941301278302
41152	20.8941301277766
41164	20.8941301277011
41166	20.8941301276585
41168	20.8941301274989
41216	20.8941301273781
41222	20.8941301273402
41248	20.8941301272668
41250	20.8941301272576
41254	20.8941301271487
41264	20.8941301271198
41292	20.8941301271041
41304	20.89413012707
41324	20.8941301269567
41334	20.8941301269549
41346	20.8941301269272
41354	20.8941301268495
41358	20.8941301268186
41360	20.8941301267615
41364	20.8941301267485
41370	20.8941301266215
41374	20.8941301265728
41394	20.8941301265170
41418	20.8941301265023
41430	20.8941301264374
41440	20.8941301264295
41458	20.8941301263708
41472	20.8941301263554
41476	20.8941301263192
41482	20.8941301261921
41498	20.8941301261679
41504	20.8941301261192
41522	20.8941301260935
41526	20.8941301260902
41528	20.8941301260815
41534	20.8941301260586
41542	20.8941301260268
41570	20.8941301260267
41578	20.8941301259876
41580	20.8941301259784
41582	20.8941301259507
41598	20.8941301259419
41602	20.8941301259407
41606	20.8941301259074
41612	20.8941301258641
41618	20.8941301258572
41622	20.8941301258565
41624	20.8941301258483
41626	20.8941301257494
41666	20.8941301257295
41674	20.8941301257271
41686	20.8941301257104
41688	20.8941301256764
41692	20.8941301256743
41694	20.8941301256708
41696	20.8941301256675
41700	20.8941301256622
41702	20.8941301256294
41720	20.8941301256102
41742	20.8941301255913
41758	20.8941301255893
41784	20.8941301255872
41786	20.8941301255263
41796	20.8941301254888
41814	20.89413012539
41842	20.8941301253137
41890	20.8941301252962
41898	20.8941301252850
41900	20.8941301252846
41902	20.8941301252580
41910	20.8941301252524
41916	20.8941301252433
41918	20.8941301252153
41920	20.8941301250954
41926	20.8941301250767
41952	20.8941301249890
41970	20.894130124979
41972	20.8941301249622
41984	20.8941301249115
41992	20.8941301249102
42008	20.8941301248402
42036	20.8941301248399
42042	20.8941301247953
42048	20.8941301247726
42068	20.8941301247362
42074	20.8941301247346
42078	20.8941301246897
42084	20.8941301246381
42116	20.8941301246003
42134	20.8941301245432
42186	20.8941301245284
42188	20.8941301245272
42210	20.8941301245231
42228	20.8941301245128
42258	20.8941301244828
42260	20.8941301244677
42270	20.8941301244228
42312	20.8941301244082
42338	20.8941301243945
42352	20.8941301243927
42368	20.8941301243669
42392	20.894130124336
42430	20.8941301243094
42442	20.8941301242994
42444	20.8941301242910
42464	20.8941301242789
42468	20.8941301242750
42470	20.8941301242632
42476	20.8941301242537
42484	20.8941301242537
42494	20.8941301242526
42502	20.8941301242492
42506	20.8941301242403
42510	20.8941301242176
42546	20.8941301242156
42556	20.8941301242156
42558	20.8941301242122
42560	20.8941301242066
42568	20.8941301242003
42578	20.8941301241981
42580	20.8941301241854
42592	20.8941301241836
42594	20.8941301241714
42600	20.8941301241626
42616	20.8941301241554
42618	20.8941301241468
42622	20.8941301241410
42626	20.8941301241345
42634	20.8941301241312
42644	20.8941301241106
42664	20.8941301241086
42666	20.8941301241080
42674	20.8941301240756
42682	20.8941301240748
42684	20.8941301240686
42690	20.8941301240685
42700	20.8941301240653
42708	20.8941301240458
42750	20.8941301240453
42754	20.894130124035
42756	20.8941301239662
42758	20.8941301239640
42766	20.8941301239592
42780	20.8941301239586
42782	20.8941301239530
42806	20.8941301239364
42810	20.8941301239309
42816	20.894130123914
42822	20.8941301238898
42840	20.8941301238831
42844	20.8941301238689
42864	20.8941301238526
42876	20.8941301238433
42918	20.8941301238421
42958	20.8941301238372
42962	20.8941301238371
42992	20.8941301238364
42994	20.8941301238340
42998	20.8941301238291
43020	20.8941301238243
43034	20.8941301238203
43070	20.8941301238138
43072	20.8941301238107
43090	20.8941301238003
43096	20.8941301238003
43110	20.8941301237974
43112	20.8941301237966
43140	20.894130123782
43146	20.8941301237695
43166	20.8941301237607
43168	20.8941301237577
43182	20.8941301237556
43194	20.8941301237512
43208	20.8941301237492
43222	20.8941301237438
43226	20.8941301237436
43238	20.8941301237366
43248	20.8941301237358
43250	20.8941301237331
43256	20.8941301237308
43276	20.8941301237284
43296	20.8941301237274
43304	20.8941301237154
43342	20.8941301237121
43388	20.8941301237088
43404	20.894130123706
43420	20.8941301237053
43424	20.8941301237024
43426	20.8941301237004
43442	20.8941301236999
43458	20.8941301236989
43460	20.8941301236946
43472	20.8941301236929
43494	20.8941301236923
43502	20.8941301236869
43506	20.8941301236867
43522	20.8941301236812
43544	20.894130123673
43554	20.8941301236687
43574	20.8941301236639
43592	20.8941301236626
43594	20.8941301236613
43622	20.8941301236612
43626	20.8941301236564
43672	20.8941301236547
43674	20.8941301236499
43692	20.8941301236488
43698	20.8941301236463
43714	20.8941301236460
43728	20.8941301236422
43750	20.8941301236401
43778	20.8941301236396
43796	20.8941301236392
43802	20.8941301236391
43810	20.8941301236377
43816	20.8941301236353
43834	20.8941301236349
43840	20.8941301236347
43842	20.8941301236345
43866	20.8941301236314
43872	20.8941301236306
43874	20.8941301236285
43906	20.8941301236262
43916	20.8941301236225
43944	20.8941301236204
43954	20.8941301236198
43974	20.8941301236151
43986	20.8941301236139
43990	20.8941301236130
43998	20.8941301236064
44024	20.8941301236047
44032	20.8941301236024
44054	20.8941301236010
44060	20.8941301236007
44072	20.8941301235998
44086	20.8941301235990
44090	20.8941301235972
44094	20.8941301235968
44104	20.8941301235961
44112	20.8941301235952
44120	20.8941301235923
44122	20.8941301235876
44130	20.8941301235855
44134	20.8941301235848
44170	20.8941301235830
44172	20.8941301235825
44178	20.89413012358
44184	20.8941301235780
44188	20.8941301235760
44194	20.8941301235721
44204	20.8941301235683
44212	20.8941301235668
44218	20.8941301235628
44244	20.8941301235618
44248	20.8941301235617
44256	20.8941301235610
44274	20.8941301235571
44284	20.8941301235568
44304	20.8941301235545
44306	20.8941301235541
44310	20.8941301235541
44322	20.8941301235523
44324	20.8941301235514
44336	20.8941301235486
44354	20.8941301235486
44362	20.8941301235485
44366	20.8941301235484
44368	20.8941301235472
44374	20.8941301235467
44384	20.8941301235443
44402	20.8941301235437
44404	20.8941301235411
44432	20.8941301235399
44448	20.8941301235381
44454	20.8941301235376
44464	20.8941301235356
44470	20.8941301235347
44474	20.8941301235327
44482	20.8941301235303
44500	20.8941301235297
44516	20.8941301235287
44518	20.8941301235276
44526	20.8941301235275
44530	20.8941301235265
44544	20.8941301235262
44550	20.8941301235251
44554	20.8941301235223
44562	20.8941301235219
44578	20.8941301235212
44584	20.8941301235207
44586	20.8941301235195
44594	20.894130123519
44628	20.8941301235185
44636	20.8941301235165
44640	20.8941301235153
44660	20.8941301235146
44668	20.8941301235119
44672	20.8941301235115
44684	20.894130123511
44694	20.8941301235109
44706	20.8941301235096
44708	20.8941301235090
44728	20.8941301235073
44730	20.8941301235052
44738	20.8941301235034
44754	20.8941301235031
44764	20.8941301235030
44770	20.8941301235020
44808	20.8941301235018
44820	20.8941301235016
44828	20.8941301235006
44838	20.8941301234997
44864	20.8941301234991
44874	20.8941301234991
44890	20.8941301234990
44900	20.8941301234982
44910	20.8941301234980
44936	20.8941301234980
44956	20.8941301234975
44968	20.8941301234970
45000	20.8941301234965
45010	20.8941301234964
45012	20.8941301234958
45024	20.8941301234948
45028	20.8941301234947
45034	20.8941301234942
45056	20.8941301234931
45060	20.8941301234926
45064	20.8941301234924
45066	20.8941301234914
45098	20.8941301234905
45106	20.8941301234896
45112	20.8941301234877
45116	20.8941301234868
45152	20.8941301234866
45154	20.8941301234860
45190	20.894130123486
45200	20.8941301234849
45212	20.8941301234836
45214	20.8941301234827
45224	20.8941301234822
45226	20.8941301234806
45258	20.8941301234785
45272	20.8941301234777
45294	20.8941301234768
45298	20.8941301234762
45314	20.8941301234749
45320	20.8941301234729
45328	20.8941301234705
45366	20.8941301234691
45372	20.8941301234680
45388	20.8941301234666
45400	20.8941301234649
45412	20.8941301234622
45414	20.8941301234616
45420	20.8941301234586
45430	20.8941301234557
45442	20.8941301234545
45446	20.8941301234543
45452	20.8941301234508
45474	20.8941301234488
45486	20.8941301234471
45492	20.8941301234446
45506	20.8941301234433
45508	20.8941301234429
45518	20.8941301234406
45520	20.8941301234374
45530	20.8941301234358
45584	20.8941301234341
45596	20.8941301234331
45614	20.8941301234320
45654	20.8941301234313
45656	20.8941301234300
45658	20.8941301234284
45698	20.8941301234282
45728	20.8941301234279
45742	20.8941301234276
45750	20.8941301234273
45754	20.8941301234270
45772	20.8941301234267
45798	20.8941301234257
45822	20.8941301234257
45828	20.8941301234252
45834	20.8941301234251
45842	20.8941301234249
45858	20.8941301234248
45866	20.894130123424
45870	20.8941301234237
45872	20.8941301234233
45882	20.8941301234229
45884	20.8941301234227
45898	20.8941301234221
45934	20.8941301234216
45936	20.8941301234211
45970	20.8941301234204
45976	20.8941301234196
45990	20.8941301234195
46000	20.8941301234191
46014	20.8941301234176
46038	20.8941301234173
46042	20.8941301234172
46046	20.8941301234170
46066	20.8941301234169
46084	20.8941301234165
46100	20.8941301234163
46104	20.8941301234157
46154	20.8941301234155
46158	20.8941301234154
46162	20.8941301234141
46186	20.8941301234136
46192	20.8941301234134
46202	20.8941301234130
46220	20.894130123413
46228	20.8941301234129
46230	20.8941301234128
46236	20.8941301234116
46262	20.8941301234108
46272	20.8941301234107
46274	20.8941301234103
46284	20.8941301234101
46294	20.8941301234095
46310	20.8941301234094
46316	20.8941301234092
46322	20.8941301234089
46336	20.8941301234089
46340	20.8941301234083
46342	20.8941301234079
46344	20.8941301234069
46376	20.8941301234062
46420	20.8941301234053
46424	20.8941301234050
46474	20.8941301234038
46502	20.8941301234028
46540	20.8941301234028
46552	20.8941301234017
46584	20.8941301234017
46586	20.8941301234007
46596	20.8941301234003
46598	20.8941301233996
46618	20.8941301233992
46626	20.8941301233991
46630	20.8941301233989
46632	20.8941301233987
46638	20.8941301233986
46662	20.8941301233982
46670	20.8941301233977
46680	20.8941301233966
46710	20.8941301233965
46714	20.8941301233957
46718	20.8941301233956
46720	20.8941301233954
46726	20.8941301233948
46740	20.8941301233934
46750	20.8941301233932
46760	20.8941301233922
46774	20.8941301233921
46782	20.8941301233917
46784	20.8941301233917
46788	20.8941301233914
46792	20.8941301233912
46800	20.8941301233911
46804	20.8941301233910
46806	20.8941301233906
46818	20.8941301233898
46822	20.8941301233896
46830	20.8941301233894
46836	20.8941301233891
46838	20.8941301233886
46854	20.8941301233878
46856	20.8941301233871
46864	20.8941301233870
46868	20.8941301233856
46884	20.8941301233852
46890	20.8941301233852
46898	20.8941301233848
46900	20.8941301233837
46902	20.8941301233835
46906	20.8941301233832
46932	20.8941301233831
46936	20.8941301233827
46958	20.8941301233825
46960	20.8941301233824
46964	20.8941301233818
46978	20.8941301233812
46990	20.8941301233809
47010	20.8941301233808
47026	20.8941301233800
47038	20.8941301233797
47062	20.8941301233797
47066	20.8941301233796
47072	20.8941301233795
47084	20.8941301233791
47090	20.8941301233790
47092	20.8941301233784
47104	20.8941301233784
47118	20.8941301233777
47120	20.8941301233776
47124	20.8941301233774
47126	20.8941301233773
47130	20.8941301233769
47140	20.8941301233762
47176	20.8941301233759
47178	20.8941301233757
47186	20.8941301233753
47216	20.8941301233751
47218	20.8941301233747
47248	20.8941301233743
47268	20.8941301233739
47272	20.8941301233739
47278	20.8941301233737
47286	20.8941301233736
47296	20.8941301233731
47314	20.8941301233726
47350	20.8941301233724
47364	20.8941301233722
47378	20.8941301233718
47384	20.8941301233713
47388	20.8941301233712
47396	20.8941301233708
47434	20.8941301233705
47444	20.8941301233702
47452	20.8941301233702
47456	20.8941301233693
47476	20.8941301233692
47486	20.894130123369
47490	20.8941301233686
47494	20.8941301233680
47498	20.894130123368
47516	20.8941301233680
47532	20.8941301233678
47540	20.8941301233673
47550	20.8941301233671
47590	20.8941301233669
47598	20.8941301233666
47600	20.8941301233659
47614	20.8941301233654
47628	20.8941301233651
47632	20.8941301233649
47656	20.8941301233647
47660	20.8941301233647
47662	20.8941301233643
47664	20.8941301233643
47680	20.8941301233641
47684	20.8941301233635
47712	20.8941301233633
47716	20.8941301233631
47722	20.8941301233630
47748	20.8941301233628
47762	20.8941301233628
47800	20.8941301233626
47806	20.8941301233625
47824	20.894130123362
47838	20.8941301233619
47846	20.8941301233617
47870	20.8941301233615
47876	20.8941301233614
47878	20.8941301233612
47902	20.8941301233611
47904	20.8941301233611
47934	20.8941301233610
47952	20.8941301233608
47990	20.8941301233608
48004	20.8941301233607
48018	20.8941301233606
48028	20.8941301233606
48038	20.8941301233605
48040	20.8941301233602
48042	20.89413012336
48046	20.8941301233595
48056	20.8941301233592
48058	20.8941301233591
48060	20.8941301233590
48092	20.8941301233590
48112	20.8941301233587
48134	20.8941301233586
48138	20.8941301233584
48152	20.8941301233584
48164	20.8941301233581
48180	20.8941301233580
48188	20.8941301233579
48204	20.8941301233578
48206	20.8941301233577
48218	20.8941301233575
48224	20.8941301233574
48226	20.8941301233573
48242	20.8941301233573
48244	20.8941301233572
48246	20.8941301233572
48258	20.8941301233571
48274	20.894130123357
48280	20.8941301233569
48292	20.8941301233568
48302	20.8941301233566
48330	20.8941301233566
48354	20.8941301233565
48358	20.8941301233563
48362	20.8941301233562
48382	20.8941301233560
48390	20.8941301233559
48396	20.8941301233556
48414	20.8941301233555
48420	20.8941301233555
48424	20.8941301233554
48430	20.8941301233552
48472	20.8941301233551
48478	20.8941301233550
48488	20.8941301233549
48514	20.8941301233549
48530	20.8941301233548
48534	20.8941301233547
48550	20.8941301233546
48554	20.8941301233546
48556	20.8941301233546
48560	20.8941301233546
48568	20.8941301233545
48574	20.8941301233544
48576	20.8941301233544
48582	20.8941301233544
48586	20.8941301233542
48594	20.8941301233542
48608	20.8941301233541
48610	20.8941301233541
48612	20.8941301233541
48614	20.8941301233539
48616	20.8941301233538
48636	20.8941301233535
48652	20.8941301233532
48658	20.894130123353
48664	20.8941301233530
48670	20.8941301233528
48692	20.8941301233525
48708	20.8941301233524
48716	20.8941301233522
48732	20.8941301233521
48736	20.8941301233520
48766	20.8941301233520
48782	20.8941301233519
48784	20.8941301233519
48786	20.8941301233515
48794	20.8941301233513
48818	20.8941301233512
48828	20.8941301233512
48836	20.8941301233511
48840	20.8941301233511
48842	20.8941301233509
48844	20.8941301233503
48852	20.8941301233503
48854	20.8941301233499
48858	20.8941301233499
48860	20.8941301233493
48872	20.8941301233488
48900	20.8941301233487
48904	20.8941301233485
48918	20.8941301233484
48924	20.8941301233483
48934	20.8941301233480
48936	20.8941301233478
48938	20.8941301233478
48958	20.8941301233478
48966	20.8941301233472
48992	20.8941301233470
49028	20.8941301233469
49046	20.8941301233467
49048	20.8941301233464
49056	20.894130123346
49060	20.8941301233457
49086	20.8941301233454
49100	20.894130123345
49110	20.8941301233447
49126	20.8941301233446
49132	20.8941301233444
49134	20.8941301233443
49154	20.8941301233438
49186	20.8941301233437
49200	20.8941301233430
49210	20.8941301233426
49224	20.8941301233425
49238	20.8941301233422
49240	20.8941301233420
49244	20.8941301233419
49256	20.8941301233415
49282	20.8941301233413
49288	20.8941301233409
49298	20.8941301233408
49302	20.8941301233407
49304	20.8941301233405
49314	20.8941301233401
49316	20.8941301233396
49342	20.8941301233393
49344	20.8941301233390
49376	20.8941301233388
49402	20.8941301233386
49424	20.8941301233380
49442	20.894130123338
49490	20.8941301233378
49494	20.8941301233377
49504	20.8941301233375
49508	20.8941301233375
49520	20.8941301233368
49530	20.8941301233363
49532	20.8941301233355
49544	20.8941301233353
49570	20.8941301233352
49572	20.8941301233350
49580	20.8941301233350
49582	20.8941301233345
49590	20.8941301233342
49608	20.8941301233342
49626	20.8941301233338
49636	20.8941301233338
49644	20.8941301233335
49666	20.8941301233332
49670	20.8941301233331
49680	20.8941301233329
49686	20.8941301233328
49710	20.8941301233328
49722	20.8941301233326
49734	20.8941301233325
49742	20.8941301233325
49744	20.8941301233324
49756	20.8941301233324
49762	20.8941301233324
49788	20.8941301233321
49796	20.8941301233320
49800	20.8941301233319
49838	20.8941301233317
49874	20.8941301233317
49884	20.8941301233317
49888	20.8941301233315
49892	20.8941301233315
49934	20.8941301233314
49936	20.8941301233314
49940	20.8941301233313
49942	20.8941301233312
49950	20.8941301233311
49964	20.8941301233309
49988	20.8941301233309
49990	20.8941301233308
49992	20.8941301233305
50006	20.8941301233305
50020	20.8941301233303
50040	20.8941301233299
50042	20.8941301233297
50048	20.8941301233297
50052	20.8941301233294
50076	20.8941301233294
50114	20.8941301233293
50120	20.8941301233292
50130	20.894130123329
50154	20.8941301233289
50166	20.8941301233287
50180	20.8941301233284
50210	20.8941301233284
50212	20.8941301233284
50240	20.8941301233283
50284	20.8941301233281
50300	20.894130123328
50306	20.894130123328
50324	20.8941301233278
50334	20.8941301233278
50338	20.8941301233276
50344	20.8941301233276
50366	20.8941301233275
50368	20.8941301233275
50370	20.8941301233274
50376	20.8941301233274
50384	20.8941301233272
50402	20.8941301233271
50406	20.8941301233271
50442	20.8941301233270
50456	20.894130123327
50470	20.8941301233270
50474	20.8941301233268
50498	20.8941301233268
50500	20.8941301233267
50510	20.8941301233267
50514	20.8941301233267
50516	20.8941301233267
50518	20.8941301233266
50528	20.8941301233266
50536	20.8941301233265
50550	20.8941301233265
50554	20.8941301233265
50556	20.8941301233264
50570	20.8941301233264
50572	20.8941301233264
50584	20.8941301233263
50596	20.8941301233263
50614	20.8941301233262
50636	20.8941301233262
50664	20.8941301233261
50668	20.8941301233261
50684	20.8941301233261
50702	20.8941301233260
50710	20.894130123326
50730	20.8941301233260
50760	20.8941301233259
50786	20.8941301233259
50810	20.8941301233259
50822	20.8941301233258
50834	20.8941301233258
50838	20.8941301233257
50840	20.8941301233257
50842	20.8941301233257
50858	20.8941301233257
50870	20.8941301233257
50886	20.8941301233256
50894	20.8941301233256
50898	20.8941301233256
50906	20.8941301233256
50922	20.8941301233256
50938	20.8941301233255
50940	20.8941301233255
50944	20.8941301233255
50968	20.8941301233254
50974	20.8941301233254
50980	20.8941301233253
51002	20.8941301233253
51008	20.8941301233253
51026	20.8941301233252
51064	20.8941301233252
51074	20.8941301233252
51078	20.8941301233252
51080	20.8941301233252
51082	20.8941301233252
51096	20.8941301233251
51108	20.8941301233251
51134	20.8941301233251
51138	20.894130123325
51158	20.8941301233250
51190	20.8941301233249
51212	20.8941301233249
51234	20.8941301233249
51238	20.8941301233248
51254	20.8941301233248
51262	20.8941301233248
51268	20.8941301233248
51272	20.8941301233247
51284	20.8941301233247
51302	20.8941301233247
51312	20.8941301233247
51322	20.8941301233246
51338	20.8941301233246
51346	20.8941301233246
51352	20.8941301233246
51358	20.8941301233246
51360	20.8941301233246
51368	20.8941301233244
51382	20.8941301233244
51386	20.8941301233244
51428	20.8941301233243
51430	20.8941301233243
51432	20.8941301233243
51460	20.8941301233243
51476	20.8941301233243
51500	20.8941301233243
51514	20.8941301233243
51520	20.8941301233242
51530	20.8941301233242
51552	20.8941301233242
51554	20.8941301233242
51572	20.8941301233242
51578	20.8941301233241
51580	20.8941301233241
51606	20.8941301233241
51624	20.8941301233241
51638	20.8941301233240
51648	20.894130123324
51676	20.8941301233240
51682	20.8941301233239
51694	20.8941301233239
51706	20.8941301233239
51710	20.8941301233238
51734	20.8941301233238
51738	20.8941301233237
51748	20.8941301233237
51764	20.8941301233237
51774	20.8941301233237
51784	20.8941301233236
51796	20.8941301233236
51798	20.8941301233236
51818	20.8941301233236
51822	20.8941301233236
51826	20.8941301233235
51832	20.8941301233235
51844	20.8941301233235
51848	20.8941301233234
51852	20.8941301233234
51912	20.8941301233234
51916	20.8941301233234
51942	20.8941301233234
51944	20.8941301233233
51952	20.8941301233233
51982	20.8941301233233
51992	20.8941301233233
52010	20.8941301233232
52012	20.8941301233232
52018	20.8941301233232
52026	20.8941301233232
52044	20.8941301233231
52052	20.8941301233231
52066	20.8941301233231
52080	20.8941301233231
52102	20.8941301233231
52108	20.8941301233230
52122	20.894130123323
52130	20.8941301233230
52142	20.8941301233229
52160	20.8941301233229
52168	20.8941301233229
52180	20.8941301233229
52190	20.8941301233229
52248	20.8941301233228
52266	20.8941301233228
52272	20.8941301233228
52284	20.8941301233228
52320	20.8941301233228
52322	20.8941301233228
52336	20.8941301233228
52366	20.8941301233227
52370	20.8941301233227
52376	20.8941301233227
52384	20.8941301233227
52400	20.8941301233227
52414	20.8941301233227
52418	20.8941301233227
52480	20.8941301233227
52484	20.8941301233227
52486	20.8941301233226
52496	20.8941301233226
52526	20.8941301233226
52534	20.8941301233226
52566	20.8941301233226
52572	20.8941301233226
52574	20.8941301233226
52586	20.8941301233226
52606	20.8941301233226
52608	20.8941301233226
52612	20.8941301233226
52626	20.8941301233226
52632	20.8941301233225
52636	20.8941301233225
52640	20.8941301233225
52658	20.8941301233225
52664	20.8941301233225
52684	20.8941301233225
52694	20.8941301233225
52712	20.8941301233225
52714	20.8941301233225
52728	20.8941301233225
52736	20.8941301233225
52748	20.8941301233224
52766	20.8941301233224
52776	20.8941301233224
52784	20.8941301233224
52792	20.8941301233224
52802	20.8941301233224
52810	20.8941301233224
52820	20.8941301233224
52844	20.8941301233224
52862	20.8941301233224
52864	20.8941301233223
52868	20.8941301233223
52890	20.8941301233223
52906	20.8941301233223
52924	20.8941301233223
52926	20.8941301233223
52940	20.8941301233223
52968	20.8941301233223
52986	20.8941301233223
53016	20.8941301233223
53038	20.8941301233223
53084	20.8941301233223
53092	20.8941301233223
53098	20.8941301233222
53112	20.8941301233222
53122	20.8941301233222
53156	20.8941301233222
53158	20.8941301233222
53164	20.8941301233222
53192	20.8941301233222
53194	20.8941301233222
53204	20.8941301233222
53216	20.8941301233222
53252	20.8941301233222
53264	20.8941301233222
53284	20.8941301233221
53290	20.8941301233221
53294	20.8941301233221
53296	20.8941301233221
53316	20.8941301233221
53338	20.8941301233221
53368	20.8941301233221
53378	20.8941301233221
53388	20.8941301233221
53430	20.8941301233221
53432	20.8941301233221
53442	20.8941301233221
53460	20.8941301233221
53466	20.8941301233220
53500	20.8941301233220
53518	20.8941301233220
53532	20.894130123322
53548	20.894130123322
53566	20.894130123322
53574	20.894130123322
53576	20.894130123322
53588	20.894130123322
53600	20.8941301233220
53610	20.8941301233219
53618	20.8941301233219
53652	20.8941301233219
53656	20.8941301233219
53668	20.8941301233219
53674	20.8941301233219
53680	20.8941301233219
53692	20.8941301233219
53702	20.8941301233219
53718	20.8941301233219
53730	20.8941301233219
53768	20.8941301233218
53772	20.8941301233218
53790	20.8941301233218
53800	20.8941301233218
53804	20.8941301233218
53810	20.8941301233218
53826	20.8941301233218
53840	20.8941301233217
53876	20.8941301233217
53892	20.8941301233217
53918	20.8941301233217
53934	20.8941301233217
53936	20.8941301233217
53954	20.8941301233217
53960	20.8941301233217
53978	20.8941301233217
53980	20.8941301233216
54050	20.8941301233216
54058	20.8941301233216
54070	20.8941301233216
54116	20.8941301233216
54120	20.8941301233216
54138	20.8941301233216
54180	20.8941301233216
54196	20.8941301233216
54214	20.8941301233216
54228	20.8941301233216
54274	20.8941301233216
54276	20.8941301233216
54282	20.8941301233216
54312	20.8941301233216
54324	20.8941301233215
54338	20.8941301233215
54366	20.8941301233215
54418	20.8941301233215
54434	20.8941301233215
54452	20.8941301233215
54506	20.8941301233215
54540	20.8941301233215
54548	20.8941301233215
54574	20.8941301233215
54636	20.8941301233215
54656	20.8941301233215
54682	20.8941301233215
54690	20.8941301233215
54694	20.8941301233215
54748	20.8941301233215
54756	20.8941301233215
54766	20.8941301233214
54814	20.8941301233214
54838	20.8941301233214
54886	20.8941301233214
54914	20.8941301233214
54920	20.8941301233214
54928	20.8941301233214
54962	20.8941301233214
54966	20.8941301233214
55008	20.8941301233214
55054	20.8941301233214
55106	20.8941301233214
55234	20.8941301233214
55304	20.8941301233214
55336	20.8941301233214
55360	20.8941301233213
55362	20.8941301233213
55404	20.8941301233213
55436	20.8941301233213
55524	20.8941301233213
55564	20.8941301233213
55586	20.8941301233213
55644	20.8941301233213
55680	20.8941301233213
55782	20.8941301233213
55930	20.8941301233213
55938	20.8941301233213
55996	20.8941301233213
56098	20.8941301233213
56150	20.8941301233212
56168	20.8941301233212
56182	20.8941301233212
56210	20.8941301233212
56212	20.8941301233212
56222	20.8941301233212
56256	20.8941301233212
56310	20.8941301233212
56376	20.8941301233212
56552	20.8941301233212
56556	20.8941301233212
56626	20.8941301233212
56706	20.8941301233212
56776	20.8941301233212
56866	20.8941301233211
56924	20.8941301233211
57008	20.8941301233211
57094	20.8941301233211
57164	20.8941301233211
57206	20.8941301233211
57296	20.8941301233211
57330	20.8941301233211
57388	20.8941301233211
57406	20.8941301233211
57472	20.8941301233211
57506	20.8941301233211
57552	20.8941301233211
57648	20.8941301233211
57754	20.8941301233211
57830	20.8941301233211
57944	20.8941301233211
57984	20.8941301233211
58030	20.8941301233210
58040	20.8941301233210
58052	20.8941301233210
58138	20.8941301233210
58262	20.8941301233210
58354	20.8941301233210
58472	20.894130123321
58478	20.894130123321
58508	20.894130123321
60056	20.894130123321
62494	20.894130123321
64582	20.894130123321
66380	20.894130123321
70300	20.894130123321
70698	20.894130123321
85186	20.8941301233210
208910	20.8941301233210
300000	20.8941301233210
