52	470.345794124755
54	392.052910594542
78	338.713519620624
104	280.178193347613
274	260.467130836808
292	256.691888047477
318	253.628577152278
470	249.964994987913
978	214.870395442020
2440	180.293096787278
4592	155.755462539747
5218	148.579050246868
5308	142.350756677075
5344	127.372870481805
5402	124.183527396480
5428	117.892281255307
5470	111.819651336057
5486	109.142621629541
5524	106.449410139990
5526	106.04527816741
5530	100.281322165680
5538	100.270802835018
5566	97.8760163484857
5590	96.2647669659708
5614	94.3331771758081
5628	86.5263998531245
5650	83.4654725082292
5668	79.6355458449067
5686	79.0713223066158
5702	76.44115005848
5714	75.9056538095588
5720	75.3212487583392
5724	71.591890286936
5740	70.7096768106565
5744	70.3744799766419
5760	70.1683106381223
5764	67.5759469474236
5804	67.4477829132757
5808	66.7344012468772
5814	64.2285631819496
5826	64.0833936786684
5838	63.4077615568513
5884	62.5431038833612
5886	61.9335306057137
5890	61.5794166764689
5894	61.0924319710508
5904	60.9244700368036
5936	59.7265335498694
5972	58.7632319008677
6072	58.6806561050586
6090	58.2674128265996
6094	57.9188181941252
6100	57.8051271658626
6116	57.6259607437255
6122	57.3836482206568
6124	57.365781590168
6128	56.6953095430188
6136	56.636556740324
6148	56.2600910877427
6162	56.0490510845252
6164	55.5017854064565
6188	55.3996643865644
6198	54.7471137218496
6224	54.7397497264908
6236	54.1867521255482
6238	53.9813977156227
6244	53.5194646631714
6274	52.7477402180541
6280	52.5159100443902
6284	51.9192166818689
6314	51.8527600577828
6348	51.56126148091
6382	51.3890559844306
6392	51.2447464836592
6398	51.0395848855281
6412	50.8927168620599
6432	50.5610568389777
6464	50.4324235150434
6472	50.216324609014
6474	50.0697136249293
6488	49.9887685257948
6510	49.9617693601816
6512	49.6238019528094
6522	49.3398113426149
6530	49.1430995316823
6552	49.1070077957929
6556	48.9092088359602
6582	48.4036247245085
6586	48.2624307992967
6608	48.1595924712754
6626	47.8254460217238
6628	47.5261796106352
6656	47.2874904781811
6668	47.2803562757444
6678	46.9753228589822
6682	46.7993264919429
6688	46.4172093956139
6692	46.1681363998203
6698	45.9854757747256
6706	45.8991816996693
6716	45.8708251546382
6720	45.7867079052002
6726	45.6563883962551
6742	45.3507373092508
6752	45.1217121453814
6780	44.9892092130553
6802	44.886605017795
6810	44.707358347736
6814	44.6373760022722
6818	44.5769151939749
6822	44.5222327373923
6830	44.2109561193951
6836	43.8673625941718
6862	43.7673779127178
6878	43.6224629150438
6880	43.3815180149376
6918	43.3491894801891
6934	43.2775890540036
6946	43.2678944661932
6950	42.9977609598774
6966	42.9587596812833
6976	42.9481282167539
6986	42.8490667099736
6990	42.5797094679468
7010	42.5562742293444
7012	42.3771282205041
7026	42.3398129450541
7028	42.1570284179982
7042	42.0947432634429
7052	41.796778082437
7058	41.6542199975638
7064	41.6534119843021
7066	41.3995106859452
7088	41.2664820939973
7132	41.2492145766019
7136	40.9328104315611
7138	40.8969437479168
7142	40.7354960730598
7154	40.3957090788017
7170	40.0970203468429
7180	40.0759766649275
7186	39.9975739758939
7190	39.8975194671278
7212	39.7825299204303
7216	39.7633770371161
7218	39.7395448726735
7220	39.7238878096004
7238	39.7219952449145
7240	39.4350590664901
7244	39.4308094237635
7258	39.3676369783717
7260	39.3029771604336
7274	39.294138341567
7282	39.1701889480103
7294	38.9477687006147
7324	38.7715809854697
7348	38.7316172311699
7358	38.6746458181841
7360	38.6376271511535
7386	38.4970808086423
7402	38.4340808722392
7404	38.3780657689289
7406	38.2842961709941
7416	38.2653253261919
7432	38.1017337390641
7436	37.9672979992876
7442	37.9265778870086
7452	37.9011560154365
7464	37.8112178733753
7478	37.6876821976865
7502	37.6676926112973
7516	37.5832560487749
7528	37.5038829295769
7530	37.4473333160695
7540	37.3496039017175
7568	37.3466115338736
7578	37.3353161251444
7588	37.2395992169053
7590	37.2010025517677
7598	37.1622307965487
7608	37.0586856368839
7614	37.0472593499508
7626	37.0308663622409
7632	36.998604370547
7680	36.862648172522
7682	36.8293733474102
7686	36.8247619022410
7690	36.7360113062422
7704	36.5984775428118
7718	36.3917122429612
7736	36.3883727848756
7752	36.3865146997441
7768	36.265774760764
7790	36.1674619819533
7806	36.1515728280295
7824	36.0867053634199
7830	35.8872919515747
7854	35.8786181295329
7856	35.8655927206796
7862	35.8352771416923
7866	35.7931950189673
7882	35.7856790431916
7900	35.6762087421543
7916	35.6397943498225
7948	35.5553088199872
7954	35.5525320333348
7958	35.5196871574668
7962	35.4946667711661
7972	35.474317135486
7978	35.4205012162207
7996	35.4175003340903
7998	35.2677155524512
8022	35.2541645657558
8032	35.2290987813731
8044	35.2186766949348
8050	35.2065849026301
8052	35.1938426481825
8060	35.1596621909958
8118	35.1555608135354
8122	35.1026161758506
8132	35.0886976665339
8142	35.0868771157609
8154	35.083300172524
8156	35.0724180282422
8158	35.0515969087146
8160	35.0321554390914
8164	35.0286592397496
8168	35.0231332924856
8180	35.0041354840898
8188	34.9979733838962
8200	34.9957563576832
8230	34.9891038261093
8234	34.9844099090483
8236	34.9691836562702
8238	34.9523461504277
8244	34.942042921817
8262	34.9267965227623
8266	34.906118493836
8302	34.8954686522482
8314	34.8928372959919
8320	34.8534101984326
8334	34.8424511218231
8350	34.8010736275797
8356	34.7798772860133
8366	34.7764415092303
8406	34.7371975988862
8410	34.7178897640854
8412	34.6756923935674
8424	34.652624735099
8426	34.6174678837877
8452	34.5869842086928
8486	34.5165796748192
8488	34.4846186212889
8492	34.482085116264
8516	34.4437882209212
8524	34.4243854563384
8530	34.4065540363414
8534	34.4021316983509
8542	34.3413668338046
8554	34.3253920121004
8584	34.3179429807946
8594	34.2954879843061
8608	34.2661804847945
8624	34.2560083038519
8638	34.2332842878378
8654	34.2182153605172
8658	34.2157538932994
8666	34.2025164923369
8676	34.1862147089010
8684	34.1686454355891
8686	34.1345487181143
8706	34.1293276551862
8722	34.1257064020041
8726	34.1113222016101
8728	34.1062417335492
8732	34.0870284627085
8736	34.0554591648232
8754	34.0510082486757
8776	34.0383649548447
8784	33.971152191477
8792	33.9544049093175
8794	33.9421731700324
8802	33.9330951282224
8810	33.9090028545995
8828	33.891031976603
8848	33.8656131908671
8856	33.8145680787735
8888	33.8070758724971
8892	33.7910603573048
8894	33.7631258506915
8908	33.7435912971661
8920	33.7054777722469
8922	33.6439718721801
8934	33.5302658099919
8946	33.4994175241198
8962	33.4981484145944
8990	33.4721224949069
8994	33.4590234112189
9018	33.4434922409875
9054	33.431584698794
9056	33.4159371251636
9086	33.4033443398736
9096	33.3955847306168
9108	33.3745162625511
9126	33.3652162301527
9130	33.3562914567646
9138	33.3465314660438
9168	33.3395282608883
9198	33.3333666041343
9202	33.3258788321948
9232	33.3177471239108
9236	33.3133084056125
9260	33.2900988483009
9280	33.2896999847432
9294	33.2734012308994
9320	33.2716780568912
9334	33.2637561210837
9338	33.2598894305657
9354	33.2458999856586
9364	33.2439632270397
9372	33.2365484421041
9390	33.2211527886428
9398	33.2106152766916
9404	33.2085849146779
9406	33.20731411289
9418	33.1904573904549
9434	33.1826943508842
9474	33.1818149700980
9476	33.1768652858174
9478	33.1690740894809
9524	33.1685112523472
9528	33.1636904271307
9566	33.1633759688872
9568	33.157596602282
9580	33.1514900593936
9594	33.1423943440718
9606	33.1359914529553
9608	33.135210224017
9618	33.1269168311801
9644	33.1236594915991
9660	33.1230230364380
9670	33.1226076009778
9672	33.121602566337
9702	33.1180639614130
9710	33.1180289747835
9712	33.1037738194365
9720	33.1032011693248
9722	33.1027860215636
9726	33.0991808148630
9742	33.0951113423437
9754	33.0920806237991
9762	33.0855409580373
9768	33.0812273423266
9774	33.078355782265
9790	33.0741436481915
9814	33.0717126899524
9824	33.0708889114651
9836	33.0662461872116
9846	33.0643703303424
9866	33.0544053591264
9890	33.0535782360806
9898	33.0517745646778
9900	33.0495349915466
9902	33.0459997358105
9918	33.0312443828411
9932	33.0300740320828
9954	33.028032296374
9960	33.0162199968258
9968	33.0110336046269
9976	33.0075572669358
9982	33.0052836417186
9998	32.9930306273887
10012	32.9853422515654
10030	32.9827895805883
10036	32.9800013990485
10054	32.9788142560705
10056	32.9753381082169
10078	32.9742145004859
10086	32.9665287507701
10098	32.9663565280247
10112	32.9610487896881
10124	32.9550340037678
10144	32.9527522897587
10146	32.9506177911364
10158	32.9503902973286
10166	32.9439248591042
10172	32.9366885598811
10174	32.933426481051
10180	32.9233270591213
10184	32.9218339450295
10192	32.9200410820839
10194	32.9193337985513
10196	32.9140597470125
10200	32.9066284084495
10222	32.893458198806
10244	32.8843234498254
10246	32.8794567900772
10254	32.8769043193256
10268	32.8694478579202
10274	32.8611955787233
10296	32.8458332389933
10322	32.8361609308169
10336	32.8337803970399
10338	32.8218352682535
10348	32.8084583199832
10384	32.8067666541774
10402	32.7991670178144
10404	32.7973392993644
10408	32.7962805826611
10416	32.7871615194793
10426	32.7863111727693
10436	32.7862440094621
10440	32.7797378050233
10478	32.7795965552627
10484	32.774802045757
10500	32.7731440108194
10502	32.7719205700149
10504	32.7651060168640
10526	32.7634333779595
10528	32.7604146205462
10536	32.7583682536566
10548	32.7434096330606
10554	32.7419007938982
10568	32.7327976869491
10570	32.7302157191096
10580	32.7271982969054
10586	32.7144197329890
10594	32.7085208405336
10606	32.7060571422363
10626	32.703969688994
10654	32.7029296779471
10660	32.6900238635580
10680	32.6879753242552
10684	32.6847889537164
10698	32.6814445380814
10702	32.6675419551577
10704	32.656292214063
10718	32.6552954965285
10722	32.6517135394275
10738	32.6416654529987
10762	32.6385668578045
10768	32.6321558722327
10774	32.6296702641960
10776	32.6293428412274
10778	32.6219254533254
10790	32.6157925271623
10820	32.609826730078
10826	32.6092786202119
10834	32.6039133016306
10876	32.6016405405461
10878	32.5997452927615
10900	32.5985432746178
10910	32.5966558562011
10922	32.5946067117627
10932	32.5939160885532
10942	32.5897094957535
10948	32.5889873983778
10958	32.584441295197
10970	32.5815789457272
10986	32.5724828497432
11006	32.5702354839693
11018	32.5623972814614
11034	32.5510687352186
11036	32.5478390484384
11048	32.5414007846909
11058	32.5393299962941
11070	32.5388379148468
11080	32.528613518271
11094	32.5185103768209
11102	32.5168491301972
11114	32.5163941162062
11116	32.5145286801213
11118	32.5108932092396
11132	32.5023009151875
11140	32.5003439570577
11160	32.4999478081016
11178	32.4956966312573
11180	32.4910051753732
11206	32.4829678270272
11216	32.4809372915184
11254	32.4789304065517
11268	32.4786159195595
11284	32.4766528035076
11302	32.4707406373206
11306	32.4695365364866
11330	32.4658335703842
11344	32.4623526359358
11348	32.4594789488756
11354	32.4578834906522
11362	32.4556609986574
11378	32.4552060317493
11384	32.4513788883527
11388	32.4473646595106
11410	32.4396616524802
11424	32.4390161568627
11430	32.4375187002158
11448	32.4340560999796
11450	32.4307503138501
11458	32.4238049888325
11476	32.4206084920228
11478	32.4154696413824
11500	32.4027264258596
11512	32.4017362908318
11532	32.4011595318285
11536	32.3917913220301
11542	32.3904980569621
11546	32.3836846355771
11554	32.3794503902247
11556	32.3748798274665
11586	32.3594809744704
11590	32.354676762428
11594	32.3439777129384
11598	32.3377814437474
11618	32.3373526577482
11630	32.3310777695644
11642	32.3299051789375
11650	32.3250831012722
11658	32.3166561417233
11674	32.3072375853241
11696	32.3059352688739
11706	32.3011919563785
11710	32.2996926833258
11738	32.2993266673561
11744	32.2957737151135
11750	32.2954183250526
11756	32.2953404579594
11762	32.2869106352876
11790	32.2859241281599
11796	32.2741613575537
11822	32.2732262865452
11832	32.2703060841093
11838	32.2605527502133
11846	32.2596273561565
11872	32.2540599650819
11886	32.2487515030225
11920	32.2457524616504
11926	32.2446391909873
11952	32.2344696618905
11968	32.2343027493789
11972	32.2325684292247
11978	32.22882809662
11994	32.2177634146557
12012	32.2166473725382
12024	32.2154868696961
12032	32.2148525086849
12042	32.2148415296143
12052	32.2087900549259
12064	32.1987847687918
12084	32.1975880463490
12114	32.1882402919073
12132	32.1847184760831
12144	32.1796621857358
12180	32.1783442086143
12190	32.1742628340285
12192	32.1729962816938
12198	32.1702990249949
12200	32.1696651220132
12204	32.1685966245562
12206	32.1673323678992
12216	32.1671619983252
12220	32.1578054091724
12228	32.1545421519644
12252	32.1528991608397
12256	32.1510475618060
12270	32.1486526358146
12302	32.1470360808953
12310	32.1467291306328
12316	32.1420392020267
12338	32.1399072026929
12342	32.1353720314131
12364	32.1352586894281
12382	32.1352113524331
12402	32.1332133298120
12410	32.1330081373924
12432	32.1319000240625
12434	32.1299153300448
12454	32.1297238616401
12464	32.1292188274565
12468	32.1274845766281
12480	32.1272978462305
12486	32.1263241168165
12490	32.1259971309697
12506	32.1199978777288
12522	32.1164053004203
12526	32.1156004108588
12544	32.115463112417
12552	32.112585565225
12580	32.1116758537818
12588	32.1099975594037
12590	32.1080196021962
12608	32.1054751423396
12610	32.1042429767701
12618	32.1035642187789
12624	32.1020515985928
12638	32.1016607807353
12650	32.1011291907757
12662	32.1011131087044
12674	32.1003287673385
12692	32.0994775827176
12712	32.097234024561
12720	32.0951057890480
12730	32.0948933698831
12732	32.0928266101052
12746	32.0915899804631
12770	32.0914904225196
12772	32.0897303266022
12776	32.0897211255139
12784	32.0881726152892
12800	32.0865760836707
12806	32.0860508788148
12830	32.0856205311102
12852	32.0850925475275
12858	32.0848056104431
12878	32.0839119834313
12886	32.0823597510144
12900	32.0823380275337
12902	32.0822498092768
12920	32.0789289510234
12930	32.077282940138
12944	32.0770531474187
12948	32.0761187856739
12952	32.0759040837992
12956	32.0753181414749
12962	32.0750585869007
12984	32.0740543271778
13002	32.0736228431341
13006	32.0718547418436
13008	32.0714271312771
13026	32.0705304750651
13036	32.0698066639911
13042	32.0692116363279
13048	32.0692049182359
13068	32.0681407952493
13092	32.0665335990556
13100	32.0664759221477
13102	32.0656639592816
13118	32.0645290835003
13130	32.0639863734168
13132	32.0628603945897
13148	32.0617187056668
13196	32.0616070590997
13200	32.0609304602440
13210	32.0597275954987
13214	32.059203112737
13224	32.0587909232547
13240	32.0580729500248
13242	32.0573866192304
13248	32.0562062212121
13256	32.0550012942045
13264	32.0530259711067
13274	32.0527870044688
13278	32.0509757821186
13284	32.0498011539805
13286	32.0476566526206
13296	32.0461568497043
13324	32.0450267922511
13344	32.0442764034606
13352	32.0430530218979
13354	32.0429013214777
13356	32.0427622759475
13362	32.041803814379
13366	32.0411591339841
13368	32.0390005035851
13370	32.0382380714825
13376	32.0375301859591
13388	32.0326556042972
13394	32.0292394396336
13398	32.0283494344821
13416	32.0252809485976
13428	32.0251465376123
13440	32.0234461774538
13442	32.0214696875444
13462	32.0172822752778
13464	32.0136704482018
13486	32.0123926072159
13502	32.0107469108237
13520	32.0106003089870
13528	32.0102771552318
13538	32.0096610957945
13542	32.0068503310415
13552	32.0060487987933
13558	32.0042057818709
13562	32.0025096356751
13584	32.0010169518907
13598	31.9999027108728
13618	31.9993936153806
13620	31.9988829717459
13624	31.9960524148573
13640	31.9942219562096
13650	31.9911527446802
13672	31.9908577428032
13678	31.9907033072212
13702	31.9903635066212
13704	31.9896883174876
13712	31.9884550866596
13722	31.9878279171816
13724	31.9874254396015
13732	31.9867399747278
13740	31.9858670679107
13748	31.9837914279247
13758	31.9836796960803
13764	31.9819836904111
13790	31.9795694744352
13810	31.9756432739803
13836	31.9710988152701
13838	31.9677539578902
13844	31.9646162123280
13862	31.9636199207401
13872	31.9598418363330
13902	31.9580781117112
13912	31.9572080729305
13918	31.9564027795951
13934	31.9540208754343
13942	31.9531355934084
13956	31.9506404391161
13974	31.9480593165079
13976	31.9479481436395
13988	31.9464644898947
14004	31.9448353508442
14010	31.9446363983581
14020	31.9444285501773
14028	31.9427549482821
14040	31.9393365009593
14072	31.9382754137281
14084	31.9368754948639
14092	31.9354287272218
14102	31.9349013227668
14114	31.9347810764144
14116	31.9328340605091
14120	31.9300660228442
14122	31.9255792621183
14132	31.9243755683064
14168	31.9226211672373
14182	31.9213820800605
14188	31.9208661385596
14196	31.9204914033097
14212	31.9176359378278
14216	31.9123718543535
14234	31.9082549499907
14242	31.9058798327603
14268	31.9026357910662
14274	31.9012793701155
14284	31.9008485626781
14294	31.8981398013776
14314	31.8973598379631
14328	31.8940001902161
14346	31.8932329614750
14374	31.8921695802758
14390	31.8912073432197
14396	31.890564537319
14410	31.8889839843278
14418	31.8881355156541
14426	31.8871778268863
14436	31.8870372516633
14438	31.8869473698340
14442	31.8863479618685
14454	31.8847335568781
14456	31.8842614104187
14472	31.8834351377817
14484	31.8805061039383
14494	31.8798356900155
14504	31.8786664364092
14510	31.8771013261504
14530	31.8768357930628
14560	31.8760612613567
14584	31.8755666864966
14618	31.8755148949886
14636	31.8746262333783
14638	31.8745524738242
14644	31.8744283284877
14658	31.8742010789903
14666	31.8724738893261
14686	31.8720536834644
14690	31.8705884215170
14716	31.8697094706641
14734	31.8693859675492
14736	31.8688890494704
14768	31.8688212054724
14770	31.8680478502086
14776	31.8672078279707
14828	31.8668866853887
14830	31.8663976830239
14832	31.8656201890483
14850	31.8655112543176
14858	31.8649164858766
14884	31.8644957228400
14890	31.8639582348837
14900	31.8638434289295
14904	31.8638236798953
14908	31.8634590304838
14924	31.8631764562141
14928	31.8628413942272
14948	31.8625052371818
14952	31.8623688264398
14956	31.8620794752268
14972	31.8614370410435
14982	31.8604214563104
15010	31.8599270269896
15046	31.8593696867389
15054	31.8592423113879
15064	31.8589335674541
15078	31.8585683598526
15090	31.8583729440834
15092	31.8583631487271
15106	31.8582359781992
15112	31.8577642277585
15124	31.8571853296511
15170	31.8570084916689
15180	31.8568642839454
15198	31.8563275337792
15228	31.8558998119178
15244	31.8550737881842
15254	31.8550095668639
15278	31.8548047487996
15284	31.8548040706203
15288	31.8545936561743
15306	31.8542903676658
15316	31.8538322481053
15350	31.8537742997452
15356	31.8536191935555
15384	31.8536033424962
15392	31.8535398864738
15396	31.8534817729756
15400	31.8532358099025
15402	31.853166724417
15418	31.8531374402557
15420	31.853135450267
15434	31.8529463086586
15436	31.8528699958852
15450	31.8528439331100
15452	31.8525299533783
15462	31.8525211952247
15464	31.8525077347402
15466	31.8522049197847
15470	31.8521520908673
15496	31.8520157958111
15502	31.8519393884544
15518	31.8518537734957
15520	31.8518263319572
15528	31.8517933737685
15538	31.8517354351553
15544	31.8516822271215
15554	31.8515725961874
15556	31.8513894278325
15568	31.8508767425989
15610	31.8508165156493
15612	31.8507929986338
15624	31.8505950690884
15640	31.8504304289767
15646	31.8502898176621
15656	31.8501973191143
15662	31.8500415488598
15674	31.8499873328943
15680	31.8499335028028
15712	31.8499238513467
15714	31.8499219372673
15718	31.8498678802335
15722	31.8496451109284
15732	31.8496339382631
15748	31.8494554209242
15756	31.8493359138233
15788	31.8491948673016
15800	31.8491399527056
15820	31.8491105685657
15824	31.8490010004398
15850	31.8488086117509
15864	31.8487268333603
15866	31.848635321936
15878	31.8486221762205
15882	31.8483776166026
15914	31.8483020470488
15934	31.8481203769909
15940	31.8480578845826
15942	31.848023154468
15958	31.8480028854695
15962	31.8479352720311
15968	31.8478885260464
15980	31.847881414288
15988	31.8478314606092
15990	31.8477099897644
16004	31.8477096950255
16014	31.8476857608663
16016	31.847616414973
16034	31.8475532371826
16054	31.8474277190511
16098	31.8473376294137
16100	31.8472494132872
16112	31.8472366014165
16124	31.8472263016551
16130	31.8469856491343
16156	31.8468033522374
16166	31.8466539172106
16184	31.8466192986345
16186	31.8466040953198
16198	31.8464769022724
16244	31.8463610446570
16254	31.8463448966521
16258	31.8462635905192
16282	31.8461883883568
16306	31.8461373015926
16310	31.8460992299719
16314	31.8460687131126
16330	31.8460308848665
16344	31.8459355562119
16350	31.8458372150204
16370	31.8458318772872
16380	31.8456403752371
16392	31.8456075464322
16406	31.8454586090716
16424	31.8453870849401
16432	31.8453295758509
16436	31.8452234335446
16442	31.8451104981006
16472	31.8450979607881
16484	31.844975029442
16502	31.8449328535098
16518	31.8448065168576
16550	31.8447588413282
16582	31.844731511623
16592	31.8447021412581
16614	31.8446893320632
16632	31.8446650532267
16638	31.8446485460549
16658	31.8446413405501
16666	31.84458973075
16674	31.8445769872930
16682	31.8445339761919
16696	31.844531209307
16702	31.8445299312566
16704	31.8445202343264
16706	31.8444891079692
16712	31.8444209881423
16738	31.844418377761
16742	31.8443925748428
16746	31.8443672099539
16774	31.8443156199557
16790	31.8442898878183
16808	31.8442552162205
16810	31.8442087103441
16830	31.8441852393582
16882	31.8441715039893
16912	31.8441597349207
16914	31.8441576815403
16924	31.8441344656643
16936	31.844116698997
16944	31.8441162340204
16954	31.8441102833565
16980	31.8440722027639
17036	31.8440140967255
17060	31.8440028335373
17084	31.8439942403287
17096	31.8439303068830
17108	31.843895318043
17116	31.8438639954222
17126	31.8438207568308
17162	31.8438144264272
17176	31.8438046607618
17202	31.8437738653464
17230	31.8437493851781
17234	31.8437278331666
17238	31.8437231247594
17244	31.8437114604542
17246	31.8436974518777
17258	31.8436670479709
17268	31.8436530122623
17278	31.8436419910111
17284	31.8436413279929
17286	31.8436215765517
17296	31.8435917244625
17312	31.8435862935723
17316	31.8435712867030
17322	31.8435684993539
17342	31.843554275462
17382	31.8435435628374
17396	31.8435158205594
17404	31.843504720786
17426	31.8435009297178
17434	31.8434840866329
17440	31.8434831096088
17448	31.8434778768726
17450	31.8434627878345
17462	31.8434614705582
17474	31.8434504923043
17478	31.8434056584234
17486	31.8434055746542
17490	31.843366683629
17512	31.8433612575795
17538	31.8433585066643
17540	31.843286382817
17560	31.8432751696058
17566	31.8431767389797
17572	31.8431696349902
17574	31.8431562676299
17580	31.8431485440124
17594	31.8431162782442
17620	31.8431105232803
17622	31.8430919877909
17630	31.8430681784443
17658	31.843052904562
17668	31.8430140254697
17676	31.8430104005914
17698	31.8429946769820
17716	31.8429719860174
17718	31.8429406076467
17728	31.8429400938593
17748	31.8429251352217
17752	31.8429169108433
17768	31.842916621443
17778	31.8429078282339
17782	31.8429072232664
17810	31.8428835137224
17816	31.8428797737979
17826	31.8428683954085
17830	31.8428490539794
17846	31.8428469342537
17864	31.8428448400753
17866	31.8428306358773
17870	31.8428143498843
17876	31.842812835488
17878	31.8428036889319
17892	31.8427928589589
17896	31.8427849954409
17914	31.8427815412494
17918	31.8427735591491
17926	31.8427342285002
17934	31.8427151111235
17984	31.8427104676348
18000	31.8426993975345
18018	31.8426919879074
18038	31.8426830416029
18044	31.8426823862579
18048	31.8426721296422
18050	31.84267021426
18070	31.8426701833224
18076	31.8426480797341
18108	31.8426367867050
18112	31.8426324049965
18130	31.8426242952949
18132	31.8426208051076
18136	31.8426186629537
18140	31.8426170223434
18144	31.842610130394
18150	31.8425989076594
18170	31.8425976363643
18174	31.8425814445602
18206	31.8425664388461
18224	31.8425502660276
18244	31.8425409044498
18274	31.8425300413535
18276	31.8425232631859
18290	31.8425180511037
18300	31.8425171704444
18302	31.8424917173136
18332	31.8424856706457
18340	31.8424772311240
18352	31.8424695162916
18356	31.8424610081137
18392	31.8424553729325
18400	31.8424442491275
18432	31.8424412770751
18434	31.8424246632167
18438	31.8424092390967
18444	31.8424000657384
18462	31.8423941471208
18466	31.8423832702663
18478	31.8423711797317
18486	31.8423664084688
18498	31.842355864229
18508	31.8423532428005
18516	31.8423490124480
18520	31.8423480074499
18524	31.8423365996763
18552	31.8423354096041
18556	31.8422998305043
18580	31.8422987796155
18582	31.8422832748964
18612	31.8422788837547
18648	31.8422783465814
18652	31.8422732417165
18658	31.842266815339
18662	31.8422583786507
18678	31.8422558676356
18680	31.8422513976428
18682	31.8422509003816
18684	31.8422481439779
18686	31.8422451242532
18694	31.842239189899
18734	31.8422383408593
18742	31.8422308156591
18756	31.8422279036903
18776	31.8422178940137
18780	31.8422175207092
18786	31.8422144598472
18788	31.8422106564249
18798	31.8422072492022
18808	31.842205342086
18810	31.8422026647982
18820	31.8421994590052
18822	31.8421940101609
18874	31.8421903018040
18878	31.8421901669551
18896	31.8421881920644
18902	31.842184295802
18910	31.8421834669951
18912	31.8421832144937
18922	31.8421819539267
18926	31.8421785534718
18928	31.8421731051188
18930	31.8421724276828
18942	31.8421711748642
18950	31.8421685996454
18952	31.8421586807829
18972	31.8421404943396
19002	31.8421272493229
19004	31.8421239520723
19016	31.8421238092096
19018	31.8421164766526
19020	31.8421010684125
19032	31.8420999237366
19040	31.8420826706492
19078	31.8420756147315
19092	31.8420755247604
19094	31.8420723139726
19104	31.8420675143496
19110	31.8420452992192
19122	31.8420387410447
19148	31.8420270330632
19178	31.8420214908219
19180	31.842018613842
19182	31.8420175836455
19186	31.8420092383288
19192	31.841990161716
19194	31.8419888655837
19236	31.8419864465981
19252	31.8419699619226
19266	31.841966189512
19290	31.8419638024325
19294	31.8419600610393
19296	31.841955083676
19300	31.8419542802061
19302	31.8419510618093
19314	31.8419470317361
19328	31.8419416960939
19340	31.8419404432873
19342	31.8419390750867
19374	31.841933801982
19376	31.8419307455554
19382	31.8419244949302
19394	31.8419197800698
19406	31.8419104700885
19408	31.8419100608234
19418	31.8419046792905
19426	31.8419006736511
19438	31.8418993713285
19440	31.8418887111983
19468	31.8418816784178
19484	31.8418657306100
19524	31.8418384203529
19540	31.8418277080829
19568	31.8418251380845
19580	31.8418134577369
19602	31.8418130973576
19610	31.8418094011388
19612	31.8418069876254
19620	31.8417920300795
19626	31.8417895379208
19632	31.8417879057454
19636	31.8417853712935
19638	31.8417846282249
19642	31.8417833271005
19644	31.8417812173857
19646	31.841778979809
19660	31.8417767461315
19662	31.8417723135888
19676	31.8417667508733
19680	31.8417608794186
19698	31.8417503486345
19700	31.8417459620328
19712	31.8417389137409
19726	31.8417250694736
19734	31.8417134608339
19754	31.8417005381069
19758	31.8416996345614
19762	31.8416937419303
19790	31.8416935681073
19794	31.8416664139227
19812	31.8416599530065
19832	31.8416597504983
19842	31.8416558673441
19856	31.8416347341196
19866	31.8416263386865
19878	31.8416232549421
19884	31.8416134389979
19888	31.8416081794347
19890	31.8415919150047
19892	31.841591174288
19928	31.8415594001818
19936	31.8415480203199
19938	31.8415410838336
19946	31.8415131424501
19952	31.8415108869629
19962	31.8415099279757
19970	31.8415035702046
19980	31.8414377541428
19994	31.8414258180689
20002	31.8414219091255
20012	31.8414188646423
20020	31.8414048638836
20022	31.8413979004994
20040	31.8413898948306
20046	31.8413870470234
20050	31.8413567321562
20070	31.8412801635391
20088	31.8412770673103
20098	31.8412402311355
20114	31.8412027863425
20134	31.8411928219555
20136	31.8411352697334
20152	31.8411210425531
20154	31.8411162188967
20184	31.8411081052443
20198	31.8410402826997
20246	31.8410309226546
20248	31.8410087935807
20284	31.8410016018888
20312	31.8409943718148
20334	31.8409842629471
20338	31.8409716726501
20340	31.8409591114802
20342	31.8409558158171
20348	31.8409416985099
20352	31.8409386853006
20354	31.8409264261384
20358	31.8409141046956
20370	31.8409074637284
20374	31.8408666737306
20390	31.8408479042062
20392	31.840835697243
20404	31.8408340897096
20406	31.8407955867461
20418	31.8407894461555
20420	31.8407532689812
20426	31.8406514147943
20428	31.8406476528132
20438	31.8405976112113
20466	31.8405828231437
20476	31.8405730890465
20484	31.8405601528282
20502	31.8404838075826
20530	31.8404797354378
20536	31.8404748320236
20540	31.840448685653
20560	31.8404165283545
20562	31.8403952211469
20564	31.8403617478266
20566	31.8403391169328
20582	31.8403352760860
20590	31.8403319155502
20606	31.8403269102325
20624	31.840308817202
20640	31.8402900000666
20668	31.8402651954917
20676	31.8402492450293
20696	31.8402449285209
20704	31.8402189910259
20710	31.8402132660571
20732	31.8401815540515
20746	31.8401613399672
20750	31.8401597321098
20752	31.8401323879671
20762	31.8401207463415
20782	31.840115824881
20784	31.8400857478237
20810	31.8400741058516
20820	31.8400377139497
20828	31.8399908641783
20836	31.8399638724298
20878	31.8399347162284
20908	31.8398993013759
20944	31.8398843081762
20994	31.8398642460507
21000	31.8398510064857
21012	31.8398375919497
21056	31.8398347707082
21060	31.8398319367618
21082	31.8398159970859
21096	31.8398043944307
21108	31.8397782160273
21120	31.8397736002702
21124	31.8397720687808
21128	31.8397693973327
21132	31.8397605981551
21140	31.8397550030266
21144	31.8397467573035
21158	31.8397456329162
21176	31.8397282061802
21188	31.8397170678281
21200	31.8397161033186
21226	31.8397136166015
21234	31.8396977785739
21240	31.8396961038002
21246	31.8396887446011
21252	31.8396658138044
21290	31.8396519204282
21294	31.8396418714258
21296	31.8396250467032
21326	31.8396216457352
21328	31.8396210309723
21332	31.8396101999284
21340	31.8396072113816
21362	31.839602353621
21364	31.8395999844468
21366	31.8395876833565
21382	31.8395843995359
21386	31.8395841675327
21390	31.8395822836939
21392	31.8395761833320
21394	31.8395615282118
21418	31.8395540261221
21432	31.8395519213199
21444	31.8395511685549
21448	31.8395081542563
21484	31.8395024005332
21518	31.8394985741193
21522	31.8394938140767
21544	31.8394864576139
21580	31.8394745093012
21588	31.8394695744089
21598	31.8394662792689
21604	31.8394645978957
21618	31.8394546249541
21626	31.83945287913
21634	31.8394346197017
21640	31.8394230710318
21686	31.8394049112292
21708	31.8393950279737
21722	31.8393936611437
21754	31.8393933510659
21766	31.8393751897266
21780	31.8393718538650
21784	31.8393696686761
21800	31.8393598470224
21804	31.8393523544042
21814	31.8393457736711
21834	31.8393373176234
21840	31.8393363334786
21844	31.839322298034
21846	31.8393199287077
21854	31.8393139602482
21856	31.8393053622146
21866	31.8393049701767
21878	31.8392998528342
21888	31.8392950212017
21890	31.8392845529303
21908	31.8392726574819
21910	31.8392636880329
21916	31.8392635194663
21918	31.8392483707671
21976	31.8392461197402
21978	31.8392408876849
21988	31.8392352704481
21994	31.8392336790888
22014	31.8392114397916
22024	31.8392008210865
22046	31.8391926836619
22068	31.8391826998061
22102	31.8391796430943
22108	31.8391684785995
22156	31.8391650816863
22158	31.8391613057882
22180	31.8391469768352
22184	31.8391432244467
22196	31.8391339099572
22222	31.8391335283666
22228	31.8391311754008
22236	31.8391282261574
22248	31.839123142006
22254	31.8391183028475
22278	31.8391094016525
22294	31.8391032175111
22342	31.8391024429605
22344	31.8390985377634
22354	31.839095952909
22382	31.839090572605
22384	31.8390789518412
22392	31.8390773109482
22398	31.8390754375134
22418	31.8390735544540
22434	31.8390724349549
22436	31.8390695497661
22440	31.8390564403494
22456	31.8390491898394
22498	31.8390470811253
22500	31.8390446239592
22502	31.8390438462276
22504	31.8390428935401
22506	31.8390377298671
22532	31.8390366837743
22534	31.8390363324287
22538	31.8390360025322
22540	31.8390264661238
22566	31.8390224929443
22570	31.8390190202388
22572	31.8390152072261
22580	31.8390141879683
22592	31.8390125987875
22602	31.8390094039858
22634	31.8390080389900
22660	31.8390063464823
22662	31.8390046243895
22676	31.8389961977878
22684	31.8389939839467
22702	31.8389890435196
22718	31.8389889409019
22738	31.8389847253467
22764	31.8389806667674
22766	31.8389797052029
22808	31.8389782639372
22810	31.8389775473814
22816	31.838975967349
22824	31.8389732581435
22848	31.8389721765459
22862	31.8389702846796
22866	31.8389684560310
22880	31.8389657904037
22914	31.8389644727630
22934	31.8389622766385
22938	31.8389594377387
22948	31.8389583525608
22954	31.8389578285628
22956	31.8389557140944
22964	31.8389554010957
22968	31.8389553022256
22970	31.8389542471907
22982	31.8389536280061
22986	31.8389488450294
23000	31.8389483380252
23004	31.8389461096619
23006	31.8389437384214
23016	31.838941803173
23030	31.8389409841690
23044	31.8389396731625
23052	31.8389355410523
23064	31.8389327886442
23068	31.8389298935783
23070	31.8389281175089
23090	31.8389272174607
23096	31.8389265119690
23104	31.8389255346828
23116	31.8389253992807
23122	31.838921841927
23128	31.8389190173358
23146	31.8389141327908
23172	31.8389117587796
23184	31.8389104550751
23190	31.8389094185557
23206	31.8389081617137
23226	31.838907556144
23232	31.8389070427970
23242	31.8389035053074
23270	31.838903250681
23278	31.838902611696
23298	31.8389020934986
23308	31.8389015290074
23312	31.8389004016313
23316	31.8388966358289
23318	31.8388911151932
23334	31.8388887737528
23346	31.8388883583056
23350	31.8388877708053
23358	31.8388840651127
23360	31.8388830321295
23378	31.8388822290512
23396	31.8388821170730
23398	31.8388802718695
23414	31.8388802638383
23416	31.8388786570257
23426	31.8388784158983
23440	31.8388779943065
23442	31.8388778343776
23444	31.8388768271503
23462	31.8388767314773
23482	31.8388758312705
23484	31.8388744389584
23506	31.8388740831424
23520	31.8388739296495
23532	31.8388738203895
23534	31.8388730115888
23538	31.8388713808939
23554	31.8388708590283
23566	31.8388676232959
23580	31.8388620452799
23592	31.8388581787683
23596	31.8388581176354
23612	31.8388562414794
23614	31.8388560985048
23620	31.8388549855006
23626	31.838854556043
23628	31.8388507028018
23680	31.8388501876955
23692	31.8388500530176
23704	31.8388490132432
23708	31.8388472034425
23712	31.8388471496555
23724	31.8388443526897
23734	31.8388436245113
23748	31.838843066973
23760	31.8388428937166
23762	31.8388412185184
23774	31.8388410312691
23790	31.8388407069685
23794	31.8388365832917
23812	31.8388350282147
23826	31.8388335220104
23836	31.8388331931232
23842	31.8388316091015
23854	31.8388315418592
23862	31.8388280453584
23874	31.8388261228602
23876	31.8388251051736
23900	31.8388210563949
23902	31.8388208575974
23908	31.8388195360006
23924	31.8388190550230
23930	31.8388181096907
23938	31.8388178105393
23940	31.8388170872484
23952	31.8388169148598
23954	31.8388168358819
23958	31.8388138617912
23960	31.8388116468127
23970	31.8388097362697
23978	31.8388089367534
23984	31.8388080821635
23986	31.8388067492108
23990	31.8388063384457
24018	31.8388051772551
24060	31.83880162877
24100	31.8388010879482
24102	31.8388006919081
24104	31.8388003553358
24108	31.8388003524387
24110	31.8388001164397
24116	31.8387987633178
24130	31.8387970665256
24138	31.8387968065075
24162	31.8387953770399
24194	31.8387952927742
24208	31.8387948833807
24226	31.8387937179066
24266	31.8387926313853
24274	31.8387921729384
24282	31.8387921270673
24288	31.8387917832220
24300	31.8387912465872
24304	31.8387911940614
24320	31.8387909682713
24322	31.8387908607135
24324	31.8387907464069
24358	31.8387899956086
24376	31.8387891167242
24392	31.8387889822792
24396	31.8387879370597
24408	31.8387875519210
24412	31.8387863806693
24432	31.8387858209883
24436	31.8387854602088
24478	31.8387852217091
24488	31.8387844458694
24496	31.8387843053754
24500	31.8387841006414
24514	31.8387830066066
24548	31.8387827522380
24552	31.8387822231449
24556	31.8387820044019
24558	31.8387814302639
24566	31.8387805441333
24598	31.8387800261245
24614	31.8387799973111
24630	31.8387794426819
24634	31.8387780495347
24652	31.8387780072755
24654	31.8387774690686
24660	31.8387770646555
24676	31.8387767011813
24678	31.8387765990125
24684	31.8387764218415
24692	31.8387764002617
24708	31.8387761622977
24718	31.8387758114803
24724	31.8387758095972
24726	31.8387757456494
24752	31.838775617022
24754	31.8387750334404
24766	31.8387745532588
24774	31.8387736472827
24784	31.8387729786842
24806	31.8387729165108
24808	31.8387727351666
24812	31.8387725317139
24826	31.838771657244
24850	31.8387715887111
24852	31.8387714259394
24858	31.8387699503176
24866	31.8387694408013
24870	31.8387685166813
24884	31.8387681131640
24890	31.8387674325469
24908	31.8387661136969
24936	31.8387660675786
24948	31.8387654537366
24960	31.8387650687771
24962	31.8387642711178
24990	31.8387640901285
24992	31.8387638855257
25022	31.8387632932190
25024	31.8387630531752
25054	31.8387623296229
25066	31.8387622690208
25076	31.8387621706385
25082	31.8387612024764
25102	31.8387610946998
25106	31.838760628873
25116	31.8387595398711
25122	31.8387587856249
25142	31.8387577146233
25148	31.8387565725172
25152	31.8387560715879
25180	31.8387558024964
25182	31.8387557064548
25184	31.8387548873397
25200	31.8387523339399
25216	31.8387512513867
25220	31.8387511390562
25244	31.8387497138907
25252	31.8387487143769
25260	31.838747841704
25282	31.8387471820793
25292	31.8387463595803
25300	31.8387458827138
25304	31.8387458009594
25314	31.8387449009145
25322	31.8387448697996
25340	31.8387414969566
25358	31.8387407031957
25368	31.8387388893667
25374	31.8387371938151
25382	31.8387352876517
25406	31.8387348169621
25416	31.8387336489240
25446	31.8387321587792
25458	31.8387316144277
25478	31.8387295225308
25494	31.8387290796169
25510	31.8387283014392
25532	31.8387271011131
25536	31.8387262147526
25552	31.8387254839176
25554	31.8387248597593
25582	31.8387220747365
25616	31.8387216022107
25622	31.8387206697383
25626	31.8387203236407
25632	31.8387200983072
25636	31.8387188203705
25654	31.8387187657558
25672	31.8387184276085
25690	31.8387182936961
25692	31.8387161414145
25696	31.8387150807997
25734	31.8387148496507
25764	31.8387139574985
25770	31.8387136903129
25772	31.8387130895949
25838	31.8387123714701
25858	31.8387120971945
25864	31.8387119267872
25880	31.8387118115350
25884	31.8387109539458
25896	31.8387108876844
25930	31.8387105256487
25944	31.8387103960209
25956	31.8387100625790
25966	31.8387090386966
26010	31.8387086462625
26014	31.8387086130415
26020	31.8387084563441
26026	31.8387083166023
26034	31.8387083112052
26040	31.8387081327487
26048	31.8387081201846
26062	31.8387080754404
26074	31.8387075843831
26094	31.8387074324093
26096	31.8387073993730
26116	31.8387072902032
26118	31.8387072357062
26134	31.8387070365947
26138	31.8387070339869
26140	31.8387068823346
26162	31.8387067882756
26168	31.8387064984891
26174	31.8387062188515
26188	31.8387061091893
26192	31.8387059081088
26218	31.8387056210098
26222	31.8387054834249
26240	31.8387050792188
26244	31.8387048720976
26252	31.8387044942342
26264	31.8387042133787
26274	31.8387041411286
26278	31.8387039661896
26310	31.838703485821
26316	31.8387026613554
26340	31.8387021771621
26348	31.8387021291575
26352	31.8387021112543
26362	31.8387017417481
26380	31.8387009632591
26402	31.8387009174603
26410	31.8387008625587
26416	31.83870066606
26422	31.8387003009495
26444	31.8386998288628
26474	31.8386996523857
26482	31.8386993113842
26490	31.8386989629998
26516	31.8386985361931
26524	31.8386985096979
26540	31.8386983981957
26556	31.8386978298832
26558	31.8386977438427
26568	31.8386975711707
26586	31.8386972061622
26600	31.8386964808939
26644	31.8386961241123
26662	31.8386961166605
26672	31.8386960676823
26676	31.8386959652216
26684	31.8386957824983
26686	31.8386954540017
26692	31.8386950713676
26712	31.8386950407575
26732	31.8386949504395
26744	31.8386944695827
26768	31.8386944316596
26772	31.8386941500225
26778	31.8386940185736
26806	31.8386939072631
26824	31.8386937365362
26826	31.8386936984306
26834	31.8386930987566
26844	31.8386929981184
26852	31.8386929784701
26854	31.8386929520245
26858	31.8386929377891
26860	31.8386927912434
26890	31.8386925472926
26896	31.8386924891348
26912	31.8386919784064
26920	31.8386918981426
26934	31.8386916700177
26978	31.8386915152916
26986	31.8386912963509
27006	31.8386912344579
27018	31.8386912259838
27022	31.8386911929007
27034	31.8386911006632
27038	31.8386909328840
27048	31.8386909051059
27066	31.8386908405506
27078	31.8386907864657
27082	31.8386907298826
27088	31.8386906473398
27096	31.8386905267922
27166	31.8386904377627
27168	31.8386903026048
27178	31.8386902701759
27222	31.8386902683762
27232	31.8386902577173
27246	31.8386902259712
27252	31.8386902247478
27274	31.8386901494194
27300	31.8386901175136
27302	31.8386900697789
27322	31.8386900136475
27332	31.8386899769730
27338	31.8386899442451
27340	31.8386899047183
27344	31.8386898841885
27348	31.8386898676263
27360	31.8386897693449
27378	31.8386896841409
27382	31.8386896706528
27384	31.8386896705771
27402	31.8386895915721
27420	31.8386893829713
27432	31.8386893406059
27454	31.8386891793646
27458	31.8386891730759
27468	31.8386888887892
27474	31.8386888467691
27476	31.8386886818051
27478	31.8386886055430
27482	31.8386885307851
27486	31.8386884308661
27506	31.8386884155944
27512	31.8386883297492
27522	31.8386883170671
27532	31.8386882684674
27542	31.8386881871517
27544	31.8386881519422
27546	31.8386880186699
27554	31.8386878561847
27560	31.8386877810279
27574	31.8386877709852
27586	31.8386876335726
27590	31.8386875741931
27602	31.8386872827804
27628	31.8386872197669
27640	31.8386870721837
27642	31.8386869195340
27658	31.838686784318
27690	31.8386867501351
27708	31.8386863498074
27710	31.8386862971483
27744	31.8386862554941
27746	31.8386861138876
27752	31.8386860616851
27760	31.8386859927066
27768	31.8386859662805
27774	31.8386859080001
27802	31.8386858957426
27812	31.8386857192611
27814	31.838685653059
27818	31.838685649393
27820	31.8386856095742
27828	31.8386855357299
27832	31.8386854492392
27840	31.838685386085
27850	31.8386853357811
27852	31.8386853000478
27862	31.8386852332787
27888	31.8386852219933
27892	31.8386852186364
27896	31.8386851126768
27898	31.838685033458
27928	31.8386849006817
27936	31.8386848613332
27938	31.8386847756653
27940	31.8386844989511
27958	31.8386842567223
27964	31.8386842419220
27974	31.8386842199932
27980	31.8386841514448
27986	31.8386840215843
28012	31.8386840114577
28016	31.8386839849286
28020	31.838683953502
28030	31.8386839204125
28038	31.838683891536
28040	31.8386838559758
28052	31.8386835468465
28054	31.8386834494186
28056	31.8386834398867
28060	31.8386833515719
28062	31.8386831072574
28070	31.8386829982546
28082	31.838682888881
28096	31.8386828352819
28102	31.8386827735851
28108	31.8386827620658
28146	31.8386827021254
28150	31.8386825841475
28152	31.8386825750212
28158	31.8386824557911
28176	31.8386824129263
28202	31.8386822894718
28220	31.8386822361042
28224	31.8386821862199
28246	31.8386820442072
28260	31.8386820131686
28284	31.8386819053016
28310	31.8386818209108
28314	31.8386817789571
28334	31.8386816281731
28382	31.838681607931
28390	31.8386815157677
28392	31.8386814860855
28408	31.8386814559208
28410	31.8386813981061
28432	31.8386813848628
28436	31.8386813424261
28438	31.838681190678
28452	31.8386810697286
28478	31.8386808675609
28492	31.8386808218452
28502	31.8386808099100
28514	31.8386807650045
28516	31.8386805952544
28524	31.8386804750423
28528	31.8386802334624
28560	31.8386801963155
28584	31.8386801524753
28604	31.8386801452341
28612	31.8386801317819
28616	31.8386800816688
28620	31.8386800260059
28630	31.8386798317808
28660	31.8386797421147
28666	31.8386796379363
28678	31.8386796099481
28696	31.8386795594503
28700	31.8386794441073
28718	31.838679384712
28722	31.8386793497420
28730	31.8386793177365
28738	31.8386791416363
28784	31.8386791321958
28786	31.8386790857977
28794	31.8386790774116
28796	31.8386790644965
28800	31.8386790491374
28802	31.8386790148142
28808	31.8386789939456
28810	31.8386789851474
28818	31.8386789794563
28822	31.8386788729045
28838	31.8386788728463
28844	31.8386788283342
28852	31.8386788013160
28860	31.8386787153707
28902	31.8386786553461
28920	31.8386785320341
28940	31.8386784690476
28946	31.8386784433522
28966	31.8386783930726
28974	31.8386783640189
28976	31.838678323258
28996	31.8386782989546
28998	31.8386782562878
29004	31.8386781713266
29030	31.8386780557909
29038	31.8386779803676
29050	31.8386779401859
29052	31.8386779120034
29084	31.8386778474749
29096	31.8386778462373
29112	31.838677826628
29116	31.8386777900917
29118	31.8386777689023
29122	31.8386777112267
29142	31.8386776069120
29162	31.8386775914530
29182	31.8386775647365
29206	31.8386775399646
29220	31.8386775264493
29222	31.8386774456503
29224	31.8386774255551
29238	31.8386774254074
29254	31.8386774014389
29262	31.8386773758839
29268	31.8386773429223
29280	31.8386773389449
29290	31.8386773169356
29308	31.8386773094465
29320	31.8386772978246
29332	31.8386772505716
29346	31.8386772259247
29354	31.8386772142471
29392	31.8386772119129
29394	31.8386771755444
29398	31.8386771695114
29406	31.8386771611883
29428	31.8386771306347
29434	31.8386770579764
29440	31.8386770472339
29464	31.8386769898502
29480	31.8386769580931
29500	31.8386768854463
29506	31.8386768846721
29512	31.8386768681631
29528	31.8386767474976
29538	31.8386767294144
29550	31.8386766702549
29558	31.8386766502801
29584	31.8386765978058
29590	31.8386765705028
29604	31.8386765580368
29612	31.8386765455709
29614	31.8386765406537
29616	31.838676381421
29618	31.8386763783282
29626	31.8386763536561
29636	31.8386762892812
29650	31.8386762311182
29664	31.8386761009696
29666	31.8386760984627
29668	31.8386760543644
29670	31.8386760349297
29684	31.8386760196443
29686	31.8386760141965
29696	31.8386759989845
29698	31.8386758197114
29700	31.8386757283884
29704	31.8386757085745
29716	31.8386755230863
29750	31.8386754710596
29752	31.8386754658771
29754	31.8386752153898
29778	31.8386751425511
29796	31.8386751056889
29800	31.8386750975354
29808	31.8386750782311
29816	31.8386750303312
29820	31.8386749051679
29832	31.8386748724947
29836	31.8386746405717
29846	31.838674632994
29856	31.838674494855
29860	31.8386741539878
29870	31.8386740233604
29908	31.8386739282955
29916	31.8386738009891
29938	31.8386737018881
29952	31.838673659876
29966	31.8386734956031
29974	31.8386733953018
29982	31.8386733569791
30010	31.8386733364967
30016	31.8386733305662
30024	31.8386732976506
30026	31.8386732072253
30048	31.838673144356
30076	31.8386731163179
30080	31.8386730629763
30112	31.8386730308373
30114	31.8386729842036
30122	31.8386729328101
30128	31.8386728982183
30130	31.8386728692225
30134	31.8386727504902
30138	31.8386727130722
30146	31.8386725742062
30160	31.8386725382093
30186	31.8386725050735
30204	31.8386724352393
30206	31.8386724046604
30226	31.8386723271589
30236	31.8386723233803
30238	31.8386723050721
30256	31.8386721920541
30264	31.8386721817808
30268	31.8386721430553
30280	31.8386720673492
30300	31.8386720194756
30322	31.8386720157884
30324	31.8386719671916
30328	31.8386719053557
30338	31.8386718832914
30354	31.8386718743423
30360	31.8386718310519
30374	31.8386717857917
30394	31.8386716756931
30396	31.8386716732481
30400	31.8386716558729
30406	31.8386716144106
30412	31.8386715585994
30426	31.8386715263069
30450	31.8386714872507
30460	31.8386714832367
30474	31.838671418169
30488	31.8386713971632
30496	31.8386713899276
30512	31.8386713767023
30514	31.8386713540469
30518	31.8386713444391
30534	31.8386712874427
30558	31.8386712679861
30562	31.8386712250765
30564	31.8386712227457
30570	31.8386711907699
30576	31.8386711789639
30584	31.8386711627054
30586	31.8386711339179
30602	31.8386711038567
30612	31.8386710950326
30618	31.8386710073543
30626	31.8386709524864
30654	31.8386709269605
30684	31.8386708853863
30692	31.8386708850495
30700	31.8386708575372
30720	31.8386708135408
30736	31.8386708134881
30756	31.8386708096511
30760	31.8386707644654
30784	31.838670716865
30794	31.838670712661
30800	31.8386707107251
30804	31.8386706548386
30818	31.8386706395707
30828	31.8386706024022
30836	31.8386705501419
30850	31.8386705188021
30856	31.8386704600737
30882	31.8386703961964
30894	31.8386703469353
30912	31.8386703176674
30934	31.8386703153659
30954	31.8386702655002
30964	31.8386702304558
30968	31.8386702273107
31004	31.8386702164223
31008	31.8386701561992
31018	31.8386701390898
31022	31.8386700929086
31026	31.8386700516231
31048	31.8386700349923
31052	31.8386700044878
31060	31.8386699782508
31092	31.8386699011712
31094	31.8386698723233
31108	31.8386698239863
31118	31.8386697906478
31136	31.8386697674853
31144	31.83866972053
31150	31.8386697099364
31152	31.8386697016139
31154	31.8386696856897
31166	31.8386696587264
31172	31.8386696522697
31182	31.8386696407958
31184	31.8386696404836
31196	31.8386695899560
31198	31.8386695623143
31210	31.8386695241372
31228	31.8386695198761
31230	31.8386694918316
31238	31.8386694874516
31254	31.8386694374569
31258	31.8386693366806
31286	31.8386692637752
31292	31.838669231225
31298	31.8386691737267
31310	31.8386691516917
31330	31.8386691346059
31356	31.8386691045428
31368	31.8386690500851
31372	31.8386690083205
31378	31.8386689864102
31384	31.8386689801554
31408	31.8386689609282
31428	31.838668952875
31444	31.8386689248368
31454	31.8386689221417
31456	31.8386688996954
31460	31.8386688975374
31474	31.8386688943428
31484	31.8386688726609
31492	31.8386688161535
31496	31.8386687689123
31506	31.8386687671463
31508	31.8386687585835
31512	31.8386687407973
31514	31.8386687137764
31516	31.8386687063281
31518	31.8386686729598
31528	31.8386686442773
31536	31.8386685829363
31548	31.8386685807313
31570	31.8386685326037
31592	31.8386685247761
31596	31.8386684985634
31604	31.8386684930584
31610	31.8386684488495
31620	31.8386684333454
31642	31.8386684011552
31652	31.8386683522414
31668	31.8386682828228
31676	31.8386682500243
31678	31.8386682007155
31696	31.8386681529155
31728	31.8386681421909
31730	31.8386680901415
31758	31.8386680667353
31782	31.8386680635638
31792	31.8386680504138
31794	31.8386680431773
31796	31.838668017763
31798	31.8386679620369
31824	31.8386679313634
31828	31.8386679021459
31838	31.8386678884515
31844	31.8386678748181
31848	31.8386678452087
31850	31.8386678306048
31854	31.8386678210903
31884	31.8386677870023
31888	31.8386677808874
31890	31.8386677472323
31906	31.8386677382174
31908	31.8386677195031
31910	31.8386677167291
31920	31.8386677164199
31926	31.8386676748206
31928	31.8386676670863
31936	31.8386676122703
31960	31.8386675990476
31966	31.8386675878506
31970	31.8386675770793
31972	31.8386675704811
31978	31.8386675224923
32004	31.8386674883937
32038	31.8386674860543
32048	31.8386674425089
32098	31.8386674159536
32104	31.8386674156734
32110	31.8386673987762
32116	31.8386673985712
32118	31.8386673971749
32134	31.8386673878284
32152	31.83866736523
32168	31.8386673594111
32184	31.8386673443731
32186	31.8386673206158
32198	31.8386673141330
32202	31.838667299255
32218	31.8386672655236
32240	31.8386672644515
32250	31.8386672616465
32254	31.8386672520472
32284	31.8386672518303
32286	31.8386672478074
32288	31.838667243389
32302	31.8386672204606
32322	31.8386672038884
32342	31.8386672028042
32350	31.8386671831973
32352	31.8386671769514
32360	31.8386671442533
32370	31.8386671346483
32394	31.8386671024928
32422	31.8386670948541
32426	31.8386670850809
32430	31.8386670694531
32446	31.8386670629352
32452	31.8386670534197
32456	31.8386670314868
32470	31.8386670280276
32472	31.8386670241548
32474	31.8386670178760
32496	31.8386669928898
32506	31.838666965605
32532	31.8386669642963
32540	31.8386669493954
32542	31.8386669240589
32546	31.8386669106836
32550	31.8386668921146
32578	31.8386668835716
32582	31.8386668811198
32584	31.8386668547003
32594	31.838666827281
32606	31.8386667937536
32622	31.8386667934028
32628	31.8386667915881
32632	31.8386667833087
32634	31.8386667494252
32670	31.8386667119259
32686	31.8386666962708
32692	31.8386666837298
32710	31.8386666706853
32728	31.8386666647618
32734	31.838666655209
32738	31.8386666325575
32772	31.8386666283353
32778	31.8386666250237
32788	31.8386666172205
32790	31.8386665943471
32806	31.8386665857959
32808	31.8386665852946
32816	31.8386665664321
32840	31.838666566429
32866	31.8386665236886
32868	31.8386665048967
32898	31.8386664971769
32902	31.8386664895595
32910	31.8386664753364
32916	31.8386663606234
32958	31.8386663585279
32962	31.8386663388858
32968	31.8386662422906
32994	31.8386662319613
33004	31.838666218797
33008	31.8386662054288
33022	31.8386661853004
33024	31.8386661469448
33026	31.8386661137815
33054	31.8386660858114
33064	31.8386660580867
33118	31.8386660444090
33120	31.8386660411274
33130	31.8386660190588
33146	31.8386660149576
33150	31.8386659641789
33170	31.8386659596021
33176	31.838665934685
33196	31.8386658946374
33208	31.8386658895316
33218	31.8386658834478
33242	31.8386658608175
33250	31.8386658193592
33264	31.8386658063154
33280	31.8386657724666
33308	31.8386657488184
33332	31.8386657401312
33348	31.8386657391243
33356	31.838665735182
33366	31.8386657151951
33374	31.8386656739618
33378	31.8386656646379
33398	31.8386656526711
33440	31.8386656464585
33450	31.8386656322998
33484	31.8386656271928
33498	31.8386656267859
33512	31.8386656149337
33544	31.8386656125444
33546	31.8386656115811
33552	31.8386656070994
33556	31.8386655938759
33580	31.8386655907469
33586	31.838665587162
33588	31.8386655866233
33614	31.8386655814983
33628	31.8386655734168
33658	31.8386655699091
33674	31.8386655684288
33694	31.8386655641896
33714	31.8386655593906
33724	31.8386655565183
33766	31.8386655536688
33774	31.8386655525689
33780	31.8386655505205
33796	31.8386655451427
33824	31.8386655427298
33838	31.8386655422141
33844	31.8386655386584
33850	31.8386655384128
33860	31.8386655383606
33874	31.8386655378278
33876	31.8386655363416
33882	31.8386655335325
33902	31.8386655298988
33910	31.8386655289759
33924	31.8386655278958
33926	31.8386655257267
33932	31.8386655231094
33944	31.8386655221006
33952	31.8386655217096
33960	31.8386655168524
33964	31.8386655143387
33966	31.8386655142009
33972	31.8386655119888
34008	31.8386655084365
34028	31.8386655079848
34038	31.8386655069523
34066	31.8386655054848
34070	31.8386655008254
34086	31.8386654982797
34088	31.8386654982714
34098	31.8386654954563
34100	31.8386654941250
34102	31.8386654937604
34114	31.8386654790405
34134	31.8386654785660
34152	31.8386654782541
34164	31.8386654780256
34170	31.8386654750245
34172	31.8386654720744
34174	31.8386654694464
34186	31.8386654693034
34196	31.8386654617506
34204	31.8386654560061
34242	31.8386654524225
34252	31.8386654522672
34264	31.8386654509599
34274	31.8386654477713
34282	31.8386654406142
34296	31.8386654395319
34298	31.8386654349798
34324	31.8386654329901
34330	31.8386654327388
34338	31.8386654314777
34344	31.838665426461
34346	31.8386654254179
34372	31.8386654228391
34376	31.8386654163394
34404	31.8386654141924
34414	31.8386654116648
34452	31.8386654116209
34464	31.8386654112843
34472	31.8386654097068
34484	31.8386654090475
34488	31.8386654085275
34492	31.8386654077218
34496	31.8386654074487
34504	31.8386654014034
34522	31.8386653992874
34526	31.8386653945264
34562	31.8386653925996
34576	31.8386653888548
34584	31.8386653869035
34592	31.8386653847281
34610	31.8386653791147
34616	31.8386653784231
34638	31.8386653755168
34642	31.8386653694938
34660	31.8386653652889
34688	31.8386653632021
34690	31.8386653619108
34700	31.8386653572634
34706	31.8386653514488
34732	31.8386653447094
34750	31.8386653430525
34758	31.8386653411329
34766	31.8386653290322
34780	31.8386653247563
34804	31.8386653204549
34818	31.8386653115149
34826	31.8386653098281
34828	31.8386652983885
34860	31.8386652976072
34870	31.8386652975287
34882	31.8386652936541
34892	31.8386652933428
34902	31.8386652891200
34926	31.8386652875011
34930	31.8386652872856
34944	31.8386652837675
34946	31.8386652797744
34954	31.8386652752967
34964	31.838665273676
34966	31.8386652643527
34978	31.8386652621341
34990	31.8386652579006
34992	31.8386652562837
34994	31.8386652369502
34996	31.8386652351511
35016	31.8386652339611
35020	31.8386652234856
35022	31.8386652208447
35026	31.838665213758
35030	31.838665211432
35032	31.8386652092155
35044	31.8386652058137
35060	31.8386651939293
35086	31.8386651916179
35090	31.8386651897834
35092	31.8386651812091
35130	31.8386651807158
35138	31.8386651734728
35156	31.8386651725537
35164	31.8386651631287
35208	31.838665161769
35236	31.8386651602271
35254	31.8386651586951
35262	31.8386651572856
35274	31.8386651566037
35292	31.8386651560846
35298	31.8386651555525
35300	31.8386651480428
35318	31.8386651389264
35322	31.8386651370229
35340	31.8386651317324
35358	31.8386651300187
35386	31.8386651270274
35398	31.838665124781
35400	31.8386651226387
35410	31.8386651159664
35414	31.838665114374
35422	31.8386651138942
35442	31.838665110094
35452	31.8386651030362
35454	31.838665098552
35472	31.8386650959119
35500	31.8386650930066
35506	31.8386650923535
35520	31.8386650849333
35536	31.8386650845501
35540	31.8386650800166
35552	31.8386650770945
35564	31.8386650755084
35598	31.8386650732563
35600	31.8386650710311
35616	31.8386650701343
35626	31.8386650658841
35632	31.8386650634911
35672	31.8386650628228
35680	31.8386650606286
35706	31.8386650603318
35720	31.838665057219
35728	31.8386650568889
35740	31.8386650555149
35750	31.8386650546864
35768	31.8386650524860
35794	31.8386650516946
35796	31.8386650510942
35802	31.8386650505484
35806	31.8386650475018
35816	31.8386650451035
35822	31.8386650449713
35826	31.8386650438814
35832	31.8386650422856
35836	31.8386650419749
35838	31.838665039234
35852	31.8386650369913
35858	31.8386650321084
35870	31.8386650312095
35876	31.8386650292388
35878	31.8386650260988
35894	31.8386650250321
35912	31.8386650249249
35914	31.8386650242661
35918	31.8386650241437
35920	31.8386650196619
35922	31.8386650194594
35942	31.8386650153397
35984	31.8386650124602
36000	31.8386650088235
36020	31.838665007734
36056	31.8386650070905
36082	31.8386650063063
36102	31.8386650058444
36106	31.8386650054557
36108	31.8386650043916
36124	31.8386650014064
36126	31.8386650008853
36140	31.8386649993162
36144	31.8386649979722
36156	31.8386649908169
36196	31.838664989562
36208	31.8386649855471
36210	31.8386649797219
36232	31.8386649794946
36260	31.8386649789559
36276	31.8386649764467
36284	31.8386649758404
36314	31.8386649752119
36316	31.8386649732133
36328	31.8386649720313
36340	31.8386649708969
36344	31.8386649698243
36370	31.8386649682575
36378	31.8386649669531
36384	31.8386649658424
36400	31.8386649648279
36404	31.8386649618113
36412	31.8386649596767
36414	31.8386649572783
36420	31.8386649568053
36424	31.8386649532272
36428	31.838664952215
36434	31.8386649520397
36440	31.8386649519840
36454	31.8386649505877
36472	31.838664946071
36486	31.8386649446673
36488	31.8386649446112
36510	31.8386649443995
36530	31.8386649441827
36534	31.838664944001
36536	31.8386649439984
36546	31.8386649437214
36556	31.8386649426346
36590	31.8386649425444
36594	31.8386649420224
36600	31.8386649416008
36606	31.838664940837
36610	31.8386649407904
36620	31.838664940367
36622	31.8386649401876
36624	31.8386649392276
36638	31.8386649387763
36640	31.8386649376289
36654	31.8386649363344
36660	31.8386649359375
36664	31.8386649327158
36666	31.8386649310347
36690	31.8386649308099
36712	31.8386649305489
36714	31.8386649298983
36730	31.8386649288755
36736	31.8386649281641
36738	31.8386649281458
36744	31.8386649263782
36772	31.8386649263128
36782	31.8386649251068
36790	31.8386649239132
36804	31.8386649230383
36808	31.8386649205556
36816	31.838664920243
36824	31.8386649190959
36840	31.8386649190128
36842	31.838664918918
36850	31.8386649187825
36852	31.8386649183842
36858	31.8386649181061
36868	31.8386649179047
36872	31.8386649169258
36878	31.8386649150328
36896	31.838664915002
36900	31.838664914565
36916	31.8386649085631
36932	31.8386649061389
36936	31.8386649056955
36942	31.8386649030445
36946	31.8386649023807
36952	31.8386648972718
36966	31.8386648918933
36968	31.8386648911231
36980	31.8386648885337
36982	31.8386648860948
37016	31.8386648857233
37018	31.8386648829444
37020	31.8386648810647
37028	31.8386648806653
37034	31.8386648788996
37040	31.8386648749107
37048	31.8386648745971
37064	31.8386648741614
37066	31.8386648740645
37080	31.8386648699975
37092	31.8386648691057
37112	31.838664868577
37116	31.8386648666885
37134	31.8386648638851
37160	31.8386648636159
37178	31.8386648594603
37206	31.8386648591942
37210	31.8386648583428
37212	31.838664857243
37238	31.8386648548596
37264	31.8386648545493
37272	31.8386648529951
37286	31.8386648517551
37290	31.8386648515294
37294	31.8386648499184
37302	31.8386648488592
37310	31.8386648482662
37314	31.8386648465952
37324	31.8386648458098
37352	31.8386648443773
37360	31.8386648440166
37366	31.8386648434606
37370	31.8386648433582
37380	31.8386648416119
37386	31.8386648403655
37404	31.8386648400798
37408	31.8386648398909
37410	31.8386648391889
37422	31.8386648386476
37424	31.8386648369737
37444	31.8386648359287
37454	31.8386648358439
37460	31.8386648349755
37478	31.8386648344959
37490	31.8386648334187
37498	31.8386648322934
37518	31.8386648315727
37526	31.8386648312403
37532	31.8386648300137
37534	31.8386648294874
37542	31.8386648287327
37550	31.8386648282329
37562	31.8386648276787
37564	31.8386648256196
37572	31.8386648236581
37632	31.8386648228367
37644	31.8386648224421
37664	31.8386648204164
37690	31.8386648201153
37696	31.8386648198737
37708	31.8386648191466
37718	31.8386648174972
37742	31.8386648169393
37750	31.8386648161670
37756	31.8386648157307
37762	31.8386648154305
37772	31.838664814021
37798	31.8386648114905
37820	31.8386648093064
37854	31.8386648090942
37876	31.8386648085287
37882	31.8386648080547
37884	31.8386648076083
37886	31.8386648058265
37896	31.8386648051315
37898	31.8386648029502
37934	31.8386648005622
37950	31.8386648000731
37954	31.8386647991953
37956	31.8386647989363
37960	31.8386647982797
37962	31.8386647977108
37982	31.8386647958273
37994	31.8386647948187
38004	31.8386647939685
38010	31.8386647938855
38016	31.8386647934742
38018	31.8386647931415
38026	31.838664790679
38028	31.8386647895576
38034	31.8386647893005
38042	31.8386647869459
38052	31.8386647854825
38058	31.8386647853595
38080	31.8386647850506
38090	31.8386647831316
38104	31.8386647819327
38126	31.838664779161
38140	31.8386647782995
38146	31.838664775981
38148	31.83866477354
38174	31.8386647719556
38180	31.8386647708422
38200	31.8386647691918
38202	31.8386647660006
38210	31.8386647647848
38212	31.8386647647062
38220	31.8386647602801
38232	31.8386647601025
38242	31.8386647573326
38292	31.8386647569323
38296	31.8386647566718
38312	31.8386647560358
38320	31.8386647539156
38326	31.8386647526601
38338	31.8386647515501
38352	31.8386647510967
38372	31.8386647480981
38386	31.8386647479708
38406	31.8386647460287
38420	31.8386647450717
38428	31.8386647450467
38440	31.8386647430725
38480	31.8386647430261
38482	31.8386647429212
38484	31.8386647418097
38496	31.8386647404474
38526	31.838664737861
38540	31.8386647376508
38554	31.8386647364257
38556	31.8386647358436
38582	31.8386647354267
38584	31.8386647354226
38586	31.8386647345885
38598	31.8386647324976
38606	31.8386647320766
38614	31.8386647312418
38644	31.8386647311914
38646	31.8386647286263
38680	31.8386647284029
38686	31.8386647281055
38696	31.8386647277015
38698	31.8386647275574
38700	31.8386647271528
38706	31.838664726097
38720	31.8386647232586
38726	31.8386647220339
38736	31.8386647217691
38752	31.8386647216738
38760	31.8386647205961
38772	31.83866472021
38776	31.8386647200598
38780	31.8386647190555
38784	31.8386647189551
38792	31.8386647181174
38826	31.8386647167239
38832	31.8386647166653
38836	31.8386647153686
38840	31.8386647136815
38878	31.8386647136728
38888	31.8386647135655
38900	31.8386647131186
38902	31.8386647130122
38908	31.83866471299
38912	31.8386647115485
38942	31.8386647110164
38960	31.8386647108487
38966	31.8386647104502
38976	31.8386647097935
38982	31.8386647089484
38998	31.8386647076777
39000	31.8386647075927
39026	31.8386647063669
39042	31.8386647059807
39054	31.8386647055469
39066	31.8386647049787
39078	31.8386647048000
39088	31.8386647047984
39094	31.8386647041933
39096	31.8386647041651
39110	31.8386647032688
39126	31.8386647031633
39128	31.8386647031599
39130	31.8386647029715
39136	31.8386647023209
39146	31.8386647022806
39164	31.8386647016437
39184	31.83866470141
39190	31.8386647008496
39204	31.8386647005648
39206	31.8386647004692
39210	31.8386647000119
39222	31.838664699257
39240	31.8386646988159
39272	31.8386646981769
39280	31.8386646967825
39296	31.8386646966764
39300	31.8386646956748
39306	31.8386646952732
39336	31.838664695212
39340	31.8386646949254
39350	31.8386646944432
39358	31.8386646941521
39360	31.8386646931237
39380	31.8386646930723
39388	31.8386646927509
39394	31.8386646919499
39406	31.8386646919194
39408	31.8386646915213
39434	31.838664691225
39448	31.8386646906136
39454	31.8386646888808
39498	31.8386646885093
39532	31.838664687799
39544	31.8386646866708
39554	31.8386646866189
39556	31.8386646864856
39560	31.8386646861824
39584	31.8386646857628
39594	31.8386646855894
39598	31.8386646855772
39602	31.8386646844851
39604	31.8386646836324
39624	31.8386646824474
39652	31.8386646817719
39662	31.8386646816647
39672	31.8386646814490
39682	31.8386646813878
39694	31.8386646810719
39704	31.8386646807397
39710	31.8386646791700
39712	31.8386646786624
39716	31.8386646786372
39734	31.8386646779694
39744	31.8386646777262
39766	31.8386646774883
39776	31.8386646762673
39788	31.8386646761738
39790	31.8386646756014
39818	31.8386646754538
39832	31.8386646749562
39836	31.838664674841
39846	31.8386646747028
39848	31.8386646743456
39852	31.838664674019
39856	31.8386646740034
39858	31.8386646729912
39882	31.8386646729762
39898	31.8386646728715
39906	31.8386646726673
39916	31.8386646724671
39920	31.8386646724372
39922	31.8386646722132
39926	31.8386646717249
39934	31.8386646715047
39952	31.8386646712075
39972	31.8386646709519
40002	31.8386646701726
40042	31.8386646698478
40074	31.8386646698073
40076	31.8386646697695
40082	31.8386646697048
40084	31.838664669593
40108	31.8386646695841
40112	31.8386646691281
40120	31.8386646687635
40140	31.8386646685348
40160	31.8386646684638
40184	31.8386646683066
40192	31.8386646681645
40214	31.8386646678855
40218	31.8386646678000
40220	31.8386646673964
40232	31.8386646667609
40244	31.8386646666760
40252	31.8386646666715
40266	31.838664666295
40268	31.8386646659748
40304	31.8386646659161
40328	31.838664665817
40334	31.8386646657761
40336	31.8386646652896
40354	31.8386646649291
40358	31.8386646646989
40362	31.8386646646806
40366	31.8386646636094
40374	31.8386646636018
40378	31.8386646635802
40420	31.8386646635367
40428	31.8386646633615
40440	31.838664663245
40444	31.8386646625899
40470	31.8386646621285
40504	31.8386646621236
40512	31.8386646620382
40516	31.8386646619343
40532	31.8386646616586
40552	31.8386646615627
40554	31.8386646614851
40566	31.8386646611162
40574	31.8386646608105
40608	31.8386646607202
40612	31.8386646604862
40624	31.8386646602932
40628	31.8386646600709
40646	31.8386646598439
40650	31.8386646595169
40660	31.8386646592121
40668	31.8386646587373
40682	31.8386646583825
40692	31.8386646578067
40710	31.8386646577119
40712	31.8386646576416
40714	31.8386646574795
40744	31.8386646572418
40762	31.8386646572252
40782	31.8386646572071
40788	31.8386646571535
40796	31.8386646569751
40798	31.8386646566248
40806	31.8386646565457
40810	31.8386646564925
40824	31.8386646562428
40836	31.8386646562033
40844	31.8386646561064
40846	31.8386646559743
40848	31.838664655788
40868	31.8386646555051
40884	31.8386646554799
40892	31.8386646553296
40898	31.8386646552025
40900	31.8386646550445
40924	31.8386646549671
40926	31.8386646547835
40936	31.8386646546447
40938	31.8386646544618
40944	31.8386646543135
40956	31.8386646541654
40966	31.8386646535441
40980	31.838664653309
41016	31.8386646530706
41032	31.8386646530560
41036	31.8386646530122
41042	31.8386646526473
41066	31.8386646525998
41072	31.8386646524206
41082	31.8386646523818
41098	31.8386646523098
41122	31.8386646522416
41130	31.8386646522007
41134	31.8386646521112
41136	31.8386646519873
41172	31.8386646518186
41180	31.8386646517838
41182	31.8386646516794
41218	31.8386646516608
41234	31.8386646515477
41238	31.8386646514541
41242	31.8386646514314
41250	31.8386646514233
41256	31.8386646513698
41278	31.8386646511772
41294	31.8386646509476
41304	31.8386646509105
41330	31.83866465087
41336	31.8386646507359
41354	31.838664650733
41358	31.838664650695
41366	31.8386646505955
41370	31.8386646505002
41396	31.8386646504954
41406	31.8386646504569
41428	31.8386646503772
41430	31.8386646501695
41444	31.8386646501626
41454	31.8386646501253
41456	31.8386646499601
41476	31.8386646499081
41478	31.8386646495946
41494	31.8386646495242
41520	31.8386646494883
41526	31.8386646492747
41546	31.8386646489949
41564	31.8386646488701
41578	31.8386646488043
41594	31.8386646485131
41626	31.8386646484416
41628	31.8386646483969
41634	31.8386646482581
41654	31.8386646482496
41660	31.8386646481367
41666	31.8386646480164
41668	31.8386646479797
41686	31.8386646479236
41708	31.8386646478973
41718	31.8386646478602
41734	31.8386646478271
41740	31.8386646477616
41758	31.838664647757
41768	31.8386646476705
41776	31.8386646475496
41778	31.8386646474591
41786	31.8386646474397
41792	31.8386646474196
41798	31.8386646473698
41804	31.8386646472642
41806	31.838664647125
41816	31.8386646470479
41820	31.8386646468985
41826	31.8386646468953
41832	31.8386646466456
41866	31.8386646464015
41878	31.8386646463223
41936	31.8386646462686
41938	31.8386646461383
41942	31.8386646460949
41968	31.8386646460332
41974	31.8386646459206
41976	31.8386646458933
41978	31.8386646458104
41988	31.8386646457315
42000	31.8386646457272
42006	31.8386646455129
42028	31.8386646453808
42040	31.8386646453682
42042	31.8386646453631
42058	31.8386646452557
42070	31.8386646451441
42090	31.8386646450472
42092	31.8386646449667
42102	31.8386646448963
42114	31.8386646448693
42118	31.8386646448562
42130	31.8386646448429
42138	31.8386646445955
42178	31.8386646445476
42192	31.8386646444414
42202	31.8386646443722
42224	31.8386646443708
42248	31.8386646443144
42250	31.8386646442747
42260	31.8386646442595
42262	31.8386646442498
42272	31.8386646442483
42274	31.8386646441867
42290	31.8386646441619
42300	31.8386646441119
42326	31.8386646440493
42328	31.838664644043
42350	31.8386646440225
42354	31.8386646439287
42360	31.8386646438677
42374	31.8386646437224
42408	31.8386646437120
42414	31.8386646436548
42418	31.8386646436323
42444	31.8386646436269
42452	31.8386646435839
42492	31.8386646435459
42504	31.8386646435208
42526	31.8386646435164
42540	31.838664643494
42544	31.8386646434898
42554	31.8386646434649
42560	31.8386646434519
42562	31.8386646434455
42584	31.8386646434373
42586	31.8386646434349
42594	31.8386646434304
42596	31.8386646434255
42600	31.8386646434147
42606	31.838664643404
42614	31.8386646433778
42648	31.8386646433774
42658	31.8386646433763
42662	31.8386646433746
42668	31.8386646433701
42672	31.8386646433586
42676	31.8386646433464
42684	31.8386646433186
42690	31.8386646433059
42740	31.8386646432907
42748	31.8386646432822
42762	31.8386646432662
42766	31.8386646432261
42778	31.8386646432075
42780	31.8386646431062
42818	31.8386646430877
42854	31.8386646430542
42856	31.8386646430270
42874	31.8386646430255
42884	31.8386646430054
42886	31.8386646429244
42918	31.8386646428801
42932	31.8386646428675
42976	31.8386646428534
42980	31.8386646427823
42998	31.8386646427616
43018	31.8386646427261
43038	31.8386646426998
43050	31.8386646426744
43060	31.8386646426624
43062	31.8386646426492
43064	31.8386646426022
43086	31.8386646425228
43100	31.8386646425123
43102	31.8386646424706
43128	31.8386646424632
43134	31.8386646423194
43152	31.838664642243
43156	31.8386646421789
43162	31.8386646421173
43198	31.8386646420916
43204	31.8386646419621
43222	31.8386646419611
43224	31.8386646418493
43226	31.8386646418251
43236	31.8386646418136
43240	31.8386646417832
43256	31.8386646417813
43276	31.8386646416748
43286	31.8386646416643
43288	31.8386646416322
43314	31.8386646415909
43320	31.8386646414831
43346	31.8386646414763
43348	31.8386646414543
43370	31.8386646413641
43374	31.8386646413612
43376	31.8386646412555
43400	31.8386646412389
43422	31.8386646411905
43428	31.8386646411333
43464	31.8386646411024
43476	31.8386646410898
43480	31.8386646410806
43488	31.8386646410621
43514	31.8386646410092
43518	31.8386646409600
43530	31.8386646409397
43538	31.8386646409367
43542	31.8386646408480
43552	31.8386646408040
43562	31.8386646407873
43564	31.8386646407593
43574	31.8386646407198
43582	31.8386646407106
43594	31.8386646406901
43598	31.8386646406799
43612	31.8386646406695
43620	31.8386646406351
43624	31.8386646406168
43632	31.8386646405651
43660	31.8386646405355
43666	31.8386646404930
43684	31.8386646404511
43692	31.8386646404443
43694	31.8386646404152
43704	31.8386646403921
43708	31.8386646403551
43724	31.8386646403415
43734	31.838664640317
43746	31.8386646403005
43754	31.8386646402670
43798	31.8386646402665
43800	31.8386646402301
43836	31.8386646402245
43844	31.8386646401929
43850	31.8386646401756
43856	31.8386646401260
43882	31.8386646401007
43888	31.8386646400861
43900	31.8386646400522
43910	31.838664640022
43924	31.8386646399901
43928	31.8386646399819
43938	31.8386646399443
43942	31.838664639942
43954	31.8386646399257
43990	31.8386646399009
44006	31.8386646398473
44024	31.8386646398172
44054	31.838664639806
44060	31.8386646397729
44070	31.8386646397608
44072	31.8386646396119
44106	31.8386646396074
44114	31.8386646395753
44124	31.8386646395657
44132	31.8386646395616
44138	31.8386646395532
44170	31.8386646395197
44174	31.8386646395118
44186	31.838664639504
44192	31.8386646394149
44224	31.8386646394033
44226	31.8386646393787
44242	31.838664639345
44258	31.8386646393245
44282	31.8386646393101
44288	31.8386646393083
44308	31.8386646393072
44318	31.8386646393067
44324	31.8386646392895
44326	31.8386646392673
44330	31.838664639229
44344	31.8386646392285
44348	31.838664639228
44366	31.8386646392269
44374	31.8386646392194
44380	31.8386646392191
44386	31.8386646392108
44390	31.8386646391928
44426	31.8386646391723
44448	31.838664639168
44460	31.8386646391635
44466	31.8386646391579
44472	31.8386646391098
44484	31.8386646391047
44502	31.8386646390899
44510	31.8386646390796
44518	31.8386646390691
44522	31.8386646390407
44544	31.838664639033
44562	31.8386646390211
44606	31.8386646390128
44614	31.8386646390127
44624	31.8386646390093
44630	31.8386646390063
44646	31.8386646390019
44658	31.8386646389981
44674	31.838664638991
44686	31.8386646389872
44696	31.8386646389716
44704	31.8386646389381
44712	31.8386646389289
44724	31.8386646389258
44738	31.8386646389167
44786	31.8386646389153
44792	31.8386646389012
44810	31.8386646388981
44814	31.8386646388937
44822	31.8386646388703
44836	31.8386646388686
44840	31.8386646388666
44848	31.8386646388593
44860	31.8386646388441
44862	31.8386646388384
44892	31.8386646388359
44912	31.8386646388317
44924	31.838664638828
44932	31.8386646388176
44950	31.8386646388126
44960	31.8386646388064
44980	31.8386646388063
44984	31.8386646388055
44988	31.8386646387994
44992	31.838664638791
45014	31.8386646387891
45018	31.8386646387842
45038	31.8386646387795
45040	31.8386646387720
45070	31.8386646387718
45100	31.8386646387618
45102	31.8386646387605
45118	31.8386646387581
45136	31.8386646387544
45138	31.8386646387514
45142	31.8386646387415
45166	31.8386646387383
45174	31.838664638732
45176	31.8386646387268
45196	31.8386646387237
45210	31.8386646387164
45236	31.8386646387122
45252	31.8386646387116
45262	31.8386646387078
45266	31.8386646387059
45268	31.8386646387026
45272	31.8386646387018
45292	31.8386646387004
45296	31.8386646386991
45318	31.8386646386953
45324	31.8386646386933
45332	31.8386646386893
45350	31.8386646386876
45352	31.8386646386867
45360	31.838664638684
45366	31.8386646386809
45392	31.8386646386778
45422	31.8386646386758
45428	31.8386646386713
45462	31.8386646386702
45464	31.8386646386701
45472	31.838664638667
45484	31.8386646386609
45490	31.8386646386571
45492	31.8386646386547
45504	31.8386646386522
45524	31.8386646386466
45526	31.8386646386437
45566	31.8386646386386
45580	31.838664638638
45582	31.8386646386334
45592	31.8386646386327
45596	31.8386646386282
45604	31.8386646386270
45606	31.8386646386203
45638	31.8386646386199
45640	31.8386646386192
45650	31.8386646386191
45656	31.8386646386169
45672	31.8386646386116
45690	31.8386646386093
45692	31.8386646386015
45734	31.8386646386011
45742	31.8386646385928
45750	31.8386646385805
45768	31.8386646385713
45790	31.8386646385695
45804	31.8386646385667
45824	31.8386646385660
45826	31.8386646385656
45850	31.8386646385622
45858	31.8386646385536
45882	31.8386646385485
45894	31.8386646385381
45902	31.83866463853
45926	31.838664638525
45930	31.8386646385226
45946	31.8386646385151
45980	31.8386646385151
46012	31.8386646385139
46020	31.8386646385088
46044	31.8386646385032
46046	31.8386646385032
46090	31.8386646385024
46106	31.8386646384989
46110	31.8386646384942
46134	31.8386646384882
46144	31.8386646384722
46168	31.8386646384716
46178	31.8386646384649
46184	31.8386646384603
46188	31.8386646384595
46204	31.8386646384569
46206	31.8386646384539
46208	31.838664638446
46220	31.8386646384420
46222	31.8386646384351
46228	31.8386646384268
46232	31.8386646384192
46234	31.8386646384010
46240	31.8386646383964
46248	31.8386646383914
46266	31.8386646383766
46268	31.8386646383745
46274	31.8386646383730
46282	31.8386646383635
46300	31.8386646383585
46306	31.8386646383467
46326	31.8386646383377
46348	31.8386646383355
46358	31.8386646383284
46364	31.8386646383283
46366	31.8386646383258
46376	31.8386646383227
46378	31.8386646383173
46388	31.8386646383143
46390	31.8386646383063
46402	31.838664638303
46426	31.8386646383022
46434	31.8386646382969
46442	31.8386646382967
46464	31.8386646382937
46470	31.8386646382921
46474	31.8386646382909
46478	31.8386646382884
46494	31.8386646382871
46516	31.8386646382837
46524	31.8386646382811
46528	31.8386646382809
46536	31.8386646382756
46544	31.8386646382749
46546	31.8386646382717
46554	31.838664638271
46566	31.8386646382675
46576	31.8386646382657
46596	31.8386646382633
46624	31.8386646382625
46626	31.8386646382612
46628	31.8386646382594
46644	31.8386646382586
46660	31.8386646382573
46662	31.8386646382571
46666	31.8386646382532
46670	31.838664638252
46682	31.838664638251
46692	31.8386646382499
46700	31.8386646382486
46708	31.8386646382483
46710	31.8386646382447
46722	31.8386646382418
46750	31.8386646382402
46788	31.8386646382388
46810	31.8386646382379
46818	31.8386646382378
46832	31.8386646382359
46848	31.8386646382328
46856	31.8386646382293
46876	31.8386646382281
46902	31.8386646382279
46904	31.8386646382256
46908	31.8386646382222
46926	31.8386646382218
46928	31.8386646382207
46934	31.8386646382203
46948	31.8386646382188
46962	31.8386646382184
46968	31.8386646382183
46976	31.8386646382164
46984	31.8386646382140
46990	31.8386646382126
47006	31.8386646382121
47010	31.8386646382092
47016	31.8386646382067
47030	31.8386646382063
47038	31.8386646382038
47052	31.8386646382027
47074	31.8386646382015
47082	31.8386646382001
47090	31.8386646381973
47120	31.8386646381971
47138	31.8386646381970
47140	31.8386646381965
47146	31.8386646381930
47160	31.8386646381906
47200	31.8386646381889
47226	31.8386646381877
47234	31.8386646381851
47238	31.8386646381846
47242	31.8386646381827
47248	31.8386646381815
47262	31.8386646381797
47266	31.8386646381768
47284	31.838664638176
47290	31.8386646381755
47316	31.8386646381706
47344	31.8386646381691
47368	31.8386646381669
47372	31.8386646381660
47386	31.8386646381657
47388	31.8386646381653
47390	31.8386646381636
47400	31.8386646381635
47404	31.838664638162
47420	31.8386646381587
47436	31.8386646381567
47444	31.8386646381563
47446	31.8386646381487
47450	31.8386646381427
47460	31.8386646381426
47482	31.8386646381415
47484	31.8386646381413
47488	31.8386646381403
47494	31.8386646381371
47496	31.8386646381360
47498	31.8386646381324
47506	31.8386646381321
47510	31.8386646381305
47518	31.8386646381291
47526	31.8386646381223
47536	31.8386646381207
47538	31.8386646381058
47544	31.8386646381007
47556	31.8386646380930
47590	31.8386646380896
47620	31.8386646380853
47622	31.8386646380832
47636	31.8386646380813
47650	31.8386646380777
47662	31.8386646380769
47700	31.8386646380767
47718	31.8386646380764
47738	31.8386646380757
47740	31.8386646380749
47754	31.8386646380745
47762	31.8386646380717
47780	31.8386646380715
47786	31.8386646380698
47796	31.8386646380673
47810	31.8386646380668
47812	31.8386646380666
47830	31.8386646380654
47834	31.8386646380652
47836	31.8386646380639
47854	31.8386646380636
47858	31.8386646380634
47904	31.8386646380621
47908	31.8386646380615
47928	31.8386646380613
47936	31.8386646380610
47944	31.8386646380606
47954	31.8386646380604
47958	31.83866463806
47964	31.8386646380600
47972	31.8386646380598
47974	31.8386646380586
47988	31.8386646380584
47996	31.8386646380567
48006	31.8386646380558
48016	31.8386646380557
48040	31.8386646380547
48068	31.8386646380544
48074	31.8386646380539
48090	31.8386646380533
48094	31.8386646380527
48132	31.8386646380526
48136	31.838664638052
48154	31.8386646380514
48156	31.8386646380504
48176	31.8386646380503
48184	31.8386646380501
48186	31.8386646380488
48220	31.8386646380486
48226	31.8386646380478
48246	31.838664638047
48250	31.8386646380454
48284	31.8386646380432
48300	31.8386646380426
48304	31.8386646380419
48306	31.8386646380415
48316	31.8386646380414
48318	31.8386646380409
48326	31.8386646380403
48332	31.8386646380395
48342	31.8386646380394
48356	31.8386646380377
48366	31.8386646380363
48384	31.8386646380353
48394	31.8386646380348
48400	31.8386646380346
48406	31.8386646380343
48420	31.8386646380340
48426	31.8386646380338
48430	31.8386646380337
48444	31.8386646380327
48458	31.8386646380322
48466	31.8386646380319
48484	31.8386646380319
48486	31.8386646380308
48502	31.8386646380307
48506	31.8386646380303
48508	31.8386646380297
48512	31.8386646380296
48540	31.8386646380293
48550	31.8386646380290
48570	31.8386646380290
48576	31.838664638028
48588	31.8386646380276
48596	31.8386646380268
48608	31.8386646380267
48620	31.8386646380267
48622	31.8386646380258
48636	31.8386646380248
48646	31.8386646380222
48674	31.8386646380205
48700	31.8386646380204
48712	31.8386646380196
48726	31.838664638018
48760	31.8386646380178
48768	31.8386646380178
48770	31.8386646380163
48774	31.8386646380156
48780	31.8386646380151
48786	31.8386646380149
48794	31.838664638014
48820	31.8386646380138
48822	31.8386646380133
48828	31.838664638013
48830	31.8386646380123
48850	31.8386646380117
48852	31.8386646380113
48856	31.8386646380106
48862	31.8386646380098
48868	31.8386646380085
48870	31.8386646380085
48880	31.838664638008
48884	31.8386646380074
48900	31.8386646380069
48904	31.8386646380062
48918	31.8386646380058
48922	31.838664638005
48930	31.8386646380024
48946	31.8386646380015
48958	31.8386646380013
48970	31.8386646380006
48976	31.8386646380003
48982	31.8386646380002
49014	31.8386646379978
49032	31.8386646379950
49050	31.8386646379945
49062	31.8386646379944
49082	31.8386646379932
49100	31.8386646379925
49118	31.8386646379922
49122	31.8386646379921
49126	31.8386646379918
49142	31.8386646379915
49172	31.8386646379908
49182	31.8386646379907
49190	31.8386646379901
49192	31.8386646379901
49196	31.8386646379895
49204	31.8386646379894
49206	31.8386646379886
49208	31.8386646379886
49218	31.8386646379883
49224	31.838664637988
49240	31.8386646379879
49242	31.8386646379869
49248	31.8386646379868
49258	31.8386646379867
49276	31.838664637986
49282	31.8386646379857
49302	31.8386646379856
49304	31.8386646379856
49310	31.8386646379854
49312	31.8386646379852
49320	31.8386646379847
49326	31.8386646379837
49380	31.8386646379830
49392	31.8386646379827
49404	31.8386646379823
49414	31.8386646379809
49432	31.8386646379808
49436	31.8386646379802
49442	31.8386646379797
49454	31.8386646379797
49462	31.8386646379788
49496	31.8386646379785
49500	31.8386646379785
49508	31.8386646379784
49512	31.8386646379782
49516	31.8386646379769
49540	31.8386646379765
49564	31.8386646379765
49566	31.8386646379763
49570	31.838664637976
49586	31.8386646379757
49596	31.8386646379754
49620	31.8386646379749
49630	31.8386646379748
49636	31.8386646379741
49646	31.8386646379740
49662	31.8386646379737
49666	31.8386646379737
49670	31.8386646379728
49680	31.8386646379724
49682	31.8386646379724
49698	31.8386646379718
49752	31.8386646379716
49762	31.8386646379713
49764	31.8386646379712
49776	31.8386646379710
49780	31.8386646379706
49796	31.8386646379703
49798	31.8386646379701
49802	31.8386646379698
49804	31.8386646379698
49812	31.8386646379697
49818	31.8386646379694
49830	31.8386646379689
49838	31.8386646379686
49846	31.8386646379681
49868	31.8386646379676
49870	31.8386646379671
49902	31.8386646379669
49910	31.8386646379664
49912	31.8386646379662
49914	31.8386646379658
49932	31.8386646379656
49936	31.8386646379656
49950	31.8386646379653
49952	31.8386646379651
49964	31.8386646379651
49966	31.8386646379646
49976	31.8386646379638
49982	31.8386646379634
49998	31.838664637963
50002	31.8386646379628
50016	31.8386646379628
50022	31.8386646379621
50028	31.8386646379611
50052	31.8386646379599
50058	31.8386646379597
50078	31.8386646379596
50092	31.8386646379594
50094	31.8386646379593
50116	31.8386646379582
50124	31.8386646379579
50130	31.8386646379578
50132	31.8386646379577
50136	31.8386646379572
50140	31.8386646379569
50158	31.8386646379567
50162	31.8386646379565
50172	31.8386646379565
50180	31.8386646379545
50182	31.8386646379535
50214	31.8386646379533
50238	31.8386646379531
50248	31.8386646379525
50264	31.8386646379524
50274	31.8386646379511
50304	31.8386646379498
50318	31.8386646379495
50320	31.8386646379480
50326	31.8386646379477
50330	31.8386646379473
50338	31.838664637947
50370	31.8386646379454
50378	31.8386646379448
50388	31.8386646379442
50404	31.8386646379436
50420	31.8386646379425
50430	31.8386646379423
50454	31.838664637942
50468	31.8386646379408
50474	31.8386646379407
50488	31.8386646379394
50520	31.8386646379389
50532	31.8386646379386
50554	31.8386646379376
50564	31.8386646379375
50572	31.8386646379373
50578	31.8386646379356
50604	31.8386646379353
50610	31.8386646379352
50614	31.8386646379337
50620	31.8386646379328
50642	31.8386646379325
50646	31.8386646379324
50650	31.8386646379311
50684	31.8386646379308
50688	31.8386646379306
50704	31.8386646379303
50722	31.8386646379296
50724	31.8386646379289
50778	31.8386646379279
50780	31.8386646379273
50802	31.8386646379264
50810	31.8386646379261
50814	31.838664637925
50840	31.8386646379246
50844	31.8386646379242
50846	31.8386646379241
50862	31.8386646379239
50876	31.8386646379235
50882	31.838664637923
50894	31.8386646379223
50908	31.838664637922
50912	31.8386646379219
50920	31.8386646379214
50930	31.8386646379205
50960	31.83866463792
50976	31.8386646379191
50982	31.8386646379180
51028	31.8386646379177
51032	31.8386646379175
51058	31.8386646379169
51062	31.8386646379165
51090	31.8386646379162
51100	31.8386646379162
51110	31.838664637916
51122	31.8386646379159
51130	31.8386646379148
51138	31.8386646379143
51146	31.8386646379138
51152	31.8386646379137
51174	31.8386646379136
51178	31.8386646379117
51198	31.8386646379114
51202	31.8386646379113
51228	31.8386646379108
51230	31.8386646379105
51256	31.8386646379099
51268	31.8386646379091
51294	31.8386646379087
51304	31.838664637908
51310	31.8386646379078
51336	31.8386646379077
51358	31.8386646379077
51360	31.8386646379071
51384	31.8386646379071
51388	31.8386646379067
51402	31.8386646379061
51446	31.8386646379061
51456	31.8386646379060
51478	31.8386646379058
51492	31.8386646379054
51500	31.8386646379054
51530	31.8386646379054
51552	31.8386646379053
51570	31.8386646379052
51576	31.8386646379052
51582	31.8386646379051
51614	31.838664637905
51618	31.838664637905
51636	31.8386646379049
51638	31.8386646379049
51646	31.8386646379049
51660	31.8386646379048
51662	31.8386646379048
51672	31.8386646379047
51688	31.8386646379047
51690	31.8386646379047
51696	31.8386646379046
51700	31.8386646379045
51724	31.8386646379045
51736	31.8386646379043
51742	31.8386646379042
51744	31.838664637904
51768	31.8386646379038
51770	31.8386646379037
51774	31.8386646379037
51788	31.8386646379036
51796	31.8386646379036
51800	31.8386646379035
51802	31.8386646379034
51812	31.8386646379032
51818	31.8386646379032
51838	31.838664637903
51844	31.8386646379029
51854	31.8386646379029
51866	31.8386646379027
51874	31.8386646379027
51894	31.8386646379027
51900	31.8386646379026
51934	31.8386646379025
51938	31.8386646379024
51944	31.8386646379024
51962	31.8386646379022
51974	31.8386646379021
51980	31.8386646379020
51986	31.8386646379017
52016	31.8386646379016
52028	31.8386646379013
52034	31.8386646379013
52048	31.8386646379012
52054	31.8386646379008
52080	31.8386646379007
52104	31.8386646379006
52110	31.8386646379006
52122	31.8386646379005
52142	31.8386646379005
52148	31.8386646379004
52158	31.8386646379002
52176	31.8386646379002
52182	31.8386646379001
52184	31.8386646379
52200	31.8386646378998
52222	31.8386646378997
52232	31.8386646378995
52284	31.8386646378993
52304	31.8386646378991
52320	31.838664637899
52342	31.8386646378989
52344	31.8386646378988
52362	31.8386646378987
52366	31.8386646378987
52374	31.8386646378986
52394	31.8386646378986
52404	31.8386646378986
52412	31.8386646378985
52424	31.8386646378984
52426	31.8386646378983
52436	31.8386646378983
52444	31.8386646378983
52470	31.8386646378983
52480	31.8386646378982
52482	31.8386646378981
52488	31.838664637898
52492	31.838664637898
52494	31.838664637898
52500	31.8386646378979
52510	31.8386646378978
52524	31.8386646378978
52528	31.8386646378978
52536	31.8386646378978
52558	31.8386646378977
52560	31.8386646378977
52564	31.8386646378977
52566	31.8386646378976
52578	31.8386646378975
52594	31.8386646378974
52606	31.8386646378974
52628	31.8386646378973
52636	31.8386646378973
52638	31.8386646378970
52648	31.8386646378970
52654	31.8386646378969
52666	31.8386646378969
52676	31.8386646378968
52682	31.8386646378968
52686	31.8386646378966
52694	31.8386646378966
52708	31.8386646378965
52720	31.8386646378965
52740	31.8386646378964
52744	31.8386646378964
52766	31.8386646378962
52804	31.8386646378962
52816	31.8386646378962
52820	31.8386646378961
52824	31.8386646378961
52844	31.8386646378960
52858	31.838664637896
52892	31.8386646378959
52912	31.8386646378958
52928	31.8386646378958
52942	31.8386646378957
52956	31.8386646378957
52972	31.8386646378956
52974	31.8386646378955
52978	31.8386646378955
52984	31.8386646378955
52988	31.8386646378954
53020	31.8386646378954
53026	31.8386646378953
53028	31.8386646378953
53052	31.8386646378953
53058	31.8386646378952
53062	31.8386646378952
53086	31.8386646378951
53090	31.8386646378951
53092	31.8386646378951
53094	31.8386646378951
53098	31.8386646378951
53110	31.838664637895
53160	31.838664637895
53164	31.8386646378949
53168	31.8386646378949
53178	31.8386646378949
53190	31.8386646378949
53198	31.8386646378948
53212	31.8386646378948
53234	31.8386646378948
53240	31.8386646378947
53244	31.8386646378947
53258	31.8386646378947
53260	31.8386646378947
53262	31.8386646378947
53272	31.8386646378947
53280	31.8386646378946
53292	31.8386646378946
53300	31.8386646378945
53318	31.8386646378945
53346	31.8386646378945
53366	31.8386646378945
53376	31.8386646378945
53386	31.8386646378944
53388	31.8386646378944
53402	31.8386646378944
53404	31.8386646378944
53424	31.8386646378944
53426	31.8386646378944
53432	31.8386646378943
53444	31.8386646378942
53446	31.8386646378942
53468	31.8386646378942
53478	31.8386646378941
53488	31.8386646378941
53502	31.8386646378940
53506	31.838664637894
53522	31.8386646378940
53526	31.8386646378940
53550	31.8386646378939
53564	31.8386646378939
53570	31.8386646378939
53608	31.8386646378939
53622	31.8386646378938
53638	31.8386646378938
53676	31.8386646378938
53678	31.8386646378938
53694	31.8386646378937
53708	31.8386646378937
53710	31.8386646378937
53720	31.8386646378936
53724	31.8386646378936
53734	31.8386646378936
53740	31.8386646378936
53742	31.8386646378935
53756	31.8386646378935
53766	31.8386646378935
53810	31.8386646378935
53816	31.8386646378935
53826	31.8386646378935
53832	31.8386646378934
53844	31.8386646378934
53852	31.8386646378934
53862	31.8386646378933
53868	31.8386646378933
53884	31.8386646378933
53886	31.8386646378933
53912	31.8386646378933
53916	31.8386646378932
53924	31.8386646378932
53932	31.8386646378932
53944	31.8386646378931
53962	31.8386646378931
53972	31.838664637893
53978	31.838664637893
53980	31.838664637893
53984	31.8386646378930
53986	31.8386646378929
54004	31.8386646378929
54038	31.8386646378928
54042	31.8386646378928
54052	31.8386646378928
54058	31.8386646378928
54060	31.8386646378928
54068	31.8386646378927
54086	31.8386646378927
54088	31.8386646378927
54104	31.8386646378926
54144	31.8386646378926
54146	31.8386646378926
54170	31.8386646378925
54198	31.8386646378925
54208	31.8386646378925
54228	31.8386646378924
54236	31.8386646378924
54242	31.8386646378924
54252	31.8386646378924
54278	31.8386646378923
54280	31.8386646378923
54282	31.8386646378923
54284	31.8386646378923
54292	31.8386646378922
54298	31.8386646378921
54314	31.8386646378921
54318	31.8386646378921
54346	31.8386646378921
54352	31.8386646378920
54356	31.838664637892
54378	31.838664637892
54402	31.838664637892
54408	31.8386646378920
54432	31.8386646378919
54434	31.8386646378919
54474	31.8386646378919
54494	31.8386646378919
54502	31.8386646378919
54536	31.8386646378918
54550	31.8386646378918
54566	31.8386646378918
54576	31.8386646378918
54594	31.8386646378918
54602	31.8386646378917
54604	31.8386646378917
54616	31.8386646378917
54630	31.8386646378917
54646	31.8386646378917
54648	31.8386646378916
54650	31.8386646378916
54662	31.8386646378916
54676	31.8386646378916
54686	31.8386646378916
54694	31.8386646378915
54738	31.8386646378915
54746	31.8386646378914
54782	31.8386646378914
54824	31.8386646378914
54850	31.8386646378914
54904	31.8386646378913
54928	31.8386646378913
54946	31.8386646378913
54968	31.8386646378913
54970	31.8386646378913
54982	31.8386646378913
55002	31.8386646378913
55012	31.8386646378913
55046	31.8386646378913
55056	31.8386646378913
55060	31.8386646378913
55064	31.8386646378913
55066	31.8386646378912
55096	31.8386646378912
55104	31.8386646378912
55106	31.8386646378912
55156	31.8386646378912
55158	31.8386646378911
55164	31.8386646378911
55192	31.8386646378911
55210	31.8386646378911
55218	31.8386646378911
55258	31.8386646378911
55260	31.8386646378911
55272	31.8386646378910
55322	31.838664637891
55336	31.838664637891
55388	31.838664637891
55412	31.838664637891
55420	31.838664637891
55458	31.838664637891
55462	31.8386646378910
55474	31.8386646378910
55496	31.8386646378909
55510	31.8386646378909
55526	31.8386646378909
55534	31.8386646378909
55556	31.8386646378909
55564	31.8386646378909
55592	31.8386646378909
55638	31.8386646378909
55644	31.8386646378909
55648	31.8386646378909
55656	31.8386646378909
55666	31.8386646378909
55714	31.8386646378908
55718	31.8386646378908
55720	31.8386646378908
55722	31.8386646378908
55734	31.8386646378908
55786	31.8386646378908
55816	31.8386646378908
55824	31.8386646378908
55838	31.8386646378908
55870	31.8386646378908
55904	31.8386646378908
55912	31.8386646378908
55944	31.8386646378908
55954	31.8386646378908
55974	31.8386646378907
55982	31.8386646378907
56022	31.8386646378907
56026	31.8386646378907
56056	31.8386646378907
56084	31.8386646378907
56172	31.8386646378907
56202	31.8386646378907
56210	31.8386646378907
56212	31.8386646378907
56228	31.8386646378907
56262	31.8386646378907
56284	31.8386646378907
56312	31.8386646378907
56326	31.8386646378907
56334	31.8386646378906
56356	31.8386646378906
56394	31.8386646378906
56428	31.8386646378906
56462	31.8386646378906
56476	31.8386646378906
56484	31.8386646378906
56496	31.8386646378906
56564	31.8386646378906
56570	31.8386646378906
56594	31.8386646378906
56614	31.8386646378906
56654	31.8386646378906
56674	31.8386646378906
56676	31.8386646378905
56842	31.8386646378905
56882	31.8386646378905
56932	31.8386646378905
57154	31.8386646378905
57392	31.8386646378905
57398	31.8386646378905
57478	31.8386646378905
57482	31.8386646378905
57486	31.8386646378905
57494	31.8386646378905
57512	31.8386646378905
57524	31.8386646378905
57594	31.8386646378905
57672	31.8386646378905
57804	31.8386646378905
57820	31.8386646378905
57878	31.8386646378905
57990	31.8386646378905
58058	31.8386646378904
58092	31.8386646378904
58196	31.8386646378904
58224	31.8386646378904
58684	31.8386646378904
59278	31.8386646378904
60358	31.8386646378904
61390	31.8386646378904
61422	31.8386646378904
61436	31.8386646378904
61492	31.8386646378904
61530	31.8386646378904
61662	31.8386646378904
61672	31.8386646378904
61780	31.8386646378904
62006	31.8386646378904
62158	31.8386646378904
62254	31.8386646378904
62368	31.8386646378903
62374	31.8386646378903
62402	31.8386646378903
62472	31.8386646378903
62512	31.8386646378903
62876	31.8386646378903
62896	31.8386646378903
63008	31.8386646378903
63180	31.8386646378903
63220	31.8386646378903
63296	31.8386646378903
63362	31.8386646378903
63370	31.8386646378903
63402	31.8386646378903
63418	31.8386646378903
63454	31.8386646378902
63518	31.8386646378902
63554	31.8386646378902
63568	31.8386646378902
63574	31.8386646378902
63600	31.8386646378902
63618	31.8386646378902
63722	31.8386646378902
63862	31.8386646378902
64326	31.8386646378902
64828	31.8386646378902
64838	31.8386646378902
64848	31.8386646378902
64960	31.8386646378902
64964	31.8386646378902
65062	31.8386646378902
65140	31.8386646378902
65240	31.8386646378902
65318	31.8386646378902
65494	31.8386646378902
65532	31.8386646378902
65576	31.8386646378901
65636	31.8386646378901
65732	31.8386646378901
66010	31.8386646378901
66120	31.8386646378901
66810	31.8386646378901
66862	31.8386646378901
66872	31.8386646378901
66888	31.8386646378901
67190	31.8386646378901
67722	31.8386646378901
68084	31.8386646378901
68170	31.8386646378901
68430	31.8386646378901
70078	31.8386646378901
71000	31.8386646378901
71424	31.8386646378901
71714	31.8386646378901
72710	31.8386646378901
72712	31.8386646378900
72740	31.8386646378900
72780	31.8386646378900
72836	31.8386646378900
73164	31.83866463789
73168	31.83866463789
73512	31.83866463789
73522	31.83866463789
73644	31.83866463789
73694	31.83866463789
73824	31.83866463789
73874	31.83866463789
73932	31.83866463789
74202	31.83866463789
75902	31.83866463789
76128	31.83866463789
76618	31.83866463789
77754	31.83866463789
77886	31.8386646378900
79110	31.8386646378900
79994	31.8386646378900
84834	31.8386646378900
88464	31.8386646378900
133132	31.8386646378900
140522	31.8386646378899
152942	31.8386646378899
153530	31.8386646378899
155056	31.8386646378899
300000	31.8386646378899
