52	466.372948869897
56	441.003166725461
62	397.498321646694
64	370.35441069651
74	299.525939574280
286	298.434994601214
382	205.636007724317
1510	204.694073074159
1716	189.22437289487
1822	175.752472376994
1878	172.215833742619
1980	171.220177119192
2036	167.057623371477
2046	158.076786416484
2066	156.335033803934
2086	153.598874622168
2132	143.286253359862
2146	138.457182979591
2152	129.051535838997
2174	126.191583791201
2206	124.682769834085
2222	123.142013516268
2232	123.047136618375
2244	122.475483509637
2254	115.633105185953
2308	114.456172821987
2348	109.213064787688
2382	108.400058000965
2392	107.269046863773
2404	106.691839498329
2424	105.340905816409
2430	104.807144525646
2436	102.207878107325
2480	102.153229244188
2492	102.023301707978
2510	99.3323254625268
2552	98.8861552467406
2560	97.1566023139314
2566	96.3422060929137
2570	96.1385991859355
2572	95.4954645428763
2620	95.3413448035236
2628	94.4272270096812
2630	93.9537260108014
2644	89.2843239332282
2672	89.2041856947536
2678	88.5853147116174
2706	87.4882929060054
2722	86.7587657582212
2734	85.9683953533425
2740	84.12171343585
2750	83.7964897151011
2774	83.012681862631
2790	82.219617418877
2816	82.121166613032
2848	81.257837649639
2888	81.2354760560189
2890	81.1936611833165
2898	81.0061772553167
2902	80.3391778450537
2908	80.170245074029
2940	78.9287679851322
2944	77.8868241312511
2956	77.4425681609032
2964	76.9604423304418
2968	75.6933158229167
2970	73.9393266250302
2990	73.6466969042763
3000	72.458378908249
3006	72.3261795225062
3010	71.869421800453
3028	71.841284626094
3030	71.4842583555372
3046	70.478238713048
3050	69.1474139416544
3074	68.7249841476763
3096	68.4639382551631
3116	67.8030912357036
3120	67.2309342635699
3150	66.6501619598137
3172	66.2316608659153
3180	65.3674304453606
3200	65.2063705707545
3206	65.1154363117744
3234	65.0433825779448
3236	64.9991097583427
3252	64.907147063667
3254	64.8464926200328
3260	64.5652572275828
3264	64.406602089012
3268	64.3811053176063
3272	64.3725071598857
3278	64.1231140037753
3286	64.1178381711054
3288	63.861839621762
3324	63.7881383496748
3340	63.588160868671
3342	63.3310406735552
3364	63.2851516484803
3368	63.1663338457653
3372	62.9970267235409
3376	62.9754078832462
3382	62.9639212767737
3400	62.8221019489816
3402	62.2605405577878
3406	61.9883290500696
3432	61.9653871615498
3438	61.8711656593985
3440	61.8209774581455
3442	61.7832913951416
3470	61.716530909362
3482	61.5175065047561
3498	61.5008836974991
3516	61.431559616877
3524	61.4041675112825
3526	61.3427160124254
3532	61.3050019283002
3542	61.148410081474
3544	60.930150602951
3550	60.8918335925049
3562	60.8189968032458
3574	60.6798561143979
3598	60.6351221077915
3610	60.5772358205117
3622	60.4914934216551
3628	60.2960416111888
3646	60.1610815499721
3680	60.0975405084037
3686	60.0269238096204
3690	60.0200096170436
3710	60.0176309327637
3716	59.9812991260519
3720	59.7755774671126
3722	59.7721648495996
3724	59.5224901998195
3730	59.4791808380777
3734	59.289751116228
3766	59.2037998073803
3770	59.1452392033188
3778	59.1433389769793
3780	59.050344746908
3790	59.0297355233666
3798	58.9330988997851
3802	58.924390133487
3814	58.9006428827374
3820	58.8927230747329
3822	58.8117585165037
3826	58.6475521716926
3836	58.4020709903332
3866	58.2914926958901
3876	58.0976413072304
3930	58.0896291490501
3936	57.949169243632
3944	57.8691496465586
3950	57.8490006817123
3952	57.8097353409573
3954	57.6897454072054
3964	57.6656151619706
3968	57.5760708934789
3972	57.5266775947825
3990	57.5155532087677
3998	57.4081035885022
4004	57.3481965847961
4008	56.9796223055674
4028	56.9470276041649
4030	56.7410447730391
4052	56.5632163560535
4054	56.4731875430509
4072	56.3721414487685
4078	56.1733021942945
4080	56.1319825367347
4086	55.7564602343667
4090	55.622250962333
4096	55.4245902833163
4112	55.3174024093302
4116	55.21451338139
4120	54.959178336359
4136	54.2450960135756
4174	54.1050629652263
4202	54.008941030405
4214	53.9985649507822
4218	53.7087356061287
4226	53.3890646157309
4232	53.3329674871589
4262	53.2912392955358
4280	53.0788890466929
4288	52.7480183145536
4332	52.6458246453809
4366	52.6128664247069
4368	52.5223968540579
4372	52.5136171582065
4378	52.4806213878116
4390	52.4712439016202
4392	52.3743084357583
4398	52.3192274512946
4400	52.1795476869582
4416	52.0700458480586
4424	52.0102237355463
4428	51.9853411880352
4434	51.8014561991824
4440	51.5667262366425
4454	51.5509813471224
4456	51.0627897697089
4460	50.9420732060331
4466	50.685680391952
4484	50.2391692506512
4490	50.209647707923
4492	50.0997675897327
4496	49.7923282769567
4508	49.7683879854144
4518	49.5473514073925
4526	49.4178766999084
4528	49.0803068407023
4538	48.9603447867242
4564	48.7949368160149
4574	48.5139955282143
4576	48.494618912995
4588	48.301104708729
4600	48.1968282565131
4602	48.1173185360489
4606	48.0050945618694
4620	47.8643308905311
4636	47.8095195383015
4644	47.5817704945771
4648	47.4481768780546
4674	47.0182808126805
4688	46.9289771891669
4696	46.8634183906974
4698	46.7664463366553
4712	46.7051025865710
4714	46.6653830416592
4716	46.3699039226622
4732	46.3364109371055
4758	45.85680160446
4776	45.6906761586047
4794	45.4525872986465
4802	45.3789360892686
4812	45.2805915332828
4822	45.1530603296340
4828	44.6709446305749
4844	44.5759865477748
4860	44.5448471646339
4864	43.5815322639193
4882	43.5019441364049
4892	43.4735171382867
4902	43.2331499196329
4910	43.1443291352913
4922	42.9951441313589
4940	42.8931908680774
4972	42.7765295109714
4974	42.5927871773053
4976	42.5597145281391
4984	42.5251901716778
4986	42.4816253467528
4994	42.4528296883080
5004	42.3121906474284
5006	42.3058582959997
5030	42.2107532956158
5042	42.2048272086055
5046	41.9923889438685
5064	41.9270028716741
5072	41.5907609542511
5148	41.5759489169726
5162	41.5630904721113
5182	41.4918907850037
5190	41.4246246917829
5210	41.4203488245077
5220	41.3288464704765
5246	41.2103874160759
5260	41.1893729188003
5268	41.0189678282435
5270	40.9987754811403
5292	40.9544769558651
5306	40.8328201908360
5308	40.7869471281418
5312	40.7768964983761
5314	40.7339542309959
5318	40.6887121331645
5322	40.5429799736838
5340	40.514172051146
5354	40.5043550813394
5358	40.2018567443094
5380	40.0791103099186
5382	40.0479851225358
5392	39.9136917840094
5394	39.7676961984883
5402	39.6106694283883
5410	39.5547103203449
5430	39.5109607132208
5466	39.4557748781557
5478	39.4358560295629
5488	39.4018081341813
5506	39.3602811594427
5518	39.2687308736994
5526	39.1805463806238
5572	39.1018275574817
5576	39.0894945954754
5580	39.0769454503619
5586	39.0435496392379
5592	38.9886188490907
5620	38.9828136509620
5626	38.973544070728
5636	38.8705173679383
5646	38.8262464754677
5658	38.7971261507231
5674	38.7356146039676
5694	38.7278126463319
5730	38.6404238134884
5762	38.6362534840037
5774	38.63074348994
5776	38.5799870601516
5790	38.5522741664132
5800	38.542461986388
5810	38.4364540967215
5842	38.4339612544273
5846	38.4286365584204
5848	38.3377959522959
5852	38.3205230312788
5890	38.1612117858020
5892	38.0841834862921
5952	38.0580242082734
5954	38.0389511355724
5956	38.0327241709297
5958	38.0177168271822
5966	38.003075384041
5972	37.9681732148442
5976	37.9259625882279
5982	37.9166549523294
5992	37.9084611735751
5994	37.8861560959949
6006	37.8055203773842
6010	37.7689115496733
6022	37.7575129115661
6024	37.5506744014956
6030	37.4665328130949
6052	37.4375130270328
6054	37.3875580817587
6060	37.2660237589516
6074	37.16639743008
6080	37.1345142497746
6092	37.0637255909996
6094	36.9557189333197
6102	36.8812386018129
6108	36.7359900595142
6120	36.6911168082356
6128	36.6728446073198
6136	36.6020412020907
6142	36.570477116459
6146	36.564064682926
6148	36.5367778027968
6156	36.4665704957109
6164	36.4650354509705
6170	36.4192272526273
6174	36.3268355323091
6176	36.2128384930309
6190	36.1044615346975
6200	36.0911399823685
6224	36.0674351668212
6228	36.0111783877339
6232	35.8451157239328
6244	35.814949295601
6248	35.7659181794761
6256	35.6791748302645
6270	35.6677543703695
6286	35.568288153632
6308	35.5571759829148
6320	35.5047256557918
6336	35.4230996823239
6348	35.4040463478015
6358	35.3799948243091
6372	35.3047808001700
6384	35.2906880597389
6386	35.2715288437177
6394	35.1335866006157
6396	35.1219945275164
6398	35.0884669933822
6412	35.0125460570072
6414	34.9887084454929
6418	34.9667863897031
6422	34.8658606770477
6446	34.8164545809554
6466	34.7381694107786
6480	34.6653380674926
6488	34.4048964238182
6524	34.3727902858721
6542	34.3430899199268
6552	34.3226401569217
6570	34.319882902785
6576	34.2058535123956
6582	34.1568521687035
6592	34.1255182261371
6594	34.0800075059264
6602	34.0063089090385
6620	34.0020027139515
6624	33.8962000659017
6644	33.8518053289071
6694	33.8408321018409
6696	33.8157799899838
6710	33.7519215506350
6734	33.7303353102206
6748	33.7003219193511
6752	33.6719889716259
6764	33.6155378376013
6786	33.6058377219867
6794	33.5976029842698
6800	33.588506677601
6816	33.5373457831606
6820	33.488649398744
6842	33.4533360245803
6858	33.4266762243865
6864	33.423953914984
6882	33.4213382989241
6888	33.4188894017797
6892	33.3901685585552
6920	33.3583189595452
6928	33.3064147203183
6948	33.2967984452579
6950	33.2949890250330
6962	33.2733330490557
6984	33.2457300543934
6990	33.2291744297155
6994	33.1957321418756
7006	33.1670664866563
7008	33.1615619668949
7022	33.1499544594754
7030	33.1473248754279
7036	33.128152090703
7050	33.1210224842348
7052	33.1063640365893
7070	33.1029213151787
7084	33.0895202634831
7090	33.0747544290151
7098	33.0585996644592
7112	33.0493476634464
7118	33.049105315905
7122	33.0228178954879
7124	33.0185628156311
7128	33.0090884700640
7130	32.9711645013923
7134	32.9486609591631
7136	32.9360689381430
7142	32.9288475221289
7146	32.8377737207683
7152	32.8123648840580
7168	32.7706168016416
7194	32.7639328639353
7198	32.7213774838246
7216	32.720502224109
7222	32.6990575907784
7224	32.6335167535679
7234	32.6268219696793
7252	32.6009644054651
7256	32.5874994193289
7286	32.5672005179425
7304	32.5287639553174
7316	32.5240546653314
7332	32.5039801941737
7344	32.4883226455812
7374	32.4862044079456
7396	32.4815459424114
7410	32.4671774899298
7422	32.4518343328758
7424	32.4427697381396
7440	32.4404773739944
7448	32.4273770050649
7474	32.4163958313062
7478	32.3999684288524
7500	32.3926336731189
7514	32.3885244084039
7518	32.3817728572159
7534	32.378813223473
7540	32.375149432505
7554	32.3565772320792
7568	32.3311966644147
7580	32.3302504827235
7586	32.3111460713675
7598	32.3033507228597
7602	32.2961097176283
7606	32.2953138059801
7614	32.2652448699684
7620	32.254667310914
7638	32.2022411684115
7686	32.1777605509986
7696	32.1746259815737
7704	32.1398815413843
7732	32.1306274176982
7738	32.1188352344614
7746	32.1047982793776
7766	32.0879590310150
7788	32.0643805618671
7798	32.0618921209526
7800	32.0291752925702
7814	32.0287984367519
7846	32.0161325288058
7876	32.0064207918354
7880	32.0024963554908
7908	31.9962987499189
7920	31.9884318639311
7926	31.9772887931366
7936	31.9742982366317
7944	31.9624581439613
7950	31.9405280156019
7970	31.9233107289493
7998	31.9206466053814
8004	31.9128037524615
8012	31.9120769171344
8022	31.9068952020488
8026	31.9041150292944
8028	31.8877122041675
8050	31.8703346972471
8066	31.8686605680185
8068	31.8522324201131
8074	31.8522118292091
8094	31.8499502990734
8098	31.8449013233017
8108	31.8410654324698
8110	31.8370497428361
8118	31.8259829871051
8124	31.8196230010439
8128	31.8079956790324
8130	31.7972019792302
8136	31.7800518968068
8142	31.7546441508854
8182	31.7220450937163
8188	31.7182638912393
8194	31.7096737420100
8202	31.6936681776704
8228	31.6677126484889
8234	31.6517408160763
8242	31.643571510987
8248	31.6330672537702
8250	31.6249976192732
8252	31.6131367318262
8262	31.576177503306
8278	31.5709354337467
8280	31.5669449543495
8282	31.5249008998925
8298	31.4885557004384
8306	31.4410036051925
8312	31.3872672751377
8330	31.3572076913978
8340	31.3540117189446
8360	31.3232680193396
8380	31.318568198361
8394	31.3100969297924
8410	31.3092727455359
8412	31.2977512304647
8438	31.2271952919241
8452	31.192194224396
8466	31.1763492603454
8472	31.1447376110620
8514	31.1302469994804
8526	31.1294599534254
8532	31.1271641887761
8534	31.1254654924415
8548	31.1210303387014
8588	31.1127334141138
8598	31.0976637925526
8600	31.0781441807635
8630	31.0771896151073
8640	31.0652728460665
8670	31.0544350047318
8684	31.0401501590838
8688	31.0399492135704
8718	31.0319162979927
8724	31.0314712493088
8738	31.0139173363746
8748	31.0055966028667
8752	31.0016927215634
8764	31.0006792913350
8770	30.9954589574681
8796	30.9856546935224
8802	30.980932340767
8804	30.9712534183555
8846	30.9681496699636
8866	30.9621821705955
8878	30.9549361789806
8888	30.9509014302384
8924	30.9445971725278
8940	30.9414967651718
8966	30.9351993306840
8970	30.9335022450484
8986	30.9288729572933
8992	30.9272416957504
8994	30.9227971893183
9010	30.9220478632114
9024	30.9159752041525
9036	30.9136910403598
9040	30.9132050622076
9042	30.9020913985360
9060	30.895128908645
9082	30.8863772516410
9094	30.8785992773461
9098	30.8785428546261
9108	30.8708354486006
9130	30.8637648625198
9152	30.8600827405277
9160	30.8435590450139
9194	30.8381348523072
9196	30.8377634189700
9198	30.8188099612167
9218	30.8173013063437
9232	30.8164706317137
9238	30.809457940208
9246	30.8086102540387
9256	30.8007960965674
9260	30.7742035742941
9276	30.7393531029354
9278	30.7078263857902
9282	30.6938187540031
9298	30.6912174340118
9310	30.6910181424142
9312	30.6901041450676
9318	30.6827342673781
9322	30.6810722245372
9324	30.6618718600802
9326	30.6610023222589
9334	30.6395163973994
9344	30.6192612359202
9374	30.5983497492830
9382	30.5959449324728
9396	30.5876403246666
9404	30.5789596096576
9416	30.5726182677663
9446	30.5712042749216
9458	30.5627042031401
9462	30.5599957444816
9466	30.5593760596611
9484	30.5582703015734
9488	30.5573874409304
9490	30.5428195534792
9532	30.5406372510651
9548	30.5331860427669
9564	30.5326983886981
9574	30.5300012243018
9578	30.5269050204698
9586	30.5157888115863
9588	30.5105579899569
9596	30.5052971946861
9618	30.4988220986796
9640	30.4972954905898
9644	30.4903094403452
9656	30.4870903642826
9660	30.482913445079
9662	30.4809809439888
9664	30.4758809181318
9682	30.4695542727093
9696	30.4649908361395
9706	30.4641929206029
9712	30.4518095041834
9730	30.4381912546316
9740	30.4359908768013
9756	30.4287802974693
9760	30.4183322249531
9762	30.4177965481771
9768	30.408687117274
9792	30.3923296546905
9798	30.3883778672245
9802	30.3768103517275
9820	30.3749277976878
9830	30.3734690972092
9836	30.3682155333834
9850	30.3659936616697
9854	30.3566596409806
9868	30.3487023876178
9880	30.347291248344
9892	30.3338475612646
9904	30.3275993627082
9916	30.3165636250257
9918	30.3034789344766
9934	30.3021977972154
9948	30.298525754122
9952	30.2971592171576
9966	30.2937902876629
9974	30.285157695614
9998	30.2843942280314
10016	30.2754354018165
10018	30.2735386115705
10036	30.270217589918
10052	30.2685386417064
10072	30.2638740014284
10082	30.2603322684204
10084	30.2581086677909
10128	30.2541829379823
10138	30.2517640569558
10160	30.2458992337776
10182	30.2437230040313
10250	30.2425065665983
10260	30.2417093104505
10262	30.2373468401767
10276	30.2350932890717
10318	30.2330059285684
10326	30.2224587571684
10328	30.2087693186678
10348	30.2080181809658
10364	30.2027193826856
10372	30.1981820117092
10392	30.1969460790254
10422	30.1956574937277
10428	30.1945994703472
10432	30.1935643772704
10440	30.1916691426473
10454	30.189620096256
10472	30.1889617736409
10484	30.188861569495
10492	30.1828173075559
10494	30.1812522282803
10512	30.1787283527264
10538	30.1765025744336
10566	30.1754055834762
10574	30.1751640157512
10584	30.1743183903328
10594	30.1737493071334
10596	30.1725488807156
10600	30.171538147742
10604	30.1675808130071
10608	30.1661578654230
10644	30.1657350926493
10666	30.1612742929574
10686	30.1582155817605
10700	30.1575896040241
10716	30.1548652740899
10752	30.1535202621815
10772	30.1527363511363
10782	30.1524809815817
10788	30.1505332596802
10792	30.1504042306598
10804	30.1501562229388
10806	30.1500443537903
10824	30.1484241955645
10830	30.1444247672087
10852	30.1439020133923
10858	30.1427567888424
10874	30.1406150369620
10878	30.1394469693572
10898	30.1375363779034
10904	30.1357720262721
10918	30.133514823138
10934	30.1328345808789
10952	30.1313464106853
10978	30.1298261887815
10986	30.1287862556895
10990	30.1262211251217
11006	30.1244624940751
11012	30.1241606954251
11014	30.1212923716879
11018	30.1209511058268
11028	30.1209456664070
11032	30.1191396459235
11040	30.1153337987218
11054	30.1135733826797
11056	30.1080577321403
11062	30.1047377319286
11074	30.1025536669277
11078	30.0987387429473
11106	30.0976126846519
11108	30.0961125586385
11130	30.0931508273223
11162	30.0923495483508
11164	30.0912316047561
11176	30.0911336094707
11192	30.0910034600434
11198	30.0900013236544
11204	30.0895742288485
11226	30.0894504329281
11234	30.0878665742146
11258	30.0848825909085
11270	30.0844239427827
11284	30.0837862252094
11294	30.0815505158037
11304	30.0813276973159
11316	30.07800503901
11326	30.0764425642152
11350	30.0735059237659
11392	30.0722900133771
11396	30.0714796132412
11404	30.0692494961118
11430	30.0681996722472
11432	30.0657158971648
11446	30.0640697701799
11452	30.0627527937324
11462	30.0624462546924
11464	30.0611058905383
11476	30.0610575837510
11480	30.0581513175034
11490	30.056860460859
11500	30.0565227638920
11502	30.0558481266414
11506	30.053152959386
11522	30.051479532042
11546	30.0514126947499
11556	30.0512714532343
11558	30.0476034273113
11560	30.0440194257948
11576	30.0381193678343
11586	30.0360186787860
11618	30.0345178847748
11636	30.0333736681449
11644	30.0327381259149
11650	30.03089407472
11654	30.0282534325186
11678	30.0267508739054
11700	30.0264897453234
11720	30.0262737242776
11724	30.0257797401613
11730	30.0218650195054
11794	30.0212357179289
11796	30.0211424457462
11800	30.0207470429585
11804	30.0196339905409
11832	30.0186883924477
11836	30.0176958170486
11838	30.0164255904918
11850	30.0148415261320
11866	30.0131670355513
11868	30.0131515918858
11874	30.013069857705
11896	30.009844541009
11916	30.0092434437306
11928	30.0079245108355
11930	30.0069291816348
11950	30.0066521345851
11972	30.0039523511402
11982	30.0020400099775
11998	30.0017192510684
12010	29.9999733480163
12032	29.999609137408
12038	29.9992495886238
12046	29.9987070482414
12058	29.9981418215782
12060	29.9975885892864
12088	29.9975203983200
12094	29.9974641775584
12096	29.9970307143596
12098	29.9969425928437
12102	29.9963014062717
12124	29.9961511534782
12134	29.9960207690313
12136	29.9957309925981
12146	29.9951908221287
12154	29.9950395175929
12156	29.9947745474473
12172	29.9945475403773
12192	29.9944342031107
12202	29.9942413873824
12206	29.9941976080613
12214	29.9939618624433
12222	29.9935345485474
12246	29.9934003313686
12248	29.9931512347793
12250	29.9930998816447
12254	29.9929168723406
12256	29.9927551030663
12270	29.9924042983704
12278	29.9922628772107
12286	29.9921080043187
12288	29.9920871119741
12290	29.9919361141798
12296	29.9915078357312
12320	29.9907117919157
12342	29.9905178414263
12362	29.9899475678702
12380	29.9887236584733
12394	29.988656127124
12408	29.9875955145660
12418	29.98703263769
12452	29.9868135890342
12462	29.9862537966955
12464	29.9861428313996
12494	29.9860200973054
12496	29.9858322328923
12502	29.9857101779795
12508	29.9855990334190
12516	29.9854591413868
12522	29.9850127875325
12536	29.9848200414576
12552	29.9842255409199
12556	29.9841494590064
12564	29.9841185834435
12566	29.9840987829628
12582	29.9833908774024
12586	29.9830516765463
12610	29.9827316586581
12636	29.9825305890081
12640	29.9822925046928
12650	29.9822692333839
12666	29.9822565526055
12668	29.9822542495717
12672	29.9817637827617
12684	29.9815512702223
12704	29.9812317791886
12706	29.9809688703246
12726	29.9809436508664
12730	29.9806142582762
12746	29.9805693188166
12758	29.9805510991205
12768	29.980258069768
12770	29.9802173329438
12774	29.9796401326149
12784	29.9793778128722
12788	29.978312718124
12802	29.977851500248
12822	29.9773239618687
12828	29.9765887520266
12864	29.9765693967076
12870	29.9757197739038
12882	29.9756531927791
12886	29.9752329107758
12888	29.9751343623214
12900	29.9750537842371
12908	29.9750371857991
12912	29.9749085222805
12914	29.9736475886598
12922	29.9735749645077
12928	29.9732815139293
12936	29.9728409013810
12940	29.9728022277454
12944	29.9723816846592
12976	29.9720018412206
12982	29.9715847322303
12992	29.9708502133520
12998	29.9703006814404
13000	29.9693365727717
13012	29.9677547893426
13044	29.9675919166110
13054	29.9665289578797
13078	29.9662607929228
13080	29.9660856470477
13084	29.9649133313579
13094	29.9638801426322
13096	29.9633048753941
13110	29.9630958353756
13114	29.9616445371898
13120	29.9612612770179
13128	29.9608304527499
13130	29.9607932889506
13144	29.9598717019783
13166	29.9592281406879
13174	29.9573179614248
13196	29.9570297053946
13200	29.9556755470436
13224	29.9553383314189
13228	29.9550712914868
13234	29.9534173885993
13262	29.9521621791993
13266	29.9506957415678
13284	29.9503981649908
13286	29.949482863417
13314	29.9490609870914
13316	29.9479163726352
13326	29.9456751417866
13346	29.9454503445381
13348	29.9453402417593
13358	29.944622086443
13372	29.9440702135847
13390	29.9440076864633
13396	29.9437960231308
13398	29.9435679574251
13402	29.9434104172614
13408	29.9426592711688
13418	29.9420784219167
13438	29.9411909335905
13448	29.9400382697457
13476	29.9398693509218
13492	29.9389945483171
13494	29.9384544936917
13502	29.9375241188003
13530	29.9363969774927
13570	29.9363266399762
13576	29.9361745842547
13580	29.9361669737808
13584	29.9355912997712
13586	29.9350156425062
13592	29.9349654736762
13600	29.9344948336257
13626	29.9343630518185
13634	29.9337709150975
13656	29.9334364191102
13660	29.9333487838043
13664	29.9330855719744
13668	29.9329044976860
13672	29.9325507481674
13674	29.9322245581818
13678	29.9316818267537
13680	29.9315196456865
13684	29.9313213789369
13686	29.9308321812852
13696	29.9289072229223
13708	29.928623011781
13710	29.9274416085867
13728	29.9263906172288
13742	29.9261723323903
13744	29.9259938439172
13750	29.9252422969781
13760	29.9249021292274
13764	29.9235006929947
13770	29.9232048329734
13780	29.9218590862875
13800	29.9210599519955
13820	29.9208652210211
13824	29.9202070097181
13826	29.9194175125836
13846	29.9191840511799
13862	29.9168850871928
13872	29.915994739219
13876	29.9148635376772
13912	29.9142615257785
13936	29.913985620552
13942	29.9135116847736
13978	29.9127786591230
14002	29.9119816959146
14038	29.9108395547129
14068	29.9103022733230
14076	29.9094064454809
14104	29.9092889868388
14108	29.9087931936043
14114	29.9083859151414
14122	29.9083848584241
14130	29.9075778311740
14146	29.9073878221960
14150	29.9070250603451
14162	29.906834072733
14184	29.9054835993469
14238	29.9054209483517
14260	29.9053091191195
14268	29.9051136900375
14282	29.9048530523774
14290	29.9046583766903
14304	29.9043736919151
14312	29.9043729011542
14316	29.9042825134268
14330	29.9042311453311
14332	29.9042294281124
14336	29.9041216845786
14338	29.904013995985
14340	29.9039910950017
14350	29.9036658298625
14394	29.9035410780479
14410	29.9032925419061
14422	29.9032779907127
14434	29.902898464538
14462	29.9025259829686
14486	29.9024753820188
14500	29.9024735963353
14504	29.9024679059330
14506	29.9023578464431
14518	29.9020933314241
14528	29.9018498544428
14552	29.9018334696126
14556	29.9017856541240
14566	29.9015647325147
14568	29.9014911768986
14580	29.9013681173907
14610	29.9013611520153
14618	29.9012164695279
14622	29.9011356969183
14652	29.9010413757895
14664	29.9009107205025
14666	29.900880808796
14674	29.9008788135912
14680	29.900823645904
14690	29.9006160735336
14724	29.9005567157793
14744	29.9005200866373
14748	29.9003808331886
14756	29.9002873018988
14778	29.9002733021986
14786	29.9000437277403
14804	29.9000101218766
14814	29.8999649523346
14816	29.8996575129017
14822	29.8994180610252
14828	29.8993865474072
14852	29.8993648512787
14864	29.8993164258849
14866	29.8992046367724
14882	29.8989117774230
14888	29.8988145988014
14890	29.8986360570851
14902	29.8985505457736
14910	29.8982651283866
14918	29.8976777714355
14934	29.8969245600148
14976	29.8968477370834
14978	29.8967964610474
14980	29.8965113329824
14984	29.8962646432338
14986	29.8962588958573
14992	29.8957349903497
15000	29.8948843335294
15004	29.8943524304868
15010	29.8941972812630
15018	29.8933215930041
15022	29.8925606112873
15032	29.8924529808474
15036	29.8915708039779
15044	29.8907594052937
15062	29.890593499856
15070	29.8905067594484
15080	29.8902756301545
15090	29.8901733932103
15104	29.8899860757777
15142	29.8896736612034
15144	29.889553815208
15162	29.8895458456389
15180	29.8895283686424
15198	29.8890103244618
15238	29.8888736595962
15270	29.8886060659881
15276	29.8885925253922
15278	29.8883595705368
15318	29.888258204187
15334	29.8882392619564
15338	29.8881652776784
15352	29.8880824888502
15358	29.8879058992508
15380	29.8877930100155
15404	29.8875827075709
15412	29.8874182521256
15426	29.8873344252352
15446	29.8871383926703
15452	29.8868204980015
15460	29.8865235604847
15494	29.8864858541017
15496	29.8862773722170
15508	29.8858889841266
15518	29.8856851788117
15526	29.8855797365508
15556	29.8854567741461
15562	29.885434815868
15572	29.8852696351686
15574	29.8849239968830
15598	29.8848738220962
15608	29.8844232014593
15652	29.8843238384443
15654	29.8838269197444
15660	29.8838255437371
15662	29.8835477456378
15676	29.8833559083751
15688	29.883118415241
15696	29.8830088303753
15702	29.8827565150857
15708	29.8826983173350
15714	29.8824296712342
15716	29.8822071106687
15724	29.8818621276158
15734	29.8815151405915
15736	29.8812375776854
15762	29.8809781992192
15770	29.8808988859453
15774	29.8802451964141
15778	29.8800165651268
15780	29.8792262027266
15806	29.8782640409631
15822	29.8778690746278
15828	29.8776375190277
15848	29.8768869996583
15854	29.8767417885386
15858	29.8763399852756
15870	29.8754573662136
15886	29.8742780604008
15906	29.8742483544305
15932	29.8739846825999
15938	29.8739552701339
15944	29.8737126248262
15946	29.8734821180825
15968	29.8732154838553
15986	29.8726765435801
16000	29.8725768133435
16010	29.8719698927929
16066	29.87170284497
16096	29.8715087273163
16110	29.8714565684013
16132	29.8710156613432
16158	29.8708295900597
16198	29.8704164915965
16208	29.8702195253719
16234	29.8701111261833
16242	29.8701061537145
16244	29.8700671414625
16248	29.8699929474149
16250	29.8699664710683
16256	29.869883036028
16290	29.8697730027975
16308	29.8696366797948
16324	29.8696302137744
16352	29.8694562983686
16354	29.8692839301751
16368	29.8692562444766
16378	29.8691233341549
16412	29.8689729661882
16414	29.8684884875970
16424	29.8681923227088
16462	29.8679989042078
16480	29.867808454549
16500	29.8674690679809
16534	29.8672188017185
16538	29.8668138842834
16540	29.8668113471967
16550	29.8666999063771
16556	29.8666706294774
16564	29.8662328317754
16568	29.8659797521006
16588	29.8658118612633
16592	29.8657377068571
16604	29.8653921918685
16634	29.8653495241664
16650	29.8652673899774
16654	29.8652061105203
16656	29.8649939169174
16670	29.8649884526131
16674	29.8648819732072
16682	29.8647938136013
16690	29.8647365023307
16696	29.8643799694536
16708	29.8642326841340
16712	29.8641004163718
16742	29.8640279200104
16748	29.8640271481288
16758	29.8638333443803
16780	29.8638097760585
16784	29.8636434913429
16826	29.8636221015575
16838	29.8635937666918
16840	29.8635265332805
16844	29.8634296350504
16848	29.8632498601921
16860	29.86322785581
16862	29.8629210940266
16884	29.8628835456566
16890	29.8627753466353
16898	29.8624256678462
16904	29.8623477245776
16924	29.8622853812964
16926	29.8622493445877
16938	29.8617949835390
16952	29.8615303876337
16954	29.8611722687166
16984	29.8607214768266
17020	29.8606616094612
17028	29.8603331382216
17060	29.8602778268571
17064	29.8598513975544
17096	29.8597100017444
17114	29.85958461173
17124	29.859444977251
17130	29.8593201367477
17138	29.8592827500203
17154	29.8591056240256
17172	29.8590206159512
17190	29.8589298644003
17196	29.8588536049145
17202	29.8588493846518
17204	29.8587763434398
17214	29.8587669353775
17226	29.8586657677683
17230	29.8586274195019
17232	29.8586102869508
17234	29.8585809698495
17248	29.8584919228543
17252	29.8584113811576
17264	29.8583633513557
17266	29.8580974836118
17292	29.8579940849793
17316	29.857955325121
17338	29.8578854990806
17346	29.8576825853716
17374	29.8576680630629
17390	29.8576368366095
17394	29.8574540853177
17426	29.857284420814
17432	29.8572726551537
17434	29.8571073430783
17442	29.8570165620128
17446	29.856923338031
17456	29.8568798646988
17470	29.8567960751615
17476	29.8565680013407
17482	29.8564645574948
17502	29.8563150791973
17512	29.8562067806124
17524	29.8561786262127
17530	29.8560590818297
17544	29.8559612337356
17552	29.8558102997882
17588	29.8557686519137
17610	29.8557411345614
17622	29.8556234214031
17628	29.8555288203706
17648	29.8555125318342
17662	29.8553495125588
17682	29.8551913781976
17694	29.8548410601471
17734	29.8546834957415
17742	29.8545688819516
17752	29.8544508950245
17768	29.8543513947009
17782	29.8543356910170
17800	29.8543341800900
17818	29.8541312343937
17872	29.8541236287287
17880	29.8540666087113
17886	29.8539537265839
17910	29.8538692063635
17956	29.8538557874345
17960	29.8537696707384
17976	29.8537093958467
17984	29.8535984411918
18022	29.853481463717
18028	29.85335846521
18032	29.8533549280466
18042	29.8532783829810
18044	29.8532268122853
18052	29.8531264733062
18066	29.8530918106278
18098	29.8530392850131
18104	29.8530263208139
18106	29.8528555077755
18134	29.8528424129874
18136	29.8528227602175
18146	29.8527700128889
18158	29.8527473650176
18166	29.8527120464343
18170	29.8526915668297
18184	29.8526792880201
18188	29.8526600920269
18190	29.8526344548810
18208	29.8525922090326
18210	29.8525847199496
18240	29.8524710038109
18272	29.8524688018183
18276	29.8524659073892
18282	29.8524642514991
18298	29.8524007277685
18302	29.8523962364357
18306	29.8523697984106
18324	29.8522960818991
18338	29.8522796779605
18346	29.8521420347034
18364	29.8521256233257
18374	29.8520804289850
18384	29.8520682506939
18428	29.8520299702964
18448	29.8520260827791
18450	29.8519677659866
18456	29.8519671753348
18468	29.8519119887489
18472	29.8518878592784
18480	29.85175886965
18488	29.8517491558300
18490	29.8517418297168
18506	29.8517213055702
18516	29.8516835756620
18532	29.8516670770074
18548	29.8515582035236
18558	29.8514930580265
18572	29.8514248905786
18574	29.8514034525751
18588	29.851392947335
18598	29.8513636274581
18606	29.8513236989678
18608	29.8512135129544
18612	29.8511893403539
18628	29.8510334337930
18654	29.8509766487760
18678	29.8509523519169
18686	29.8507524578516
18722	29.8507163529900
18740	29.850714065232
18752	29.8506757822192
18770	29.850662240503
18780	29.8506512591215
18782	29.8506485934032
18786	29.8506153469815
18798	29.8505590655235
18808	29.8504968993994
18842	29.8504900413912
18862	29.8504899737176
18866	29.8504031884178
18900	29.8504016118562
18920	29.8503545734879
18946	29.8503422865978
18960	29.8503358821986
18968	29.8503075990983
18984	29.8502943296763
19022	29.8502869815213
19034	29.8502775342538
19040	29.8502625480712
19056	29.8502277337677
19074	29.8502108789016
19090	29.8502001601246
19114	29.8501969774062
19118	29.8501765776763
19142	29.8501637784132
19146	29.8501527513707
19150	29.8501005466635
19162	29.8500953256284
19180	29.8500914607451
19182	29.8500911300808
19190	29.8500879840502
19192	29.8500774080683
19206	29.8500693282697
19214	29.8500375668981
19244	29.8500311816731
19248	29.8500105962679
19256	29.8499856045625
19268	29.8499610849858
19306	29.8499512935915
19310	29.8499505206579
19320	29.8499402582393
19322	29.8499402207017
19330	29.8499248202716
19334	29.8498682372356
19342	29.8498678697675
19356	29.8498525580649
19394	29.8498512339121
19402	29.8498498269966
19438	29.8498236425913
19472	29.8498098738517
19482	29.8498046951855
19486	29.8497966753173
19520	29.8497853798604
19554	29.8497767388236
19564	29.8497761485346
19566	29.8497713429011
19568	29.8497504662849
19572	29.8497491430951
19602	29.849744188464
19608	29.8497258310283
19644	29.8497232259711
19658	29.8497139573366
19660	29.8497039809864
19664	29.8496992071228
19674	29.849679117889
19704	29.8496773758748
19734	29.8496724654137
19738	29.8496598119210
19746	29.849653094734
19774	29.8496527106173
19778	29.8496442776734
19780	29.8496329087108
19784	29.8496246743588
19796	29.8496162459761
19802	29.84960739449
19828	29.8495957188266
19830	29.8495952136574
19832	29.8495784482896
19838	29.8495668477172
19858	29.8495306548565
19890	29.8495174177514
19900	29.8494824357156
19920	29.8494583261581
19940	29.8494177775662
19954	29.8494112704861
19964	29.8493941032187
19982	29.8493810491548
19990	29.8493663501633
20002	29.8493049925092
20008	29.8492774472703
20044	29.8492763348673
20060	29.8492568975983
20066	29.8492534184391
20074	29.8492421650529
20090	29.8492405834367
20096	29.8492385779196
20098	29.8492321147007
20102	29.8492276065256
20120	29.8492269704345
20122	29.8492238234501
20142	29.8492113473413
20162	29.8491838362791
20206	29.8491661726127
20208	29.8491571214657
20276	29.8491565502918
20286	29.8491417646691
20300	29.8491414512411
20328	29.8491341843143
20330	29.8491281526732
20364	29.8491128026879
20368	29.8491048034752
20398	29.8491040793595
20424	29.8490939497071
20466	29.8490816020343
20486	29.8490791402051
20506	29.8490742562158
20540	29.8490708373747
20542	29.8490648261354
20556	29.8490606546990
20572	29.8490594353039
20582	29.8490566078534
20584	29.8490510719678
20598	29.8490503500476
20632	29.8490500479622
20636	29.8490465364226
20642	29.8490459875982
20648	29.8490449898416
20664	29.8490434692008
20666	29.8490419524644
20680	29.8490386268190
20706	29.8490383130688
20708	29.8490364684464
20740	29.8490349828829
20750	29.8490306077317
20764	29.8490274661287
20772	29.8490253688229
20782	29.8490237739313
20796	29.8490235191852
20800	29.8490164693323
20828	29.8490146276022
20838	29.8490094637581
20860	29.8490066927165
20882	29.8489970991945
20900	29.8489935642639
20902	29.8489875437049
20906	29.8489785872699
20924	29.8489751524504
20948	29.8489748954689
20958	29.8489725861355
20968	29.8489691998487
20980	29.8489687511706
20990	29.848967999931
21010	29.8489633403803
21018	29.8489567981682
21054	29.8489545084363
21058	29.8489535995499
21062	29.8489513537805
21064	29.8489504195601
21074	29.8489498547858
21080	29.8489492490037
21082	29.8489485677086
21100	29.8489475275708
21126	29.8489434115639
21138	29.8489426291614
21160	29.848939222632
21174	29.8489385731729
21178	29.8489382934744
21184	29.8489354818989
21200	29.8489350184201
21204	29.8489327217351
21210	29.8489325394891
21212	29.8489314500469
21216	29.8489272246068
21218	29.84892651343
21222	29.8489247797905
21226	29.8489236135406
21230	29.8489234042120
21238	29.8489207647127
21240	29.8489207507587
21242	29.8489170080671
21260	29.8489163177431
21264	29.8489157798092
21268	29.8489140330392
21276	29.8489137718684
21282	29.8489135440578
21298	29.8489086389114
21316	29.8489070554101
21324	29.8489047595154
21366	29.8489041036941
21378	29.8489012433233
21390	29.8488986248288
21420	29.8488948577465
21440	29.8488942000426
21446	29.8488911696184
21460	29.8488906234437
21470	29.8488896535415
21486	29.8488894239648
21488	29.8488886866614
21502	29.8488876214863
21508	29.8488868436267
21512	29.8488848825979
21526	29.8488843412401
21528	29.8488838945012
21550	29.8488831457745
21552	29.8488831321923
21556	29.8488812255037
21562	29.8488808074715
21566	29.8488802172207
21572	29.8488793519757
21586	29.8488791602206
21588	29.8488775082699
21604	29.8488770036452
21608	29.8488768352866
21612	29.848876081474
21646	29.8488754289491
21648	29.8488752620922
21664	29.8488737641922
21676	29.8488732876007
21684	29.8488730092633
21702	29.8488726711504
21710	29.8488707412244
21722	29.8488699198096
21766	29.8488678991874
21768	29.8488659760154
21786	29.8488642762135
21798	29.8488640845191
21826	29.8488623130282
21830	29.8488621651198
21832	29.8488600601132
21846	29.8488596768587
21862	29.8488590062618
21864	29.8488581723481
21868	29.8488573742794
21872	29.8488571780552
21886	29.8488542723917
21904	29.8488535821556
21928	29.8488529760646
21934	29.8488520473670
21942	29.8488508953159
21944	29.8488493638045
21954	29.8488477252924
21960	29.8488476449035
21968	29.8488450522754
21990	29.8488443825186
21996	29.8488430843736
22016	29.8488417879514
22038	29.8488399962667
22084	29.8488388734459
22118	29.8488384760776
22128	29.8488384402465
22150	29.8488375492271
22168	29.8488375221134
22172	29.8488367773509
22178	29.8488363533689
22190	29.8488360515149
22228	29.8488355320021
22232	29.8488351465656
22242	29.8488345393998
22260	29.8488337306197
22274	29.8488336359421
22278	29.8488335969901
22288	29.8488333745083
22296	29.8488333258356
22302	29.8488321068651
22306	29.8488318267412
22308	29.8488313666358
22320	29.8488306401724
22324	29.8488303774762
22332	29.8488294889678
22356	29.8488279627437
22360	29.8488272391117
22368	29.8488264325348
22378	29.8488258842577
22394	29.8488247023731
22396	29.8488240826308
22414	29.8488221082151
22428	29.8488210482851
22430	29.8488210452829
22434	29.8488190820878
22442	29.8488176746917
22476	29.8488156311595
22492	29.8488155862756
22498	29.8488155476090
22502	29.8488151484522
22506	29.8488145088652
22512	29.8488139861203
22514	29.8488121933104
22550	29.8488121925973
22556	29.8488114078603
22566	29.8488112498780
22574	29.8488111286137
22576	29.8488108816439
22586	29.8488098126686
22592	29.8488091195614
22622	29.8488080365801
22648	29.8488074942270
22658	29.8488074101586
22666	29.8488070988297
22676	29.8488062918308
22700	29.8488061760844
22702	29.8488060747541
22706	29.8488059252773
22714	29.8488052389270
22720	29.8488048875227
22724	29.8488042840041
22744	29.8488038257221
22760	29.8488037946171
22766	29.8488034711279
22772	29.848803039607
22794	29.8488029557963
22796	29.8488026887446
22802	29.8488023108074
22810	29.8488020209753
22836	29.8488018337928
22842	29.8488012201557
22846	29.8488002887496
22896	29.848800136606
22904	29.8487995049122
22906	29.8487992393321
22928	29.8487989043216
22932	29.8487983208756
22958	29.8487982352650
22966	29.8487974027569
22978	29.8487974026297
23002	29.8487967766683
23012	29.848796441976
23016	29.8487961837791
23030	29.848795853402
23060	29.848795811546
23066	29.8487952720677
23078	29.8487952548376
23082	29.8487947895531
23086	29.8487947108826
23104	29.8487945276864
23112	29.8487938726794
23122	29.8487934191672
23154	29.8487933976096
23158	29.8487933759977
23160	29.8487931344838
23168	29.8487931134881
23170	29.8487930268585
23186	29.8487925851587
23190	29.8487923209165
23198	29.8487922794603
23204	29.8487920625905
23208	29.8487916072239
23216	29.8487915441498
23220	29.8487913836942
23226	29.8487911998932
23236	29.8487907710021
23238	29.8487905427312
23244	29.8487903753777
23256	29.8487903002790
23264	29.8487899412672
23310	29.8487898347369
23320	29.8487893140287
23336	29.8487890814153
23338	29.8487885150968
23344	29.8487880707734
23352	29.8487878267167
23384	29.8487874650662
23388	29.8487872300831
23400	29.8487869751150
23402	29.8487868268204
23424	29.8487864212044
23432	29.848785060578
23454	29.8487850457352
23490	29.8487849702129
23526	29.8487848539334
23538	29.8487846984087
23546	29.8487845767945
23556	29.8487842832867
23564	29.8487840668001
23578	29.8487839384335
23602	29.8487838278293
23610	29.8487836646521
23612	29.8487835095313
23624	29.8487832973537
23628	29.848783078471
23640	29.8487827322221
23646	29.8487821429841
23654	29.8487818716189
23682	29.8487809910782
23698	29.8487809048096
23714	29.8487807890787
23736	29.8487807376687
23738	29.8487803678352
23764	29.8487801655477
23776	29.8487797514066
23794	29.8487796701954
23820	29.8487796300752
23830	29.848779328129
23840	29.8487792572880
23854	29.8487788766263
23900	29.84877839662
23912	29.8487782076157
23914	29.8487774107474
23920	29.8487773493552
23926	29.8487772087222
23952	29.8487769909361
23958	29.8487769772651
23980	29.848776977
23982	29.8487767636029
24014	29.8487766682346
24018	29.8487765498095
24046	29.8487764989989
24054	29.8487762114879
24070	29.8487761819415
24084	29.8487761099839
24096	29.8487758199215
24108	29.8487755514288
24144	29.8487754351737
24150	29.8487754282371
24154	29.8487750253927
24168	29.8487749818365
24184	29.8487746991616
24204	29.8487744608641
24214	29.8487744447454
24228	29.8487742576423
24240	29.848773737252
24326	29.8487737108528
24338	29.8487736224285
24344	29.8487736199163
24360	29.8487733932478
24366	29.8487733858836
24398	29.8487731669489
24402	29.8487730041118
24424	29.8487729389683
24430	29.8487728911741
24432	29.8487728018889
24436	29.8487727396303
24446	29.848772734183
24454	29.8487726799034
24458	29.848772573158
24480	29.8487724444695
24484	29.8487722314637
24516	29.8487722294834
24526	29.8487722016925
24528	29.8487719865166
24560	29.8487718132937
24568	29.8487716345973
24578	29.8487716058206
24592	29.8487714827238
24594	29.8487714798613
24600	29.8487714460257
24606	29.8487712873589
24632	29.8487710779263
24646	29.8487710314254
24656	29.84877089462
24664	29.8487707920343
24670	29.8487707860255
24674	29.848770783902
24686	29.8487707023408
24696	29.8487706542954
24714	29.8487706301282
24728	29.8487706145278
24730	29.8487703638543
24762	29.8487703008281
24766	29.8487700490855
24776	29.8487699926910
24786	29.8487699580020
24788	29.8487697657639
24816	29.8487697130743
24818	29.8487696935066
24824	29.8487695031125
24850	29.8487694533345
24852	29.8487693357222
24858	29.8487692583974
24870	29.8487692388667
24886	29.8487691167550
24896	29.8487690462695
24918	29.8487690441057
24952	29.8487688781355
24972	29.8487688231799
25000	29.8487688147242
25010	29.8487687450239
25016	29.8487686375263
25020	29.8487685276258
25030	29.8487684270945
25038	29.8487683593549
25042	29.8487683158607
25060	29.8487682487429
25074	29.8487680440071
25108	29.8487680086569
25118	29.8487678243705
25122	29.8487675993445
25142	29.8487674514833
25176	29.8487673760349
25184	29.8487673443548
25192	29.8487673205326
25198	29.8487672369912
25220	29.8487672074416
25222	29.8487671137476
25228	29.8487670337525
25230	29.8487670194543
25238	29.8487670137444
25242	29.8487669761918
25256	29.8487668852035
25264	29.848766880579
25280	29.8487668422677
25288	29.84876680748
25292	29.8487667365659
25310	29.8487666101662
25320	29.8487664911602
25322	29.8487664586182
25356	29.8487663872567
25362	29.8487663728080
25370	29.8487663080757
25392	29.8487662715621
25406	29.848766218307
25408	29.8487661815308
25428	29.8487660601049
25444	29.8487659899259
25456	29.8487658838139
25460	29.8487658547303
25466	29.8487658523735
25468	29.8487658159991
25472	29.8487657866913
25484	29.8487657198249
25492	29.8487657023383
25496	29.8487656723628
25502	29.8487655813593
25550	29.8487655308489
25554	29.8487655065069
25574	29.8487654985192
25586	29.8487654905143
25590	29.8487654825378
25596	29.8487653800342
25616	29.8487653034637
25622	29.8487652224691
25624	29.8487650732727
25626	29.8487649463406
25664	29.8487647396577
25666	29.8487642418324
25688	29.8487639461252
25714	29.8487639109512
25730	29.8487638570623
25732	29.8487637668882
25740	29.8487636275467
25742	29.8487633878497
25758	29.8487633179737
25774	29.8487633053101
25784	29.8487632225193
25794	29.8487631972879
25796	29.8487630940822
25814	29.8487629634784
25852	29.8487629290295
25860	29.8487627553699
25868	29.8487626457165
25880	29.8487626099887
25882	29.848762524222
25926	29.8487623477188
25944	29.8487619925122
25964	29.8487619738557
25968	29.8487619411456
25970	29.8487618530556
25980	29.8487617515652
25984	29.8487615750367
25986	29.8487615511626
25996	29.8487613422562
26016	29.8487610817339
26032	29.8487609681625
26036	29.8487609513805
26042	29.8487609439172
26048	29.8487607930271
26054	29.8487606616529
26070	29.8487604912028
26076	29.8487602989798
26100	29.8487601406596
26108	29.8487600787902
26116	29.8487600478965
26122	29.8487598916287
26136	29.8487598910028
26144	29.8487597697705
26154	29.848759651346
26156	29.8487595915094
26172	29.8487595384745
26182	29.8487594770245
26184	29.8487594319190
26186	29.8487594191859
26194	29.8487592853887
26226	29.8487592091508
26228	29.8487591169794
26264	29.8487591129271
26272	29.8487589816093
26296	29.8487588903568
26322	29.8487588818695
26330	29.8487587036298
26332	29.8487586972733
26350	29.8487586198681
26356	29.8487586025593
26382	29.8487584017303
26398	29.8487583961942
26402	29.8487583486575
26418	29.8487582456509
26426	29.8487581861300
26430	29.8487580599611
26500	29.8487580060719
26532	29.8487579014733
26566	29.8487578253162
26576	29.8487576896206
26598	29.8487576749629
26602	29.8487576684979
26614	29.8487576617205
26620	29.8487576001507
26632	29.84875757802
26634	29.8487575580062
26640	29.8487574858754
26674	29.8487574236110
26696	29.8487574103262
26698	29.8487574010894
26718	29.8487574005658
26720	29.8487572698700
26728	29.8487572607771
26730	29.8487571707016
26738	29.8487571335741
26750	29.8487570849954
26760	29.8487570407842
26770	29.8487569708054
26784	29.8487569453163
26786	29.8487569036095
26790	29.8487568364312
26796	29.8487568168058
26816	29.8487568017292
26840	29.8487567392773
26852	29.8487566492518
26856	29.8487566352526
26858	29.8487566038603
26864	29.8487564905068
26878	29.8487564540714
26894	29.8487564344283
26904	29.8487563908046
26906	29.8487563583283
26912	29.8487563501276
26916	29.8487563220728
26918	29.8487562162116
26938	29.8487561761305
26942	29.8487560570342
26992	29.8487559607543
27012	29.8487559138449
27018	29.8487558908
27036	29.8487557424238
27038	29.8487554748135
27058	29.8487553847596
27068	29.8487553632816
27084	29.8487552183489
27100	29.8487551628856
27102	29.8487550428809
27122	29.8487547942682
27136	29.8487547205344
27180	29.848754695769
27186	29.8487546500765
27192	29.8487546461771
27194	29.8487545514620
27218	29.848754491387
27230	29.8487544803122
27254	29.848754462104
27262	29.8487544296427
27264	29.8487544012488
27274	29.8487543275436
27306	29.8487543148697
27308	29.8487542312392
27318	29.8487542090573
27340	29.8487541604967
27354	29.8487541463273
27362	29.8487540778716
27380	29.8487540760976
27390	29.8487540486575
27426	29.8487539985638
27446	29.8487539537971
27448	29.8487539375361
27464	29.8487539264275
27482	29.8487538712441
27498	29.8487538591936
27544	29.8487538548354
27552	29.8487538394032
27556	29.8487538205785
27586	29.8487537873538
27588	29.8487537789797
27606	29.8487537725098
27608	29.8487537571309
27610	29.8487536795564
27612	29.8487536514328
27620	29.8487536349106
27626	29.8487535542410
27642	29.8487534000948
27652	29.8487533833406
27662	29.8487533651820
27674	29.8487533407145
27684	29.8487533304051
27706	29.848753217059
27708	29.8487531401957
27714	29.8487531182465
27728	29.8487530831132
27732	29.8487529822158
27736	29.8487529369612
27740	29.8487528823565
27744	29.8487528795523
27748	29.8487528494136
27752	29.8487528098274
27758	29.8487527996826
27768	29.8487526760296
27794	29.8487526717376
27800	29.8487526426390
27804	29.8487525642424
27812	29.8487525478738
27814	29.8487524383157
27844	29.8487524042194
27846	29.8487522991423
27858	29.848752279286
27860	29.8487522438945
27878	29.8487522177312
27888	29.8487521866034
27890	29.8487521183568
27904	29.8487520681822
27928	29.8487520608091
27938	29.8487519448792
27944	29.8487518950367
27956	29.8487518652209
27960	29.8487517283342
27972	29.8487516649949
27976	29.8487516427195
27998	29.8487516027364
28002	29.8487516008803
28004	29.8487515534773
28010	29.8487514385310
28048	29.8487513788893
28064	29.8487513620103
28066	29.8487513069843
28084	29.8487512860064
28086	29.8487512351828
28104	29.8487511787818
28134	29.8487511695285
28156	29.8487511595883
28164	29.8487511349717
28172	29.8487510333913
28180	29.8487509584535
28186	29.8487509230091
28202	29.8487508871463
28206	29.8487508352222
28240	29.8487507833469
28250	29.84875063628
28256	29.8487505842078
28258	29.8487505753735
28260	29.8487504604204
28294	29.8487504524528
28308	29.8487504301049
28322	29.8487503945029
28326	29.8487503630297
28340	29.8487503010693
28370	29.8487502828227
28394	29.8487502502751
28414	29.8487502382593
28416	29.8487502308625
28434	29.8487502307628
28436	29.8487501892639
28442	29.8487501608476
28444	29.8487501505964
28460	29.8487501314541
28476	29.8487501268094
28478	29.8487500050498
28504	29.8487499987255
28506	29.848749935173
28520	29.8487498969424
28528	29.8487498790472
28532	29.8487498756578
28538	29.8487498517235
28544	29.8487498162518
28558	29.8487497048628
28584	29.8487496719111
28608	29.8487496666343
28630	29.8487496080915
28644	29.8487495950635
28648	29.8487494613025
28678	29.8487494601547
28684	29.8487493961315
28690	29.8487493588067
28698	29.8487493095729
28708	29.8487493011002
28726	29.8487492934937
28740	29.8487492857432
28748	29.8487492663008
28762	29.8487492523556
28766	29.8487492318675
28778	29.8487491915289
28792	29.8487491796695
28796	29.8487490896977
28804	29.8487490694089
28812	29.8487490668740
28820	29.8487490468880
28822	29.8487490163224
28856	29.8487489958234
28888	29.8487489915559
28902	29.848748987951
28914	29.8487489739437
28936	29.8487489397268
28966	29.8487489262887
28996	29.8487489194846
29004	29.8487489149534
29012	29.8487489095621
29018	29.8487489076676
29020	29.8487488895602
29030	29.8487488691941
29032	29.8487488580343
29044	29.8487488443816
29060	29.8487488427417
29066	29.8487488420879
29076	29.8487488270813
29078	29.8487488249903
29084	29.8487488114299
29114	29.8487488068012
29158	29.8487487952842
29160	29.8487487934229
29162	29.8487487831011
29178	29.8487487767741
29180	29.8487487562061
29188	29.8487487504574
29190	29.848748747225
29200	29.8487487358637
29204	29.8487487289732
29206	29.8487487158386
29212	29.8487487022129
29228	29.8487486949576
29240	29.84874869178
29246	29.8487486831390
29250	29.8487486775505
29264	29.8487486669316
29294	29.8487486658073
29296	29.8487486437231
29306	29.8487486334894
29330	29.8487486256917
29354	29.8487486153704
29360	29.8487485964506
29362	29.8487485943397
29366	29.8487485788409
29374	29.8487485622435
29376	29.8487485601223
29392	29.8487485396837
29414	29.8487485292631
29424	29.8487485214652
29428	29.8487484993434
29440	29.8487484985188
29452	29.8487484667013
29464	29.8487484642676
29480	29.8487484606895
29492	29.8487484578986
29508	29.8487484407369
29510	29.8487484344136
29516	29.8487484254620
29522	29.8487484249728
29530	29.8487484176260
29538	29.8487484174722
29540	29.84874841190
29548	29.8487483450458
29576	29.8487483434869
29578	29.8487483277349
29600	29.8487482804704
29634	29.8487482499079
29636	29.8487482434104
29676	29.8487482350289
29690	29.8487482281878
29712	29.8487482034056
29724	29.8487482031371
29732	29.8487481626758
29748	29.8487481593522
29754	29.8487481578517
29756	29.8487481365553
29770	29.8487481218094
29792	29.8487481140502
29800	29.8487481136620
29808	29.8487481108761
29810	29.8487480606141
29820	29.8487480547487
29848	29.8487480477573
29856	29.8487480346979
29858	29.8487480226184
29882	29.8487480153535
29892	29.8487479943154
29900	29.8487479913194
29910	29.8487479888170
29914	29.8487479858542
29928	29.8487479704956
29932	29.8487479455057
29934	29.848747938624
29944	29.8487479256158
29968	29.8487478966704
30010	29.8487478868312
30026	29.8487478724232
30030	29.8487478648007
30032	29.8487478382085
30050	29.8487478365639
30064	29.8487478252065
30074	29.8487478106515
30098	29.8487478081285
30108	29.8487477714823
30140	29.8487477495867
30166	29.8487477275038
30188	29.8487477118416
30196	29.848747710892
30202	29.8487477098031
30218	29.8487476997628
30228	29.8487476997571
30234	29.8487476866683
30236	29.8487476759054
30238	29.8487476735779
30250	29.84874766697
30254	29.8487476569957
30258	29.848747622665
30276	29.8487476182489
30282	29.8487476041279
30286	29.8487476028229
30300	29.848747585357
30318	29.8487475534503
30336	29.8487475172870
30378	29.8487475084185
30384	29.8487474911595
30406	29.8487474667398
30436	29.8487474616314
30448	29.848747455227
30458	29.8487474436759
30478	29.8487474383713
30494	29.8487474251972
30502	29.8487474229325
30524	29.8487474186979
30530	29.8487474056005
30536	29.8487474010113
30546	29.8487473936126
30554	29.8487473903908
30558	29.8487473886741
30580	29.8487473845389
30590	29.8487473725696
30604	29.848747352709
30608	29.8487473481383
30624	29.8487473434405
30628	29.8487473355980
30640	29.8487473320996
30664	29.8487473216297
30672	29.8487473171461
30674	29.8487473137046
30678	29.8487473095178
30686	29.8487473062338
30688	29.8487472820664
30702	29.8487472816825
30716	29.8487472752862
30736	29.8487472731070
30742	29.8487472630420
30748	29.8487472499838
30776	29.8487472435398
30786	29.848747223519
30796	29.8487472127668
30804	29.8487472086899
30816	29.8487471999353
30848	29.8487471961558
30854	29.8487471859817
30866	29.8487471818683
30886	29.8487471769454
30908	29.8487471737334
30922	29.8487471721285
30958	29.8487471710831
30974	29.8487471696047
30976	29.8487471663486
30982	29.8487471648489
31004	29.8487471630534
31006	29.8487471534246
31034	29.8487471525514
31048	29.8487471521515
31056	29.8487471521244
31060	29.8487471503260
31068	29.8487471458541
31084	29.8487471422519
31088	29.8487471387405
31090	29.8487471338898
31112	29.8487471266496
31124	29.8487471237693
31148	29.8487471143418
31164	29.8487471134536
31184	29.8487471052906
31194	29.8487471047361
31200	29.8487471035646
31208	29.8487470974604
31214	29.8487470962842
31220	29.8487470938801
31224	29.848747085801
31228	29.8487470780828
31232	29.8487470769287
31240	29.8487470767667
31254	29.8487470729017
31262	29.8487470722424
31264	29.848747067766
31288	29.8487470630747
31300	29.8487470629491
31314	29.8487470622794
31318	29.8487470520972
31342	29.8487470470178
31372	29.8487470357216
31376	29.8487470355925
31382	29.8487470319621
31386	29.8487470318551
31398	29.8487470313473
31420	29.8487470293940
31424	29.8487470186021
31428	29.8487470078165
31436	29.8487470028625
31448	29.8487469971877
31458	29.8487469948977
31462	29.8487469853714
31474	29.8487469807065
31478	29.8487469758876
31494	29.8487469651968
31496	29.8487469559703
31520	29.8487469534100
31528	29.8487469329727
31538	29.8487469318302
31556	29.8487469003296
31602	29.8487468880543
31616	29.8487468856944
31642	29.8487468854553
31648	29.8487468789378
31662	29.8487468735399
31696	29.8487468691389
31698	29.8487468673079
31726	29.8487468649632
31746	29.8487468567229
31754	29.848746854954
31756	29.8487468531776
31758	29.8487468517896
31760	29.8487468484745
31770	29.8487468409150
31814	29.8487468402069
31822	29.8487468318833
31836	29.8487468306415
31840	29.8487468284737
31876	29.8487468271886
31880	29.8487468265236
31896	29.8487468254697
31900	29.8487468237836
31908	29.8487468220628
31910	29.8487468203502
31916	29.8487468167710
31934	29.8487468156167
31950	29.8487468151759
31960	29.8487468135243
31972	29.8487468099268
31980	29.8487468091543
31982	29.8487468087902
31984	29.8487468072001
31998	29.8487468022820
32008	29.8487467982515
32014	29.8487467967109
32034	29.8487467952657
32070	29.8487467940840
32092	29.8487467915729
32102	29.8487467915059
32130	29.848746791451
32134	29.8487467913239
32150	29.8487467903977
32158	29.848746789819
32172	29.8487467885641
32198	29.8487467866966
32202	29.8487467859132
32204	29.8487467858379
32220	29.8487467858069
32238	29.8487467854841
32240	29.8487467853761
32242	29.8487467840391
32248	29.8487467836023
32250	29.8487467830173
32264	29.8487467821371
32282	29.8487467816553
32290	29.8487467814881
32298	29.8487467810723
32304	29.8487467804179
32312	29.8487467802489
32320	29.8487467800390
32326	29.8487467788328
32342	29.8487467772756
32354	29.8487467764039
32364	29.8487467761588
32384	29.8487467756791
32390	29.8487467753314
32394	29.8487467742163
32418	29.8487467740055
32420	29.848746772482
32424	29.8487467702231
32430	29.8487467682084
32446	29.8487467681183
32454	29.8487467670596
32460	29.8487467654339
32462	29.8487467631151
32504	29.8487467600175
32512	29.8487467543156
32518	29.8487467488721
32532	29.8487467473838
32540	29.8487467460992
32542	29.8487467455249
32546	29.8487467448612
32550	29.8487467428607
32594	29.8487467426517
32600	29.8487467412975
32610	29.8487467354931
32638	29.8487467329439
32642	29.8487467291258
32682	29.8487467280971
32706	29.8487467248216
32740	29.848746724697
32766	29.8487467242176
32770	29.8487467240353
32776	29.8487467229298
32824	29.848746722437
32836	29.8487467210503
32872	29.8487467208719
32874	29.8487467202691
32882	29.8487467201988
32884	29.8487467192576
32888	29.8487467188178
32920	29.8487467185798
32924	29.8487467180469
32934	29.8487467169222
32946	29.8487467161628
32956	29.8487467150573
32962	29.8487467148424
32972	29.8487467144758
32976	29.8487467141856
32996	29.8487467130537
33038	29.8487467123845
33052	29.8487467116544
33072	29.8487467110213
33074	29.8487467108724
33094	29.8487467100928
33102	29.8487467100541
33114	29.8487467089408
33122	29.8487467089386
33124	29.8487467087094
33128	29.848746708698
33132	29.8487467086439
33136	29.8487467085900
33142	29.8487467082024
33162	29.8487467079583
33174	29.8487467058103
33184	29.8487467057828
33196	29.8487467050354
33224	29.8487467038431
33232	29.8487467034773
33234	29.8487467021133
33258	29.8487467010597
33260	29.8487467008025
33282	29.8487466992908
33286	29.8487466967832
33312	29.8487466960223
33324	29.8487466958925
33328	29.8487466943028
33330	29.8487466920168
33334	29.8487466909184
33348	29.8487466903699
33354	29.8487466889328
33372	29.8487466879925
33378	29.8487466869531
33412	29.8487466856736
33420	29.8487466848801
33466	29.8487466824534
33470	29.848746681958
33476	29.8487466819095
33480	29.8487466799200
33498	29.8487466789108
33510	29.8487466773971
33536	29.848746676566
33542	29.8487466764592
33546	29.8487466758836
33550	29.8487466757182
33552	29.8487466754939
33556	29.8487466750342
33562	29.8487466727233
33578	29.8487466704106
33584	29.8487466700225
33604	29.8487466693199
33606	29.8487466688721
33610	29.8487466686793
33616	29.8487466643303
33620	29.8487466622848
33668	29.8487466617822
33670	29.8487466613207
33674	29.84874665931
33686	29.8487466567162
33692	29.8487466491863
33704	29.8487466480861
33714	29.8487466472317
33716	29.8487466461852
33718	29.8487466429502
33744	29.8487466422248
33760	29.8487466414869
33764	29.8487466371987
33794	29.8487466369127
33812	29.8487466367933
33826	29.848746636236
33832	29.8487466361189
33836	29.8487466349882
33842	29.8487466335351
33850	29.8487466315642
33894	29.8487466305759
33908	29.8487466286398
33922	29.8487466252186
33934	29.8487466226785
33942	29.8487466222988
33966	29.8487466202827
33984	29.8487466174931
34012	29.8487466174188
34016	29.8487466169609
34024	29.8487466151889
34028	29.8487466147608
34030	29.8487466142904
34036	29.8487466127554
34056	29.8487466119921
34076	29.8487466116438
34100	29.8487466108601
34110	29.8487466105440
34114	29.8487466102987
34124	29.8487466089819
34136	29.8487466085173
34160	29.8487466081617
34170	29.8487466080994
34172	29.8487466071932
34192	29.8487466071761
34200	29.8487466066168
34206	29.8487466062055
34216	29.8487466061216
34226	29.8487466061136
34232	29.8487466052359
34242	29.8487466047149
34252	29.8487466045741
34258	29.8487466037196
34266	29.8487466034564
34274	29.8487466033734
34276	29.848746602984
34278	29.8487465989545
34308	29.8487465970562
34338	29.8487465958248
34380	29.8487465952053
34386	29.8487465933539
34420	29.8487465931613
34428	29.8487465926447
34448	29.8487465921119
34478	29.8487465915156
34498	29.8487465913174
34506	29.8487465911339
34514	29.8487465910009
34520	29.8487465907820
34522	29.8487465896935
34548	29.8487465894108
34554	29.8487465893741
34560	29.8487465892777
34564	29.8487465892607
34572	29.8487465891460
34580	29.8487465885419
34590	29.8487465882730
34596	29.8487465881811
34618	29.8487465874877
34626	29.8487465872157
34630	29.8487465868274
34632	29.8487465862577
34676	29.8487465858561
34686	29.848746585536
34688	29.8487465854172
34706	29.8487465852557
34722	29.8487465847387
34732	29.8487465845446
34758	29.8487465841678
34760	29.8487465840262
34766	29.8487465833363
34780	29.8487465830392
34782	29.8487465830067
34784	29.8487465823221
34820	29.848746581775
34830	29.8487465810663
34842	29.8487465807472
34846	29.8487465795634
34852	29.8487465793242
34866	29.8487465786485
34890	29.8487465785511
34892	29.8487465783936
34896	29.8487465782853
34904	29.8487465781699
34906	29.8487465779517
34910	29.8487465777727
34916	29.8487465766478
34926	29.8487465761806
34928	29.8487465760324
34936	29.8487465750598
34938	29.8487465750230
34946	29.8487465750107
34952	29.8487465748695
34956	29.8487465742681
34970	29.8487465736165
34976	29.8487465731809
34998	29.8487465726119
35010	29.8487465725494
35016	29.8487465723991
35024	29.8487465723387
35028	29.8487465721362
35032	29.8487465720608
35040	29.8487465716577
35068	29.8487465713553
35098	29.8487465711292
35104	29.848746570873
35108	29.8487465706438
35114	29.8487465704454
35158	29.8487465703539
35162	29.84874657027
35178	29.8487465699633
35184	29.8487465694348
35208	29.8487465693960
35238	29.848746569339
35242	29.8487465688365
35256	29.8487465685605
35266	29.8487465680356
35278	29.8487465678367
35306	29.8487465678061
35312	29.8487465677591
35326	29.8487465674218
35356	29.8487465673690
35360	29.8487465672388
35366	29.8487465670059
35376	29.8487465669601
35380	29.8487465668350
35384	29.8487465668234
35390	29.848746566239
35404	29.8487465662331
35408	29.8487465661450
35414	29.8487465661358
35418	29.8487465657686
35428	29.8487465656374
35440	29.8487465656020
35448	29.8487465653774
35480	29.8487465652624
35498	29.8487465651056
35526	29.8487465649427
35568	29.8487465648355
35576	29.8487465648295
35578	29.8487465646305
35592	29.8487465645203
35602	29.8487465644933
35612	29.8487465644608
35616	29.8487465642920
35624	29.8487465642403
35644	29.8487465641062
35660	29.8487465639797
35664	29.8487465639402
35686	29.8487465637676
35690	29.8487465636447
35694	29.8487465636299
35700	29.8487465634840
35706	29.84874656339
35740	29.8487465632342
35748	29.8487465631944
35762	29.8487465631474
35778	29.8487465629291
35796	29.8487465628764
35804	29.8487465624245
35822	29.8487465618155
35834	29.8487465617325
35866	29.8487465614406
35868	29.8487465613952
35882	29.8487465609513
35898	29.8487465607603
35900	29.8487465606478
35904	29.8487465604979
35906	29.8487465603613
35908	29.8487465601645
35922	29.8487465588626
35926	29.8487465588101
35950	29.8487465584091
35964	29.8487465577834
36002	29.8487465575484
36010	29.8487465567703
36030	29.8487465565654
36048	29.8487465564656
36050	29.8487465560423
36052	29.8487465554306
36066	29.8487465548320
36090	29.8487465546963
36100	29.8487465542826
36110	29.8487465541174
36130	29.8487465531091
36162	29.8487465529218
36166	29.8487465528906
36176	29.84874655287
36180	29.8487465525799
36186	29.8487465524394
36208	29.8487465513355
36220	29.8487465511685
36230	29.8487465507468
36232	29.8487465507432
36240	29.8487465504026
36244	29.8487465502403
36252	29.8487465500540
36262	29.8487465499042
36286	29.8487465498165
36292	29.8487465494751
36302	29.8487465490591
36312	29.8487465489432
36316	29.8487465483681
36340	29.8487465482675
36352	29.8487465478680
36390	29.8487465475790
36394	29.8487465474121
36396	29.8487465472980
36406	29.8487465467463
36426	29.848746546208
36448	29.8487465460735
36464	29.8487465458104
36466	29.8487465455129
36476	29.8487465443506
36486	29.8487465436693
36490	29.8487465425972
36512	29.8487465423833
36548	29.8487465423752
36552	29.8487465418237
36562	29.8487465409000
36578	29.8487465403957
36586	29.8487465401201
36598	29.8487465397018
36644	29.8487465393259
36654	29.8487465391548
36656	29.8487465391055
36658	29.8487465389750
36664	29.8487465389645
36666	29.8487465389255
36672	29.8487465385573
36704	29.8487465383874
36712	29.8487465383628
36716	29.8487465380179
36754	29.8487465379454
36766	29.8487465375590
36800	29.8487465375079
36826	29.8487465375069
36830	29.848746537401
36832	29.8487465371755
36852	29.8487465369499
36862	29.848746536781
36888	29.8487465366602
36912	29.8487465363774
36928	29.8487465362563
36938	29.8487465359908
36950	29.8487465359143
36960	29.8487465357731
36978	29.848746535452
36982	29.8487465354173
36994	29.8487465352912
37012	29.8487465352335
37016	29.8487465350726
37022	29.8487465348696
37030	29.8487465348151
37040	29.8487465345482
37046	29.8487465344659
37066	29.8487465344236
37076	29.8487465343953
37082	29.8487465340340
37102	29.8487465340104
37110	29.8487465339149
37122	29.8487465337193
37136	29.8487465334738
37150	29.8487465333585
37158	29.8487465333117
37162	29.8487465332506
37170	29.8487465326822
37212	29.8487465325788
37226	29.8487465323541
37276	29.8487465322809
37282	29.8487465322195
37286	29.8487465321736
37290	29.84874653206
37296	29.8487465320569
37298	29.8487465320235
37300	29.8487465317398
37314	29.8487465315253
37326	29.8487465312025
37340	29.8487465310984
37354	29.8487465310712
37378	29.8487465310107
37412	29.8487465309492
37430	29.8487465308905
37456	29.8487465307735
37466	29.8487465307058
37472	29.8487465306656
37504	29.8487465306558
37514	29.8487465306130
37532	29.8487465306009
37552	29.8487465305635
37584	29.848746530555
37592	29.8487465305286
37614	29.8487465304689
37616	29.8487465304444
37632	29.8487465304337
37638	29.8487465304092
37648	29.8487465304043
37660	29.8487465303542
37666	29.8487465303145
37702	29.8487465303101
37708	29.8487465302986
37734	29.8487465302761
37758	29.8487465302519
37762	29.8487465302387
37768	29.848746530202
37812	29.8487465301849
37816	29.8487465301811
37820	29.8487465301732
37822	29.8487465301670
37834	29.8487465301645
37836	29.8487465301584
37852	29.8487465301566
37854	29.8487465301487
37862	29.8487465301446
37866	29.8487465301433
37872	29.8487465300852
37876	29.8487465300852
37878	29.848746530077
37888	29.8487465300711
37900	29.8487465300403
37920	29.8487465300351
37924	29.8487465300083
37942	29.8487465299961
37946	29.8487465299376
37956	29.8487465299269
37960	29.8487465298629
37962	29.848746529826
37978	29.8487465298032
37986	29.8487465297858
38004	29.8487465297836
38018	29.8487465297532
38026	29.8487465297321
38030	29.848746529689
38042	29.8487465295582
38062	29.8487465295328
38066	29.848746529465
38078	29.8487465294452
38100	29.8487465294324
38102	29.8487465294179
38108	29.8487465293327
38116	29.8487465292921
38122	29.8487465292485
38124	29.8487465292289
38140	29.8487465292183
38148	29.8487465292026
38152	29.8487465291454
38168	29.8487465290991
38172	29.8487465290953
38180	29.8487465290604
38192	29.8487465290581
38202	29.8487465290433
38220	29.8487465290277
38222	29.8487465290154
38226	29.8487465289897
38244	29.8487465289427
38254	29.8487465289058
38262	29.8487465288746
38264	29.8487465288518
38286	29.848746528834
38288	29.8487465288205
38298	29.848746528794
38302	29.848746528786
38310	29.8487465287575
38320	29.8487465287538
38332	29.8487465287357
38338	29.8487465287185
38356	29.8487465286998
38362	29.8487465286917
38366	29.8487465286737
38370	29.8487465286612
38376	29.8487465286442
38388	29.8487465286318
38390	29.8487465286102
38398	29.8487465285737
38404	29.84874652856
38410	29.8487465285574
38414	29.8487465285461
38418	29.8487465284596
38450	29.8487465284013
38466	29.8487465283694
38490	29.8487465283626
38500	29.8487465283552
38502	29.8487465282961
38534	29.8487465282635
38538	29.8487465282368
38546	29.8487465282125
38558	29.8487465282104
38560	29.8487465282091
38576	29.8487465281980
38580	29.8487465281787
38590	29.8487465281158
38606	29.8487465280840
38624	29.8487465280771
38640	29.848746528047
38646	29.8487465280066
38666	29.8487465279889
38674	29.8487465279760
38680	29.8487465279749
38688	29.8487465279686
38696	29.8487465279294
38702	29.8487465279291
38704	29.8487465279193
38708	29.8487465278656
38724	29.8487465278326
38736	29.8487465278163
38744	29.8487465278059
38756	29.8487465277954
38764	29.8487465277568
38778	29.8487465277311
38784	29.8487465277281
38800	29.8487465276906
38804	29.8487465276845
38826	29.8487465276753
38848	29.8487465276641
38858	29.8487465276081
38860	29.8487465275978
38884	29.8487465275839
38902	29.8487465275544
38916	29.8487465275033
38940	29.8487465274991
38952	29.8487465274982
38958	29.8487465274807
38980	29.8487465274706
38988	29.8487465274595
39002	29.8487465274498
39008	29.8487465274347
39014	29.8487465274114
39038	29.8487465273981
39046	29.8487465273653
39052	29.8487465273395
39082	29.8487465273351
39086	29.8487465273346
39090	29.8487465272789
39112	29.8487465272232
39130	29.8487465271978
39132	29.8487465271249
39170	29.8487465270928
39184	29.8487465270609
39186	29.8487465270414
39192	29.8487465270133
39208	29.8487465270044
39218	29.8487465270012
39220	29.8487465269551
39232	29.8487465269365
39258	29.8487465269359
39260	29.8487465268595
39286	29.8487465268362
39318	29.8487465268127
39334	29.8487465268116
39366	29.8487465267910
39368	29.8487465267902
39372	29.8487465267868
39376	29.8487465267709
39380	29.8487465267486
39384	29.8487465267351
39386	29.8487465267143
39408	29.8487465267122
39418	29.848746526701
39422	29.8487465266369
39424	29.8487465266264
39448	29.8487465266173
39456	29.848746526612
39472	29.8487465266101
39480	29.8487465265404
39520	29.8487465265389
39530	29.848746526524
39550	29.8487465264674
39554	29.8487465264404
39564	29.8487465264286
39572	29.8487465264273
39574	29.848746526412
39592	29.8487465263537
39652	29.8487465263158
39672	29.8487465263149
39676	29.8487465263097
39688	29.8487465262994
39694	29.8487465262817
39704	29.848746526276
39720	29.8487465262671
39722	29.8487465262263
39738	29.8487465261905
39752	29.8487465261269
39766	29.8487465261207
39776	29.8487465261154
39812	29.8487465261125
39822	29.8487465260854
39824	29.8487465260283
39834	29.8487465259818
39860	29.8487465259464
39876	29.8487465259248
39896	29.8487465258998
39906	29.8487465258801
39918	29.8487465258437
39924	29.8487465258151
39950	29.8487465257988
39956	29.8487465257766
39958	29.8487465256994
39970	29.8487465256950
39980	29.8487465256522
39996	29.8487465256468
39998	29.8487465255747
40006	29.8487465255490
40010	29.8487465255159
40038	29.8487465255134
40040	29.8487465254967
40048	29.8487465254945
40072	29.8487465254908
40084	29.8487465254771
40090	29.8487465254651
40092	29.8487465254646
40104	29.8487465254571
40112	29.8487465254565
40122	29.8487465254536
40128	29.8487465254462
40150	29.8487465254236
40160	29.8487465254197
40170	29.8487465253752
40186	29.8487465253497
40210	29.8487465253413
40216	29.8487465253037
40226	29.8487465252992
40238	29.8487465252746
40248	29.8487465252618
40272	29.8487465252583
40280	29.8487465252547
40284	29.8487465252512
40286	29.8487465252481
40296	29.8487465252436
40302	29.8487465252428
40312	29.8487465252356
40332	29.8487465252169
40334	29.8487465252063
40346	29.8487465252049
40352	29.8487465252003
40354	29.8487465251977
40356	29.8487465251792
40358	29.8487465251665
40362	29.8487465251597
40368	29.848746525155
40386	29.8487465251484
40418	29.8487465251293
40422	29.8487465251173
40464	29.8487465250870
40494	29.8487465250621
40498	29.8487465250595
40508	29.8487465250066
40522	29.848746524985
40528	29.848746524972
40532	29.8487465249376
40538	29.8487465249214
40566	29.8487465249008
40580	29.8487465248955
40582	29.8487465248885
40612	29.8487465248865
40614	29.8487465248772
40630	29.8487465248564
40640	29.8487465248475
40656	29.8487465248333
40658	29.8487465248103
40664	29.8487465247986
40678	29.8487465247974
40680	29.8487465247964
40682	29.8487465247888
40702	29.8487465247691
40718	29.8487465247615
40728	29.8487465247494
40744	29.8487465247443
40758	29.8487465247206
40780	29.8487465247167
40786	29.848746524709
40798	29.8487465246769
40800	29.8487465246564
40856	29.8487465246348
40860	29.848746524629
40878	29.8487465246264
40882	29.8487465246202
40886	29.8487465246061
40908	29.8487465246024
40914	29.848746524583
40928	29.8487465245819
40946	29.8487465245753
40948	29.8487465245707
40980	29.8487465245606
41008	29.8487465245515
41010	29.8487465245508
41030	29.8487465245366
41046	29.8487465245257
41066	29.8487465245252
41072	29.8487465245177
41076	29.8487465245167
41082	29.8487465245151
41096	29.8487465245118
41128	29.8487465245068
41132	29.8487465244889
41136	29.8487465244824
41138	29.8487465244735
41182	29.8487465244718
41190	29.8487465244696
41194	29.8487465244544
41206	29.848746524451
41214	29.8487465244472
41222	29.8487465244360
41242	29.8487465244351
41248	29.8487465244348
41250	29.8487465244334
41252	29.8487465244331
41256	29.8487465244303
41258	29.8487465244215
41266	29.8487465244078
41272	29.8487465244054
41286	29.8487465243958
41292	29.8487465243884
41304	29.848746524387
41306	29.8487465243778
41308	29.8487465243687
41346	29.848746524367
41358	29.8487465243617
41368	29.8487465243600
41370	29.8487465243415
41372	29.8487465243378
41412	29.8487465243333
41414	29.8487465243311
41428	29.8487465243301
41450	29.8487465243127
41468	29.8487465243095
41480	29.8487465243072
41484	29.8487465242952
41486	29.8487465242922
41494	29.848746524284
41500	29.8487465242674
41520	29.8487465242655
41544	29.8487465242615
41546	29.8487465242579
41562	29.8487465242545
41564	29.8487465242445
41580	29.8487465242347
41586	29.8487465242331
41596	29.8487465242262
41612	29.8487465242175
41632	29.848746524217
41634	29.8487465242108
41652	29.8487465242062
41664	29.8487465241992
41666	29.8487465241988
41680	29.8487465241916
41700	29.8487465241911
41704	29.8487465241903
41714	29.8487465241826
41728	29.8487465241822
41732	29.8487465241745
41734	29.8487465241702
41750	29.8487465241623
41770	29.8487465241605
41774	29.8487465241543
41786	29.8487465241502
41802	29.8487465241413
41842	29.8487465241386
41858	29.8487465241345
41864	29.8487465241332
41878	29.8487465241322
41886	29.8487465241237
41904	29.8487465241131
41932	29.8487465241129
41958	29.8487465241066
42000	29.8487465241064
42004	29.8487465241046
42012	29.8487465241011
42018	29.8487465241000
42026	29.8487465240988
42030	29.8487465240904
42056	29.8487465240884
42068	29.8487465240857
42090	29.8487465240806
42102	29.8487465240791
42116	29.8487465240761
42124	29.8487465240724
42170	29.8487465240722
42176	29.8487465240708
42200	29.8487465240706
42204	29.8487465240706
42206	29.8487465240656
42234	29.848746524065
42238	29.8487465240627
42254	29.8487465240591
42270	29.8487465240575
42276	29.8487465240551
42290	29.848746524054
42292	29.8487465240502
42306	29.8487465240474
42316	29.8487465240413
42324	29.8487465240387
42328	29.8487465240331
42342	29.8487465240326
42354	29.8487465240298
42358	29.8487465240192
42362	29.8487465240178
42382	29.8487465240165
42386	29.8487465240148
42400	29.8487465240148
42404	29.8487465240123
42406	29.8487465240106
42424	29.8487465240106
42450	29.8487465240056
42454	29.8487465240042
42466	29.8487465240005
42468	29.8487465240003
42470	29.8487465239974
42482	29.8487465239935
42488	29.8487465239915
42510	29.8487465239909
42512	29.8487465239906
42516	29.8487465239851
42526	29.8487465239839
42546	29.8487465239828
42548	29.8487465239815
42560	29.8487465239763
42578	29.8487465239747
42580	29.8487465239719
42586	29.8487465239663
42590	29.8487465239662
42594	29.8487465239658
42596	29.8487465239646
42602	29.8487465239603
42610	29.8487465239592
42616	29.8487465239570
42626	29.8487465239559
42630	29.8487465239542
42632	29.8487465239507
42648	29.8487465239485
42666	29.8487465239471
42676	29.8487465239471
42678	29.8487465239414
42684	29.8487465239338
42734	29.8487465239314
42754	29.8487465239277
42756	29.8487465239266
42766	29.8487465239253
42780	29.8487465239219
42788	29.8487465239149
42796	29.8487465239108
42806	29.8487465239097
42808	29.8487465239075
42816	29.8487465239044
42842	29.8487465239010
42854	29.8487465239005
42860	29.8487465238981
42870	29.8487465238953
42886	29.8487465238949
42898	29.8487465238942
42902	29.8487465238919
42904	29.8487465238916
42910	29.8487465238901
42920	29.8487465238868
42924	29.8487465238861
42926	29.8487465238855
42948	29.8487465238848
42962	29.848746523883
42974	29.8487465238788
43000	29.8487465238785
43028	29.8487465238773
43042	29.8487465238758
43046	29.8487465238754
43054	29.8487465238747
43060	29.8487465238706
43086	29.8487465238704
43094	29.8487465238696
43100	29.8487465238687
43110	29.8487465238664
43130	29.8487465238655
43142	29.8487465238653
43144	29.8487465238641
43166	29.8487465238632
43180	29.8487465238626
43182	29.8487465238622
43188	29.8487465238594
43190	29.8487465238591
43194	29.848746523859
43214	29.8487465238575
43228	29.8487465238548
43256	29.8487465238546
43264	29.8487465238521
43266	29.8487465238515
43294	29.8487465238479
43328	29.8487465238475
43336	29.8487465238468
43356	29.8487465238446
43368	29.8487465238426
43388	29.848746523841
43404	29.8487465238405
43412	29.8487465238395
43420	29.8487465238387
43422	29.8487465238380
43446	29.8487465238365
43460	29.8487465238324
43502	29.8487465238312
43558	29.8487465238308
43596	29.8487465238304
43598	29.8487465238303
43608	29.8487465238295
43612	29.8487465238277
43614	29.8487465238274
43630	29.8487465238271
43656	29.8487465238271
43664	29.8487465238265
43666	29.8487465238241
43706	29.8487465238216
43710	29.8487465238216
43726	29.8487465238213
43740	29.8487465238209
43746	29.8487465238183
43776	29.8487465238176
43794	29.8487465238171
43804	29.848746523817
43808	29.8487465238162
43814	29.8487465238146
43832	29.8487465238141
43850	29.8487465238136
43866	29.8487465238133
43868	29.8487465238123
43878	29.8487465238121
43892	29.8487465238110
43896	29.8487465238109
43904	29.848746523809
43930	29.8487465238088
43936	29.8487465238049
43964	29.8487465238032
43980	29.8487465238011
43986	29.8487465237994
44022	29.8487465237989
44040	29.8487465237968
44058	29.8487465237953
44062	29.8487465237952
44100	29.8487465237950
44104	29.8487465237941
44118	29.8487465237937
44138	29.8487465237932
44150	29.8487465237914
44158	29.8487465237897
44164	29.8487465237891
44172	29.8487465237887
44192	29.8487465237887
44216	29.8487465237881
44232	29.8487465237876
44234	29.8487465237863
44254	29.8487465237853
44266	29.8487465237834
44284	29.848746523783
44286	29.8487465237823
44294	29.8487465237807
44302	29.8487465237804
44306	29.8487465237796
44312	29.8487465237772
44322	29.8487465237761
44346	29.8487465237753
44362	29.8487465237726
44384	29.8487465237713
44390	29.8487465237703
44410	29.8487465237694
44416	29.8487465237685
44428	29.8487465237684
44432	29.8487465237665
44470	29.8487465237663
44504	29.8487465237651
44514	29.8487465237647
44518	29.8487465237640
44526	29.8487465237626
44530	29.8487465237617
44574	29.848746523761
44600	29.8487465237608
44602	29.8487465237592
44614	29.8487465237591
44616	29.8487465237591
44620	29.8487465237586
44632	29.8487465237583
44640	29.8487465237576
44650	29.8487465237575
44654	29.8487465237571
44658	29.8487465237562
44676	29.8487465237562
44678	29.8487465237560
44680	29.8487465237555
44688	29.8487465237546
44718	29.8487465237539
44724	29.8487465237537
44728	29.8487465237535
44734	29.8487465237527
44736	29.8487465237526
44740	29.8487465237513
44752	29.8487465237499
44764	29.8487465237491
44774	29.8487465237491
44796	29.8487465237486
44802	29.8487465237484
44804	29.8487465237483
44808	29.8487465237479
44814	29.8487465237476
44858	29.8487465237466
44880	29.8487465237463
44910	29.8487465237452
44922	29.8487465237451
44930	29.8487465237445
44940	29.8487465237443
44948	29.8487465237438
44952	29.8487465237435
44966	29.8487465237431
44992	29.8487465237430
44998	29.8487465237429
45014	29.8487465237426
45024	29.8487465237416
45030	29.8487465237415
45056	29.8487465237412
45076	29.8487465237411
45080	29.8487465237410
45088	29.8487465237404
45110	29.8487465237404
45120	29.8487465237402
45140	29.8487465237397
45158	29.8487465237394
45184	29.8487465237394
45192	29.8487465237393
45194	29.848746523739
45208	29.8487465237385
45224	29.848746523738
45236	29.8487465237377
45250	29.8487465237375
45254	29.8487465237375
45256	29.8487465237372
45262	29.8487465237371
45270	29.8487465237364
45276	29.8487465237360
45284	29.8487465237354
45296	29.8487465237351
45302	29.8487465237349
45320	29.8487465237348
45342	29.8487465237346
45352	29.8487465237344
45360	29.8487465237339
45386	29.8487465237338
45426	29.8487465237337
45440	29.8487465237336
45444	29.8487465237335
45456	29.8487465237335
45458	29.8487465237335
45462	29.8487465237335
45474	29.8487465237331
45496	29.8487465237327
45510	29.8487465237321
45538	29.8487465237317
45542	29.8487465237315
45554	29.8487465237313
45562	29.8487465237311
45592	29.8487465237311
45594	29.8487465237311
45604	29.8487465237310
45622	29.8487465237309
45624	29.8487465237309
45630	29.8487465237306
45642	29.8487465237304
45656	29.8487465237304
45666	29.8487465237303
45670	29.8487465237302
45672	29.8487465237301
45674	29.8487465237299
45682	29.8487465237297
45684	29.8487465237295
45688	29.8487465237295
45694	29.8487465237291
45700	29.8487465237287
45702	29.8487465237286
45724	29.8487465237285
45730	29.8487465237285
45738	29.8487465237283
45746	29.8487465237281
45750	29.8487465237278
45762	29.8487465237277
45768	29.8487465237277
45770	29.8487465237276
45792	29.8487465237275
45800	29.8487465237275
45804	29.8487465237271
45810	29.848746523727
45812	29.8487465237268
45840	29.8487465237263
45872	29.8487465237263
45888	29.848746523726
45908	29.8487465237258
45916	29.8487465237256
45934	29.8487465237254
45942	29.8487465237254
45958	29.8487465237254
45964	29.8487465237253
45970	29.8487465237252
45976	29.8487465237252
45978	29.8487465237250
45994	29.8487465237248
46010	29.8487465237246
46014	29.8487465237245
46026	29.8487465237241
46030	29.8487465237238
46042	29.8487465237235
46044	29.8487465237235
46058	29.8487465237231
46070	29.8487465237227
46098	29.8487465237227
46108	29.8487465237226
46114	29.8487465237226
46120	29.8487465237224
46122	29.8487465237221
46126	29.8487465237221
46148	29.8487465237219
46160	29.8487465237218
46162	29.8487465237216
46176	29.8487465237213
46186	29.8487465237212
46202	29.848746523721
46206	29.848746523721
46212	29.8487465237207
46228	29.8487465237207
46230	29.8487465237206
46236	29.8487465237202
46260	29.8487465237202
46266	29.8487465237202
46272	29.8487465237201
46282	29.8487465237198
46284	29.8487465237197
46298	29.8487465237197
46304	29.8487465237197
46312	29.8487465237194
46322	29.8487465237192
46348	29.8487465237192
46354	29.8487465237191
46358	29.848746523719
46370	29.8487465237189
46378	29.8487465237188
46398	29.8487465237187
46420	29.8487465237186
46424	29.8487465237186
46428	29.8487465237185
46432	29.8487465237185
46436	29.8487465237183
46446	29.8487465237182
46450	29.848746523718
46478	29.8487465237176
46498	29.8487465237175
46514	29.8487465237175
46518	29.8487465237175
46530	29.8487465237174
46536	29.8487465237172
46554	29.8487465237172
46562	29.8487465237168
46600	29.8487465237166
46628	29.8487465237166
46646	29.8487465237165
46656	29.8487465237165
46664	29.8487465237165
46684	29.8487465237164
46686	29.8487465237164
46692	29.8487465237162
46700	29.8487465237162
46720	29.8487465237161
46722	29.8487465237161
46732	29.848746523716
46738	29.848746523716
46744	29.8487465237160
46780	29.8487465237159
46782	29.8487465237159
46794	29.8487465237159
46806	29.8487465237158
46810	29.8487465237158
46814	29.8487465237158
46826	29.8487465237158
46828	29.8487465237157
46836	29.8487465237157
46844	29.8487465237156
46860	29.8487465237156
46874	29.8487465237156
46880	29.8487465237155
46882	29.8487465237155
46888	29.8487465237155
46892	29.8487465237154
46902	29.8487465237153
46916	29.8487465237153
46934	29.8487465237152
46938	29.8487465237152
46958	29.8487465237151
46964	29.8487465237151
46966	29.8487465237150
46982	29.848746523715
46996	29.8487465237148
47004	29.8487465237148
47008	29.8487465237147
47010	29.8487465237147
47026	29.8487465237146
47038	29.8487465237146
47040	29.8487465237145
47054	29.8487465237144
47072	29.8487465237144
47084	29.8487465237142
47114	29.8487465237141
47116	29.8487465237141
47122	29.8487465237140
47132	29.8487465237139
47146	29.8487465237138
47174	29.8487465237137
47180	29.8487465237137
47182	29.8487465237135
47202	29.8487465237134
47252	29.8487465237134
47258	29.8487465237133
47266	29.8487465237133
47270	29.8487465237133
47284	29.8487465237132
47288	29.8487465237132
47306	29.8487465237131
47316	29.8487465237131
47318	29.8487465237131
47326	29.848746523713
47330	29.8487465237129
47332	29.8487465237129
47336	29.8487465237129
47338	29.8487465237129
47340	29.8487465237128
47346	29.8487465237126
47360	29.8487465237125
47374	29.8487465237124
47376	29.8487465237124
47380	29.8487465237124
47388	29.8487465237123
47390	29.8487465237123
47394	29.8487465237121
47408	29.8487465237121
47426	29.848746523712
47448	29.8487465237120
47452	29.8487465237119
47456	29.8487465237118
47458	29.8487465237118
47474	29.8487465237118
47478	29.8487465237117
47490	29.8487465237117
47492	29.8487465237116
47498	29.8487465237116
47506	29.8487465237116
47512	29.8487465237115
47528	29.8487465237115
47530	29.8487465237114
47536	29.8487465237114
47544	29.8487465237113
47554	29.8487465237112
47558	29.8487465237112
47564	29.8487465237111
47582	29.8487465237111
47586	29.8487465237110
47596	29.8487465237109
47634	29.8487465237107
47652	29.8487465237107
47654	29.8487465237107
47668	29.8487465237106
47670	29.8487465237105
47680	29.8487465237104
47708	29.8487465237103
47712	29.8487465237101
47724	29.84874652371
47728	29.8487465237100
47730	29.8487465237099
47752	29.8487465237099
47766	29.8487465237099
47768	29.8487465237098
47770	29.8487465237095
47794	29.8487465237093
47806	29.8487465237093
47818	29.8487465237091
47838	29.8487465237091
47856	29.848746523709
47860	29.8487465237087
47882	29.8487465237087
47886	29.8487465237086
47890	29.8487465237085
47912	29.8487465237085
47934	29.8487465237084
47940	29.8487465237084
47960	29.8487465237084
47982	29.8487465237083
47984	29.8487465237082
47988	29.8487465237081
48012	29.8487465237081
48016	29.8487465237081
48068	29.8487465237080
48086	29.8487465237079
48090	29.8487465237079
48092	29.8487465237078
48094	29.8487465237078
48108	29.8487465237078
48122	29.8487465237075
48184	29.8487465237074
48196	29.8487465237074
48204	29.8487465237074
48208	29.8487465237073
48212	29.8487465237072
48226	29.8487465237072
48248	29.8487465237070
48254	29.8487465237070
48256	29.848746523707
48300	29.848746523707
48306	29.848746523707
48308	29.8487465237069
48310	29.8487465237069
48312	29.8487465237069
48314	29.8487465237069
48330	29.8487465237069
48332	29.8487465237068
48336	29.8487465237067
48362	29.8487465237067
48378	29.8487465237067
48386	29.8487465237067
48390	29.8487465237067
48410	29.8487465237067
48416	29.8487465237066
48418	29.8487465237066
48430	29.8487465237066
48444	29.8487465237065
48448	29.8487465237065
48456	29.8487465237065
48458	29.8487465237065
48474	29.8487465237064
48484	29.8487465237063
48526	29.8487465237062
48528	29.8487465237062
48532	29.8487465237062
48546	29.8487465237062
48554	29.8487465237062
48558	29.8487465237062
48562	29.8487465237061
48578	29.8487465237061
48592	29.8487465237061
48596	29.8487465237061
48606	29.8487465237060
48614	29.848746523706
48646	29.848746523706
48648	29.848746523706
48674	29.848746523706
48680	29.8487465237060
48686	29.8487465237060
48690	29.8487465237059
48736	29.8487465237059
48758	29.8487465237059
48796	29.8487465237059
48798	29.8487465237058
48822	29.8487465237058
48834	29.8487465237058
48878	29.8487465237058
48894	29.8487465237058
48918	29.8487465237058
48924	29.8487465237058
48944	29.8487465237058
48960	29.8487465237058
48962	29.8487465237058
48976	29.8487465237058
48998	29.8487465237057
49006	29.8487465237057
49052	29.8487465237057
49054	29.8487465237057
49058	29.8487465237057
49068	29.8487465237057
49078	29.8487465237057
49092	29.8487465237057
49100	29.8487465237057
49112	29.8487465237056
49144	29.8487465237056
49154	29.8487465237056
49176	29.8487465237056
49198	29.8487465237056
49208	29.8487465237056
49226	29.8487465237056
49232	29.8487465237056
49272	29.8487465237056
49292	29.8487465237056
49306	29.8487465237056
49310	29.8487465237056
49322	29.8487465237055
49336	29.8487465237055
49342	29.8487465237055
49348	29.8487465237055
49354	29.8487465237055
49402	29.8487465237055
49434	29.8487465237055
49436	29.8487465237055
49440	29.8487465237055
49484	29.8487465237055
49488	29.8487465237055
49502	29.8487465237055
49516	29.8487465237055
49530	29.8487465237055
49552	29.8487465237054
49568	29.8487465237054
49572	29.8487465237054
49588	29.8487465237054
49616	29.8487465237054
49626	29.8487465237054
49660	29.8487465237054
49680	29.8487465237054
49690	29.8487465237054
49716	29.8487465237054
49750	29.8487465237053
49776	29.8487465237053
49798	29.8487465237053
49810	29.8487465237053
49844	29.8487465237053
49864	29.8487465237053
49878	29.8487465237053
49894	29.8487465237053
49896	29.8487465237053
49922	29.8487465237053
49930	29.8487465237052
49940	29.8487465237052
49946	29.8487465237052
49950	29.8487465237052
49974	29.8487465237052
49994	29.8487465237052
50030	29.8487465237051
50054	29.8487465237051
50064	29.8487465237051
50076	29.8487465237051
50088	29.8487465237051
50100	29.8487465237051
50104	29.8487465237051
50108	29.8487465237050
50110	29.848746523705
50130	29.848746523705
50162	29.848746523705
50168	29.848746523705
50172	29.848746523705
50188	29.8487465237049
50230	29.8487465237049
50256	29.8487465237049
50264	29.8487465237049
50268	29.8487465237049
50278	29.8487465237049
50290	29.8487465237048
50328	29.8487465237048
50340	29.8487465237048
50342	29.8487465237048
50346	29.8487465237047
50392	29.8487465237047
50410	29.8487465237047
50428	29.8487465237047
50438	29.8487465237047
50444	29.8487465237047
50472	29.8487465237047
50494	29.8487465237046
50510	29.8487465237046
50512	29.8487465237046
50550	29.8487465237046
50572	29.8487465237046
50580	29.8487465237046
50586	29.8487465237046
50608	29.8487465237045
50634	29.8487465237045
50654	29.8487465237045
50656	29.8487465237045
50680	29.8487465237045
50686	29.8487465237045
50696	29.8487465237045
50698	29.8487465237044
50732	29.8487465237044
50734	29.8487465237044
50756	29.8487465237044
50772	29.8487465237044
50776	29.8487465237044
50794	29.8487465237044
50800	29.8487465237044
50814	29.8487465237044
50826	29.8487465237043
50844	29.8487465237043
50942	29.8487465237043
50946	29.8487465237043
50960	29.8487465237043
50966	29.8487465237043
50970	29.8487465237043
50982	29.8487465237043
51000	29.8487465237043
51002	29.8487465237043
51016	29.8487465237043
51064	29.8487465237043
51066	29.8487465237043
51116	29.8487465237042
51126	29.8487465237042
51162	29.8487465237042
51172	29.8487465237042
51176	29.8487465237042
51240	29.8487465237042
51252	29.8487465237042
51276	29.8487465237042
51290	29.8487465237041
51306	29.8487465237041
51338	29.8487465237041
51342	29.8487465237041
51346	29.8487465237041
51392	29.8487465237041
51394	29.8487465237041
51414	29.8487465237041
51426	29.8487465237041
51440	29.8487465237040
51442	29.8487465237040
51460	29.8487465237040
51476	29.848746523704
51500	29.848746523704
51524	29.848746523704
51542	29.848746523704
51574	29.848746523704
51580	29.848746523704
51582	29.8487465237040
51586	29.8487465237040
51604	29.8487465237040
51610	29.8487465237040
51640	29.8487465237039
51684	29.8487465237039
51706	29.8487465237039
51752	29.8487465237039
51790	29.8487465237039
51804	29.8487465237039
51810	29.8487465237039
51812	29.8487465237039
51826	29.8487465237039
51858	29.8487465237039
51874	29.8487465237039
51904	29.8487465237039
51926	29.8487465237039
51930	29.8487465237038
51966	29.8487465237038
52056	29.8487465237038
52108	29.8487465237038
52120	29.8487465237038
52174	29.8487465237038
52210	29.8487465237038
52250	29.8487465237038
52254	29.8487465237038
52282	29.8487465237038
52296	29.8487465237038
52342	29.8487465237037
52400	29.8487465237037
52404	29.8487465237037
52446	29.8487465237037
52452	29.8487465237037
52548	29.8487465237037
52560	29.8487465237037
52614	29.8487465237037
52720	29.8487465237037
52786	29.8487465237037
52820	29.8487465237037
52856	29.8487465237037
52912	29.8487465237036
52952	29.8487465237036
52996	29.8487465237036
53026	29.8487465237036
53114	29.8487465237036
53124	29.8487465237036
53388	29.8487465237036
53484	29.8487465237036
53726	29.8487465237036
53768	29.8487465237036
54332	29.8487465237036
54422	29.8487465237036
54706	29.8487465237036
54730	29.8487465237036
54792	29.8487465237036
54978	29.8487465237036
54994	29.8487465237036
55090	29.8487465237036
56554	29.8487465237036
57550	29.8487465237036
57554	29.8487465237035
57606	29.8487465237035
57762	29.8487465237035
57788	29.8487465237035
57794	29.8487465237035
57808	29.8487465237035
57824	29.8487465237035
57856	29.8487465237035
57868	29.8487465237035
57926	29.8487465237035
57960	29.8487465237035
58012	29.8487465237035
58152	29.8487465237035
58222	29.8487465237035
58230	29.8487465237035
58646	29.8487465237035
58748	29.8487465237035
59222	29.8487465237034
59498	29.8487465237034
59500	29.8487465237034
59882	29.8487465237034
60782	29.8487465237034
61016	29.8487465237034
61182	29.8487465237034
61268	29.8487465237034
61296	29.8487465237034
62524	29.8487465237034
62666	29.8487465237034
63052	29.8487465237034
63156	29.8487465237034
64122	29.8487465237034
66816	29.8487465237034
73152	29.8487465237034
74076	29.8487465237034
76298	29.8487465237034
83352	29.8487465237034
86520	29.8487465237034
86788	29.8487465237034
101352	29.8487465237034
114704	29.8487465237033
117966	29.8487465237033
300000	29.8487465237033
