52	761.114308921027
54	632.722210905513
56	626.201167939184
58	501.792815067658
60	411.203946795694
90	370.793919621411
108	360.178880873031
130	288.265458555016
174	266.904206323320
358	247.600045249845
564	233.714413748558
566	220.803148138828
714	181.880151016603
2542	171.822776621100
2728	171.464117877111
2790	155.623029401269
2822	143.407391410266
2920	133.998993848346
2942	122.283048403386
2986	118.232336644363
3014	109.233564877870
3024	107.383050263388
3060	106.467703355982
3072	100.750093596289
3092	97.2746908177377
3150	91.9242108259298
3158	90.8630110246844
3194	85.0979562077803
3232	84.5484143346679
3236	83.564974008284
3250	81.7082256511536
3254	78.1241237061392
3266	77.652328204108
3280	76.5943687667206
3288	76.5834317947935
3296	76.2079388037253
3328	76.0555773626048
3338	73.3623769831101
3380	71.0763102075254
3382	70.5434852241341
3388	69.4283560094454
3412	69.2309709812095
3434	67.5171974269237
3450	66.777434513985
3468	65.2246262808434
3484	65.0741679411627
3494	64.9095577342301
3498	63.5495763057823
3526	63.257738985929
3528	63.2464294278073
3540	62.5852187967831
3554	62.5141685561604
3558	61.1613481328883
3564	60.2648660787491
3606	59.6189607452352
3608	59.4492338802773
3614	59.0709595661913
3650	58.3038672508346
3652	57.9943339733831
3654	57.712343471643
3664	57.0688236037634
3678	56.8588789820726
3682	56.5806404290772
3696	56.495288585469
3702	56.3958768302335
3706	55.866674158675
3726	55.2708138004512
3730	54.8103316432691
3746	54.3224729801397
3758	54.086193206606
3772	53.9450904323652
3780	53.3170183692631
3792	52.4713712139664
3802	52.1005639612753
3824	51.8675099950402
3828	51.4027057000721
3830	51.3708711964154
3834	50.7729707149590
3850	50.7247258740955
3864	50.4715871264214
3870	50.2559425822049
3876	50.087030604353
3878	49.9674535712765
3894	49.5388201139845
3906	49.4851270248749
3920	49.2127384712541
3932	49.0548550723395
3944	48.6789006273986
3962	48.6316663264708
3976	48.5993779900266
3980	48.3084513118926
3986	48.2818251951948
3996	48.1145200105443
4014	47.9758878689237
4026	47.5967265119139
4044	47.2463496856775
4084	47.2392150508232
4096	47.1963808739795
4100	46.674926089348
4124	46.5689703117946
4130	46.1350292826889
4148	46.0462572388054
4156	45.9220484601144
4160	45.873659016521
4162	45.8092559782147
4178	45.5638746262605
4184	45.4300849844905
4196	45.1691580596832
4242	45.0915368477228
4272	45.0884819025691
4274	44.8595079324248
4292	44.8270107003143
4294	44.8198981421686
4306	44.6433992577214
4332	44.6418796116553
4344	44.5758723324691
4348	44.5367673058902
4350	44.4314904515841
4364	44.4280870221520
4366	44.3728901986088
4368	44.2201745477083
4374	43.9292804977879
4382	43.6966560433267
4398	43.6857135199983
4404	43.6173046359955
4410	43.4357435571302
4418	43.3829592352955
4420	43.0902801119169
4426	42.9095780908531
4450	42.7988230840328
4470	42.5710484214980
4474	42.3307621296044
4492	42.1922942339042
4532	42.039457906726
4544	41.8641585156796
4586	41.5941479153736
4628	41.5320628147126
4650	41.3794707103206
4654	41.2607573202886
4670	41.1513427894718
4700	41.1259179336035
4710	40.9835914982737
4720	40.8516371152041
4722	40.7460696471646
4744	40.6883831850606
4748	40.5629363278608
4764	40.4542245694995
4774	40.2409384380355
4788	40.1531047937829
4808	39.9858400040374
4810	39.8305914914842
4832	39.7798519301070
4836	39.7335488167576
4844	39.6006107777724
4850	39.5192959368933
4854	39.3558912105817
4858	39.3513092941752
4860	38.7607414533892
4862	38.6184723366488
4866	38.5780262085138
4880	38.5129802254614
4884	38.3799342079491
4896	38.0537783359032
4906	37.3814226610778
4932	37.164487493746
4942	36.9114974248743
4948	36.7591885678051
4978	36.455670667096
4984	36.3281905152104
4986	36.2840850685451
4998	36.1208425965386
5004	36.0570099237068
5006	35.5687268699010
5024	35.5467267609768
5026	35.4432612069301
5038	35.088198658005
5046	34.9320407619454
5050	34.7291225625423
5070	34.5013490491971
5078	34.3975479970533
5086	34.3287084226112
5088	34.2614034682663
5102	34.1636052138291
5120	34.0638874119949
5124	33.8884962253165
5148	33.8728164996548
5156	33.6369918274495
5172	33.5420459667478
5176	33.2504154619763
5186	32.8057789895255
5206	32.5687698267274
5218	32.4336139017429
5242	31.5261760298555
5248	31.3443585312214
5264	31.3087125719054
5268	30.9557744605163
5302	30.5047386444812
5346	30.4916895142531
5348	30.4694497240555
5372	30.3727253332041
5376	30.2706606969858
5378	30.1595712699167
5396	29.9488927948361
5402	29.8347930859925
5410	29.7500477945316
5426	29.6603162146873
5444	29.5293179178512
5450	29.5202833776275
5452	29.4924362125224
5454	29.4348749395041
5456	29.3320499745539
5458	28.9908309748091
5472	28.9594795627200
5474	28.7064562103472
5492	28.5848404211590
5500	28.4480797207069
5524	27.9990362471890
5532	27.9680541506246
5540	27.8596318472506
5548	27.6154046186710
5578	27.4233020310686
5590	27.4013301254384
5598	27.0888866876709
5618	26.7206385156095
5626	26.6904430415531
5656	26.6413801693148
5688	26.5319871123019
5706	26.5045917496249
5710	26.4970143432273
5718	26.3537393462682
5738	26.3168153028871
5740	26.2635501896027
5744	26.2365582498674
5762	26.1084167647290
5788	26.0753278865039
5790	26.0343676288157
5792	25.8858966903411
5796	25.7833576609011
5810	25.6472818123526
5868	25.6411433258463
5880	25.5556211691815
5912	25.4504186671676
5934	25.3613243948299
5986	25.2818376943286
6018	25.2580539251204
6020	25.1417561442555
6040	25.1262401471642
6050	25.1165685434862
6074	25.0918796873911
6078	25.0885305163792
6088	24.9795507202443
6122	24.9513845214877
6124	24.9241851770975
6150	24.9162338918805
6162	24.8822988752906
6172	24.8093960362526
6202	24.7715408755122
6228	24.7535488232591
6234	24.7443816991423
6242	24.7225255159789
6256	24.7084271593383
6258	24.7058181388113
6282	24.6529387838234
6286	24.6331612667985
6304	24.6279410844043
6310	24.6100718620383
6312	24.5748941859704
6330	24.5514209495767
6344	24.5279112206162
6370	24.5266715386162
6392	24.5112520511999
6398	24.4970977784342
6404	24.4438599897166
6414	24.4016764245192
6428	24.3717403963812
6438	24.3433350483777
6476	24.3091685046254
6480	24.3046074821265
6492	24.2971737357474
6514	24.2867858338453
6520	24.2624309787016
6530	24.2487059644001
6532	24.2391425439086
6550	24.2300074596089
6556	24.2189282165509
6562	24.1794656538164
6584	24.1733553952475
6598	24.1644656141411
6606	24.1555332371617
6610	24.1473435313706
6614	24.0905398321102
6656	24.0813071927019
6664	24.0510063732078
6684	24.0074620062233
6692	24.0011152884864
6694	23.9999975940403
6718	23.9830086202173
6726	23.9794177466999
6728	23.9750426188209
6730	23.9642910471134
6732	23.9160864350630
6746	23.9069293724174
6758	23.9044593736393
6770	23.8694190993747
6784	23.8683850983196
6786	23.8355220817144
6796	23.7760007548745
6828	23.734296469689
6836	23.7028596312306
6848	23.697474696366
6854	23.6947013561709
6858	23.6614691799187
6862	23.648153364084
6864	23.6437062868699
6866	23.5385091394276
6878	23.3701887617777
6886	23.3405885459117
6896	23.2541704461144
6912	23.2173871929646
6926	23.2068068932599
6934	23.2016097643012
6948	23.1954557123227
6952	23.0967326177705
6954	23.0706658648286
6968	23.0480049937615
6972	23.0273828552289
6976	23.0259299942402
6980	23.0173139899781
6990	22.9894739300813
7004	22.9411014332994
7024	22.8854300701435
7038	22.8833010327376
7040	22.8662345603991
7042	22.8566134554533
7054	22.7994567711141
7064	22.7952898349655
7078	22.6893904165112
7088	22.6457123291884
7126	22.6002441310310
7132	22.5911908043935
7144	22.5746107167931
7150	22.5415366898653
7154	22.4344207648342
7160	22.3923991253875
7162	22.3219917006673
7172	22.3106809752918
7184	22.1299668175356
7186	22.0352587225561
7212	22.0253591490580
7216	21.9848220009958
7226	21.9698261258747
7232	21.9664495995457
7240	21.8617888905824
7254	21.856589447157
7260	21.8464970468929
7268	21.7857933427735
7284	21.7658589327035
7316	21.7276842011848
7330	21.7191765531166
7334	21.6416813938188
7348	21.6384550668522
7352	21.5841557150793
7370	21.4568091548845
7416	21.450408248801
7422	21.3752939414039
7424	21.3312673477303
7462	21.2900210720095
7466	21.2826281184362
7470	21.2746442105445
7474	21.2521678781385
7478	21.2290057786852
7498	21.2254861111667
7502	21.2163210924825
7504	21.2121240331690
7508	21.1921590808799
7510	21.1738215804709
7520	21.1539915983313
7528	21.1533972739342
7550	21.1404535551168
7560	21.1002666210953
7572	21.0958002534449
7578	21.0264816525644
7602	21.0081589907065
7640	20.9489472525198
7646	20.9060457372721
7666	20.9023984180478
7674	20.8550200768146
7706	20.8272148855422
7710	20.7879673190610
7720	20.7795098182409
7734	20.7619459066416
7740	20.7051093916163
7744	20.6944841627424
7748	20.610414888923
7758	20.5812289365463
7766	20.5667482199648
7768	20.5058600019670
7778	20.4837350082590
7786	20.4811770994909
7798	20.4576363360887
7806	20.4416088191731
7820	20.4266026406293
7832	20.373629226356
7834	20.3232940586317
7854	20.2819483741438
7870	20.2762038751175
7880	20.2360359868713
7940	20.2343461786670
7948	20.2318724579525
7950	20.1646738331168
7992	20.1580845544927
8000	20.1192753690666
8026	20.0974243476194
8056	20.0917493835163
8070	20.0634242341834
8084	20.0591126525791
8096	20.0518887596460
8100	20.0493493489225
8110	20.0384544292220
8126	20.0334802119591
8134	20.0320378787691
8136	20.0292135048994
8142	20.0002826784132
8162	19.9707390667403
8168	19.9618848000750
8172	19.9533594824940
8194	19.9289270669796
8202	19.9012063367715
8214	19.8666853730973
8230	19.8513632355009
8242	19.8451660861191
8254	19.8403228368509
8264	19.8323092924377
8268	19.8302872338833
8278	19.8249038792057
8282	19.8034614192364
8284	19.8023410862365
8320	19.7891403384888
8324	19.7811446096589
8346	19.7688367181042
8374	19.7534765888218
8380	19.7477259298819
8394	19.7476670275301
8406	19.7441749593282
8410	19.7156516347291
8434	19.6987340877325
8476	19.6882187755629
8498	19.6868550660860
8510	19.6848451484424
8528	19.6713297198530
8542	19.669816370024
8550	19.6550746634659
8572	19.6481157140226
8582	19.6445371709117
8588	19.6414631805250
8596	19.6327343887199
8608	19.6315820787922
8636	19.6276110373598
8654	19.6266493415898
8664	19.6088918504146
8700	19.6032883138620
8708	19.5970980894163
8714	19.5938937529891
8742	19.590578725563
8746	19.5812995088089
8756	19.5791767150692
8766	19.5739766429730
8772	19.5737299699148
8776	19.5715713387313
8790	19.5690175337528
8796	19.55751741004
8808	19.5563355643157
8820	19.5541014430754
8828	19.5498041533592
8844	19.5479750710982
8850	19.5280682626931
8864	19.5173863318672
8880	19.5147093661369
8892	19.5112371945952
8904	19.4941021582535
8928	19.4931842274385
8930	19.4902307157836
8938	19.4853055323715
8948	19.4722928984287
8958	19.4683327567981
8962	19.4488843615651
9000	19.4417341824211
9008	19.4310202663130
9010	19.4303712189198
9024	19.4253123258602
9026	19.4248830258069
9044	19.4198127632828
9052	19.4078597016198
9080	19.400708130964
9096	19.3917983619572
9116	19.3855838746891
9132	19.3855154645945
9144	19.3844823061131
9148	19.3814251047497
9154	19.3750770898110
9160	19.3746036767372
9170	19.3678336932127
9176	19.3652234016689
9206	19.3584330347158
9220	19.3584018747614
9230	19.3520688710731
9232	19.3519876755039
9242	19.3489954231386
9248	19.3473829501009
9258	19.3473427486253
9268	19.3347173106403
9280	19.3331732019469
9282	19.3319489843243
9290	19.3273444099797
9296	19.3262605526472
9298	19.3252138665608
9318	19.3219269114782
9320	19.3156102455113
9328	19.3155322652937
9332	19.3146172053462
9334	19.308576651715
9352	19.3043762150939
9358	19.3011938220935
9362	19.3007460237279
9366	19.2994618062545
9372	19.2990767171219
9374	19.2984204192168
9380	19.2924336460237
9384	19.2854916303919
9388	19.2839718555872
9416	19.2766015425943
9424	19.2714788472474
9462	19.2657231280291
9470	19.2656154691184
9480	19.2592638918979
9498	19.2456081368896
9500	19.2432891457049
9510	19.2409621106445
9552	19.2403167400947
9558	19.2382583208307
9566	19.2297730900004
9568	19.2276083731190
9590	19.2261537504414
9602	19.2072383028052
9616	19.2021227119444
9626	19.1873221924016
9632	19.1797732282398
9638	19.1706364300742
9654	19.1587803005357
9658	19.1569780497786
9668	19.1523662474131
9678	19.1413745644832
9702	19.1389275291657
9708	19.1376990685203
9718	19.1365319353321
9730	19.1364153162609
9734	19.1328047268528
9744	19.1309775882651
9760	19.1243822006455
9768	19.1188386822040
9778	19.1153584920705
9790	19.1064923506848
9814	19.0995712943885
9816	19.0944898303469
9834	19.0804426060679
9840	19.0609931207918
9860	19.0592330989491
9862	19.0585479343431
9866	19.0479221000358
9868	19.0379975945920
9878	19.0289337161429
9884	19.0142072692474
9886	19.0104771166752
9898	18.9983651308428
9908	18.9886277339589
9938	18.9880353023615
9944	18.9740696580101
9950	18.971488903611
9952	18.9559551661869
9956	18.9553752957432
9964	18.9510637959042
9986	18.9444308095343
10004	18.9408343986936
10008	18.9399896251392
10016	18.9270946602498
10046	18.9220013453702
10072	18.9173490188775
10090	18.9146779874994
10094	18.9066533967711
10108	18.9027487089845
10124	18.8948919880635
10130	18.8913041572835
10134	18.8787054828235
10154	18.8702712185762
10164	18.8651928625481
10174	18.856076600029
10188	18.8553523794653
10192	18.8515560500321
10196	18.8384700290828
10208	18.8363063036745
10210	18.8113786475770
10214	18.8093482803385
10222	18.7835661007217
10224	18.7581321325270
10234	18.7390799342601
10252	18.7288545459036
10254	18.7248147139706
10260	18.7056469983649
10282	18.7009061963422
10296	18.6928058916570
10298	18.6856088839808
10306	18.6600856399325
10320	18.6508886445007
10342	18.6486448804486
10346	18.6240970736315
10394	18.6238093012378
10398	18.6221744419881
10400	18.6123675242321
10430	18.6090112196333
10448	18.6033581349662
10450	18.5938631627136
10452	18.5884473826086
10458	18.5785150454737
10464	18.5581999674924
10482	18.5457519771380
10488	18.5239282750892
10494	18.5191073141269
10498	18.4888388790482
10510	18.4820064391954
10528	18.4755094329486
10554	18.4703606974112
10556	18.4573749259325
10562	18.4563577775820
10564	18.4488609496557
10578	18.4481068268283
10596	18.4430461013223
10600	18.4418897522005
10606	18.4256485534830
10612	18.4201906243204
10626	18.4026701533529
10656	18.3936104094442
10670	18.3753662947999
10738	18.3730186609772
10752	18.3550936145990
10778	18.3483781210702
10804	18.3415200167309
10846	18.3310355528994
10868	18.3301110743891
10880	18.3296353508722
10890	18.3294735372405
10896	18.3249515062147
10900	18.3153710110257
10928	18.3104727912738
10936	18.3084007748208
10940	18.3079780401212
10942	18.3067286432812
10960	18.306192961302
10972	18.3008290405484
10990	18.2995126861791
11000	18.2992723360163
11024	18.2991886206555
11026	18.2966517541413
11030	18.296015364188
11038	18.2947898306928
11058	18.2931353151084
11074	18.2911935733862
11092	18.2892828960961
11094	18.2891825849031
11102	18.2832612712657
11116	18.2831495517087
11136	18.2806041589178
11142	18.280050333571
11146	18.2765130532141
11154	18.2721673119703
11156	18.2716171847617
11166	18.2701059124414
11180	18.2697106373666
11188	18.2682869185869
11190	18.2679174993469
11194	18.2649531761186
11214	18.2648371740049
11224	18.2566566226847
11246	18.2538119269572
11248	18.2509506764408
11256	18.2499378735152
11262	18.2493969240941
11272	18.2492468552085
11280	18.2400518745811
11282	18.2384798633691
11286	18.2372140047639
11298	18.2369240902996
11300	18.2350216294377
11310	18.2317086513969
11314	18.2282053151753
11326	18.2240795879796
11342	18.2215159366637
11346	18.2192455371455
11360	18.2188147631748
11364	18.2166701900889
11378	18.2157193127266
11380	18.2088406352452
11396	18.2086491721607
11400	18.2085135637810
11408	18.2081169239421
11414	18.2058811263028
11438	18.1909853719851
11462	18.1848234604212
11470	18.1789850639664
11472	18.1782044188872
11484	18.1746780407614
11486	18.1746017626910
11496	18.1710703606534
11510	18.1645919239418
11512	18.1455014490874
11550	18.1384129812683
11564	18.1366415842236
11572	18.1352226971163
11580	18.1318658327772
11594	18.1267932900883
11602	18.1230628822937
11620	18.1212507982592
11624	18.1129775645234
11646	18.1121124838769
11648	18.1105241622605
11662	18.1028170497753
11686	18.0954725268439
11698	18.0861776448063
11704	18.0811616143562
11742	18.0793529557258
11746	18.0721434144426
11766	18.0595823291301
11772	18.0593371676586
11778	18.0580657056556
11782	18.0565665193369
11786	18.046898661876
11794	18.0453943231031
11796	18.0416375265943
11800	18.0401110810710
11810	18.0324783619942
11814	18.0259953428764
11820	18.0227094867405
11836	18.0187992933025
11840	18.0156044511458
11846	18.0071239943174
11874	17.997562814176
11878	17.9926263676303
11892	17.9903669862675
11894	17.9864228967403
11914	17.978585646089
11924	17.9778592158108
11930	17.9706251579037
11946	17.9573020551311
11964	17.9570031740883
11966	17.9449557464395
11970	17.9444504052859
11972	17.9410414902481
11990	17.9247040330583
11996	17.9094305137676
12012	17.8976337319384
12032	17.8894339515133
12046	17.8889583998476
12054	17.8805694005089
12058	17.8649925360621
12062	17.8578706077340
12076	17.8361161011775
12108	17.8226534181702
12114	17.8198099880423
12120	17.8190728625592
12132	17.8165153542992
12146	17.8094268726096
12148	17.8087729098535
12154	17.8017829895912
12156	17.7827744356721
12164	17.7648002377
12202	17.7591661188913
12204	17.750431402945
12208	17.7321099850257
12222	17.7153266059400
12266	17.7096051333956
12272	17.6917148509395
12280	17.6789201598750
12284	17.6746404307896
12298	17.6547836228401
12328	17.6440505062653
12346	17.6411726031356
12354	17.6332097752851
12356	17.6298372958408
12370	17.6236444936790
12374	17.6180235672882
12380	17.6010601865053
12384	17.5936295718974
12392	17.5931348847294
12400	17.5721230553554
12422	17.5500764406207
12444	17.5248649140563
12448	17.5219984366557
12470	17.5146775559027
12478	17.5075517472061
12488	17.5028589443788
12492	17.5003598642699
12500	17.4901639609952
12528	17.4821810564806
12540	17.4651122958126
12556	17.4483611353865
12572	17.4444810187380
12582	17.4429662875758
12588	17.4365534758135
12596	17.4289728276781
12626	17.4198988988259
12646	17.4173331467335
12668	17.4172872393317
12670	17.3911887145468
12672	17.3841784369321
12694	17.3715651102827
12712	17.3681264194708
12734	17.3651553753099
12740	17.3591326184503
12778	17.3497501491756
12780	17.3409699665837
12788	17.3286433760815
12798	17.3242995335301
12814	17.3189345202253
12830	17.3078784840980
12842	17.2977531179608
12858	17.2797612222423
12884	17.2747238702396
12900	17.2684686874782
12904	17.2643938856959
12932	17.2518320644204
12946	17.2455316305890
12974	17.2377006499940
12996	17.2350921929870
12998	17.2237215902278
13008	17.2157042207112
13014	17.2104369439062
13030	17.2034120616114
13032	17.1968801443596
13042	17.1879429500757
13044	17.1844236940940
13054	17.1810018291852
13062	17.1766564691043
13066	17.1732135690645
13084	17.1676463761334
13086	17.1655569067262
13094	17.1652439465212
13100	17.1592090679362
13114	17.1385584009278
13160	17.1385421821861
13166	17.135470036456
13176	17.1319728750646
13178	17.1296988100514
13182	17.1290888670868
13184	17.1184510809569
13198	17.1137400353827
13256	17.1134557477796
13262	17.1114405432313
13284	17.1107940852785
13290	17.1089650632253
13306	17.1022351491746
13326	17.1013928723507
13336	17.1001891946589
13344	17.0935632091203
13368	17.0928879629628
13384	17.0902110896744
13402	17.0895514073561
13404	17.0850347023011
13414	17.0812182879931
13430	17.0809047738851
13464	17.0799349263945
13466	17.0779743848719
13492	17.0778931292167
13510	17.0770163564122
13516	17.0756265339065
13532	17.0719155208506
13550	17.0708046717047
13584	17.0706563327759
13598	17.0695614855197
13612	17.0694367147898
13618	17.0693082025909
13626	17.0684401683924
13630	17.0679012216598
13642	17.0673927367953
13660	17.0671672203507
13666	17.0651695917183
13670	17.065080707724
13676	17.0635761817528
13686	17.0628686967916
13694	17.0628240075109
13716	17.0626046250426
13718	17.0623611899177
13734	17.0622424711673
13738	17.0618151741924
13754	17.0614178746658
13760	17.0614027596513
13764	17.0602974049605
13790	17.0598312405325
13812	17.0598101170975
13814	17.0597050455202
13818	17.0596817097943
13834	17.0591697272884
13840	17.0571406489477
13880	17.0553392008617
13890	17.0552987076292
13906	17.0549078181638
13916	17.0530662459285
13930	17.0530331214945
13934	17.0528764711504
13942	17.0520054685775
13972	17.0517945727274
13984	17.0505291468033
14038	17.0496179513342
14086	17.0486015689922
14116	17.0482111938014
14122	17.0475977489025
14146	17.0472524934398
14148	17.0462287306030
14152	17.0459411336875
14154	17.045063595088
14156	17.0443635649057
14166	17.0436946767811
14172	17.0435702803397
14180	17.0418773850271
14186	17.0411217804736
14196	17.0401606733253
14214	17.0393120104791
14234	17.0379651472657
14246	17.0368681597842
14252	17.0359677700128
14274	17.0355048652839
14296	17.0342249452924
14310	17.034025524367
14328	17.0336998929526
14338	17.0336202646775
14340	17.0318687527430
14350	17.0317298699376
14358	17.0307690168249
14376	17.0306874585445
14390	17.0303309618664
14394	17.0297452650955
14414	17.0287008432707
14432	17.0284904156496
14440	17.0270033010920
14484	17.0268935287319
14492	17.0266281749074
14500	17.0255572913960
14504	17.0248945185540
14514	17.0246303932178
14546	17.0239344875963
14558	17.0238796812150
14566	17.0237727489292
14570	17.0234139999917
14582	17.0234104372209
14586	17.0230755956763
14596	17.0227160491645
14602	17.0225904422634
14616	17.0221309784464
14620	17.0212252597459
14658	17.0208956172007
14660	17.0208720362801
14664	17.0208271507244
14678	17.0207529682106
14694	17.0204139974407
14710	17.0203766992164
14722	17.0196611926409
14746	17.0194389475755
14758	17.0192555470228
14772	17.0189964628182
14778	17.018760823439
14792	17.0186487720208
14796	17.0183683194439
14804	17.0182371031401
14822	17.0178139452628
14826	17.0173825389040
14834	17.0173443652064
14840	17.0164385298212
14862	17.0155706659668
14874	17.0154272927338
14880	17.0138365459727
14894	17.0129202180726
14898	17.0120720823653
14916	17.0119277511408
14918	17.0108665888648
14942	17.0102827529648
14968	17.0099619073967
14978	17.0097432438326
14992	17.0089583080045
15010	17.0089357223606
15012	17.0085820172394
15014	17.0083351442531
15020	17.0079591981708
15030	17.0075496359193
15034	17.0070629240435
15056	17.0069428904033
15062	17.0063521265525
15086	17.0062631174508
15088	17.0052880240594
15102	17.0048839921652
15126	17.0047298248090
15130	17.0042528882945
15136	17.0038043519993
15152	17.0034179173341
15158	17.0033592406377
15164	17.0031319158452
15174	17.0021557737689
15176	17.0016299370153
15196	17.0011177274189
15210	17.0010623278828
15216	17.0000824988961
15252	16.9994305856345
15286	16.9992117782876
15310	16.9985966998184
15328	16.9972374382059
15346	16.9968861440807
15354	16.9957081692487
15362	16.9944509857169
15390	16.9936272194315
15406	16.9933121752880
15440	16.9912322736892
15460	16.9900698086604
15498	16.9888564203917
15506	16.9882496801751
15524	16.9878137672871
15528	16.9871171675894
15538	16.9862210104321
15566	16.9854218707577
15568	16.9851222186493
15572	16.9846005067773
15576	16.984391461955
15588	16.9842598075053
15594	16.9840617993152
15606	16.9824399774334
15622	16.9815893507778
15640	16.9808229330760
15654	16.9804102627245
15660	16.9797916191415
15672	16.9785152606142
15702	16.9763710735211
15756	16.9756114345064
15780	16.9747919729264
15792	16.9737894310886
15808	16.9737524489134
15844	16.9736905562465
15846	16.9729565100862
15850	16.9729274842095
15868	16.9717451865365
15872	16.9715769909542
15882	16.9713596709919
15884	16.9712674299267
15910	16.9707914562531
15934	16.9698257413008
15952	16.9687108279247
15968	16.9684394581302
15978	16.9676225711711
16006	16.9669604305194
16010	16.9666580548345
16036	16.9665706287350
16052	16.9663151386898
16062	16.9657920407412
16066	16.9655547582777
16068	16.9651329846145
16086	16.9649464553861
16112	16.9644675463037
16124	16.9641136652234
16138	16.9640689525987
16142	16.9637516099882
16148	16.9636150475582
16150	16.9631853399123
16154	16.9628593097071
16156	16.9623142495718
16182	16.9616180856449
16202	16.9615380737254
16204	16.9608662432982
16206	16.9605112028261
16208	16.9598978375891
16252	16.9596780475326
16272	16.9589242143258
16288	16.9588779553148
16302	16.9583866556333
16306	16.9563960222153
16334	16.9558288965037
16340	16.9545649569980
16346	16.9539797615093
16362	16.9539534921409
16380	16.9539232280808
16382	16.9532466969255
16430	16.9529719781361
16452	16.9528488646882
16458	16.9523606359773
16466	16.9522108551695
16480	16.9509144756179
16492	16.9508571780430
16494	16.9505604128764
16508	16.9499443989552
16510	16.9495299797859
16514	16.9493890825288
16526	16.9487684226735
16532	16.9473834656115
16534	16.9469455087337
16548	16.9461953319686
16552	16.9442628961486
16576	16.9434960998618
16598	16.9424714616083
16630	16.9415562578065
16648	16.9414406299811
16650	16.9412434540305
16662	16.9409890203867
16668	16.9408072552884
16698	16.9404243630014
16708	16.9403230872390
16712	16.9403002180839
16724	16.9402583054047
16730	16.9399945411694
16734	16.9398802824299
16740	16.9398270072114
16750	16.9394322607433
16802	16.9394241455856
16826	16.9393103222947
16856	16.9391667830119
16874	16.9391304189607
16884	16.9389849337254
16894	16.9389467500629
16898	16.9389176883706
16902	16.9387675475415
16910	16.9387637697824
16916	16.9386989745715
16920	16.9386421784915
16950	16.9385858249012
16958	16.9384602077020
16966	16.9384166435279
16980	16.9384159865721
16994	16.9383333259612
17004	16.9383069787498
17006	16.9382126303278
17012	16.9382108160343
17016	16.9381204692200
17038	16.9381202511085
17042	16.9381043923977
17046	16.9378207619403
17076	16.9378188565050
17078	16.9378021584861
17086	16.9377425252260
17094	16.9375681045419
17114	16.9375671034461
17126	16.9375203922598
17132	16.9374783373648
17142	16.9374523991921
17156	16.9374478210795
17158	16.937368140275
17170	16.9372397497138
17188	16.9371101674050
17208	16.9369769560079
17232	16.9368164171033
17242	16.9367667382499
17272	16.9366785181021
17284	16.9364059975307
17292	16.9362114269512
17302	16.9360171972504
17340	16.9358904922716
17366	16.9356147190269
17378	16.9353647969535
17392	16.9353447100011
17396	16.9353280307442
17398	16.9351154323873
17412	16.9350260168410
17422	16.9348542457399
17424	16.9346890023763
17426	16.934382914515
17452	16.9343240100658
17460	16.9342892335855
17464	16.9342139415218
17476	16.9341136081105
17506	16.9340003491283
17516	16.9338024869951
17520	16.9334433310081
17534	16.9334108404840
17544	16.9333124793492
17548	16.9331405389481
17566	16.9330772126509
17578	16.9328868167226
17582	16.9328697734834
17586	16.9326888922498
17598	16.9326786419493
17608	16.9325241071507
17616	16.9324334960774
17638	16.9320737891543
17646	16.9319644715967
17666	16.9318156537834
17668	16.9316378778783
17680	16.9316372072120
17726	16.9316304737924
17728	16.9315760591871
17734	16.9315159673568
17744	16.9313118565029
17758	16.9312514008519
17766	16.9311994386356
17790	16.9311129042354
17798	16.9308885974182
17812	16.9305132637178
17814	16.9304961171232
17816	16.9302769749071
17842	16.9302068161826
17864	16.9299345456449
17878	16.9298233155663
17880	16.9297887380556
17884	16.9296923017034
17894	16.9295493021717
17906	16.9294092367089
17916	16.9292521353677
17930	16.9291581918685
17956	16.929096242473
17964	16.9290025973848
17970	16.9289578194266
17988	16.9286122635716
17990	16.9283505545456
17998	16.9282668055333
18002	16.9282006145688
18012	16.9280728240557
18014	16.9280022054906
18028	16.9278863641985
18040	16.9278272466317
18064	16.9275635838376
18094	16.9275218887067
18108	16.9273494629386
18124	16.9273124596049
18130	16.9272013867881
18134	16.9269638865214
18162	16.9268949384661
18166	16.9267748868861
18188	16.9267436779293
18198	16.9265706711949
18224	16.9265526017800
18234	16.9264394150444
18252	16.9262495000978
18266	16.9261905545637
18274	16.9261617909803
18280	16.9259638662650
18298	16.9258883145091
18308	16.9258843745897
18316	16.9257904508581
18336	16.9257687329326
18340	16.9257480149327
18350	16.9256984630481
18366	16.9255675513443
18372	16.92554525725
18384	16.9254006533018
18406	16.9253539362793
18412	16.9253105749951
18424	16.9252902067998
18446	16.9252337965570
18448	16.9252106216693
18472	16.9252067509122
18474	16.9251385922277
18494	16.9250394196084
18510	16.9249539270866
18516	16.9249425342053
18518	16.9248080804386
18528	16.9247925733684
18530	16.9247756790104
18536	16.9245861438128
18560	16.9245479591037
18574	16.9243088094832
18582	16.9242854333161
18584	16.9241998371647
18592	16.9241706356569
18598	16.9238906742430
18600	16.9238652872741
18638	16.9237979225207
18668	16.923770571865
18684	16.9237193683047
18698	16.9237047929855
18700	16.9237041080009
18706	16.92368282641
18712	16.9235137781066
18722	16.923472411141
18726	16.9234635159247
18750	16.9234264647748
18754	16.9234082842105
18768	16.9232861252775
18778	16.9232737160805
18780	16.9232327096008
18786	16.9231691747775
18788	16.9231564656731
18790	16.9230874731287
18822	16.9230388727473
18824	16.9229682836250
18830	16.9227623059458
18842	16.9225797778958
18860	16.9225316729198
18862	16.922520585206
18864	16.9224407367041
18868	16.9223675227011
18900	16.9222764422046
18920	16.9222268926865
18924	16.9222016484221
18966	16.9221459590368
18968	16.9220822168371
18988	16.9220409084707
19016	16.9220154766754
19032	16.9219751151667
19040	16.9219321048605
19048	16.9219094020813
19064	16.9218441172202
19078	16.9218376693279
19086	16.9217918468802
19092	16.9217717144977
19108	16.9217560595328
19130	16.9216879646003
19134	16.9216032590106
19160	16.9215976231143
19166	16.9215561682167
19168	16.9215435249298
19170	16.9215088791694
19176	16.9213966399829
19194	16.9212923687538
19208	16.9212314403907
19218	16.9212064738917
19230	16.9212029066130
19238	16.9211200629602
19248	16.9210595530283
19264	16.9209915403177
19268	16.9209116060155
19298	16.9208744949569
19304	16.9208476663575
19314	16.9208375043659
19318	16.9206956645396
19332	16.9205059411648
19348	16.9204900772014
19356	16.9204724219479
19390	16.9204379778752
19402	16.9203657831596
19404	16.9203137098739
19416	16.920254719181
19442	16.9202501658578
19446	16.9201508858974
19476	16.9201081604628
19482	16.9199598692851
19510	16.9199209462037
19516	16.9198923578421
19524	16.9198733108788
19534	16.9198254803989
19544	16.9197677647429
19546	16.9197454064365
19556	16.9197365548945
19570	16.9196919627261
19572	16.9196161780152
19580	16.919572976032
19612	16.9195301652160
19648	16.9195207308697
19672	16.9194701851577
19686	16.9194701502713
19694	16.9193673227218
19696	16.9193564379511
19722	16.9193526169541
19724	16.9193222156822
19738	16.9192996140451
19746	16.9192941573919
19752	16.9192518614353
19754	16.9192388832126
19758	16.919227649928
19768	16.9191854956664
19774	16.9191659825792
19782	16.9191335743349
19796	16.9191255115732
19798	16.9191198067581
19800	16.919089367429
19802	16.9190736881518
19804	16.9190374347446
19814	16.9190250893673
19818	16.9189993356986
19842	16.9189369654619
19858	16.9189250210324
19860	16.9189074065123
19868	16.9188829496528
19878	16.9188541721342
19880	16.9188261969506
19914	16.9188168529649
19922	16.918814590645
19928	16.9188104458697
19932	16.9187915926041
19936	16.9187902589293
19938	16.9187322359822
19948	16.9186409918934
19972	16.918637074721
19976	16.9185983397623
19998	16.9185211464988
20024	16.9185128514259
20032	16.9185028635036
20034	16.9184567098358
20036	16.9184256747684
20062	16.9184033073912
20066	16.9183811726494
20074	16.9183143272883
20100	16.9182583869588
20106	16.9181242405636
20118	16.9181087356039
20134	16.9180584189126
20146	16.9179889285364
20160	16.9179859459418
20170	16.9179812786132
20188	16.9179546561909
20200	16.9179258965364
20204	16.9178572737097
20208	16.9177826222231
20212	16.917762535452
20234	16.9177195270363
20248	16.9176728591803
20258	16.9176721075826
20266	16.9176407448897
20268	16.9176038945991
20298	16.9175971024985
20302	16.9175583730233
20316	16.9174523889611
20358	16.9174170825573
20392	16.9174041870282
20396	16.9173795255782
20408	16.9173327350402
20432	16.9173324838323
20440	16.9173180640682
20442	16.9173170221155
20456	16.9173097141369
20458	16.9173041297850
20466	16.9172390177221
20474	16.917217956391
20480	16.9171893601724
20510	16.9171539675220
20518	16.9171060120335
20532	16.9171034689598
20544	16.9170709835357
20552	16.9170527707852
20556	16.9170475047362
20568	16.9170446515989
20572	16.9170195258565
20590	16.9170049399687
20594	16.9169900438877
20610	16.9169566252262
20624	16.9169523474681
20636	16.9169500242291
20652	16.9169194358048
20662	16.9169033180727
20680	16.9169011915347
20716	16.9168980838039
20734	16.9168859476793
20742	16.9168759202181
20756	16.9168711400899
20764	16.9168649748283
20780	16.9168502753407
20800	16.9168351844422
20826	16.9168296612741
20838	16.9167981127057
20850	16.9167883180882
20856	16.9167694856092
20876	16.9167538575017
20886	16.9167462135351
20898	16.9167413768994
20908	16.9167376342298
20910	16.9167249700551
20916	16.9167030826290
20918	16.9166904676990
20922	16.9166871159898
20926	16.9166754869652
20942	16.9166724041564
20946	16.9166607402485
20948	16.9166248678603
21010	16.9166224954029
21012	16.9166014644147
21030	16.9165722604112
21056	16.9165651823998
21058	16.9165511252312
21064	16.9165501477646
21080	16.9165499098883
21090	16.9165446965877
21096	16.9165385829066
21108	16.9165091349405
21120	16.9164641686416
21132	16.9164473896817
21152	16.9164460352183
21160	16.9164430096081
21170	16.9164413570131
21178	16.9164370478777
21180	16.9163719772051
21198	16.9163610616661
21208	16.9163499498311
21220	16.9163402716015
21222	16.9163208480701
21236	16.9163060439584
21240	16.9162865539682
21242	16.9162831161677
21254	16.9162612981478
21262	16.9162370750069
21274	16.9162194524468
21284	16.9162117946124
21290	16.9161998948302
21308	16.9161867366872
21320	16.9161342876109
21326	16.9161106672478
21338	16.916107055998
21340	16.9160996131594
21344	16.916068132032
21354	16.9160648384406
21364	16.9160060220408
21366	16.9159999209478
21382	16.9159879250605
21384	16.9159553736096
21388	16.9159342602436
21392	16.9158555907219
21408	16.9158080910605
21410	16.9157735938682
21428	16.9157525397966
21458	16.9157051851021
21478	16.9156736940071
21498	16.9155753745580
21512	16.9155624786462
21538	16.9155177887025
21556	16.9155093532405
21558	16.9154995255406
21578	16.9154945289773
21588	16.9154572233394
21636	16.9154499627268
21638	16.9154139888813
21654	16.9153824831108
21692	16.9153531544793
21720	16.9153494360589
21726	16.9153476840451
21746	16.9153406542742
21756	16.9153077272686
21776	16.9152891167442
21792	16.9152735026044
21802	16.9152688881178
21830	16.9152490711579
21852	16.9152485497683
21860	16.9152240814471
21888	16.9152116354973
21904	16.9151941003285
21936	16.9151749630962
21970	16.9151732280290
21988	16.9151429815403
21996	16.9151242530459
22002	16.9151234122452
22016	16.9151195251805
22038	16.9151159683003
22042	16.9151113944143
22050	16.9151057893226
22076	16.9150977545797
22112	16.9150913780017
22118	16.9150909838054
22136	16.9150894498251
22148	16.9150893553041
22152	16.9150798506751
22170	16.9150673566320
22200	16.9150649400765
22234	16.9150585532715
22248	16.9150575487935
22252	16.9150525908941
22280	16.9150494738899
22286	16.9150372881113
22324	16.9150370059496
22342	16.9150187953476
22374	16.9150157116425
22378	16.9150118785692
22392	16.9149996716012
22404	16.9149928080468
22414	16.9149924160429
22416	16.9149898730457
22436	16.9149865012757
22446	16.9149858392996
22450	16.9149831017182
22458	16.9149718706126
22466	16.914970583808
22468	16.914960966623
22478	16.9149591487612
22502	16.9149570269749
22514	16.9149538641624
22520	16.9149527943077
22536	16.9149503207404
22552	16.9149371668108
22564	16.9149364295645
22576	16.9149322418614
22596	16.9149307562977
22600	16.9149299310894
22622	16.9149281386673
22628	16.9149235124133
22634	16.9149121431111
22656	16.9149102057314
22664	16.9149055700870
22674	16.9149006219863
22678	16.9148881392621
22682	16.9148844295031
22684	16.9148836728500
22698	16.9148776155162
22716	16.9148727038582
22722	16.9148723568378
22744	16.9148706430070
22758	16.9148681739924
22776	16.9148668563003
22788	16.9148639771038
22800	16.9148559437006
22810	16.9148530295966
22820	16.9148493125308
22824	16.9148399533792
22838	16.9148320698209
22844	16.9148293103917
22860	16.9148266620505
22868	16.9148220925195
22884	16.9148213085827
22894	16.9148185884958
22902	16.9148120469052
22922	16.9148112605268
22928	16.9148102773065
22932	16.9148075331524
22934	16.9148065477368
22940	16.9148061446612
22952	16.9148047758024
22954	16.9147971456905
22970	16.9147919680528
22980	16.9147822137939
22996	16.9147815167734
23020	16.9147728346604
23034	16.9147685365473
23044	16.9147630368823
23048	16.9147557499576
23072	16.9147419971916
23122	16.9147410614080
23146	16.9147401689374
23160	16.9147391435273
23182	16.9147353040751
23186	16.9147275815174
23188	16.9147193280623
23208	16.9147154349432
23222	16.9147108056604
23228	16.9147100612925
23234	16.9147055628168
23236	16.9147031597210
23242	16.9146953209877
23254	16.9146899428322
23260	16.9146866149639
23274	16.9146802599408
23292	16.9146730203452
23298	16.9146729301025
23302	16.9146673472915
23318	16.9146655491594
23326	16.9146581445540
23330	16.9146463162235
23374	16.9146405278556
23378	16.9146384352273
23382	16.9146381592023
23410	16.9146368213451
23442	16.9146350598824
23444	16.9146335888195
23448	16.9146335306482
23454	16.9146238191518
23464	16.9146182696046
23474	16.9146165213267
23476	16.9146119214339
23478	16.9146108097421
23482	16.9146056549447
23494	16.9146050390972
23496	16.9145876310162
23528	16.9145849955773
23542	16.9145834919166
23544	16.9145752098302
23590	16.9145751482011
23612	16.9145710593993
23614	16.9145683959732
23636	16.9145678006215
23640	16.9145677106735
23644	16.9145663092401
23654	16.9145609632543
23656	16.9145568377186
23672	16.9145554484186
23684	16.9145503044876
23686	16.9145482971992
23706	16.9145469769250
23714	16.914543317392
23718	16.9145353175626
23752	16.9145337206812
23754	16.9145322643956
23756	16.9145285949220
23792	16.9145262623353
23816	16.9145244801084
23830	16.9145242538414
23834	16.9145228408295
23844	16.9145223989646
23852	16.9145208710852
23866	16.9145205097512
23872	16.9145197383602
23876	16.9145175751812
23884	16.9145157768245
23888	16.9145156363981
23896	16.9145147412816
23906	16.9145127619424
23918	16.9145085883995
23930	16.9145058452891
23936	16.9145057434806
23938	16.9145005703665
23956	16.9144931576115
23960	16.9144853600236
24002	16.9144833844489
24004	16.9144824930705
24014	16.9144798802714
24052	16.9144773647205
24058	16.9144735648075
24088	16.9144727754198
24114	16.9144685910552
24134	16.9144657782327
24142	16.9144619541367
24154	16.9144589976915
24178	16.9144571477501
24202	16.9144555268144
24210	16.9144544384412
24242	16.9144536793125
24268	16.9144528527243
24272	16.9144506419687
24302	16.9144492455646
24304	16.9144490170136
24316	16.9144489738184
24322	16.9144487864900
24324	16.9144479180204
24332	16.9144475542325
24340	16.9144468206193
24348	16.9144461659766
24362	16.9144450870438
24364	16.9144441151339
24388	16.9144439470741
24396	16.9144427026049
24402	16.9144410890291
24408	16.9144408044459
24420	16.9144397453796
24432	16.9144389397659
24434	16.9144380960232
24440	16.9144354120804
24448	16.9144345507088
24474	16.9144341974905
24496	16.9144325934679
24500	16.9144310112980
24518	16.9144302852937
24526	16.9144302601861
24534	16.9144301663870
24536	16.9144298708266
24542	16.9144298490468
24554	16.9144285795757
24556	16.9144285061757
24568	16.9144274007589
24592	16.9144266109976
24610	16.9144263736399
24624	16.9144258840405
24636	16.9144254062919
24648	16.9144235959955
24684	16.9144234017130
24692	16.9144228506306
24696	16.9144225226522
24714	16.9144225037356
24716	16.9144215543928
24724	16.9144214075989
24738	16.9144210559726
24748	16.9144210048771
24760	16.9144204915842
24762	16.9144197098889
24766	16.9144194901198
24792	16.9144194285937
24794	16.9144191882092
24796	16.9144186096981
24820	16.9144182719592
24822	16.9144180094785
24828	16.9144174245738
24832	16.914417402569
24842	16.9144170449622
24852	16.9144163845483
24866	16.9144161627206
24868	16.9144149929685
24874	16.9144147194535
24876	16.9144138569303
24896	16.9144136263124
24898	16.9144131566702
24910	16.9144128541636
24944	16.9144124646331
24956	16.9144121080660
24962	16.9144119634760
24980	16.9144115208784
24986	16.9144110857067
24994	16.9144109038266
24998	16.9144104402729
25010	16.9144098125078
25024	16.9144089737299
25058	16.9144084476565
25086	16.9144081353225
25096	16.9144078792710
25112	16.9144075634032
25120	16.9144071227556
25132	16.9144068867083
25136	16.9144065573255
25160	16.9144060730520
25168	16.9144059413726
25182	16.9144052246217
25184	16.9144052029429
25190	16.9144050021625
25194	16.9144047272788
25198	16.9144040701925
25218	16.9144030440921
25224	16.9144023140525
25244	16.9144017327273
25246	16.9144015205571
25256	16.9144003187580
25264	16.9143997741284
25280	16.9143997724284
25286	16.914399508331
25310	16.9143976658425
25320	16.9143968482575
25330	16.9143965987442
25332	16.9143961274882
25344	16.9143939603257
25368	16.9143931305061
25374	16.9143927097019
25402	16.9143922532686
25426	16.9143921610924
25432	16.9143913689014
25442	16.9143910119451
25464	16.9143906433722
25470	16.9143903330273
25480	16.9143879408986
25526	16.9143867512830
25564	16.9143854978419
25588	16.9143853387448
25606	16.9143842632813
25612	16.9143832398924
25616	16.9143830876189
25634	16.9143828828613
25638	16.9143825820855
25642	16.9143815280534
25652	16.9143807343981
25670	16.9143807306515
25682	16.9143804519734
25698	16.9143801910235
25704	16.9143790370739
25716	16.9143781199207
25736	16.9143774214739
25746	16.9143771876475
25770	16.9143769540414
25798	16.9143767806205
25800	16.9143758879479
25818	16.9143750621807
25830	16.9143747013788
25832	16.9143746992648
25876	16.9143741990855
25890	16.9143741684463
25892	16.9143736533849
25904	16.9143735030291
25910	16.9143723520242
25916	16.9143720488862
25930	16.9143718817478
25934	16.9143717403926
25940	16.9143715495029
25956	16.914371187679
25970	16.9143704845833
25984	16.9143701423941
25994	16.9143698401276
26006	16.9143696321159
26014	16.9143689836597
26024	16.9143684520376
26032	16.9143670120179
26046	16.9143668023654
26050	16.9143658985555
26082	16.9143657481711
26096	16.9143655746787
26100	16.9143640013422
26114	16.9143637381388
26122	16.9143636525699
26128	16.9143630409202
26140	16.9143622566452
26148	16.9143620506353
26150	16.9143617167051
26180	16.9143614030061
26184	16.9143608220140
26190	16.9143600268832
26206	16.9143590029704
26252	16.9143584485191
26260	16.9143573309947
26292	16.9143566956567
26322	16.9143566807775
26330	16.9143564954051
26342	16.9143560080504
26348	16.9143553710537
26358	16.9143553666018
26366	16.9143541754165
26386	16.9143541387998
26388	16.9143535158936
26390	16.9143529037488
26394	16.9143525058837
26402	16.9143522946737
26408	16.9143521537492
26416	16.9143520586543
26418	16.9143509859605
26420	16.9143505401807
26426	16.9143504982516
26438	16.9143504873733
26446	16.9143504117586
26448	16.9143503579641
26454	16.9143503389586
26462	16.91434995999
26466	16.9143491243650
26468	16.9143480762314
26476	16.9143480735310
26482	16.9143462287895
26500	16.9143462170478
26522	16.9143460383298
26542	16.9143448411856
26564	16.9143444411169
26572	16.9143443533733
26580	16.9143440483348
26586	16.9143438617473
26588	16.9143433072312
26606	16.9143421209315
26612	16.9143414772954
26620	16.9143412393057
26640	16.9143411006666
26644	16.9143405477703
26652	16.9143403378629
26660	16.914340062143
26668	16.9143392144906
26684	16.9143381585479
26688	16.9143373957172
26698	16.9143372435191
26706	16.9143368576891
26722	16.9143367888922
26724	16.9143365034246
26728	16.9143363907395
26736	16.9143363043170
26744	16.9143361280883
26746	16.9143359996966
26752	16.9143350911221
26762	16.9143347659231
26776	16.9143341333596
26800	16.91433408786
26804	16.9143333553438
26814	16.9143328739410
26820	16.9143320989058
26846	16.9143318431362
26850	16.9143317844265
26874	16.9143317567951
26884	16.9143317031451
26894	16.9143314338268
26898	16.9143313963072
26900	16.9143313335179
26914	16.9143308751839
26930	16.9143303405765
26952	16.9143303124534
26956	16.9143302065340
26966	16.9143293852116
26982	16.9143293098446
26998	16.9143288657508
27008	16.9143281102518
27042	16.9143276782599
27056	16.9143274954437
27072	16.9143271848808
27088	16.9143270597720
27096	16.9143270546661
27100	16.9143267270017
27108	16.9143267012281
27112	16.9143264860405
27114	16.9143262654488
27116	16.9143260245431
27148	16.9143258571085
27158	16.9143257481975
27160	16.9143254666418
27166	16.9143254501436
27174	16.9143250289473
27188	16.9143249045877
27192	16.9143243707017
27208	16.9143243681684
27210	16.9143242442846
27212	16.9143242195963
27218	16.9143241184089
27228	16.9143240820974
27234	16.9143239654789
27236	16.9143239298653
27238	16.9143235692465
27248	16.9143231901685
27252	16.9143229821527
27256	16.9143227749479
27272	16.914322378845
27296	16.9143223540387
27312	16.9143222470223
27330	16.9143219585005
27332	16.9143218083016
27340	16.9143217246138
27344	16.9143216830997
27346	16.9143214724825
27348	16.9143211743537
27356	16.9143211714237
27362	16.9143210867032
27364	16.9143210085349
27370	16.9143207393655
27378	16.9143205976385
27384	16.9143204941412
27398	16.9143204726345
27400	16.9143204062024
27414	16.9143200058981
27422	16.9143199247888
27426	16.9143198544775
27432	16.9143195556717
27444	16.9143195209524
27446	16.9143194836644
27454	16.9143191482541
27472	16.9143190089403
27478	16.9143189739398
27494	16.9143188558220
27512	16.9143188384671
27522	16.9143187296102
27528	16.9143187057588
27530	16.9143186534564
27532	16.9143185477334
27536	16.914318216925
27588	16.9143176998048
27594	16.9143175932544
27596	16.914317543481
27602	16.9143173111725
27606	16.9143169756347
27612	16.9143165864755
27640	16.9143165381561
27644	16.9143164453506
27646	16.9143161585328
27658	16.9143157746017
27672	16.9143157498974
27714	16.9143154628325
27718	16.9143153657220
27740	16.9143152739471
27752	16.9143147586654
27782	16.9143147423973
27792	16.9143145798911
27814	16.9143142626496
27830	16.9143142453545
27844	16.9143141449528
27866	16.9143139905100
27870	16.9143139002691
27872	16.9143136802396
27912	16.9143136352234
27934	16.9143135873735
27940	16.9143132727697
27982	16.9143129477716
27994	16.9143126315076
28004	16.9143124943569
28010	16.9143120904971
28014	16.9143120511225
28026	16.9143118920688
28034	16.9143117396480
28036	16.9143112856384
28046	16.9143108541869
28066	16.9143107692327
28068	16.9143103167146
28074	16.9143100863574
28086	16.9143100205445
28098	16.9143096182636
28136	16.9143095492961
28138	16.9143093215405
28140	16.9143093118617
28152	16.9143092587146
28154	16.9143087314446
28164	16.9143086258169
28192	16.9143085886223
28196	16.9143080348689
28216	16.9143076201649
28236	16.9143075910073
28252	16.9143074530863
28254	16.9143072643309
28258	16.9143072575418
28266	16.9143070126841
28268	16.9143070018632
28288	16.9143066078563
28328	16.9143064765936
28344	16.9143062933761
28358	16.9143059038034
28362	16.9143058959373
28366	16.9143058040439
28394	16.9143056975066
28402	16.9143054915651
28406	16.9143054411982
28412	16.9143053334263
28420	16.9143052888033
28426	16.9143051260755
28444	16.914304996674
28462	16.9143049887006
28474	16.914304883972
28500	16.9143045999568
28514	16.9143044012223
28526	16.9143043169978
28530	16.9143042976884
28544	16.9143042583406
28554	16.9143038973832
28586	16.9143038186382
28632	16.9143037958066
28634	16.9143037156764
28640	16.9143036812131
28652	16.9143035736827
28658	16.9143035621564
28660	16.9143035540386
28662	16.9143033548750
28672	16.9143033510107
28676	16.9143033233072
28680	16.9143032771369
28688	16.9143031783412
28694	16.914303036719
28722	16.9143029923813
28746	16.9143029783907
28752	16.9143029353521
28760	16.9143029149168
28768	16.9143028275468
28772	16.9143027485724
28786	16.9143027082777
28800	16.9143025889844
28828	16.9143025022794
28834	16.9143024921728
28864	16.9143024507147
28878	16.9143024184140
28894	16.9143024141805
28900	16.9143023725172
28910	16.9143023568055
28916	16.9143022952587
28938	16.9143021998795
28948	16.9143021108989
28976	16.9143020446836
28982	16.9143020392998
28984	16.9143020219402
28992	16.914301999268
29024	16.9143019764235
29040	16.9143019650938
29044	16.9143019524121
29050	16.9143018981913
29086	16.9143018818023
29092	16.9143018431242
29098	16.9143017897546
29102	16.9143017791203
29104	16.9143017427075
29116	16.9143017035792
29120	16.9143016436119
29124	16.914301602476
29138	16.9143015984204
29140	16.9143015414128
29148	16.9143015259851
29164	16.9143014680594
29178	16.9143014464815
29186	16.914301402006
29206	16.9143013942669
29232	16.9143013145122
29264	16.9143012909808
29272	16.9143012816291
29278	16.9143012486286
29280	16.9143012406523
29290	16.914301230371
29300	16.914301206037
29312	16.9143012017450
29316	16.9143011430155
29340	16.914301137586
29344	16.9143011074046
29362	16.9143010110137
29392	16.9143009911635
29400	16.9143009854085
29408	16.9143009566627
29410	16.914300879315
29424	16.9143008298871
29434	16.9143008082088
29458	16.9143007852244
29462	16.9143007806744
29480	16.9143006822747
29504	16.9143006366428
29528	16.9143005901738
29532	16.9143005872002
29544	16.9143005150743
29556	16.9143004998888
29578	16.9143004490674
29590	16.9143004422012
29598	16.9143004189326
29612	16.9143004086604
29616	16.9143003864854
29622	16.9143003799748
29634	16.9143003200820
29636	16.9143002865175
29670	16.9143002776036
29678	16.9143002696503
29682	16.9143002259787
29698	16.9143002227049
29712	16.9143001662922
29720	16.9143001558239
29738	16.9143000776345
29740	16.9143000181899
29748	16.9142999554540
29768	16.9142999287994
29778	16.9142999033307
29780	16.9142999020588
29782	16.9142998903464
29788	16.9142998494207
29806	16.9142998488769
29816	16.9142998435129
29824	16.9142997801353
29848	16.9142997522361
29854	16.9142997239775
29876	16.9142996916438
29910	16.914299637056
29918	16.9142996316335
29920	16.9142995844703
29930	16.9142995393682
29952	16.9142995075112
29960	16.9142994700171
29962	16.9142994602795
29972	16.9142994425751
29992	16.91429943833
29994	16.9142993795280
30010	16.9142993681843
30034	16.9142993211395
30040	16.9142992984868
30048	16.9142992914949
30054	16.9142992390884
30060	16.9142992077462
30062	16.9142991885960
30088	16.9142991691278
30104	16.9142991563957
30106	16.9142991017241
30108	16.9142990681537
30112	16.9142990605481
30126	16.9142990322539
30132	16.9142989561421
30152	16.9142989449199
30172	16.9142989307318
30180	16.9142989213361
30194	16.9142989089155
30218	16.9142989057389
30226	16.9142988828271
30232	16.9142988663393
30264	16.9142988556779
30282	16.9142988202306
30300	16.9142987961487
30302	16.9142987930866
30322	16.9142987905779
30324	16.9142987522168
30328	16.9142987127509
30346	16.9142986405436
30378	16.9142986231088
30420	16.9142986147788
30428	16.9142985927351
30430	16.9142985923268
30448	16.914298583366
30468	16.9142985749333
30474	16.9142985316969
30484	16.9142985286072
30490	16.9142985261317
30492	16.9142985034943
30494	16.9142984873448
30506	16.9142984854815
30516	16.9142984723029
30518	16.9142984706175
30520	16.9142984513631
30522	16.914298371218
30540	16.9142983277946
30550	16.9142983035638
30552	16.9142983028636
30558	16.9142982972549
30570	16.9142982838918
30590	16.914298277594
30596	16.9142982760580
30600	16.914298254122
30602	16.9142982536107
30608	16.9142982317752
30618	16.9142982073239
30646	16.9142981725099
30676	16.9142981639514
30678	16.9142981291688
30698	16.9142980557295
30712	16.9142980453624
30714	16.9142979914777
30738	16.9142979586344
30752	16.9142979457101
30754	16.9142979236124
30762	16.9142979229490
30768	16.9142978795231
30774	16.9142978561896
30786	16.9142978265667
30794	16.9142977638555
30814	16.9142977427467
30824	16.9142977401521
30838	16.9142976757192
30844	16.9142976523188
30854	16.9142976521078
30858	16.9142976383995
30862	16.9142975635670
30866	16.9142975630739
30870	16.9142975430746
30882	16.9142974574394
30922	16.9142974197868
30924	16.9142973990294
30954	16.914297387228
30958	16.9142973621758
30960	16.9142973326428
30966	16.9142972691191
30980	16.9142972285425
30994	16.9142972186791
31006	16.9142970646437
31020	16.9142970492328
31038	16.9142970403774
31042	16.9142970163970
31044	16.9142969821228
31058	16.9142969755126
31072	16.9142969674213
31086	16.9142969202266
31096	16.9142969193768
31102	16.9142969048818
31108	16.9142968648919
31118	16.9142968570514
31128	16.9142968490252
31130	16.9142968081568
31146	16.9142968042194
31176	16.9142967839304
31192	16.9142967832758
31194	16.9142967744462
31212	16.9142967146672
31222	16.9142967127946
31228	16.9142966966291
31248	16.9142966899973
31260	16.9142966528306
31272	16.9142966152554
31276	16.9142966035301
31304	16.9142965931977
31306	16.9142965622854
31316	16.9142965458813
31322	16.9142965436844
31354	16.9142964976630
31392	16.9142964947069
31408	16.9142964584036
31416	16.9142964506138
31420	16.9142964437087
31438	16.9142964317319
31446	16.9142964144110
31448	16.9142964111688
31466	16.9142963859248
31474	16.9142963744888
31490	16.9142963534990
31494	16.9142963452505
31496	16.9142963412807
31504	16.9142963342932
31508	16.9142963189694
31518	16.9142962905256
31534	16.9142962740904
31550	16.9142962357911
31562	16.9142962308089
31566	16.9142962060362
31582	16.9142961987839
31598	16.9142961577907
31620	16.9142961546462
31630	16.9142961026548
31636	16.9142960854046
31664	16.9142960791152
31672	16.9142960749493
31682	16.9142960557340
31702	16.9142960458762
31710	16.9142960428808
31718	16.914296040305
31724	16.9142960359731
31728	16.9142960304838
31736	16.9142959895403
31740	16.9142959750664
31758	16.9142959402512
31764	16.9142959330605
31782	16.9142959269948
31784	16.9142958971916
31806	16.9142958817072
31812	16.9142958700235
31822	16.9142958416409
31834	16.9142958396305
31852	16.9142958118497
31856	16.9142957841225
31866	16.9142957667354
31878	16.9142957480529
31882	16.9142957214756
31894	16.9142956942807
31910	16.9142956870212
31938	16.9142956831371
31950	16.9142956779777
31966	16.9142956331367
31980	16.9142956282524
31988	16.9142956173079
32000	16.9142956163912
32004	16.9142955904573
32010	16.9142955778929
32020	16.9142955615365
32028	16.9142955235149
32038	16.9142955193297
32052	16.9142955153378
32064	16.9142954771428
32084	16.9142954680965
32088	16.9142954499025
32090	16.9142954421838
32106	16.9142953970371
32120	16.9142953968123
32132	16.9142953762436
32152	16.9142953746761
32158	16.9142953636279
32166	16.9142953561462
32184	16.9142953499001
32210	16.9142953357889
32212	16.9142953334223
32224	16.9142953278645
32230	16.9142953245106
32246	16.9142953003083
32266	16.9142952787124
32276	16.9142952754596
32286	16.9142952548784
32302	16.9142952483943
32312	16.9142952093158
32314	16.9142952038768
32326	16.9142951929765
32354	16.9142951919967
32378	16.9142951908546
32382	16.9142951465042
32390	16.9142951220547
32426	16.9142950950533
32462	16.9142950836835
32472	16.9142950700747
32480	16.9142950661164
32502	16.9142950619657
32506	16.9142950533875
32516	16.9142950533038
32532	16.9142950457797
32538	16.9142950388499
32542	16.9142950336427
32544	16.9142950191531
32554	16.914295009687
32574	16.9142949958096
32578	16.9142949865886
32596	16.9142949833943
32598	16.9142949740614
32618	16.9142949683709
32632	16.9142949554495
32642	16.9142949461759
32654	16.914294930531
32680	16.9142949200879
32684	16.9142949161859
32692	16.9142948901428
32710	16.9142948815165
32728	16.9142948741568
32732	16.9142948513189
32766	16.9142948372969
32768	16.9142948346796
32790	16.9142948072462
32804	16.9142948053613
32818	16.9142947630677
32864	16.9142947419167
32904	16.9142947282281
32920	16.9142947175797
32934	16.9142947014157
32966	16.9142946852750
32990	16.9142946750610
33008	16.9142946636986
33012	16.9142946576660
33018	16.9142946574530
33020	16.9142946519021
33026	16.9142946347659
33036	16.914294618469
33048	16.9142946160318
33050	16.9142946100586
33054	16.9142946042407
33058	16.9142945908215
33070	16.9142945894734
33076	16.9142945713572
33080	16.9142945666605
33090	16.9142945567185
33102	16.9142945546770
33112	16.9142945520231
33124	16.9142945511813
33128	16.9142945494393
33150	16.9142945294524
33196	16.9142945258280
33200	16.9142945077597
33216	16.9142945013834
33266	16.9142944986691
33294	16.9142944972045
33318	16.9142944952476
33322	16.9142944939550
33324	16.9142944784870
33338	16.9142944616273
33340	16.9142944588977
33356	16.9142944516616
33366	16.9142944468334
33376	16.9142944432563
33396	16.9142944311638
33398	16.9142944265903
33412	16.9142944072245
33420	16.9142944016911
33444	16.9142943964003
33446	16.9142943894421
33470	16.9142943889425
33492	16.9142943734743
33524	16.9142943703049
33542	16.9142943691767
33564	16.9142943669976
33576	16.9142943630167
33590	16.9142943609099
33606	16.9142943517468
33644	16.9142943511464
33646	16.9142943470390
33650	16.9142943385514
33664	16.9142943288152
33720	16.9142943286012
33732	16.914294323878
33740	16.9142943223656
33776	16.9142943201926
33782	16.9142943195698
33806	16.9142943181944
33820	16.9142943152918
33836	16.9142943133476
33842	16.9142943124587
33854	16.9142943099523
33872	16.9142943094348
33888	16.9142943058446
33898	16.9142943055095
33918	16.9142943042780
33930	16.9142943041957
33932	16.9142943028417
33940	16.9142943020804
33952	16.9142943012151
33958	16.9142943009685
33960	16.9142942954589
33968	16.9142942875799
33996	16.9142942834431
34022	16.9142942812777
34030	16.9142942799200
34046	16.9142942788290
34048	16.9142942775674
34074	16.9142942758719
34086	16.9142942734623
34104	16.9142942727127
34108	16.9142942719276
34114	16.9142942681139
34132	16.9142942653108
34150	16.9142942576315
34168	16.9142942561689
34172	16.9142942542894
34178	16.9142942515412
34180	16.9142942499511
34188	16.9142942472060
34196	16.9142942442737
34228	16.9142942437446
34238	16.9142942389785
34290	16.9142942354426
34352	16.9142942346306
34356	16.9142942342669
34376	16.9142942340351
34406	16.9142942336413
34426	16.9142942321031
34428	16.9142942301271
34456	16.9142942299298
34466	16.914294229465
34484	16.9142942293798
34504	16.9142942278884
34510	16.9142942270796
34528	16.9142942269757
34534	16.914294225849
34538	16.9142942256768
34548	16.9142942255351
34554	16.9142942253478
34556	16.914294224941
34582	16.9142942246980
34588	16.9142942236242
34604	16.9142942218564
34618	16.9142942217915
34626	16.9142942211905
34632	16.9142942203752
34654	16.9142942200641
34674	16.9142942190495
34692	16.914294218263
34696	16.9142942175972
34698	16.9142942174333
34722	16.9142942158104
34732	16.9142942141433
34740	16.9142942130540
34742	16.9142942113959
34752	16.9142942110898
34762	16.9142942095542
34764	16.9142942070633
34778	16.9142942045756
34790	16.9142942019937
34802	16.9142941989784
34806	16.9142941981042
34808	16.9142941898476
34810	16.9142941891917
34822	16.9142941873857
34828	16.9142941871619
34832	16.9142941841289
34842	16.9142941813004
34862	16.9142941812602
34864	16.9142941780596
34872	16.9142941688851
34890	16.9142941639194
34902	16.9142941635804
34910	16.914294159171
34950	16.9142941575728
34954	16.9142941566977
34962	16.9142941562567
34968	16.9142941534469
34990	16.9142941514310
35000	16.9142941503366
35012	16.9142941476394
35018	16.9142941466710
35022	16.9142941464855
35028	16.9142941419516
35030	16.9142941403693
35038	16.9142941377152
35052	16.9142941370692
35058	16.9142941344708
35066	16.9142941343595
35072	16.9142941315051
35074	16.9142941305077
35088	16.9142941301625
35102	16.9142941215340
35146	16.9142941202347
35204	16.9142941196503
35206	16.9142941190688
35214	16.9142941178972
35244	16.9142941159695
35258	16.9142941150821
35272	16.9142941149914
35306	16.9142941137676
35316	16.9142941134303
35324	16.9142941130616
35348	16.9142941128597
35352	16.9142941122319
35378	16.9142941112497
35384	16.9142941111802
35388	16.9142941110021
35390	16.9142941106453
35402	16.9142941095525
35418	16.9142941089204
35420	16.9142941081658
35448	16.9142941068021
35474	16.9142941062101
35476	16.914294105482
35478	16.9142941052735
35502	16.9142941051905
35506	16.9142941045379
35514	16.9142941043312
35524	16.9142941042304
35534	16.914294102862
35544	16.9142941022517
35570	16.9142941019311
35582	16.9142941013369
35586	16.9142941012479
35594	16.9142940987006
35600	16.914294098617
35610	16.9142940977571
35624	16.9142940967699
35634	16.9142940953634
35648	16.9142940940589
35668	16.9142940927493
35670	16.9142940905095
35676	16.9142940878172
35686	16.9142940860800
35702	16.9142940851201
35718	16.9142940842371
35728	16.9142940836727
35736	16.9142940831046
35740	16.9142940821654
35762	16.9142940806333
35774	16.9142940800935
35776	16.9142940799763
35784	16.9142940793781
35806	16.9142940780184
35816	16.9142940778115
35838	16.9142940775844
35846	16.9142940774431
35854	16.9142940770078
35856	16.9142940762975
35866	16.9142940759068
35870	16.9142940755273
35876	16.9142940754928
35878	16.9142940739419
35896	16.9142940732187
35906	16.9142940729413
35916	16.9142940723602
35922	16.9142940720557
35936	16.9142940716708
35946	16.9142940714272
35962	16.9142940707477
35964	16.914294070379
35976	16.9142940700527
35978	16.9142940699324
35980	16.9142940693810
36032	16.9142940690490
36042	16.9142940689449
36044	16.9142940687422
36062	16.9142940686564
36068	16.9142940685921
36076	16.9142940682614
36088	16.9142940680822
36090	16.9142940680110
36096	16.9142940672889
36102	16.9142940670089
36114	16.9142940668522
36122	16.9142940662709
36134	16.9142940653914
36148	16.9142940653007
36158	16.9142940649646
36164	16.9142940648443
36174	16.9142940637384
36184	16.9142940631197
36188	16.9142940627955
36222	16.9142940627718
36228	16.9142940622121
36240	16.9142940618188
36248	16.9142940614878
36260	16.9142940608804
36270	16.9142940603657
36276	16.9142940603174
36278	16.9142940596088
36318	16.9142940592831
36322	16.9142940590558
36348	16.9142940584537
36354	16.9142940579195
36356	16.9142940579041
36362	16.9142940573501
36368	16.9142940565599
36394	16.9142940562909
36408	16.9142940560607
36420	16.9142940557962
36436	16.9142940557647
36440	16.9142940551629
36460	16.9142940549412
36462	16.9142940548429
36478	16.9142940542802
36506	16.9142940538391
36508	16.9142940535530
36528	16.9142940533599
36538	16.9142940533526
36546	16.9142940529702
36564	16.9142940526824
36580	16.9142940524808
36586	16.9142940520160
36590	16.9142940515858
36614	16.9142940511759
36638	16.9142940511626
36642	16.9142940507545
36666	16.9142940506288
36668	16.9142940505256
36676	16.9142940500539
36680	16.9142940498285
36688	16.914294049292
36710	16.9142940492192
36716	16.9142940491061
36728	16.9142940489629
36740	16.9142940487772
36746	16.9142940484954
36756	16.914294047527
36772	16.9142940472341
36790	16.9142940471337
36794	16.9142940468729
36800	16.9142940467298
36806	16.9142940455031
36834	16.9142940449582
36852	16.9142940444137
36858	16.9142940439055
36890	16.9142940433880
36914	16.9142940424130
36916	16.9142940412070
36928	16.914294040575
36944	16.9142940404189
36950	16.9142940397236
36952	16.9142940384359
36954	16.9142940381325
36958	16.9142940379353
36968	16.9142940378602
36982	16.9142940353705
36986	16.9142940343190
36990	16.9142940340135
36994	16.914294031839
37044	16.9142940294025
37056	16.9142940291821
37068	16.9142940283378
37074	16.9142940245757
37084	16.9142940240595
37088	16.9142940229309
37102	16.9142940223461
37110	16.9142940209093
37116	16.9142940202387
37124	16.9142940191447
37126	16.9142940186786
37140	16.9142940180533
37146	16.9142940177727
37158	16.9142940168425
37192	16.9142940163697
37194	16.9142940141004
37210	16.9142940139774
37212	16.9142940139379
37222	16.9142940118997
37228	16.9142940115513
37238	16.9142940115353
37262	16.9142940097242
37266	16.9142940095114
37270	16.9142940083602
37312	16.9142940076767
37344	16.9142940061514
37352	16.9142940061240
37356	16.9142940059744
37372	16.9142940059567
37380	16.9142940053608
37394	16.9142940046964
37398	16.9142940042299
37410	16.9142940040924
37456	16.9142940040495
37476	16.9142940036069
37492	16.9142940032902
37512	16.9142940028683
37526	16.9142940028290
37534	16.9142940018960
37546	16.9142940013656
37550	16.9142940012661
37572	16.9142940011821
37588	16.9142940007721
37592	16.9142940006579
37594	16.9142940001473
37622	16.9142939997442
37630	16.9142939995709
37636	16.9142939995010
37644	16.9142939983481
37646	16.9142939973731
37684	16.9142939972771
37686	16.9142939972044
37706	16.9142939959046
37714	16.9142939938631
37740	16.9142939933841
37742	16.9142939930698
37744	16.9142939926924
37752	16.9142939925213
37754	16.9142939924416
37756	16.9142939919037
37766	16.9142939914081
37770	16.9142939908306
37780	16.9142939902106
37790	16.9142939876666
37798	16.9142939875446
37810	16.9142939870368
37820	16.9142939846752
37848	16.9142939838893
37862	16.9142939837724
37872	16.9142939828677
37878	16.9142939822173
37884	16.9142939820634
37894	16.9142939814961
37896	16.9142939807621
37898	16.9142939806707
37928	16.9142939773441
37946	16.9142939760124
37980	16.9142939751261
37992	16.9142939737337
38002	16.9142939726444
38008	16.9142939721821
38022	16.9142939719041
38028	16.9142939705025
38030	16.9142939695441
38034	16.9142939693270
38054	16.9142939642796
38076	16.9142939613904
38086	16.9142939601293
38096	16.9142939582682
38122	16.9142939570841
38126	16.9142939570149
38188	16.9142939566900
38190	16.9142939551570
38206	16.9142939550771
38210	16.9142939547084
38212	16.9142939536150
38218	16.9142939531903
38220	16.9142939528345
38230	16.9142939513410
38260	16.9142939509737
38264	16.9142939506461
38272	16.9142939504264
38278	16.9142939504234
38282	16.9142939494289
38302	16.9142939492691
38320	16.9142939489094
38328	16.9142939489017
38336	16.9142939487876
38340	16.9142939482633
38350	16.9142939481061
38390	16.9142939476032
38424	16.9142939470144
38442	16.914293946572
38456	16.9142939464106
38462	16.9142939463753
38472	16.9142939454489
38482	16.9142939453096
38490	16.9142939451092
38500	16.9142939450559
38508	16.9142939439655
38522	16.9142939436381
38530	16.9142939422214
38534	16.9142939417648
38548	16.9142939414742
38554	16.9142939408281
38562	16.9142939405909
38566	16.9142939402857
38576	16.9142939387943
38588	16.9142939387641
38594	16.9142939378871
38612	16.9142939372993
38622	16.9142939371268
38636	16.914293935502
38638	16.9142939334876
38692	16.9142939331347
38698	16.9142939329524
38706	16.9142939326763
38708	16.914293931196
38740	16.9142939304032
38748	16.9142939288257
38762	16.9142939280218
38808	16.9142939278457
38812	16.9142939264857
38814	16.9142939262077
38826	16.9142939258685
38828	16.9142939254006
38834	16.9142939250206
38848	16.9142939242877
38856	16.9142939242522
38864	16.9142939231856
38878	16.9142939230708
38882	16.9142939225890
38900	16.9142939221537
38926	16.9142939210443
38940	16.9142939198916
38944	16.9142939198331
38962	16.9142939195285
38966	16.9142939190904
38992	16.9142939164315
39076	16.9142939163803
39080	16.9142939160793
39084	16.9142939153471
39134	16.9142939153381
39144	16.9142939152397
39152	16.9142939151700
39178	16.9142939151588
39194	16.9142939151345
39200	16.9142939148195
39222	16.9142939148172
39232	16.9142939145722
39240	16.9142939143013
39258	16.9142939142109
39278	16.9142939140431
39282	16.9142939136515
39292	16.9142939135681
39294	16.9142939133082
39306	16.9142939128345
39324	16.9142939128297
39326	16.9142939127377
39348	16.9142939119367
39356	16.9142939116906
39364	16.9142939111498
39372	16.9142939111238
39374	16.9142939110051
39378	16.9142939108695
39396	16.9142939107909
39402	16.9142939105276
39434	16.9142939098739
39482	16.9142939097246
39496	16.9142939094702
39500	16.9142939094003
39512	16.9142939092634
39524	16.9142939092122
39530	16.9142939091760
39538	16.9142939091615
39540	16.9142939087917
39570	16.9142939086821
39580	16.9142939082862
39624	16.9142939082649
39638	16.9142939082515
39646	16.9142939076904
39666	16.9142939075343
39672	16.9142939074606
39674	16.9142939073759
39680	16.9142939073501
39698	16.9142939072422
39714	16.9142939070705
39728	16.9142939069118
39734	16.9142939067263
39764	16.9142939067251
39786	16.9142939066497
39794	16.9142939064012
39796	16.9142939061461
39808	16.9142939060544
39816	16.9142939060495
39826	16.9142939060313
39828	16.9142939058609
39848	16.9142939057071
39862	16.9142939053834
39906	16.9142939051953
39930	16.9142939050727
39942	16.9142939049838
39968	16.9142939049378
39972	16.9142939048793
40022	16.9142939048327
40048	16.9142939048275
40050	16.9142939047691
40062	16.9142939047596
40076	16.9142939047290
40078	16.9142939047169
40082	16.9142939047143
40086	16.9142939046552
40088	16.9142939046399
40100	16.9142939045892
40106	16.9142939045614
40126	16.9142939044183
40132	16.9142939043303
40140	16.9142939043192
40174	16.9142939043093
40182	16.9142939042816
40188	16.9142939042815
40190	16.9142939042687
40198	16.9142939042475
40202	16.9142939041966
40218	16.9142939041795
40236	16.9142939041016
40238	16.9142939040747
40262	16.9142939040573
40274	16.9142939040467
40278	16.9142939040264
40280	16.9142939040057
40296	16.9142939038716
40328	16.9142939038269
40332	16.9142939037952
40352	16.9142939037281
40366	16.9142939036991
40368	16.9142939036183
40380	16.9142939035066
40384	16.9142939034855
40386	16.9142939034599
40404	16.9142939033745
40420	16.9142939033407
40422	16.9142939033249
40426	16.9142939032958
40448	16.9142939032138
40454	16.914293903197
40462	16.9142939031642
40468	16.9142939031330
40470	16.9142939030127
40490	16.9142939030108
40520	16.9142939029502
40524	16.9142939029259
40530	16.9142939028622
40550	16.9142939027344
40584	16.9142939027319
40588	16.9142939026906
40594	16.9142939026395
40618	16.9142939025790
40628	16.9142939025084
40634	16.9142939024721
40662	16.9142939024417
40674	16.9142939024246
40684	16.9142939022383
40696	16.914293902237
40722	16.9142939021590
40726	16.9142939021308
40740	16.9142939020929
40774	16.9142939020605
40788	16.9142939019759
40794	16.9142939019547
40816	16.9142939018727
40820	16.9142939018171
40832	16.9142939017459
40842	16.9142939015879
40848	16.9142939015667
40850	16.9142939015232
40864	16.9142939015004
40880	16.9142939014838
40904	16.9142939013106
40918	16.9142939012975
40920	16.9142939010980
40960	16.9142939010257
40972	16.9142939010165
40974	16.9142939009657
40984	16.9142939009641
40986	16.9142939009393
40994	16.9142939008235
41026	16.9142939007316
41032	16.9142939007231
41034	16.9142939005965
41050	16.9142939005655
41056	16.9142939005623
41058	16.9142939005301
41068	16.9142939004727
41070	16.9142939004130
41080	16.9142939003223
41096	16.9142939001971
41116	16.9142939001711
41118	16.9142939001508
41120	16.9142939000401
41122	16.9142938999764
41144	16.9142938998352
41164	16.9142938997739
41176	16.9142938997117
41182	16.9142938996932
41188	16.9142938994095
41206	16.9142938991644
41232	16.9142938990847
41238	16.9142938990742
41248	16.9142938989286
41254	16.9142938988752
41272	16.9142938988585
41278	16.9142938986989
41284	16.9142938985095
41308	16.9142938984405
41320	16.9142938983902
41334	16.9142938983744
41344	16.9142938983470
41354	16.9142938981730
41370	16.9142938980790
41400	16.9142938980616
41404	16.9142938979678
41414	16.9142938978546
41420	16.9142938977732
41452	16.9142938977215
41470	16.9142938976108
41486	16.9142938975763
41516	16.9142938975714
41524	16.9142938975680
41538	16.9142938974337
41554	16.9142938973641
41568	16.9142938973633
41592	16.9142938973265
41598	16.9142938972755
41632	16.9142938972722
41646	16.9142938972303
41660	16.9142938971825
41692	16.9142938971793
41708	16.9142938971754
41718	16.9142938971604
41720	16.9142938971391
41736	16.9142938970989
41774	16.9142938970878
41778	16.9142938970621
41784	16.9142938970471
41792	16.9142938970303
41810	16.9142938970253
41826	16.9142938970131
41858	16.9142938970101
41880	16.9142938969936
41886	16.9142938969887
41900	16.9142938969699
41916	16.9142938969634
41926	16.9142938969423
41932	16.9142938969325
41952	16.9142938969238
41956	16.9142938969166
41976	16.9142938969094
41980	16.9142938968714
41998	16.9142938968662
42014	16.9142938968549
42018	16.9142938968446
42040	16.9142938968405
42048	16.9142938968341
42052	16.9142938968334
42054	16.9142938968317
42060	16.9142938968277
42064	16.9142938968142
42070	16.9142938967997
42072	16.9142938967924
42082	16.9142938967921
42086	16.9142938967765
42112	16.9142938967590
42114	16.9142938967227
42136	16.9142938967224
42138	16.9142938967163
42144	16.9142938967045
42148	16.9142938966996
42164	16.9142938966702
42186	16.9142938966612
42198	16.9142938966558
42212	16.9142938966467
42226	16.9142938966428
42236	16.9142938966401
42238	16.9142938966213
42242	16.9142938966196
42262	16.9142938966153
42268	16.9142938966087
42284	16.9142938965974
42298	16.9142938965970
42302	16.9142938965938
42304	16.9142938965761
42314	16.9142938965391
42344	16.9142938965344
42352	16.9142938965147
42354	16.9142938964789
42366	16.9142938964776
42372	16.9142938964492
42384	16.9142938964384
42388	16.9142938964112
42416	16.9142938963965
42422	16.9142938963834
42440	16.9142938963712
42442	16.9142938963652
42444	16.9142938963454
42456	16.9142938963345
42460	16.9142938962876
42472	16.9142938962843
42474	16.9142938962827
42480	16.914293896272
42486	16.9142938961950
42488	16.9142938961727
42496	16.9142938961565
42506	16.9142938960941
42510	16.9142938960681
42550	16.9142938960409
42560	16.9142938960234
42570	16.9142938960117
42582	16.9142938960069
42592	16.9142938959856
42598	16.9142938959746
42624	16.9142938959614
42652	16.9142938959160
42654	16.9142938959067
42662	16.9142938958628
42664	16.9142938958473
42672	16.9142938958401
42680	16.9142938958231
42708	16.9142938958007
42718	16.9142938957981
42726	16.9142938957817
42728	16.9142938957702
42748	16.9142938957599
42758	16.9142938957395
42768	16.9142938957244
42780	16.9142938957232
42782	16.9142938957154
42786	16.9142938956730
42810	16.9142938956691
42812	16.9142938956679
42828	16.9142938956561
42830	16.9142938956471
42834	16.9142938956364
42868	16.9142938956212
42900	16.9142938956012
42906	16.9142938956008
42914	16.9142938955995
42926	16.9142938955919
42928	16.9142938955871
42934	16.9142938955735
42956	16.9142938955662
42958	16.914293895558
42974	16.9142938955487
42998	16.9142938955345
43006	16.9142938955248
43020	16.9142938955152
43048	16.9142938955119
43052	16.9142938955064
43066	16.9142938954949
43108	16.9142938954895
43126	16.9142938954742
43146	16.9142938954632
43150	16.9142938954592
43160	16.9142938954479
43168	16.9142938954390
43172	16.9142938954294
43176	16.9142938954259
43196	16.9142938954187
43224	16.9142938954144
43228	16.9142938953975
43232	16.9142938953731
43264	16.9142938953540
43306	16.9142938953469
43318	16.9142938953446
43356	16.9142938953400
43376	16.9142938953386
43390	16.9142938953376
43398	16.9142938953350
43406	16.9142938953342
43408	16.9142938953257
43418	16.9142938953254
43420	16.9142938953231
43426	16.9142938953225
43446	16.9142938953203
43448	16.9142938953117
43458	16.9142938953083
43472	16.9142938953039
43474	16.9142938953038
43486	16.9142938953019
43492	16.9142938953005
43496	16.9142938952927
43502	16.9142938952881
43530	16.9142938952841
43538	16.914293895284
43550	16.9142938952780
43552	16.9142938952749
43570	16.9142938952716
43572	16.9142938952684
43580	16.9142938952665
43588	16.9142938952627
43614	16.9142938952596
43616	16.9142938952548
43626	16.9142938952522
43628	16.9142938952521
43642	16.9142938952502
43648	16.9142938952472
43650	16.9142938952464
43660	16.9142938952447
43680	16.9142938952381
43682	16.9142938952349
43692	16.9142938952326
43698	16.9142938952315
43700	16.9142938952308
43714	16.9142938952222
43718	16.9142938952199
43748	16.9142938952166
43754	16.9142938952141
43756	16.9142938952141
43766	16.9142938952097
43770	16.9142938952051
43792	16.9142938952048
43820	16.9142938952013
43828	16.9142938951985
43832	16.9142938951976
43852	16.9142938951974
43864	16.9142938951951
43872	16.9142938951947
43882	16.9142938951918
43884	16.9142938951912
43886	16.9142938951911
43890	16.9142938951894
43894	16.9142938951892
43914	16.9142938951888
43916	16.9142938951886
43920	16.914293895188
43924	16.9142938951843
43942	16.9142938951841
43958	16.9142938951837
43964	16.9142938951824
43968	16.9142938951815
43972	16.914293895181
43974	16.9142938951805
44000	16.9142938951783
44004	16.9142938951764
44012	16.9142938951754
44030	16.9142938951743
44044	16.9142938951738
44064	16.9142938951727
44072	16.9142938951717
44096	16.9142938951709
44108	16.9142938951683
44120	16.9142938951679
44136	16.9142938951672
44170	16.9142938951667
44182	16.9142938951665
44186	16.9142938951645
44210	16.9142938951643
44218	16.9142938951639
44236	16.9142938951632
44252	16.9142938951609
44266	16.9142938951607
44276	16.9142938951595
44290	16.9142938951593
44320	16.9142938951571
44336	16.9142938951568
44346	16.9142938951567
44352	16.9142938951545
44370	16.9142938951542
44378	16.914293895154
44384	16.9142938951538
44386	16.9142938951521
44396	16.9142938951520
44398	16.9142938951495
44400	16.9142938951486
44406	16.9142938951467
44426	16.9142938951467
44430	16.9142938951442
44434	16.9142938951426
44446	16.9142938951412
44450	16.9142938951396
44474	16.9142938951377
44484	16.9142938951372
44490	16.9142938951367
44496	16.9142938951347
44524	16.9142938951343
44530	16.9142938951327
44538	16.9142938951312
44556	16.9142938951288
44568	16.9142938951276
44570	16.9142938951274
44580	16.9142938951274
44588	16.9142938951266
44604	16.9142938951238
44608	16.9142938951236
44632	16.9142938951231
44634	16.9142938951218
44648	16.9142938951198
44676	16.9142938951170
44724	16.9142938951167
44726	16.9142938951164
44738	16.9142938951139
44758	16.9142938951115
44764	16.9142938951112
44794	16.9142938951109
44804	16.9142938951094
44810	16.9142938951065
44834	16.9142938951050
44844	16.9142938951048
44848	16.9142938951029
44868	16.9142938951024
44902	16.9142938951019
44912	16.9142938951011
44918	16.9142938951007
44928	16.9142938950995
44934	16.9142938950987
44946	16.9142938950981
44956	16.9142938950975
44960	16.9142938950974
44966	16.9142938950968
44970	16.9142938950955
44986	16.9142938950950
44994	16.9142938950945
45000	16.9142938950937
45014	16.9142938950933
45032	16.9142938950930
45034	16.9142938950927
45038	16.9142938950919
45044	16.9142938950915
45050	16.9142938950905
45056	16.9142938950895
45074	16.9142938950882
45094	16.9142938950861
45130	16.9142938950851
45138	16.9142938950845
45142	16.9142938950828
45152	16.9142938950818
45170	16.9142938950810
45198	16.9142938950780
45212	16.9142938950777
45226	16.914293895076
45242	16.9142938950739
45262	16.9142938950731
45270	16.9142938950725
45286	16.9142938950709
45304	16.9142938950698
45320	16.9142938950692
45346	16.9142938950680
45368	16.9142938950680
45370	16.9142938950677
45378	16.9142938950673
45382	16.9142938950669
45384	16.9142938950656
45396	16.9142938950639
45408	16.9142938950628
45416	16.9142938950628
45426	16.9142938950626
45438	16.914293895062
45456	16.9142938950618
45458	16.9142938950618
45472	16.9142938950606
45474	16.9142938950595
45512	16.914293895058
45558	16.9142938950576
45570	16.9142938950568
45572	16.9142938950568
45576	16.9142938950558
45590	16.9142938950558
45592	16.9142938950550
45594	16.9142938950540
45602	16.9142938950538
45610	16.9142938950530
45622	16.9142938950515
45626	16.9142938950508
45628	16.9142938950505
45636	16.9142938950495
45648	16.9142938950492
45658	16.9142938950481
45680	16.9142938950480
45700	16.9142938950461
45706	16.9142938950455
45718	16.9142938950454
45728	16.9142938950442
45730	16.9142938950442
45750	16.9142938950438
45754	16.9142938950437
45770	16.9142938950435
45782	16.9142938950432
45784	16.9142938950429
45800	16.9142938950413
45830	16.9142938950407
45838	16.9142938950379
45852	16.9142938950362
45854	16.9142938950317
45876	16.9142938950303
45894	16.9142938950280
45900	16.9142938950274
45934	16.9142938950272
45964	16.9142938950266
45974	16.9142938950266
45976	16.9142938950255
45982	16.9142938950254
45986	16.9142938950248
46004	16.9142938950241
46006	16.914293895023
46020	16.9142938950227
46038	16.9142938950221
46060	16.9142938950215
46080	16.9142938950212
46094	16.9142938950209
46100	16.9142938950204
46112	16.9142938950201
46114	16.9142938950196
46128	16.9142938950192
46138	16.9142938950189
46142	16.9142938950171
46146	16.9142938950169
46156	16.9142938950165
46172	16.9142938950159
46194	16.9142938950155
46200	16.9142938950142
46216	16.9142938950138
46224	16.9142938950133
46228	16.9142938950130
46236	16.9142938950129
46248	16.9142938950125
46262	16.9142938950116
46282	16.9142938950107
46312	16.9142938950099
46340	16.9142938950091
46352	16.9142938950090
46358	16.9142938950083
46368	16.914293895008
46376	16.9142938950076
46382	16.9142938950076
46400	16.9142938950075
46402	16.9142938950072
46406	16.9142938950067
46442	16.9142938950065
46466	16.9142938950062
46474	16.9142938950059
46476	16.9142938950056
46492	16.9142938950053
46500	16.9142938950050
46520	16.9142938950047
46536	16.9142938950045
46548	16.9142938950042
46562	16.9142938950041
46566	16.9142938950040
46572	16.9142938950035
46578	16.9142938950031
46592	16.9142938950028
46624	16.9142938950026
46626	16.9142938950026
46648	16.9142938950025
46654	16.9142938950024
46656	16.9142938950024
46662	16.9142938950020
46668	16.9142938950018
46670	16.9142938950018
46696	16.9142938950013
46730	16.9142938950008
46744	16.9142938950007
46750	16.9142938950006
46768	16.9142938950003
46780	16.9142938950001
46784	16.9142938949999
46786	16.9142938949998
46832	16.9142938949996
46860	16.9142938949995
46896	16.9142938949993
46912	16.9142938949991
46918	16.9142938949987
46932	16.9142938949986
46956	16.9142938949984
46976	16.9142938949984
46982	16.9142938949983
46986	16.9142938949983
46992	16.9142938949982
47002	16.9142938949981
47006	16.9142938949979
47014	16.9142938949978
47030	16.9142938949976
47048	16.9142938949975
47072	16.9142938949974
47086	16.9142938949974
47094	16.9142938949972
47100	16.9142938949971
47122	16.914293894997
47126	16.9142938949968
47146	16.9142938949968
47158	16.9142938949967
47166	16.9142938949967
47170	16.9142938949965
47180	16.9142938949965
47198	16.9142938949964
47202	16.9142938949964
47214	16.9142938949963
47240	16.9142938949959
47248	16.9142938949959
47268	16.9142938949958
47282	16.9142938949957
47284	16.9142938949954
47310	16.9142938949951
47314	16.9142938949950
47334	16.9142938949950
47340	16.914293894995
47346	16.9142938949948
47352	16.9142938949948
47362	16.9142938949946
47366	16.9142938949946
47374	16.9142938949945
47384	16.9142938949945
47390	16.9142938949944
47398	16.9142938949942
47412	16.9142938949941
47422	16.9142938949941
47424	16.9142938949940
47442	16.914293894994
47444	16.9142938949938
47450	16.9142938949938
47454	16.9142938949935
47470	16.9142938949932
47480	16.9142938949929
47498	16.9142938949929
47528	16.9142938949928
47532	16.9142938949927
47538	16.9142938949925
47546	16.9142938949923
47564	16.9142938949921
47570	16.9142938949917
47590	16.9142938949917
47600	16.9142938949915
47614	16.9142938949914
47626	16.9142938949912
47640	16.9142938949909
47656	16.9142938949909
47678	16.9142938949908
47690	16.9142938949908
47692	16.9142938949906
47700	16.9142938949905
47712	16.9142938949903
47726	16.9142938949903
47730	16.9142938949901
47744	16.9142938949898
47746	16.9142938949895
47772	16.9142938949893
47796	16.9142938949892
47822	16.9142938949892
47826	16.9142938949892
47828	16.9142938949891
47842	16.9142938949891
47846	16.9142938949885
47850	16.9142938949885
47858	16.9142938949884
47866	16.9142938949884
47872	16.9142938949882
47882	16.9142938949879
47912	16.9142938949877
47970	16.9142938949874
47998	16.9142938949874
48004	16.9142938949871
48006	16.9142938949871
48020	16.9142938949869
48038	16.9142938949869
48044	16.9142938949868
48068	16.9142938949868
48078	16.9142938949866
48090	16.9142938949865
48106	16.9142938949864
48112	16.9142938949863
48124	16.9142938949863
48134	16.9142938949860
48154	16.9142938949859
48160	16.9142938949858
48164	16.9142938949858
48190	16.9142938949857
48194	16.9142938949855
48204	16.9142938949853
48220	16.9142938949852
48222	16.9142938949851
48224	16.9142938949850
48234	16.9142938949848
48244	16.9142938949842
48252	16.9142938949842
48254	16.9142938949842
48260	16.9142938949834
48262	16.9142938949829
48308	16.9142938949828
48316	16.9142938949826
48332	16.9142938949821
48342	16.9142938949818
48366	16.9142938949809
48376	16.9142938949808
48386	16.9142938949804
48402	16.9142938949801
48422	16.9142938949796
48434	16.9142938949795
48444	16.9142938949794
48454	16.9142938949791
48466	16.9142938949789
48480	16.9142938949789
48484	16.9142938949789
48492	16.9142938949788
48496	16.9142938949788
48500	16.9142938949783
48510	16.9142938949778
48522	16.9142938949778
48524	16.9142938949778
48526	16.9142938949771
48546	16.9142938949768
48560	16.9142938949762
48590	16.9142938949759
48598	16.9142938949750
48632	16.9142938949748
48642	16.9142938949748
48652	16.9142938949744
48662	16.9142938949741
48670	16.9142938949737
48676	16.9142938949733
48692	16.9142938949731
48696	16.9142938949731
48698	16.9142938949726
48710	16.9142938949724
48716	16.914293894972
48732	16.9142938949717
48740	16.9142938949710
48774	16.9142938949705
48792	16.9142938949703
48802	16.9142938949701
48814	16.9142938949700
48820	16.9142938949700
48824	16.9142938949688
48842	16.9142938949679
48872	16.9142938949678
48878	16.9142938949675
48886	16.9142938949669
48890	16.9142938949667
48904	16.9142938949667
48906	16.9142938949667
48908	16.9142938949664
48910	16.9142938949658
48930	16.9142938949657
48948	16.9142938949653
48956	16.9142938949645
49002	16.9142938949639
49016	16.9142938949639
49020	16.9142938949636
49038	16.9142938949632
49046	16.9142938949631
49068	16.9142938949630
49072	16.9142938949629
49088	16.9142938949627
49092	16.9142938949626
49098	16.9142938949618
49116	16.9142938949616
49126	16.9142938949614
49128	16.9142938949611
49148	16.9142938949610
49166	16.914293894961
49168	16.9142938949607
49176	16.9142938949607
49182	16.9142938949606
49188	16.9142938949599
49246	16.9142938949598
49288	16.9142938949596
49314	16.9142938949595
49346	16.9142938949595
49348	16.9142938949594
49350	16.9142938949594
49394	16.9142938949593
49416	16.9142938949593
49418	16.9142938949592
49428	16.9142938949591
49456	16.9142938949591
49462	16.9142938949590
49464	16.9142938949589
49488	16.9142938949589
49490	16.9142938949588
49526	16.9142938949588
49544	16.9142938949587
49560	16.9142938949587
49574	16.9142938949587
49576	16.9142938949586
49588	16.9142938949585
49602	16.9142938949585
49614	16.9142938949585
49618	16.9142938949584
49632	16.9142938949583
49646	16.9142938949582
49652	16.9142938949582
49662	16.9142938949581
49670	16.9142938949580
49684	16.9142938949579
49698	16.9142938949579
49716	16.9142938949578
49744	16.9142938949577
49754	16.9142938949577
49756	16.9142938949577
49758	16.9142938949577
49764	16.9142938949576
49766	16.9142938949575
49818	16.9142938949575
49820	16.9142938949575
49828	16.9142938949574
49830	16.9142938949574
49836	16.9142938949574
49842	16.9142938949573
49848	16.9142938949573
49862	16.9142938949573
49868	16.9142938949573
49872	16.9142938949572
49880	16.9142938949572
49900	16.9142938949571
49916	16.9142938949570
49948	16.9142938949569
49972	16.9142938949569
49974	16.9142938949569
49998	16.9142938949569
50006	16.9142938949568
50010	16.9142938949567
50042	16.9142938949567
50052	16.9142938949566
50058	16.9142938949566
50072	16.9142938949566
50076	16.9142938949565
50082	16.9142938949565
50084	16.9142938949563
50118	16.9142938949562
50132	16.9142938949561
50134	16.9142938949561
50160	16.9142938949561
50162	16.9142938949561
50172	16.9142938949561
50176	16.9142938949560
50182	16.9142938949560
50196	16.9142938949558
50212	16.9142938949558
50222	16.9142938949557
50248	16.9142938949557
50252	16.9142938949557
50258	16.9142938949556
50274	16.9142938949555
50282	16.9142938949555
50298	16.9142938949554
50308	16.9142938949553
50322	16.9142938949553
50344	16.9142938949553
50354	16.9142938949552
50360	16.9142938949552
50366	16.914293894955
50402	16.9142938949550
50446	16.9142938949550
50454	16.9142938949549
50466	16.9142938949549
50474	16.9142938949549
50502	16.9142938949549
50530	16.9142938949549
50532	16.9142938949549
50552	16.9142938949548
50558	16.9142938949548
50566	16.9142938949547
50592	16.9142938949547
50598	16.9142938949547
50600	16.9142938949547
50604	16.9142938949547
50620	16.9142938949546
50624	16.9142938949546
50642	16.9142938949546
50652	16.9142938949546
50654	16.9142938949545
50656	16.9142938949545
50662	16.9142938949544
50682	16.9142938949544
50716	16.9142938949543
50738	16.9142938949543
50758	16.9142938949543
50778	16.9142938949543
50796	16.9142938949542
50800	16.9142938949542
50816	16.9142938949542
50822	16.9142938949542
50824	16.9142938949542
50838	16.9142938949541
50850	16.9142938949541
50854	16.9142938949540
50856	16.914293894954
50858	16.9142938949540
50880	16.9142938949539
50884	16.9142938949539
50890	16.9142938949539
50894	16.9142938949539
50900	16.9142938949539
50906	16.9142938949538
50916	16.9142938949538
50920	16.9142938949538
50956	16.9142938949537
50978	16.9142938949537
50986	16.9142938949537
50988	16.9142938949537
51000	16.9142938949537
51012	16.9142938949536
51020	16.9142938949536
51024	16.9142938949536
51048	16.9142938949536
51072	16.9142938949536
51076	16.9142938949535
51078	16.9142938949535
51082	16.9142938949535
51092	16.9142938949535
51112	16.9142938949535
51116	16.9142938949535
51122	16.9142938949534
51130	16.9142938949534
51154	16.9142938949534
51156	16.9142938949534
51160	16.9142938949534
51186	16.9142938949534
51188	16.9142938949534
51192	16.9142938949534
51196	16.9142938949533
51200	16.9142938949533
51212	16.9142938949533
51232	16.9142938949533
51262	16.9142938949532
51266	16.9142938949532
51298	16.9142938949531
51306	16.9142938949531
51312	16.9142938949531
51362	16.9142938949530
51372	16.9142938949530
51376	16.9142938949530
51380	16.9142938949530
51386	16.9142938949529
51394	16.9142938949529
51420	16.9142938949529
51432	16.9142938949528
51442	16.9142938949528
51462	16.9142938949528
51468	16.9142938949528
51478	16.9142938949528
51508	16.9142938949527
51540	16.9142938949527
51552	16.9142938949527
51572	16.9142938949526
51576	16.9142938949526
51578	16.9142938949526
51584	16.9142938949526
51610	16.9142938949526
51628	16.9142938949526
51640	16.9142938949526
51644	16.9142938949525
51648	16.9142938949525
51650	16.9142938949525
51666	16.9142938949525
51672	16.9142938949525
51682	16.9142938949525
51700	16.9142938949524
51704	16.9142938949524
51718	16.9142938949524
51722	16.9142938949524
51740	16.9142938949524
51754	16.9142938949524
51770	16.9142938949524
51774	16.9142938949524
51800	16.9142938949523
51826	16.9142938949523
51840	16.9142938949523
51842	16.9142938949523
51848	16.9142938949523
51850	16.9142938949523
51910	16.9142938949522
51942	16.9142938949522
51952	16.9142938949522
51966	16.9142938949522
51978	16.9142938949522
51990	16.9142938949522
51998	16.9142938949522
52038	16.9142938949521
52042	16.9142938949521
52062	16.9142938949521
52090	16.914293894952
52098	16.9142938949520
52108	16.9142938949519
52112	16.9142938949519
52120	16.9142938949519
52126	16.9142938949519
52128	16.9142938949519
52136	16.9142938949519
52146	16.9142938949519
52150	16.9142938949518
52162	16.9142938949518
52170	16.9142938949518
52184	16.9142938949518
52200	16.9142938949517
52260	16.9142938949517
52262	16.9142938949517
52270	16.9142938949517
52286	16.9142938949517
52300	16.9142938949517
52314	16.9142938949517
52322	16.9142938949516
52358	16.9142938949516
52370	16.9142938949516
52372	16.9142938949516
52388	16.9142938949516
52394	16.9142938949515
52410	16.9142938949515
52412	16.9142938949515
52442	16.9142938949515
52450	16.9142938949515
52458	16.9142938949514
52508	16.9142938949514
52518	16.9142938949514
52538	16.9142938949514
52546	16.9142938949514
52562	16.9142938949514
52580	16.9142938949514
52590	16.9142938949514
52642	16.9142938949513
52646	16.9142938949513
52656	16.9142938949513
52662	16.9142938949513
52668	16.9142938949513
52674	16.9142938949513
52692	16.9142938949512
52702	16.9142938949512
52730	16.9142938949512
52732	16.9142938949511
52736	16.9142938949511
52756	16.9142938949511
52776	16.9142938949510
52778	16.914293894951
52782	16.914293894951
52818	16.914293894951
52824	16.914293894951
52826	16.9142938949510
52834	16.9142938949510
52862	16.9142938949510
52864	16.9142938949510
52870	16.9142938949509
52896	16.9142938949509
52924	16.9142938949509
52936	16.9142938949509
52970	16.9142938949509
52980	16.9142938949509
52998	16.9142938949508
53014	16.9142938949508
53016	16.9142938949508
53024	16.9142938949508
53046	16.9142938949507
53048	16.9142938949507
53060	16.9142938949507
53086	16.9142938949507
53094	16.9142938949507
53104	16.9142938949506
53142	16.9142938949506
53150	16.9142938949506
53162	16.9142938949506
53198	16.9142938949506
53200	16.9142938949505
53216	16.9142938949504
53240	16.9142938949504
53242	16.9142938949504
53254	16.9142938949504
53260	16.9142938949503
53272	16.9142938949503
53274	16.9142938949503
53276	16.9142938949503
53290	16.9142938949503
53308	16.9142938949503
53314	16.9142938949502
53324	16.9142938949502
53346	16.9142938949502
53358	16.9142938949502
53382	16.9142938949502
53386	16.9142938949502
53398	16.9142938949501
53402	16.9142938949501
53410	16.9142938949501
53434	16.9142938949501
53440	16.9142938949501
53448	16.9142938949500
53516	16.91429389495
53542	16.9142938949500
53560	16.9142938949499
53578	16.9142938949499
53608	16.9142938949499
53612	16.9142938949499
53634	16.9142938949499
53664	16.9142938949499
53670	16.9142938949499
53694	16.9142938949499
53706	16.9142938949498
53710	16.9142938949498
53718	16.9142938949498
53728	16.9142938949498
53730	16.9142938949497
53740	16.9142938949497
53742	16.9142938949497
53764	16.9142938949497
53780	16.9142938949496
53790	16.9142938949496
53814	16.9142938949496
53816	16.9142938949496
53820	16.9142938949496
53822	16.9142938949495
53824	16.9142938949495
53856	16.9142938949495
53872	16.9142938949495
53882	16.9142938949495
53912	16.9142938949495
53916	16.9142938949495
53932	16.9142938949494
53940	16.9142938949494
53948	16.9142938949494
53952	16.9142938949494
53970	16.9142938949494
53980	16.9142938949494
53988	16.9142938949493
54032	16.9142938949493
54034	16.9142938949493
54042	16.9142938949493
54050	16.9142938949493
54060	16.9142938949492
54078	16.9142938949492
54088	16.9142938949492
54098	16.9142938949491
54122	16.9142938949491
54140	16.9142938949490
54178	16.9142938949490
54190	16.914293894949
54202	16.914293894949
54206	16.9142938949490
54216	16.9142938949490
54220	16.9142938949489
54226	16.9142938949489
54244	16.9142938949489
54246	16.9142938949489
54266	16.9142938949489
54276	16.9142938949489
54286	16.9142938949488
54304	16.9142938949488
54318	16.9142938949488
54334	16.9142938949488
54354	16.9142938949488
54358	16.9142938949488
54360	16.9142938949488
54366	16.9142938949488
54372	16.9142938949488
54388	16.9142938949488
54394	16.9142938949488
54412	16.9142938949488
54416	16.9142938949488
54430	16.9142938949487
54454	16.9142938949487
54486	16.9142938949487
54488	16.9142938949487
54494	16.9142938949487
54514	16.9142938949487
54520	16.9142938949487
54546	16.9142938949487
54556	16.9142938949487
54558	16.9142938949487
54586	16.9142938949487
54626	16.9142938949487
54638	16.9142938949486
54720	16.9142938949486
54748	16.9142938949486
54780	16.9142938949486
54788	16.9142938949486
54790	16.9142938949486
54824	16.9142938949486
54868	16.9142938949486
54876	16.9142938949486
54882	16.9142938949486
54912	16.9142938949486
54916	16.9142938949486
54932	16.9142938949486
54952	16.9142938949486
54994	16.9142938949485
54996	16.9142938949485
55014	16.9142938949485
55044	16.9142938949485
55084	16.9142938949485
55126	16.9142938949485
55134	16.9142938949485
55136	16.9142938949485
55162	16.9142938949485
55170	16.9142938949485
55218	16.9142938949485
55234	16.9142938949485
55252	16.9142938949485
55270	16.9142938949485
55348	16.9142938949485
55384	16.9142938949485
55420	16.9142938949485
55450	16.9142938949485
55488	16.9142938949484
55548	16.9142938949484
55578	16.9142938949484
55586	16.9142938949484
55596	16.9142938949484
55612	16.9142938949484
55690	16.9142938949484
55736	16.9142938949484
55756	16.9142938949484
55764	16.9142938949484
55802	16.9142938949484
55850	16.9142938949484
55870	16.9142938949484
55928	16.9142938949484
55944	16.9142938949484
55962	16.9142938949484
55976	16.9142938949483
55992	16.9142938949483
56020	16.9142938949483
56054	16.9142938949483
56072	16.9142938949483
56084	16.9142938949483
56088	16.9142938949483
56100	16.9142938949483
56108	16.9142938949483
56128	16.9142938949483
56138	16.9142938949483
56162	16.9142938949483
56170	16.9142938949483
56196	16.9142938949483
56258	16.9142938949483
56264	16.9142938949483
56296	16.9142938949482
56298	16.9142938949482
56372	16.9142938949482
56420	16.9142938949482
56502	16.9142938949482
56544	16.9142938949482
56568	16.9142938949482
56580	16.9142938949482
56598	16.9142938949482
56616	16.9142938949482
56656	16.9142938949482
56740	16.9142938949482
56760	16.9142938949482
56762	16.9142938949482
56770	16.9142938949482
56774	16.9142938949482
56790	16.9142938949482
56792	16.9142938949482
56818	16.9142938949482
56856	16.9142938949482
56876	16.9142938949482
56886	16.9142938949482
56916	16.9142938949482
56926	16.9142938949481
57018	16.9142938949481
57048	16.9142938949481
57082	16.9142938949481
57100	16.9142938949481
57106	16.9142938949481
57196	16.9142938949481
57280	16.9142938949481
57284	16.9142938949481
57288	16.9142938949481
57342	16.9142938949481
57416	16.9142938949481
57518	16.9142938949481
57600	16.9142938949481
57612	16.9142938949481
57624	16.9142938949481
57704	16.9142938949480
57740	16.9142938949480
57764	16.9142938949480
57822	16.9142938949480
57842	16.9142938949480
57864	16.9142938949480
57896	16.914293894948
57898	16.914293894948
57902	16.914293894948
57950	16.914293894948
58026	16.914293894948
58028	16.914293894948
58066	16.9142938949480
58068	16.9142938949480
58088	16.9142938949480
58124	16.9142938949480
58138	16.9142938949479
58160	16.9142938949479
58176	16.9142938949479
58194	16.9142938949479
58210	16.9142938949479
58234	16.9142938949479
58286	16.9142938949479
58372	16.9142938949479
58440	16.9142938949479
58486	16.9142938949479
58532	16.9142938949479
58538	16.9142938949479
58590	16.9142938949479
58702	16.9142938949479
58848	16.9142938949479
60012	16.9142938949479
60550	16.9142938949479
61198	16.9142938949479
62536	16.9142938949479
64262	16.9142938949478
64456	16.9142938949478
69120	16.9142938949478
71142	16.9142938949478
139540	16.9142938949478
139790	16.9142938949478
140264	16.9142938949478
140520	16.9142938949478
142708	16.9142938949478
143096	16.9142938949478
144678	16.9142938949478
145060	16.9142938949478
180812	16.9142938949478
195694	16.9142938949478
211610	16.9142938949478
220050	16.9142938949478
300000	16.9142938949478
