52	506.360115971001
54	447.852234114551
66	426.78974079588
114	386.281111236828
150	339.151000455964
162	332.906696610989
220	331.406678534794
224	320.346517999001
352	314.886390366589
374	314.831386026642
460	286.967870287472
520	282.445305783128
566	269.738440402578
718	269.565101936948
724	248.863668814315
814	235.166183694126
1660	219.544934814515
2130	217.415147377247
2644	200.890600069370
3214	186.36295301659
3342	176.608014642967
3384	173.70159182037
3386	160.324695714703
3446	151.132326836508
3450	143.701392234928
3516	133.353268614221
3518	124.320841850379
3536	120.103258601805
3558	118.070121133809
3582	111.721258872009
3590	111.574242423312
3608	110.567465913157
3626	107.414990022911
3640	107.290657059028
3670	106.660939454128
3678	106.543592464408
3682	103.473917580362
3718	97.6035440182188
3774	94.5828792269107
3782	94.0411357071062
3814	92.5402537393814
3846	90.0015077902297
3868	89.4925469799168
3882	88.5346485868971
3920	87.6424551079867
3954	87.5717398853736
3982	87.1977879537022
3984	86.9860608602839
4004	86.1978019059319
4026	85.6813493457703
4044	84.633642223897
4058	84.3500827848102
4106	83.7339637855599
4160	83.340153297242
4174	83.3221221770161
4182	83.2864427860677
4186	83.2742178430936
4188	83.1312032568119
4196	83.0384408129896
4202	82.6430001377738
4224	82.3140750604625
4240	81.8714227260257
4270	81.7452850065476
4274	81.6135819758997
4278	81.4128369724095
4284	80.9456790940125
4290	80.7993348600714
4310	80.667258289204
4322	80.5519205749991
4324	80.4887559479603
4330	80.061643794919
4332	80.0359136269543
4354	79.8965858127711
4380	79.7894076667435
4388	79.4908803141936
4406	79.3565546247518
4410	79.3046594798604
4416	79.3006043982058
4420	79.2898418120415
4422	79.112192930096
4424	78.6224134940587
4438	78.54827414628
4444	78.3768428850165
4462	78.3767140228732
4480	78.2209853922191
4492	77.9202416556974
4498	77.8324574718548
4542	77.5999991447358
4570	77.5005508207396
4594	77.4605321688948
4604	77.1110936073532
4630	77.0450681051543
4634	77.027611900831
4644	77.026903915178
4646	76.9750234961416
4668	76.8580914841013
4688	76.7898770183693
4690	76.6943553177552
4692	76.6748663810259
4702	76.6302515332717
4708	76.3712713492335
4742	75.7418817030435
4790	75.4356371516381
4822	75.3861571940975
4824	75.384138062696
4840	74.956594511993
4876	74.859991220943
4878	74.6778325863903
4890	74.172218699259
4932	74.0733106172176
4950	74.0374440127073
4958	73.8543799042203
4966	73.7730472531608
4976	73.537025549819
5012	73.2413978227129
5036	73.0742215988194
5038	72.7525126702005
5056	72.6684379915609
5076	72.495870762178
5080	72.422869542657
5082	71.6231684105502
5092	71.604565086861
5104	71.4386257414089
5108	71.3365963402095
5120	71.2852177211565
5130	71.2184773235036
5136	70.6205978563758
5148	70.0733635440806
5174	69.703475143125
5182	69.4578750452926
5184	69.1593859224999
5226	69.152225470667
5232	69.0047147979498
5234	68.72586631625
5244	68.7120167813967
5284	68.4451823670997
5292	68.4397101877854
5296	68.434528845136
5298	68.4292606408192
5304	68.07551816896
5324	68.0314039144893
5346	67.9876258995053
5354	67.9104796800275
5358	67.8437020305138
5366	67.7626123430274
5384	67.7492563535675
5388	67.7401199228172
5390	67.6995983701564
5396	67.6962729508074
5400	67.680136770174
5422	67.665998974702
5434	67.576234303083
5442	67.4934006676569
5466	67.3304667413596
5480	67.2080052140522
5514	67.1016876829408
5522	66.9709578007216
5540	66.911981146348
5544	66.7793032293275
5568	66.7327823538284
5576	66.7060375527825
5580	66.6701277197461
5586	66.6012664761642
5588	66.5709640948576
5594	66.436777304792
5596	66.4260815485192
5620	66.2157738208523
5630	66.1681626137177
5634	65.986843640879
5650	65.9814587995143
5660	65.9437912114372
5662	65.9007843816881
5666	65.857851540976
5668	65.825746675517
5712	65.7310813166804
5720	65.6763864188887
5794	65.5951093547644
5816	65.548916328187
5822	65.5162568181043
5832	65.476892068118
5854	65.4061873032305
5860	65.4033498118942
5884	65.3633486228577
5904	65.3592210959757
5910	65.3195056848401
5918	65.2820937238184
5932	65.2457188142802
5966	65.2266550510888
5976	65.2133311433352
5980	65.193932914124
5984	65.1913210639171
5986	65.1263747937992
5992	65.0703990674204
6002	65.0692862455087
6012	65.06547502481
6020	64.9710166012958
6044	64.8955490763294
6064	64.8880592566665
6072	64.8451673617942
6076	64.805745083056
6100	64.7583227706891
6116	64.7250035902159
6118	64.7019086995627
6128	64.7013299718636
6130	64.7003196173569
6142	64.6465648438663
6162	64.6212786724617
6186	64.5326631793203
6194	64.4968826502809
6198	64.4936171306956
6200	64.4257248298329
6208	64.3972108000031
6212	64.3951871701344
6214	64.3081644753957
6230	64.257718102454
6242	64.2375111899386
6248	64.1923378243177
6250	64.1804751226457
6258	64.1022122118903
6260	64.0473729705273
6280	63.9004078929195
6290	63.874072295222
6300	63.8505403453769
6308	63.7998106392521
6310	63.781210695905
6312	63.7077292637631
6330	63.6553220043352
6346	63.626649576499
6356	63.5896696497642
6366	63.5861751520677
6374	63.5653749420442
6388	63.5399875989894
6406	63.4306448667978
6416	63.4065229977136
6430	63.3616406471504
6440	63.3229951535887
6446	63.2907570200004
6452	63.282742871921
6458	63.2425046753011
6462	63.2395996169413
6468	63.1991364384529
6476	63.1737310852404
6480	63.1620698456275
6492	63.0795200739971
6494	63.0468235645448
6530	63.0449144615357
6534	62.9895342312833
6540	62.9335019886287
6550	62.9269017146566
6556	62.864473707309
6562	62.8425124702567
6564	62.8191883959134
6568	62.8186823529074
6576	62.6975716829274
6606	62.6877375794937
6614	62.6262396190504
6624	62.5457752616867
6648	62.530953611657
6652	62.496642535046
6670	62.4960115078441
6672	62.4876958132009
6678	62.3960088695851
6690	62.2322685150193
6696	62.1693370699805
6726	62.1189879376465
6734	62.109208438388
6740	62.072093294698
6770	62.040931821972
6786	62.0151772782679
6804	61.9999993324957
6808	61.9923567420923
6814	61.9795243125414
6820	61.9395338679112
6822	61.8855433598103
6840	61.7839306612586
6858	61.7248201876699
6866	61.6512540047585
6900	61.6218809830641
6912	61.5508897150955
6916	61.5332707885289
6920	61.5256460702223
6926	61.4998994410459
6934	61.4283538229661
6940	61.3429303001107
6944	61.3126246782784
6950	61.1760327488963
6952	61.1018123789837
6966	61.02492199677
6980	60.9817473571179
6982	60.9388528716082
6996	60.8458937821438
7048	60.7294320971746
7050	60.6737058187659
7052	60.6268453309753
7078	60.5446823663071
7104	60.4492350920086
7122	60.3212368443131
7148	60.2571519803162
7154	60.2201357310542
7184	60.1713686915312
7186	60.115002686033
7190	60.1066636614353
7196	60.0997247677741
7204	59.9408944503269
7234	59.7858909597854
7250	59.7354462381493
7258	59.7070987116159
7268	59.6815899056886
7286	59.6121448003263
7292	59.5168779660557
7310	59.5117384870764
7330	59.4671468921617
7344	59.405960544399
7352	59.3896820957012
7354	59.3676418905315
7356	59.3177694408607
7366	59.3106797862590
7370	59.2986460757784
7372	59.2842077754994
7376	58.9802898432486
7386	58.9629979542183
7404	58.8315926020535
7426	58.7004034042241
7428	58.6530884151377
7430	58.6257323788927
7436	58.5667764765976
7468	58.5288499557197
7472	58.4581310667179
7478	58.3091330038351
7480	58.2948427909174
7484	58.2809526929238
7494	58.0423125584062
7548	57.9394809865965
7552	57.9379737958907
7556	57.6236391809516
7584	57.5860300044544
7590	57.528638903198
7596	57.3809810163192
7612	57.3461599740295
7616	57.341330904606
7624	57.2925388621421
7628	57.2802051216722
7644	57.2754355139222
7646	57.2503605205738
7648	57.0450790601294
7652	56.6504912116715
7672	56.6057807839898
7686	56.602030097052
7720	56.5879704687
7724	56.5085679492562
7728	56.4065980581186
7756	56.2112514192867
7770	56.1676861725437
7772	56.1585924443636
7776	56.1437946487877
7778	56.0456118441109
7784	56.0398593198112
7794	55.7338528029668
7820	55.722726762634
7824	55.6938566971174
7828	55.63432396124
7830	55.544691007114
7836	55.5207871858161
7850	55.1090774745013
7854	54.5024820567518
7864	54.3645591633031
7902	54.3535980770238
7908	53.8477554835174
7910	53.8260156637492
7922	53.2467113254605
7972	53.1111173423563
7984	52.8262640231025
7990	52.7373899826765
8004	52.691352013517
8024	52.0066398544407
8052	51.9985269983743
8056	51.9924436450565
8060	51.8314026924094
8094	51.7292222265877
8096	51.5990936660395
8104	51.5614485897807
8136	51.4783268611696
8138	51.3334119952217
8156	51.250051893072
8162	51.2281115060368
8172	51.0335548941121
8178	50.7703377058457
8206	50.7344264774608
8208	50.6966672285617
8212	50.5704261033505
8222	50.5197346383488
8224	50.3162158075364
8228	50.1701887346296
8244	49.8541754470619
8256	49.806495821376
8264	49.5926254087191
8270	49.0415771091052
8300	48.5792028026053
8308	48.4173523085715
8316	48.1910299539391
8334	48.1865373139156
8344	47.8446737869355
8368	47.7536349092419
8378	47.6863810732314
8382	47.6610581649386
8388	47.3407831989006
8412	47.0994253521264
8430	46.9888972989323
8434	46.92784057609
8446	46.5488416643351
8450	46.5085785598227
8468	46.2541083871933
8480	46.1488127699438
8506	45.8489695831221
8516	45.6770596023665
8536	45.6042300019436
8540	45.5913781433451
8542	45.2792599442627
8550	45.2127295919889
8580	45.131736321456
8584	44.9696609201723
8590	44.906358393236
8594	44.7864964596313
8620	44.7628315204357
8632	44.7572330243437
8644	44.7065407584408
8662	44.637936707409
8666	44.4980737362367
8678	44.2743156006319
8714	44.1528893340874
8716	44.0382357699275
8728	44.033036170199
8734	44.0252476924558
8744	43.8850041722836
8750	43.7876330633626
8762	43.5497254066298
8790	43.4634557545611
8798	43.4307382059029
8800	43.369368858285
8812	43.3585260620661
8816	43.2885875784914
8826	43.196902199061
8838	43.1595310548829
8860	43.0826071163724
8866	43.0363047139225
8894	43.0238917290769
8896	42.9235016883604
8902	42.8853335774789
8910	42.8633783833158
8914	42.7362679520554
8942	42.6589931911031
8970	42.6479919789505
8974	42.6311215404051
8978	42.6200169818751
8980	42.5960697969403
8996	42.5794721330989
9000	42.5451044211368
9014	42.4541121551157
9024	42.4432320273845
9026	42.3623263551239
9040	42.2105072902744
9086	42.1691564691364
9092	42.1458847372926
9104	42.0420978774062
9136	41.8949158511065
9170	41.8670353155576
9174	41.8606813541302
9176	41.8010425236758
9182	41.785644873831
9192	41.7813047475950
9210	41.7777556176456
9216	41.7138720368207
9218	41.7091514846851
9226	41.6499384869816
9232	41.6021074619217
9234	41.5585266141013
9242	41.4072314058263
9264	41.3743651400308
9272	41.2328438062868
9284	41.2041192004762
9292	41.1868985489594
9298	41.1638202812511
9316	41.126918456541
9324	41.0905914559318
9340	41.0523483720597
9342	41.0434206981819
9382	40.9712220113185
9394	40.9664874895265
9400	40.8996810182712
9430	40.8579186119089
9436	40.8535010707128
9462	40.7918986409746
9468	40.7546436574024
9472	40.7050871826096
9486	40.7023027294216
9498	40.6919579521908
9500	40.6841694340931
9512	40.6200194306595
9514	40.5452229367361
9526	40.4904855010719
9556	40.3887939977063
9594	40.367731714734
9604	40.355018826362
9612	40.3428109064509
9628	40.3212550969416
9630	40.2966376419083
9636	40.2948139961429
9642	40.2486278881822
9654	40.2145358228316
9664	40.1373286398048
9670	40.0485125324197
9708	39.9863935892121
9732	39.9705788438026
9778	39.9671893057101
9780	39.9577692548883
9782	39.9397386032471
9800	39.9100978227411
9820	39.901014168519
9828	39.853011735456
9830	39.8359706829363
9842	39.7815337184252
9846	39.7359531279329
9860	39.729961083917
9866	39.6829338917863
9894	39.6446938866791
9896	39.6350164889051
9912	39.6252705725695
9926	39.5894931195869
9960	39.5609828323857
9962	39.5231258035883
10008	39.5196797066973
10012	39.5082795518335
10032	39.5076092580422
10066	39.4851080339858
10074	39.4750714029009
10090	39.4636908006203
10112	39.447898210038
10120	39.4448484044831
10128	39.4348294169753
10146	39.4105874200131
10180	39.3874241095788
10194	39.3714814726671
10198	39.3542025442594
10202	39.3464894411267
10216	39.3236053814809
10222	39.2516295254287
10224	39.2111328564168
10228	39.1980009434688
10232	39.1656202308322
10242	39.1575147655361
10252	39.14784404829
10256	39.123399523316
10304	39.1139232473293
10310	39.0897578603269
10324	39.0884263900539
10328	39.0735759921685
10332	39.0572711054249
10336	39.0564698391861
10338	39.0082527233346
10358	38.9805884278338
10360	38.9701111572136
10366	38.9493571781605
10384	38.9195159282215
10388	38.9065856210414
10400	38.9040757962732
10414	38.8600650220330
10444	38.8047380673341
10462	38.7837211937976
10474	38.7759280619507
10482	38.7645042807151
10486	38.6967424073244
10490	38.6878743633009
10510	38.6663364650204
10514	38.6553733138485
10534	38.6056960074348
10536	38.6027630135192
10560	38.5930744497778
10562	38.583058826816
10564	38.5344958347845
10578	38.4694932351213
10586	38.4667598464719
10600	38.4583973408592
10602	38.4128858263074
10620	38.4024769282206
10648	38.3897847358001
10658	38.3776170847393
10678	38.3662787233905
10680	38.3251067033205
10692	38.3157445692615
10702	38.3097603586585
10704	38.2966923846103
10710	38.2789142995128
10732	38.2652488760161
10740	38.2622423817315
10746	38.2515262250729
10752	38.2492614494656
10760	38.2461526559226
10770	38.2056152240214
10810	38.1993928928281
10828	38.1819325217869
10834	38.1569770836769
10852	38.1508263579631
10860	38.1297692479252
10868	38.0274687811517
10882	38.0054705019756
10888	37.9813586105375
10924	37.9719951873560
10950	37.9583707078094
10968	37.9215984044755
11012	37.920692510981
11014	37.9117433562244
11016	37.9036214650163
11032	37.8949785398175
11042	37.8832940668153
11068	37.8695579487158
11084	37.8688365697412
11104	37.8661129238556
11110	37.8606972173492
11140	37.8575393612256
11162	37.8546419557297
11170	37.8425908421109
11178	37.835393156757
11210	37.8322686188695
11222	37.8192952133549
11242	37.8159662143007
11258	37.8136166870457
11292	37.8079488313201
11302	37.8062836170901
11310	37.8034158434928
11312	37.7959741606811
11314	37.7907100328714
11360	37.7884490298071
11364	37.7833675906062
11370	37.7783332354878
11388	37.7587830782828
11444	37.7498705907324
11446	37.7480567125276
11458	37.7408669519411
11462	37.7400307663961
11466	37.7328249342215
11482	37.7259631271989
11486	37.7233691482036
11496	37.7215053800723
11498	37.7100462676792
11508	37.7094653911598
11520	37.7028719891026
11522	37.6986105571097
11540	37.6976612705022
11546	37.6963306471224
11550	37.6797451335925
11562	37.6744619971352
11570	37.6473479364141
11574	37.6311324956016
11578	37.6297347809966
11590	37.6177847066048
11596	37.6103883593127
11598	37.6094535484409
11616	37.5915223610905
11624	37.5630723211833
11648	37.5621832075215
11656	37.5587940572875
11670	37.5412108493313
11680	37.5380360061919
11688	37.5320934718972
11694	37.5243404494569
11698	37.5194321100391
11708	37.4953771887553
11724	37.4790127261857
11730	37.4701125334126
11742	37.4480779723096
11744	37.437690555148
11748	37.4286394619017
11758	37.4156451307137
11774	37.4108898904625
11782	37.4088869572416
11812	37.4078026802668
11824	37.3925571497387
11828	37.3806344627597
11846	37.3677705359209
11858	37.3664863318069
11862	37.3599303945742
11870	37.3565933487029
11884	37.3530538270784
11908	37.3456084616331
11914	37.3334110189548
11942	37.3331234193318
11944	37.3224043941448
11946	37.3141073491103
11956	37.3132438927060
11962	37.3055617176062
11974	37.2850218384015
11980	37.2567748371792
12028	37.2558966734907
12048	37.2553790550860
12050	37.247994378828
12054	37.2346261851402
12064	37.2306100008569
12088	37.2262586608847
12110	37.2136533018984
12122	37.2114717839631
12128	37.2005265991536
12146	37.2002355424803
12154	37.1996575183294
12166	37.1917555445837
12194	37.1806771532813
12216	37.1665548473315
12228	37.1625755720043
12238	37.1611048572512
12248	37.1544681012736
12276	37.1511260695142
12282	37.1259409107921
12320	37.1213986534627
12334	37.1121863768858
12362	37.0996738337217
12370	37.0994732018206
12390	37.0969940993601
12408	37.0791179393929
12426	37.0771821546431
12432	37.0612026700598
12458	37.0551001404359
12466	37.0418386082096
12478	37.036570582508
12482	37.0361257373629
12486	37.0070395194529
12490	36.9974061472411
12502	36.9751656543616
12506	36.9238350124007
12524	36.9155120403065
12542	36.9089493447708
12548	36.9061655958586
12554	36.896584608283
12560	36.8959461746905
12572	36.8756174843489
12576	36.853375731892
12600	36.8461639597906
12602	36.8383474229613
12616	36.8295295485191
12632	36.8292673352323
12638	36.8180497060030
12658	36.8137390347975
12700	36.8134631081088
12708	36.8115705634078
12710	36.8060408797543
12716	36.7986518357279
12728	36.7964686157795
12734	36.7919473071377
12736	36.7911907479579
12746	36.780357734521
12750	36.7752386082281
12756	36.7508703795766
12774	36.7479796930188
12786	36.7403848936649
12798	36.7376285158857
12802	36.7300172323039
12806	36.7286439743185
12824	36.7237292979102
12826	36.7211321749463
12834	36.7162618126584
12842	36.7065362312860
12862	36.7054285335213
12874	36.7033703315424
12876	36.7004582462078
12878	36.7001472544919
12884	36.6975418040880
12892	36.6962948671972
12894	36.6845827685105
12916	36.6813304559003
12924	36.6731985307887
12934	36.6657523379105
12946	36.6635455594335
12952	36.6626010098508
12972	36.6611404387113
12978	36.6543404782656
12986	36.6519211044249
12990	36.6505739044562
12992	36.6415188389998
13024	36.6314269406239
13052	36.6304265189683
13054	36.6299985922192
13060	36.6220457185383
13068	36.6150061473629
13076	36.6142426681443
13084	36.6128597695678
13100	36.5959291729939
13120	36.5935514526586
13132	36.5855283564028
13136	36.5835257604498
13148	36.5773805870994
13166	36.5637547189633
13170	36.5588476154150
13186	36.5581422169749
13188	36.5574893072554
13200	36.5552124743352
13202	36.5536242559014
13204	36.5518476794232
13220	36.5480848317874
13226	36.5465544001162
13228	36.5409813417051
13236	36.531762695129
13264	36.5177872495829
13268	36.5150421879536
13278	36.5121577076914
13294	36.5007543098375
13296	36.4920589739279
13302	36.4854277787502
13308	36.4846039781997
13324	36.4804040791777
13326	36.4801919156499
13346	36.4689081847014
13366	36.464254230214
13382	36.4512232391728
13450	36.4503757163629
13454	36.4471244041865
13470	36.4412454668184
13472	36.4405070734458
13494	36.4338567920926
13506	36.4324901601334
13516	36.4288166878002
13524	36.426682065126
13542	36.4203800911293
13556	36.4148695509285
13576	36.4090651219613
13582	36.4090312182801
13586	36.4087928261178
13588	36.4017321372216
13590	36.3994900517692
13598	36.3966600598847
13604	36.3964404616488
13616	36.3942604485608
13630	36.3906162600854
13632	36.3895768629233
13636	36.3870518623931
13644	36.3829037674174
13654	36.3735166430884
13676	36.3677985267196
13686	36.3665656427018
13694	36.363610570949
13696	36.3620311118385
13728	36.3565431863016
13740	36.3554170929329
13744	36.3509330034209
13762	36.3506854049109
13772	36.3431430102313
13784	36.3405826568016
13796	36.3286184814198
13820	36.3284248071794
13822	36.3270380400582
13846	36.3260150028688
13852	36.3220820036547
13862	36.3195880406786
13866	36.3179405361247
13892	36.3099371786092
13912	36.3065575471915
13936	36.3010458939703
13942	36.2985852512067
13946	36.2969921142588
13954	36.2960546396229
13966	36.2920177234749
13972	36.2912735991130
13980	36.2901693127424
13990	36.2877225375171
14008	36.2861177343757
14018	36.2844819052221
14032	36.2843583475687
14046	36.2831385027581
14062	36.2728142204064
14068	36.2706770452234
14078	36.2704978244555
14106	36.2676906974503
14118	36.263386308586
14134	36.2572670729643
14166	36.2523786796756
14174	36.2510162050545
14192	36.2503706388382
14200	36.2503442661773
14230	36.2487105828587
14256	36.2423179616956
14270	36.2393415129248
14282	36.2387510260399
14288	36.2344265678765
14344	36.2321939757148
14350	36.2306856067255
14360	36.227971446678
14362	36.2276469927493
14374	36.2264715095177
14390	36.2247439979175
14396	36.2247043972518
14420	36.2247001019768
14432	36.2233296448971
14450	36.22255567836
14458	36.2162104037595
14498	36.2140506194772
14526	36.2110465131115
14528	36.2104105889872
14534	36.2091329135237
14554	36.2074111229662
14562	36.2068936357406
14564	36.2068421198711
14568	36.2067777562505
14574	36.2030857725888
14600	36.2028321129631
14602	36.1994808561875
14604	36.1932879379051
14614	36.1929784780054
14624	36.1917820059727
14626	36.1871850199211
14638	36.1848099665316
14642	36.1784835198974
14648	36.1774083112917
14658	36.1741245689814
14662	36.1682092832437
14666	36.1659399343499
14674	36.1577855978421
14682	36.1531884026101
14688	36.1504608794428
14696	36.1469867534617
14702	36.140553920342
14718	36.1387122096540
14728	36.1371800780715
14738	36.135527148684
14750	36.1332263382195
14754	36.1330473563229
14762	36.128319991841
14770	36.1282517744782
14772	36.1249772899682
14782	36.1188475012199
14784	36.117447889601
14792	36.1165936253555
14830	36.1162257475041
14840	36.1156442397464
14844	36.1118630770168
14850	36.1117521685682
14858	36.110287953373
14860	36.1035961364974
14894	36.1001317095509
14914	36.0989184258848
14922	36.0961473418198
14936	36.089995869881
14960	36.0869120820519
14968	36.0865286274234
14974	36.0850012986139
15008	36.0834249606241
15016	36.0806982900008
15024	36.0776270073503
15034	36.0767789157709
15040	36.0755795386519
15044	36.0665001507736
15060	36.0641277586258
15072	36.0614329300836
15088	36.0559698751325
15092	36.0518612891975
15114	36.0450024628816
15122	36.043901895809
15138	36.0430273519951
15154	36.0406316003032
15168	36.0374846010209
15188	36.0371031265776
15190	36.036228501803
15198	36.0352337624634
15204	36.033511635763
15218	36.0306365483236
15226	36.0300995081373
15264	36.0296718128373
15272	36.0278661267031
15278	36.0277281887436
15282	36.0269219594363
15294	36.0204491142621
15296	36.0204085848714
15308	36.0157859229487
15310	36.0122136255173
15336	36.0095837130720
15344	36.0083387906929
15346	35.9988337720438
15364	35.9953794872770
15372	35.9944370427886
15376	35.9935959435618
15382	35.9926448435464
15422	35.9877012668422
15438	35.9862943082528
15442	35.983871318178
15446	35.9834608980725
15486	35.9825056525845
15492	35.9810240955383
15514	35.9806597090225
15550	35.9795025907093
15552	35.9785661116058
15562	35.9774036965125
15568	35.9772224926084
15572	35.976753974101
15586	35.9753098113499
15588	35.9745090745855
15590	35.9738114464739
15608	35.973423569371
15620	35.9708530729753
15650	35.9692626032465
15672	35.9686036985860
15680	35.967679218028
15686	35.9669017766337
15706	35.966625501933
15712	35.9665554630683
15718	35.9657721651614
15734	35.9657619273727
15736	35.9635863706382
15756	35.9631387819929
15762	35.9625734623089
15772	35.9620494881393
15786	35.9620219482723
15792	35.9604846604948
15814	35.9582469621979
15832	35.9567917178893
15848	35.9550914225843
15886	35.9549372747861
15888	35.9546473372675
15892	35.9529417588953
15894	35.9526479255398
15902	35.951579620828
15926	35.9514589604561
15930	35.9511508016708
15950	35.9501112445126
15958	35.9498092079666
15986	35.9496755550832
15994	35.9493299290496
15996	35.9490671041974
15998	35.9477320208327
16010	35.9472991185963
16030	35.9445492722281
16038	35.9438417563591
16056	35.943692581697
16058	35.9411860631328
16082	35.9402302292034
16090	35.9389314141383
16108	35.9349512745323
16156	35.9342224587141
16158	35.9328440038055
16172	35.9326765498163
16180	35.9318239367749
16198	35.9313875717921
16200	35.9309332559250
16204	35.9295997690986
16220	35.9294607920483
16226	35.9293202203742
16242	35.9290944671281
16260	35.9279755160315
16276	35.9277051227511
16302	35.9274569518672
16304	35.9271082671788
16316	35.9252695301999
16332	35.9252271467326
16346	35.9243551067478
16362	35.9226966276853
16382	35.9226448808253
16402	35.9220047927724
16406	35.9217501085902
16408	35.9208616923401
16464	35.9205391247361
16470	35.9190145520454
16478	35.9185995374006
16494	35.9183764034882
16512	35.9183205682648
16514	35.9181139622808
16522	35.9181093798122
16526	35.9180609365138
16528	35.9165957041128
16536	35.9158489833929
16542	35.9148650583663
16562	35.9139666082808
16568	35.9131609011832
16578	35.9123996084522
16590	35.912302093981
16636	35.9117673120974
16642	35.9105479076223
16706	35.9105357922631
16716	35.9096391235575
16718	35.9083546635061
16726	35.9082007593159
16748	35.9078026617325
16758	35.907445239611
16784	35.9073895264825
16786	35.9071754282497
16788	35.9069695927738
16796	35.9065144902159
16800	35.9064987152252
16810	35.9060013645837
16830	35.9054970044579
16858	35.9048440881084
16884	35.9048151602185
16888	35.9045664436322
16896	35.9040190545857
16908	35.9038303664009
16916	35.9037656625497
16944	35.9034894041326
16948	35.9029768419749
16960	35.9020974201835
16972	35.900188914428
16988	35.898823110095
17014	35.8983176031755
17028	35.8967216674353
17032	35.8948338150269
17036	35.8940678152972
17062	35.8939747850511
17070	35.8928701234126
17086	35.8926182173148
17094	35.8910297353375
17148	35.8908990580529
17158	35.8907623543559
17162	35.8905815106299
17168	35.8904701003924
17170	35.8900272556441
17176	35.8897465554354
17178	35.8890104976272
17200	35.8881435397632
17238	35.8874734962597
17252	35.8873408358495
17258	35.8859856512569
17276	35.8847919461482
17284	35.8840772052112
17310	35.88395721464
17318	35.8839366407044
17324	35.8834822525156
17326	35.8824099103704
17356	35.8819453162977
17372	35.8802405598284
17376	35.8792183748463
17400	35.8770712385826
17446	35.8769762107715
17448	35.8768470935889
17454	35.8763795304606
17472	35.8760924187104
17474	35.8758000030859
17476	35.8757275570917
17480	35.874822303526
17488	35.8747391221098
17494	35.8746508506096
17496	35.8738763809389
17498	35.8735078946831
17500	35.8734304466736
17504	35.871903445981
17520	35.8717230730103
17528	35.871400955202
17540	35.8710111108808
17554	35.8699890870264
17562	35.8699868471719
17566	35.8695707021426
17572	35.8691701637195
17574	35.8686809405785
17578	35.8681289249030
17612	35.8681176522438
17620	35.8677144600971
17648	35.8676153180257
17656	35.866748544537
17666	35.8654969727809
17678	35.8653623742348
17688	35.864759730712
17690	35.8647131700843
17700	35.8646207117211
17706	35.8644569273032
17726	35.8643322866550
17732	35.8642082597566
17746	35.8641973544408
17752	35.863678684802
17756	35.8634543490217
17786	35.8634282377471
17804	35.8627825963477
17824	35.8625450554352
17826	35.8624563684632
17830	35.8621959662055
17858	35.8619173919917
17866	35.8616853005863
17870	35.8612319592365
17880	35.8609219899106
17892	35.860861913525
17904	35.8608479475328
17922	35.8601644088419
17954	35.859996652405
17980	35.8597357639624
17994	35.8592143773312
17996	35.8590581635589
18012	35.8590307822877
18014	35.8589204072505
18022	35.8587294288014
18024	35.8580810401588
18058	35.8580721044441
18062	35.857955398458
18086	35.8579173083804
18092	35.857120287201
18146	35.8567121439472
18154	35.8565874392063
18164	35.8561154033633
18182	35.8560932471839
18188	35.8556558580296
18212	35.8551717386285
18222	35.8551517696934
18228	35.8543464700553
18246	35.8540030300810
18266	35.8531725458646
18288	35.8530733384928
18292	35.8529724649122
18298	35.8529002756062
18306	35.8526739990537
18318	35.8521423330901
18334	35.8521354721909
18344	35.8518188632475
18384	35.8513420349556
18426	35.8512314909045
18428	35.8512249774439
18444	35.8510670249172
18464	35.8504488178656
18474	35.8504025780461
18484	35.8501092592263
18500	35.850023743341
18516	35.8499099430334
18530	35.8496020741686
18554	35.8493749597315
18572	35.8493468760388
18578	35.8493143015101
18582	35.8491803157953
18590	35.8491325551215
18610	35.8490304939972
18618	35.8490193035253
18620	35.848999839732
18624	35.8488405632615
18640	35.8487677490614
18642	35.848655705073
18652	35.8486050175318
18656	35.8483501794515
18670	35.84820357427
18688	35.8480493779103
18690	35.8479724031896
18698	35.8478923048956
18708	35.8478533981924
18716	35.8477893940483
18720	35.8477179931045
18724	35.8476144427813
18734	35.8475237696356
18736	35.8473936654512
18744	35.846997228622
18750	35.8464061852332
18752	35.8463609750075
18764	35.8462170350065
18776	35.8459589087082
18804	35.8458529040137
18820	35.8455899048206
18828	35.8452133681765
18842	35.8451807313647
18844	35.8446987546254
18860	35.8445459929065
18872	35.8445422149936
18878	35.8444918183017
18882	35.8441405126854
18898	35.8440255108339
18920	35.8438476701343
18938	35.8438225838643
18950	35.8435353090882
18952	35.8433154005309
18954	35.8432873927016
18960	35.8431930774722
18962	35.8430440268386
18966	35.842719692861
18970	35.8424943178072
18980	35.8423497528524
18984	35.8422504868246
18988	35.8417046513534
19002	35.8415615856202
19020	35.8413467570072
19042	35.8412957870189
19046	35.8408723896601
19076	35.8406363273984
19078	35.8405296168643
19096	35.8405155007166
19100	35.8402954823683
19130	35.8401047782561
19142	35.8398420868826
19148	35.8396404093767
19170	35.8395279160783
19172	35.8394873331563
19176	35.8394325428416
19188	35.8390422066881
19216	35.8387990728185
19232	35.8387601655054
19240	35.8386421057842
19246	35.8385444039136
19250	35.8383878849615
19254	35.8383226204471
19256	35.8381637938708
19280	35.838158126099
19282	35.8381054039121
19286	35.8380658107008
19302	35.837926912358
19324	35.8375910617896
19336	35.8375692240087
19358	35.8374399857342
19384	35.8372920282689
19386	35.8371731789582
19412	35.8371245167716
19418	35.8367630751318
19444	35.8366104084442
19464	35.8365704547744
19476	35.8361083279539
19520	35.8359426104981
19524	35.8358833606428
19530	35.835874754051
19532	35.8358331977789
19538	35.8357397228762
19572	35.8356517451106
19580	35.8356096565408
19588	35.8355187825512
19608	35.8354407693635
19610	35.8352971726083
19616	35.8351705399038
19636	35.8350646221447
19662	35.8349421005945
19668	35.8349110776274
19674	35.8348923194467
19692	35.8347294035585
19702	35.8346994272285
19716	35.8346623602387
19720	35.8346564716646
19736	35.8345583715337
19738	35.834553820735
19740	35.8343892617898
19744	35.8343614209082
19756	35.8343395609568
19760	35.8342954747286
19762	35.8340837257836
19768	35.8340765269875
19774	35.83400242276
19790	35.8339159498267
19794	35.8336809112371
19796	35.8336316680602
19798	35.8332452310287
19816	35.8331451858715
19830	35.8329778925741
19832	35.8326789823595
19844	35.8325815362231
19854	35.8325579924264
19864	35.8323035042587
19866	35.8321619596871
19870	35.832039762758
19878	35.8312856450326
19912	35.8311467632758
19916	35.830963050063
19938	35.8309460687101
19950	35.8308980274484
19952	35.8307019019527
19956	35.8304209663324
19962	35.8302758031897
19972	35.8302739713777
19974	35.8301330703969
19976	35.8301116089236
19986	35.8298568133392
20010	35.8297417395747
20012	35.8294151666039
20028	35.8291152979974
20056	35.8289920582403
20068	35.8287669116751
20082	35.8283236483274
20096	35.8281762292079
20118	35.8280772526527
20132	35.8279251615373
20134	35.8279078257702
20142	35.8277521855757
20162	35.8277340863394
20168	35.8277052488035
20178	35.8277043199950
20182	35.8276028117267
20188	35.8274915873012
20206	35.8274009032756
20214	35.8273766636852
20218	35.827357744082
20226	35.8268447767552
20262	35.8268013341828
20264	35.8266129465072
20284	35.8265337768242
20298	35.8265112464692
20314	35.8264357844611
20316	35.8264308657617
20332	35.8261158174348
20382	35.8261001840255
20390	35.8260640515389
20400	35.8259886024758
20408	35.8259802776455
20414	35.8259779196642
20424	35.8259219634341
20436	35.8258560215584
20448	35.8258434618380
20450	35.8258052462595
20478	35.8256222680235
20520	35.8255790315703
20522	35.8255518375769
20528	35.8255353109963
20542	35.8254649857613
20546	35.8252896137354
20556	35.825249406078
20582	35.8251589197196
20590	35.825049477451
20600	35.8250035048542
20606	35.8249675879337
20626	35.8249187977033
20628	35.8248722585737
20638	35.8248250406445
20676	35.8248004118791
20694	35.8247028480102
20696	35.8246472732950
20708	35.8246229782926
20720	35.8245821421699
20728	35.8245671544471
20744	35.8245521283494
20764	35.8245520045534
20788	35.8245234297279
20806	35.8244697665508
20826	35.8244606667152
20830	35.8244376027798
20832	35.8243720664054
20836	35.8243609666032
20840	35.8243565581716
20846	35.8243302782256
20856	35.8242871978443
20874	35.8242499941396
20876	35.8242433304796
20882	35.8241750951802
20896	35.8241506631468
20906	35.8241118469548
20920	35.8240860270591
20948	35.8240829706433
20958	35.8240385732869
20974	35.8240330373325
20992	35.8240274748148
21004	35.8240107752828
21010	35.8240004782411
21014	35.8239648036187
21016	35.8239574058538
21022	35.8239021977824
21062	35.8238780998238
21068	35.8238631372649
21078	35.8238315829822
21084	35.8238181940293
21086	35.8237968824994
21088	35.8237666472691
21098	35.8237172218054
21114	35.8236818670587
21124	35.8236089089733
21134	35.8235763393234
21156	35.8235485288578
21166	35.8235216714396
21184	35.8235138533597
21186	35.8234674139096
21192	35.8234483975372
21196	35.8234438130243
21202	35.823411474166
21214	35.8233875213969
21228	35.8233396544116
21230	35.8233194825866
21240	35.8232958497711
21266	35.8232248986411
21272	35.8232086677013
21276	35.8231656955709
21296	35.8231511001256
21302	35.8231470951642
21306	35.8231237821466
21308	35.8230930363518
21334	35.8230913001546
21344	35.8230812695789
21354	35.8230341797062
21362	35.8229207098191
21370	35.8229098628909
21376	35.8229030077058
21378	35.8228495034584
21404	35.8228420691877
21406	35.8228246640079
21412	35.8227734446465
21436	35.822767240061
21444	35.822739430095
21448	35.8227140898022
21460	35.8226721736191
21462	35.822650919041
21484	35.8226152578192
21514	35.8226124710885
21520	35.8226055929214
21548	35.8225949724598
21552	35.8225848029153
21578	35.8225743802643
21586	35.8225641175121
21588	35.8225435565060
21602	35.8225394900063
21604	35.8225357824919
21608	35.8225168176635
21628	35.8225165302166
21632	35.8225062403563
21640	35.8224923773847
21644	35.8224683222906
21666	35.8224597129812
21684	35.8224332236368
21690	35.8224124989543
21704	35.8223826949062
21714	35.8223826719692
21718	35.822371608645
21720	35.8223674054867
21744	35.8223108260811
21772	35.8222558371894
21780	35.8222227727833
21782	35.8222188267750
21786	35.8222169913040
21808	35.8221829654621
21830	35.8221715861123
21832	35.8221660133608
21840	35.8221580669007
21844	35.822154394911
21856	35.8221445439206
21858	35.8220696223185
21890	35.822059336655
21892	35.8220493653705
21898	35.8220325426334
21920	35.8220258295498
21922	35.8220013519762
21932	35.8219621411334
21944	35.8219181764464
21970	35.8218798918098
21972	35.8218669468108
21990	35.8218525704449
22010	35.8218218979282
22016	35.8217999965668
22028	35.8217994463458
22032	35.8217882068089
22034	35.8217689960334
22048	35.8217377023956
22060	35.8217353301617
22096	35.821694782797
22098	35.8216815888359
22100	35.8216459542683
22132	35.8216356552953
22136	35.8215847881878
22184	35.8215640568168
22222	35.8215555866026
22224	35.8215500225593
22230	35.8215321646888
22236	35.8214815868861
22244	35.8214815327652
22270	35.8214584582154
22286	35.8214438877656
22294	35.8213885210231
22310	35.8213874263244
22312	35.8213813158119
22324	35.8213499087306
22326	35.8213407358675
22346	35.8213285260459
22348	35.8213001538705
22352	35.8212952332892
22358	35.8212880501422
22364	35.8212771604
22372	35.8212684938518
22386	35.8212636606342
22388	35.8212023215505
22410	35.8211976461270
22438	35.8211382892782
22442	35.8210819707852
22490	35.8210699386524
22494	35.8210488484020
22496	35.8209908830332
22528	35.8209548119762
22538	35.8209491719548
22542	35.8209016961786
22546	35.8208917647171
22568	35.8208748542902
22590	35.8208329266435
22632	35.8208327768336
22640	35.8208184036031
22642	35.8208138149393
22648	35.8207928665821
22658	35.82078262514
22682	35.8207450332130
22698	35.8207089484045
22720	35.8206874496056
22750	35.8206777621052
22766	35.820670900366
22782	35.8206596749776
22790	35.820645244835
22820	35.820617663575
22838	35.8206092831830
22868	35.8206036126074
22872	35.8206016555946
22884	35.8205728989790
22886	35.8205580104790
22916	35.8205481999347
22920	35.8205442833004
22924	35.8205344940607
22936	35.820517694889
22940	35.8205161875161
22952	35.8204842953524
22968	35.8204740111471
22980	35.8204707960651
22990	35.8204684152527
23016	35.8204647172476
23028	35.8204621416057
23038	35.8204564461541
23074	35.8204561047916
23080	35.8204515863242
23090	35.8204423575593
23092	35.8204286868973
23124	35.8204100186745
23166	35.8204027844424
23192	35.8203994672571
23194	35.8203941205066
23200	35.8203914662659
23212	35.8203837404518
23226	35.8203775295756
23228	35.820366003374
23232	35.8203310845559
23248	35.8203189639769
23256	35.8202968586035
23266	35.8202762091770
23284	35.8202751610463
23300	35.8202733976692
23306	35.8202683566671
23310	35.8202675371632
23318	35.8202599853572
23326	35.8202581828091
23330	35.8202341346321
23334	35.820221405495
23336	35.8202126681185
23362	35.8201856184126
23386	35.8201708974964
23410	35.8201186313964
23430	35.8201170494563
23436	35.82008827857
23440	35.820067398005
23454	35.8200339724198
23476	35.82002542275
23490	35.8199844707640
23494	35.8199823128147
23498	35.8199632305314
23508	35.8199146073953
23522	35.8199132176213
23536	35.8199044492684
23554	35.819884985259
23556	35.8198810899193
23590	35.8198612809119
23594	35.8198602954609
23604	35.8198343254123
23624	35.8197690270429
23628	35.8197543653141
23634	35.8197540704349
23638	35.8197461143107
23642	35.8197150600677
23656	35.8196998334645
23664	35.8196884641210
23668	35.8196838174804
23670	35.8196544244773
23680	35.8196032496902
23710	35.8195991515444
23714	35.8195673994265
23726	35.8195644223979
23768	35.8195279473216
23786	35.8195174994699
23814	35.8194935105165
23824	35.8194555243892
23838	35.819443351862
23846	35.8194313813657
23852	35.8194169878879
23860	35.8194012212752
23868	35.8193650155382
23914	35.8193518687692
23942	35.8193464177844
23944	35.8193256499303
23976	35.8193178264927
23994	35.8193046959895
24008	35.8193004207513
24018	35.8193002384357
24024	35.8192884758971
24034	35.8192717986279
24062	35.8192693293564
24072	35.8192605575503
24100	35.8192552148102
24110	35.8192500024225
24112	35.8192360732411
24126	35.8192279800031
24128	35.8192239468313
24180	35.8192212759961
24182	35.8192111801804
24192	35.8192009345244
24200	35.8192007393302
24222	35.8191991445196
24232	35.8191953194719
24244	35.8191927982354
24252	35.8191861589583
24274	35.8191792227366
24336	35.8191768615087
24356	35.819174374293
24392	35.8191725045746
24396	35.819171531833
24400	35.8191711876111
24406	35.8191705294916
24412	35.8191687899557
24444	35.8191639542239
24454	35.8191606872076
24484	35.8191577510158
24490	35.8191561682931
24514	35.8191541732689
24516	35.8191524485437
24536	35.8191497823354
24542	35.8191474017621
24550	35.8191466542775
24558	35.8191439388333
24578	35.8191439220638
24586	35.8191434018311
24600	35.8191404698609
24606	35.819137492535
24624	35.8191325018987
24648	35.8191272598529
24658	35.8191258929747
24666	35.8191188450008
24686	35.8191179428301
24688	35.8191173587628
24694	35.8191125045474
24708	35.8191122502039
24712	35.8191117409449
24718	35.8191098559526
24724	35.8191087230094
24728	35.8191050423612
24734	35.8191011894962
24736	35.8191007877854
24750	35.8190988352096
24762	35.8190895137447
24766	35.819082718975
24784	35.8190759300752
24790	35.819068893501
24816	35.8190619325373
24824	35.8190588052838
24826	35.8190474229194
24838	35.8190437337692
24862	35.8190363710468
24876	35.8190272274861
24882	35.819020955074
24892	35.819012244993
24904	35.8190084995573
24906	35.8190073190868
24914	35.8189969975511
24918	35.818996926261
24952	35.8189845571622
24970	35.8189738111599
25004	35.8189639104527
25028	35.8189633422217
25032	35.81896264709
25038	35.8189622323082
25040	35.8189549764623
25066	35.8189540887768
25076	35.8189539770213
25090	35.8189534725364
25092	35.8189527556190
25098	35.8189452186432
25106	35.8189435368723
25122	35.8189389935763
25148	35.8189387832116
25150	35.8189381033125
25162	35.8189334172403
25166	35.818932697497
25172	35.8189278857599
25180	35.8189232240114
25198	35.8189124047486
25226	35.818905041131
25242	35.8188962911741
25244	35.8188916190394
25250	35.8188881340207
25270	35.8188835397468
25288	35.8188787579078
25322	35.8188760989701
25328	35.8188686265678
25346	35.8188633096118
25348	35.8188609665165
25352	35.8188597297253
25358	35.8188584904714
25374	35.8188542664172
25384	35.8188508284016
25388	35.8188400357314
25402	35.8188372245302
25406	35.8188346742097
25414	35.818825763158
25424	35.8188202655099
25432	35.8188101382235
25436	35.8188088674541
25474	35.8188013871843
25482	35.818799110966
25492	35.8187977196432
25498	35.8187949326538
25522	35.8187935400562
25524	35.8187875060601
25552	35.8187850868653
25588	35.8187818809917
25604	35.8187817999273
25606	35.8187766821963
25628	35.818767802424
25658	35.8187551951046
25662	35.8187403090776
25664	35.8187366068496
25668	35.8187335958605
25680	35.8187319606308
25682	35.8187242007438
25720	35.8187085424536
25728	35.8187050625904
25754	35.8187017232505
25768	35.8186984878037
25782	35.8186964305692
25798	35.8186957326706
25810	35.8186905116835
25838	35.8186839609892
25860	35.8186809720897
25862	35.8186766475598
25886	35.8186763980705
25908	35.8186668355127
25930	35.8186650201428
25940	35.8186642207177
25960	35.8186626825989
25972	35.8186616782518
25990	35.8186607862522
26014	35.8186576016436
26022	35.8186557102132
26040	35.8186542988007
26076	35.8186532766509
26080	35.8186531694981
26084	35.8186486242484
26098	35.8186461140777
26126	35.8186456148098
26136	35.818640233482
26144	35.818639267389
26166	35.8186372655322
26178	35.8186300128109
26188	35.8186295652229
26194	35.8186231925941
26220	35.8186171686245
26224	35.8186164648649
26234	35.8186149491932
26276	35.8186142913052
26284	35.8186111441393
26296	35.818609152762
26312	35.8186039041971
26314	35.818603314655
26316	35.8186017759076
26330	35.8185978965332
26368	35.8185968121710
26382	35.8185966049065
26386	35.8185943951964
26394	35.8185894593802
26408	35.8185891107266
26414	35.8185889580923
26416	35.8185862960424
26422	35.8185862039032
26424	35.8185839393335
26452	35.8185839299436
26462	35.818580234399
26472	35.818576543414
26478	35.8185751079034
26516	35.8185742448538
26536	35.8185703460626
26584	35.8185683928789
26586	35.8185680649258
26612	35.818567379072
26632	35.8185656147752
26644	35.8185654717959
26646	35.8185652991467
26648	35.8185650332349
26654	35.8185645518241
26656	35.8185645396646
26674	35.8185630418236
26744	35.8185615245406
26770	35.8185612565131
26780	35.8185607302258
26820	35.8185607087827
26824	35.8185600201067
26844	35.8185598168375
26848	35.8185597640741
26854	35.8185596423962
26860	35.8185591265076
26874	35.8185590461115
26884	35.8185587986314
26906	35.8185584820633
26918	35.8185584622834
26922	35.8185582657738
26928	35.8185582147736
26932	35.818557856278
26978	35.8185577790290
26990	35.8185577739957
26994	35.818557519717
27016	35.8185573950631
27026	35.8185573303430
27036	35.8185568092032
27038	35.8185567888773
27044	35.8185561933879
27082	35.8185561543793
27096	35.8185559291764
27106	35.8185557563509
27126	35.818555699129
27132	35.8185556212071
27138	35.8185556189677
27142	35.8185555439254
27146	35.8185554819604
27160	35.8185553907483
27168	35.8185551476761
27176	35.8185549881594
27182	35.8185549490020
27188	35.8185547183674
27192	35.8185542503462
27202	35.8185540245102
27206	35.8185538623341
27208	35.8185536673131
27220	35.8185534084642
27246	35.8185531790754
27262	35.8185530339179
27264	35.8185528247077
27280	35.8185527656638
27288	35.8185523285765
27294	35.8185522602078
27296	35.8185513123377
27356	35.8185508840677
27390	35.818550412974
27408	35.8185504033101
27416	35.8185502443932
27428	35.8185498354919
27436	35.8185496311209
27456	35.8185495431278
27482	35.8185491691691
27490	35.8185491319242
27552	35.8185489535194
27588	35.818548849935
27628	35.8185483320324
27636	35.8185482291646
27672	35.8185480244679
27678	35.8185477939858
27688	35.8185476756165
27698	35.8185474228388
27706	35.8185472694525
27722	35.8185467234234
27750	35.8185464100297
27752	35.8185463777903
27758	35.8185462035767
27782	35.8185459935554
27786	35.8185455455914
27812	35.8185450843001
27826	35.8185450439981
27830	35.8185448760648
27838	35.8185446976672
27848	35.8185443878468
27862	35.8185436342599
27888	35.8185434762087
27898	35.8185428639852
27902	35.8185427964024
27918	35.8185426787791
27922	35.8185420890349
27948	35.8185419517073
27950	35.8185417949034
27956	35.8185417495299
27958	35.8185413330125
27980	35.8185408466759
27984	35.8185404376053
28008	35.8185403414409
28046	35.8185398198792
28050	35.8185392856645
28064	35.8185392024224
28066	35.8185391475811
28076	35.818539024685
28092	35.8185389395582
28094	35.8185389131752
28108	35.818538808248
28112	35.818538611521
28122	35.8185381229356
28124	35.8185379782605
28146	35.8185377611962
28158	35.8185375289513
28170	35.8185374275588
28174	35.8185372174284
28176	35.8185370648593
28186	35.8185368168783
28188	35.8185367983834
28202	35.8185366597878
28206	35.8185358095340
28266	35.818535400246
28274	35.8185351470729
28282	35.8185350199582
28292	35.8185348680363
28316	35.8185348066179
28320	35.8185346297212
28322	35.8185346115125
28334	35.8185342786196
28338	35.81853421979
28340	35.8185342119065
28342	35.8185342006767
28344	35.8185341159975
28358	35.8185338236321
28388	35.8185338082497
28398	35.8185337076985
28404	35.8185336777036
28414	35.8185336685891
28416	35.8185334660084
28418	35.8185333324456
28422	35.8185331840398
28434	35.8185330910700
28440	35.8185330761614
28446	35.8185329751172
28450	35.8185326358713
28478	35.8185325897712
28486	35.8185324521076
28494	35.8185323642395
28508	35.8185320153234
28522	35.8185319088563
28538	35.8185318539093
28544	35.8185316247853
28550	35.8185314801002
28556	35.8185312597431
28562	35.818530913436
28568	35.8185304783528
28582	35.8185303535867
28598	35.8185301517053
28610	35.8185299791403
28612	35.8185294730951
28622	35.8185293308660
28644	35.8185292182759
28678	35.8185288992042
28694	35.8185285601672
28696	35.8185280679246
28720	35.8185278291152
28724	35.818527730378
28726	35.8185274570432
28742	35.8185270570897
28760	35.8185269732322
28766	35.8185268968155
28772	35.8185267404245
28780	35.818526703451
28794	35.8185264658461
28796	35.8185261973749
28818	35.8185259411815
28828	35.8185257245735
28854	35.8185256871541
28872	35.818525598337
28886	35.8185254437265
28912	35.8185253825709
28918	35.8185253328854
28920	35.8185252846306
28922	35.8185252209457
28926	35.8185251932662
28928	35.8185250698393
28954	35.8185249407033
28964	35.8185248836187
28978	35.8185248823507
28984	35.8185248578651
28990	35.8185248526044
28998	35.8185247458546
29008	35.8185246706443
29016	35.8185246326312
29022	35.8185245246881
29024	35.8185245160063
29034	35.8185243215633
29044	35.8185241674299
29066	35.8185239186159
29088	35.8185236894567
29094	35.8185235738140
29100	35.8185234752762
29118	35.8185234359107
29120	35.8185232087101
29148	35.818523203627
29152	35.8185231801494
29154	35.8185230953088
29158	35.8185229454434
29164	35.8185227450552
29172	35.8185226822661
29184	35.8185225599656
29200	35.8185224210034
29216	35.8185220231938
29226	35.8185215329587
29236	35.8185211324195
29254	35.8185210833194
29258	35.8185207933391
29264	35.8185205931341
29266	35.81852042288
29274	35.8185199311967
29328	35.8185198909552
29336	35.8185197488282
29350	35.8185196514934
29352	35.8185195211952
29358	35.8185191062132
29382	35.8185186938860
29418	35.8185186348264
29424	35.8185185166651
29438	35.8185183770256
29456	35.8185183313371
29474	35.8185181893254
29506	35.818518167223
29522	35.8185180154144
29550	35.8185179252866
29562	35.8185178770647
29564	35.8185178697627
29608	35.8185177267493
29610	35.8185176949897
29612	35.8185176890017
29620	35.818517658806
29624	35.8185175866474
29640	35.8185174757644
29646	35.8185173855152
29656	35.8185173169553
29686	35.8185172806905
29688	35.8185171688903
29708	35.8185170311221
29714	35.8185169549771
29720	35.8185169026131
29734	35.8185168507623
29744	35.8185168401649
29748	35.8185168339821
29756	35.8185166931832
29764	35.818516659581
29770	35.8185165361084
29774	35.8185164918632
29780	35.8185164801816
29796	35.8185163969102
29800	35.8185162994027
29806	35.8185160805441
29808	35.818515887642
29820	35.818515873094
29846	35.8185155465904
29848	35.818515483801
29886	35.8185151790872
29890	35.8185151535943
29898	35.8185149109435
29916	35.8185146619035
29948	35.8185146278221
29960	35.8185146255808
29964	35.8185144589623
29966	35.8185141515588
29968	35.8185137550088
29994	35.8185137291154
29998	35.8185132054933
30000	35.8185131747743
30024	35.8185130011286
30042	35.8185127739252
30048	35.8185127601942
30050	35.8185127010838
30078	35.8185123709257
30088	35.8185121514786
30118	35.8185119611114
30132	35.8185117596371
30192	35.8185116231325
30230	35.8185115583594
30234	35.8185112802341
30254	35.8185111530044
30284	35.8185111382094
30288	35.8185110290653
30294	35.8185109656208
30304	35.8185109289179
30322	35.8185108515468
30330	35.818510812031
30336	35.818510809017
30342	35.8185107082712
30346	35.8185106523638
30348	35.8185105612355
30366	35.8185105241358
30376	35.8185103250111
30392	35.8185102060556
30400	35.8185100683109
30410	35.8185100174987
30420	35.8185099713846
30426	35.8185099216034
30428	35.8185098811917
30432	35.8185097940027
30458	35.8185097416195
30468	35.818509598701
30488	35.8185095373982
30496	35.8185094887882
30530	35.818509445607
30548	35.8185094411054
30550	35.8185093982613
30554	35.8185093782675
30558	35.8185093655124
30562	35.8185093512851
30594	35.8185093336295
30598	35.8185093212475
30606	35.8185092927846
30616	35.8185092685258
30626	35.8185092587621
30632	35.8185091924251
30644	35.8185091049904
30682	35.8185090963497
30690	35.8185090441964
30730	35.8185090234624
30738	35.8185089980851
30740	35.8185089955243
30746	35.8185089462136
30766	35.8185088900232
30786	35.8185088614646
30804	35.8185087071749
30816	35.8185086720499
30818	35.818508520713
30834	35.8185083116109
30848	35.8185081718758
30868	35.8185080575987
30872	35.8185080025787
30882	35.818507738288
30894	35.8185076088209
30904	35.8185076065638
30908	35.8185075655744
30920	35.8185075187901
30926	35.8185073613667
30928	35.8185072800794
30938	35.8185071771013
30944	35.818507074461
30948	35.818507018736
30984	35.8185069721307
30996	35.8185069570211
31002	35.8185068747533
31012	35.8185068584768
31030	35.8185068570541
31032	35.8185068556753
31038	35.8185068399532
31046	35.8185068031801
31048	35.8185067470285
31050	35.8185067234856
31054	35.8185066895217
31056	35.8185066800804
31062	35.8185066725614
31066	35.8185066254912
31080	35.8185065605845
31096	35.8185065090046
31104	35.8185063847258
31114	35.8185063158241
31126	35.8185062892049
31140	35.8185062581802
31164	35.818506231962
31170	35.8185062262472
31174	35.8185061936859
31194	35.8185060572365
31216	35.8185060463118
31222	35.8185060391017
31228	35.8185060335934
31236	35.8185060147891
31242	35.8185059685996
31248	35.8185059436589
31250	35.8185058085540
31260	35.8185057639154
31266	35.8185056993711
31272	35.8185056593471
31284	35.818505576526
31292	35.8185055601573
31298	35.8185054479345
31310	35.8185054454291
31314	35.8185052842098
31332	35.8185051906214
31336	35.8185051902461
31340	35.8185051389266
31342	35.818505110678
31350	35.8185049942835
31356	35.8185048939468
31370	35.8185048660911
31386	35.8185048538412
31394	35.8185047869723
31422	35.8185046046946
31454	35.8185045721208
31456	35.818504535933
31488	35.818504505715
31490	35.8185044229885
31504	35.8185044113570
31512	35.8185042960531
31526	35.8185041976883
31532	35.8185041189497
31538	35.8185040018393
31568	35.8185039662168
31572	35.8185039465306
31580	35.8185039332761
31586	35.8185038920570
31612	35.818503811105
31620	35.8185037554912
31626	35.8185037172758
31648	35.8185037087858
31658	35.8185037069782
31662	35.8185036738277
31668	35.8185036015878
31688	35.8185035337248
31690	35.8185034558191
31716	35.8185034380891
31722	35.8185033929546
31748	35.8185033623741
31758	35.8185033410022
31784	35.8185033408753
31802	35.8185032607205
31804	35.8185032403390
31824	35.8185032361241
31828	35.8185031108043
31874	35.8185030262123
31888	35.8185030237715
31890	35.8185030029406
31902	35.818503000053
31928	35.8185029880230
31940	35.8185029838475
31946	35.8185029790988
31950	35.8185029380436
31958	35.8185029229195
31978	35.8185028654024
31994	35.818502849436
32036	35.8185028402954
32044	35.8185027915235
32056	35.8185027612915
32066	35.8185027579450
32108	35.8185027483555
32112	35.8185027471628
32120	35.8185027459275
32122	35.8185027328083
32128	35.8185027307971
32134	35.8185027111246
32140	35.8185027063901
32164	35.8185026997569
32178	35.8185026931814
32182	35.8185026893285
32190	35.818502687513
32206	35.8185026724375
32226	35.8185026721111
32232	35.8185026712197
32234	35.8185026623838
32246	35.8185026596725
32254	35.8185026495159
32276	35.8185026475922
32282	35.8185026270723
32290	35.8185026188726
32304	35.8185026176956
32308	35.8185026108587
32320	35.8185026106936
32324	35.8185026097492
32326	35.8185025923627
32330	35.8185025919043
32346	35.8185025816804
32348	35.8185025727910
32350	35.8185025520876
32354	35.8185025475006
32364	35.8185025435930
32366	35.8185025399151
32372	35.818502530384
32428	35.8185025196185
32430	35.8185024873788
32460	35.8185024729719
32498	35.8185024530838
32502	35.8185024300706
32518	35.8185024190456
32520	35.8185024142104
32526	35.8185023897881
32530	35.8185023798198
32536	35.8185023750417
32562	35.8185023640970
32568	35.8185023550538
32592	35.8185023398926
32596	35.8185023368099
32606	35.8185023232336
32628	35.8185023203897
32638	35.8185023118966
32640	35.8185023011211
32642	35.8185022828077
32654	35.8185022655695
32664	35.8185022532749
32694	35.8185022516879
32718	35.8185022395222
32720	35.8185022338117
32740	35.8185022247366
32752	35.8185022128761
32782	35.818502203699
32784	35.8185021881464
32790	35.8185021855843
32792	35.8185021831229
32802	35.8185021798205
32816	35.8185021736456
32840	35.8185021674614
32844	35.8185021626375
32858	35.8185021487735
32862	35.8185021415311
32890	35.8185021259320
32904	35.8185021250083
32914	35.8185021103071
32924	35.818502102478
32928	35.8185020824263
32932	35.8185020799123
32954	35.8185020497402
32968	35.818502031534
32994	35.8185020269616
33012	35.8185020247666
33016	35.8185019992663
33024	35.8185019838626
33026	35.8185019756421
33044	35.8185019607270
33046	35.8185019509339
33058	35.8185019452794
33060	35.8185019287667
33070	35.8185018915074
33074	35.8185018878904
33078	35.8185018772288
33084	35.8185018604895
33092	35.8185018161509
33104	35.8185017775819
33138	35.8185017349818
33150	35.8185017286832
33162	35.8185017178808
33170	35.8185017129712
33186	35.8185017011118
33192	35.8185016992107
33196	35.8185016857922
33208	35.8185016681022
33210	35.8185016593489
33234	35.8185016438267
33248	35.8185016346447
33270	35.8185016265414
33278	35.8185016184087
33296	35.8185016164563
33302	35.8185016128587
33304	35.8185016008222
33320	35.8185015819702
33342	35.8185015785802
33344	35.8185015751509
33346	35.8185015661429
33352	35.8185015652062
33356	35.8185015566786
33364	35.8185015512242
33374	35.8185015346293
33386	35.8185015238779
33390	35.8185014982138
33398	35.8185014908805
33422	35.818501486699
33430	35.8185014825813
33446	35.8185014611669
33502	35.8185014606952
33508	35.8185014577239
33512	35.818501454397
33526	35.8185014499885
33530	35.8185014400278
33554	35.8185014396906
33586	35.8185014346039
33588	35.8185014335077
33596	35.8185014328871
33600	35.8185014321551
33602	35.8185014285332
33612	35.8185014278264
33624	35.8185014251196
33630	35.8185014224848
33678	35.818501421008
33698	35.8185014193675
33704	35.8185014178503
33712	35.8185014177337
33716	35.8185014172574
33724	35.8185014143525
33726	35.8185014127776
33750	35.8185014098171
33770	35.8185014088614
33786	35.8185014082821
33796	35.8185014065332
33798	35.8185014013454
33808	35.8185013990965
33820	35.8185013904724
33832	35.8185013862293
33834	35.818501381317
33842	35.8185013804780
33856	35.8185013795856
33858	35.8185013777144
33866	35.8185013771252
33868	35.8185013685769
33878	35.8185013648130
33888	35.8185013615786
33898	35.818501359041
33904	35.8185013580778
33906	35.8185013579918
33926	35.8185013573871
33928	35.8185013553438
33934	35.8185013505191
33942	35.8185013492742
33946	35.8185013461501
33954	35.8185013455995
33962	35.8185013450594
33964	35.8185013449483
33978	35.8185013391154
33982	35.8185013318853
34010	35.8185013307206
34012	35.8185013267906
34016	35.8185013241151
34030	35.8185013216284
34036	35.8185013213927
34052	35.8185013212188
34062	35.8185013194486
34078	35.8185013169751
34086	35.8185013125848
34142	35.81850131117
34148	35.8185013109084
34150	35.8185013102784
34154	35.8185013077984
34182	35.8185013040026
34186	35.8185013018999
34204	35.8185012996393
34220	35.8185012978766
34224	35.8185012954108
34232	35.8185012930327
34236	35.8185012895073
34254	35.8185012867262
34268	35.818501280252
34276	35.8185012784160
34306	35.8185012765115
34312	35.8185012725948
34320	35.8185012713503
34328	35.8185012697522
34340	35.8185012667925
34358	35.8185012643702
34374	35.8185012635551
34376	35.8185012621926
34386	35.8185012611388
34408	35.8185012514412
34420	35.8185012505338
34432	35.8185012485157
34440	35.8185012470739
34472	35.818501245474
34474	35.8185012451649
34478	35.8185012411505
34492	35.818501241147
34494	35.8185012375345
34512	35.8185012324148
34532	35.8185012303918
34548	35.818501228184
34562	35.8185012209102
34582	35.8185012203005
34598	35.8185012182017
34604	35.8185012181801
34606	35.8185012176859
34608	35.8185012148152
34614	35.8185012126915
34624	35.8185012098136
34626	35.8185012094753
34636	35.8185012088407
34646	35.8185012054008
34650	35.8185012046213
34658	35.8185011994766
34674	35.8185011981979
34692	35.8185011972052
34718	35.8185011944998
34746	35.8185011888837
34758	35.8185011886048
34770	35.8185011875608
34792	35.8185011874912
34796	35.8185011849039
34802	35.8185011802350
34804	35.8185011729541
34824	35.8185011635714
34854	35.8185011597756
34896	35.8185011568837
34920	35.8185011563858
34930	35.818501155617
34934	35.818501154036
34946	35.8185011537295
34954	35.8185011530367
34966	35.8185011529309
34968	35.818501151195
35004	35.8185011483303
35008	35.8185011466294
35016	35.81850114544
35034	35.8185011454086
35036	35.8185011445117
35040	35.8185011435032
35054	35.8185011433256
35078	35.8185011406006
35086	35.8185011403286
35092	35.81850113903
35094	35.8185011351894
35102	35.8185011335562
35104	35.8185011308866
35132	35.818501130783
35142	35.8185011297853
35144	35.8185011292598
35168	35.8185011287403
35170	35.8185011271072
35182	35.8185011269698
35188	35.81850112673
35204	35.8185011261869
35208	35.8185011252943
35220	35.8185011250615
35224	35.8185011245598
35232	35.8185011244610
35254	35.8185011242574
35268	35.8185011238952
35270	35.8185011237157
35284	35.8185011234257
35286	35.8185011214618
35306	35.8185011209127
35322	35.8185011201394
35336	35.8185011198135
35338	35.8185011190401
35356	35.8185011183649
35368	35.818501117961
35392	35.8185011167032
35406	35.8185011156803
35418	35.8185011156038
35442	35.8185011148155
35450	35.8185011132358
35460	35.8185011108593
35470	35.8185011094136
35482	35.8185011092895
35484	35.81850110816
35492	35.818501104071
35512	35.8185011020517
35524	35.8185011018878
35526	35.8185010979203
35542	35.8185010962632
35586	35.8185010931367
35588	35.8185010925065
35592	35.818501089827
35610	35.8185010861085
35614	35.8185010857590
35628	35.8185010827307
35634	35.818501082403
35636	35.8185010816697
35644	35.8185010791534
35658	35.8185010771357
35668	35.8185010767713
35678	35.8185010754177
35684	35.8185010746876
35692	35.8185010732378
35694	35.81850107257
35708	35.8185010722777
35710	35.8185010696354
35722	35.8185010683557
35740	35.8185010679849
35746	35.8185010677408
35750	35.8185010663395
35772	35.8185010659846
35776	35.8185010657904
35786	35.8185010623229
35824	35.8185010610793
35832	35.8185010602284
35842	35.8185010599604
35844	35.818501057184
35852	35.8185010555973
35874	35.8185010547568
35882	35.8185010545939
35884	35.8185010522976
35894	35.8185010521509
35908	35.8185010494242
35916	35.8185010493066
35960	35.8185010488068
35964	35.8185010473029
35978	35.8185010462369
35994	35.8185010445371
35996	35.8185010430956
36044	35.8185010413592
36050	35.8185010407206
36062	35.8185010390223
36066	35.8185010385985
36070	35.8185010374255
36072	35.8185010359684
36092	35.8185010350254
36098	35.8185010339884
36104	35.818501033624
36116	35.8185010325564
36120	35.8185010317672
36138	35.8185010308814
36140	35.8185010299812
36156	35.8185010298307
36170	35.8185010296382
36182	35.8185010274743
36200	35.818501026769
36218	35.8185010266874
36226	35.8185010259478
36232	35.8185010258214
36234	35.8185010247524
36260	35.8185010239668
36270	35.8185010239626
36282	35.818501023552
36286	35.8185010220679
36312	35.8185010220099
36314	35.8185010216073
36328	35.8185010195870
36356	35.8185010194894
36360	35.8185010180895
36368	35.8185010155496
36392	35.8185010152174
36418	35.8185010146338
36444	35.8185010145853
36452	35.8185010119937
36466	35.8185010103823
36488	35.818501008661
36504	35.8185010078968
36512	35.8185010067698
36524	35.8185010053335
36532	35.8185010052323
36538	35.8185010036784
36540	35.8185010026077
36558	35.8185010012432
36564	35.8185009987475
36590	35.8185009962298
36596	35.8185009947754
36598	35.8185009939558
36622	35.8185009932178
36624	35.8185009922157
36628	35.8185009917873
36642	35.8185009906841
36648	35.8185009898845
36668	35.8185009889499
36678	35.8185009884855
36680	35.81850098824
36688	35.8185009870401
36692	35.8185009851814
36694	35.8185009833002
36724	35.818500983099
36732	35.8185009826691
36742	35.8185009824865
36746	35.8185009816131
36752	35.8185009806493
36760	35.8185009803441
36762	35.818500979812
36776	35.8185009779402
36788	35.8185009766741
36814	35.8185009763945
36820	35.8185009760809
36824	35.8185009750582
36844	35.8185009741937
36856	35.8185009705188
36866	35.8185009698174
36880	35.818500968519
36890	35.8185009677536
36914	35.8185009674931
36924	35.8185009670862
36948	35.8185009664618
36952	35.8185009661736
36982	35.8185009657476
36986	35.8185009654961
36994	35.8185009653999
37002	35.8185009649649
37004	35.8185009646909
37010	35.818500964511
37012	35.8185009634127
37026	35.8185009622431
37042	35.818500961802
37046	35.8185009612336
37050	35.8185009603279
37060	35.8185009596954
37074	35.8185009594882
37082	35.8185009559176
37122	35.8185009551954
37124	35.8185009522888
37162	35.8185009483742
37166	35.818500943964
37186	35.8185009439432
37198	35.8185009430606
37214	35.8185009428675
37226	35.8185009420593
37228	35.8185009408863
37252	35.8185009391479
37262	35.8185009385364
37284	35.8185009373071
37286	35.8185009362423
37298	35.8185009342275
37318	35.8185009339673
37338	35.8185009337097
37362	35.818500932364
37374	35.8185009314278
37434	35.8185009302223
37438	35.8185009297422
37468	35.8185009291085
37486	35.8185009288752
37492	35.8185009277335
37494	35.8185009273096
37508	35.8185009270527
37516	35.8185009262899
37528	35.8185009248393
37540	35.8185009244472
37562	35.8185009233317
37600	35.8185009231716
37604	35.8185009227659
37610	35.8185009225835
37612	35.8185009224024
37614	35.8185009223287
37618	35.8185009223256
37626	35.8185009222394
37640	35.818500922011
37668	35.8185009218027
37672	35.8185009217298
37674	35.818500921674
37698	35.8185009213592
37708	35.8185009209537
37726	35.8185009206289
37754	35.8185009201559
37770	35.8185009196783
37792	35.8185009193274
37796	35.8185009192327
37804	35.8185009191913
37814	35.8185009186816
37840	35.8185009179498
37860	35.8185009172069
37904	35.8185009170455
37918	35.818500916464
37954	35.8185009161185
37956	35.8185009157444
37964	35.818500915638
37966	35.8185009154255
37970	35.8185009153216
37974	35.8185009152408
37980	35.8185009150666
37984	35.8185009149729
37992	35.8185009149267
37996	35.8185009148673
38010	35.8185009148178
38012	35.8185009145716
38020	35.8185009145669
38022	35.8185009134191
38036	35.8185009133594
38052	35.8185009131497
38066	35.8185009130838
38080	35.8185009125096
38096	35.8185009117552
38116	35.8185009116758
38128	35.8185009115395
38134	35.8185009113852
38140	35.8185009106151
38154	35.8185009105496
38168	35.8185009104714
38184	35.8185009104656
38188	35.8185009102284
38202	35.8185009099761
38224	35.8185009093531
38246	35.8185009089099
38272	35.8185009088101
38290	35.8185009081374
38348	35.8185009075623
38360	35.8185009074903
38364	35.8185009074286
38370	35.8185009072307
38372	35.8185009070777
38384	35.8185009069839
38398	35.8185009067361
38402	35.8185009065667
38408	35.8185009059479
38448	35.8185009053069
38460	35.8185009048270
38480	35.8185009047525
38486	35.8185009044403
38488	35.818500904034
38490	35.8185009039069
38504	35.8185009034983
38510	35.8185009022022
38546	35.8185009016365
38562	35.8185009016246
38566	35.8185009013214
38588	35.8185009011941
38592	35.8185009007182
38604	35.8185009005051
38624	35.8185009002882
38672	35.8185009002815
38690	35.8185009001108
38692	35.818500899753
38696	35.8185008996038
38718	35.8185008994181
38726	35.8185008993523
38736	35.8185008989896
38766	35.8185008989572
38768	35.8185008985775
38782	35.8185008984918
38794	35.8185008984677
38818	35.8185008984372
38820	35.818500898114
38836	35.8185008977894
38864	35.8185008974534
38878	35.8185008973897
38880	35.8185008970777
38888	35.8185008969204
38898	35.8185008969099
38900	35.8185008967433
38922	35.8185008965956
38928	35.8185008964642
38930	35.8185008962818
38946	35.8185008958975
38966	35.8185008956902
38972	35.8185008951889
38974	35.8185008950705
38984	35.8185008948036
38994	35.8185008947008
39010	35.8185008945983
39026	35.8185008945802
39034	35.8185008943684
39040	35.8185008943127
39042	35.8185008941180
39044	35.8185008936133
39066	35.8185008934203
39070	35.8185008932215
39082	35.8185008924883
39108	35.8185008920121
39140	35.8185008915938
39142	35.8185008914652
39144	35.8185008909554
39150	35.8185008905583
39168	35.8185008903125
39174	35.8185008896997
39190	35.8185008894941
39198	35.8185008887861
39230	35.8185008885799
39252	35.81850088816
39262	35.8185008878123
39264	35.8185008874543
39274	35.8185008869666
39310	35.8185008867378
39318	35.8185008862555
39320	35.8185008861133
39332	35.8185008853760
39354	35.8185008850742
39382	35.8185008848827
39396	35.8185008847393
39420	35.8185008845737
39426	35.8185008840237
39454	35.8185008837689
39464	35.8185008837015
39484	35.8185008836356
39486	35.8185008835729
39488	35.8185008833618
39500	35.818500883321
39502	35.8185008832584
39514	35.8185008831673
39522	35.8185008830592
39530	35.818500882942
39542	35.8185008829278
39552	35.8185008826918
39574	35.8185008819429
39600	35.8185008817151
39604	35.8185008816393
39608	35.8185008813426
39614	35.8185008811381
39644	35.8185008811020
39652	35.8185008809359
39656	35.8185008806723
39660	35.8185008806233
39680	35.8185008804773
39688	35.8185008804238
39694	35.8185008802925
39702	35.8185008801672
39710	35.8185008801427
39724	35.8185008799213
39730	35.8185008798534
39734	35.8185008798311
39736	35.8185008798177
39744	35.8185008797901
39756	35.818500879772
39768	35.8185008797029
39770	35.8185008796716
39788	35.818500879499
39818	35.8185008793758
39842	35.8185008793081
39868	35.8185008792877
39884	35.8185008792711
39888	35.8185008792314
39904	35.8185008790769
39918	35.8185008790716
39924	35.8185008790469
39932	35.8185008790457
39934	35.8185008790176
39940	35.8185008789995
39950	35.8185008789774
39954	35.8185008789537
39966	35.8185008789335
39972	35.8185008789007
39984	35.8185008788218
39988	35.818500878794
40008	35.8185008786981
40050	35.8185008786534
40054	35.8185008785895
40068	35.8185008785799
40078	35.8185008785001
40082	35.8185008784395
40102	35.818500878425
40104	35.8185008784197
40118	35.818500878244
40122	35.8185008781851
40128	35.8185008781062
40150	35.8185008780863
40158	35.8185008780435
40164	35.8185008777754
40174	35.8185008777502
40188	35.8185008776669
40192	35.8185008776572
40200	35.8185008775531
40208	35.8185008775426
40212	35.8185008774984
40216	35.818500877459
40220	35.8185008773387
40224	35.8185008773118
40242	35.8185008772482
40248	35.8185008771014
40262	35.8185008770975
40268	35.8185008770848
40274	35.8185008770008
40284	35.8185008767811
40286	35.8185008767716
40306	35.8185008767165
40324	35.8185008765132
40338	35.818500876414
40360	35.8185008763980
40366	35.8185008763374
40370	35.8185008763213
40382	35.8185008761338
40390	35.8185008759575
40448	35.8185008759403
40452	35.8185008758831
40454	35.8185008758558
40458	35.8185008758516
40464	35.8185008758468
40468	35.8185008757892
40474	35.8185008757774
40484	35.8185008757406
40500	35.8185008757265
40540	35.8185008756327
40544	35.8185008754721
40554	35.8185008754703
40556	35.8185008753594
40576	35.8185008752926
40590	35.818500875285
40600	35.8185008752567
40614	35.8185008751079
40674	35.8185008750872
40678	35.8185008750835
40688	35.8185008750566
40712	35.8185008750109
40724	35.8185008749991
40750	35.8185008749471
40756	35.8185008748487
40762	35.8185008747876
40780	35.8185008747773
40784	35.8185008746496
40788	35.8185008745397
40790	35.8185008745044
40800	35.8185008744564
40802	35.8185008743763
40818	35.8185008743399
40824	35.8185008743343
40828	35.8185008743241
40836	35.8185008742538
40842	35.8185008742114
40852	35.8185008741608
40856	35.8185008740066
40876	35.8185008740065
40888	35.8185008739689
40920	35.8185008739541
40924	35.8185008739303
40928	35.8185008739243
40930	35.8185008739235
40940	35.8185008738683
40942	35.8185008738057
40968	35.8185008737399
41000	35.8185008736854
41018	35.8185008736665
41044	35.8185008736553
41048	35.8185008736194
41052	35.8185008736193
41054	35.8185008735909
41060	35.8185008735582
41078	35.8185008735563
41084	35.8185008735216
41092	35.8185008734953
41098	35.8185008734247
41104	35.8185008733872
41106	35.8185008732908
41108	35.818500873226
41136	35.8185008732185
41140	35.8185008731749
41150	35.8185008731449
41176	35.8185008731385
41180	35.8185008731289
41196	35.8185008730833
41198	35.8185008730587
41226	35.8185008729451
41242	35.8185008728862
41246	35.8185008728656
41250	35.8185008728332
41266	35.8185008728121
41280	35.8185008727918
41298	35.8185008727685
41304	35.8185008727488
41324	35.8185008727216
41326	35.8185008726612
41330	35.8185008726492
41338	35.8185008726201
41344	35.8185008725817
41352	35.8185008724389
41418	35.8185008724347
41420	35.8185008723269
41428	35.8185008722976
41450	35.8185008722191
41466	35.8185008721474
41504	35.8185008721045
41520	35.8185008720988
41522	35.8185008720966
41524	35.818500872074
41526	35.8185008720202
41528	35.8185008719928
41534	35.8185008719898
41542	35.8185008719689
41544	35.8185008719184
41566	35.8185008718776
41568	35.8185008718427
41600	35.8185008718261
41604	35.8185008717802
41608	35.8185008717743
41614	35.8185008717003
41636	35.8185008716801
41642	35.8185008715734
41648	35.8185008714997
41658	35.818500871497
41660	35.8185008714033
41664	35.8185008713626
41694	35.8185008713314
41700	35.8185008712492
41710	35.8185008711682
41722	35.8185008711666
41744	35.8185008710338
41748	35.8185008710244
41754	35.8185008709847
41778	35.8185008709482
41810	35.8185008709473
41816	35.8185008708945
41824	35.8185008708081
41844	35.8185008707704
41850	35.8185008707099
41862	35.8185008706871
41876	35.8185008706174
41904	35.8185008706114
41912	35.8185008705364
41946	35.8185008704393
41978	35.8185008703247
41994	35.8185008702722
42028	35.8185008701906
42030	35.8185008701599
42038	35.8185008701563
42040	35.8185008701560
42042	35.8185008701388
42048	35.8185008701179
42058	35.8185008700508
42072	35.8185008699621
42074	35.8185008699454
42076	35.8185008698351
42080	35.8185008696615
42090	35.8185008695433
42098	35.818500869492
42106	35.8185008693863
42144	35.818500869279
42150	35.8185008692662
42166	35.8185008692655
42194	35.8185008691757
42256	35.8185008691696
42258	35.8185008690385
42316	35.8185008690342
42318	35.8185008689261
42332	35.8185008688264
42336	35.8185008687461
42340	35.8185008687092
42354	35.8185008686856
42356	35.8185008685281
42360	35.8185008683565
42396	35.8185008683544
42398	35.8185008683144
42414	35.8185008683067
42430	35.8185008683055
42438	35.8185008682836
42452	35.8185008682732
42454	35.8185008681371
42506	35.8185008681049
42550	35.8185008680803
42560	35.8185008680766
42572	35.8185008680699
42588	35.8185008680641
42594	35.8185008680592
42618	35.8185008680296
42632	35.8185008680088
42648	35.8185008680016
42662	35.8185008679885
42668	35.8185008679599
42674	35.8185008679370
42694	35.8185008679262
42696	35.8185008679186
42698	35.8185008678940
42706	35.8185008678808
42714	35.8185008678724
42722	35.8185008678182
42746	35.8185008677957
42752	35.8185008677931
42760	35.8185008677869
42772	35.8185008677083
42802	35.8185008676722
42826	35.8185008676642
42828	35.8185008676407
42836	35.8185008676182
42852	35.8185008676014
42856	35.8185008675977
42860	35.8185008675833
42864	35.8185008675815
42876	35.8185008675807
42886	35.8185008675525
42900	35.8185008675514
42918	35.8185008675377
42970	35.8185008675156
42990	35.8185008674932
43002	35.8185008674824
43014	35.8185008674791
43032	35.818500867467
43040	35.8185008674524
43048	35.8185008674325
43066	35.8185008674189
43080	35.8185008674188
43082	35.8185008674152
43104	35.8185008674102
43114	35.8185008674065
43116	35.8185008673986
43122	35.8185008673964
43124	35.8185008673765
43180	35.8185008673703
43196	35.8185008673644
43200	35.8185008673605
43214	35.8185008673397
43228	35.8185008673350
43250	35.8185008673247
43274	35.8185008673107
43280	35.8185008673095
43286	35.8185008673085
43288	35.8185008673056
43298	35.8185008673048
43316	35.8185008672988
43326	35.8185008672892
43356	35.818500867272
43390	35.8185008672632
43400	35.8185008672623
43410	35.8185008672457
43416	35.8185008672379
43426	35.8185008672265
43438	35.8185008672171
43454	35.8185008672164
43460	35.8185008672109
43464	35.8185008672089
43480	35.8185008672014
43490	35.8185008671983
43496	35.8185008671874
43502	35.8185008671838
43506	35.8185008671817
43514	35.8185008671666
43546	35.8185008671663
43564	35.8185008671632
43572	35.8185008671632
43580	35.8185008671625
43584	35.8185008671559
43586	35.8185008671471
43610	35.8185008671405
43620	35.8185008671282
43642	35.8185008671253
43648	35.8185008671146
43664	35.8185008671122
43668	35.8185008671121
43678	35.8185008671086
43680	35.8185008670886
43690	35.8185008670779
43704	35.8185008670704
43726	35.8185008670643
43740	35.8185008670484
43778	35.8185008670462
43790	35.8185008670341
43810	35.8185008670325
43816	35.8185008670312
43830	35.8185008670242
43872	35.8185008670194
43874	35.8185008670147
43900	35.8185008670116
43910	35.8185008670081
43912	35.8185008670007
43934	35.818500866995
43970	35.8185008669919
43976	35.818500866987
43978	35.818500866985
43998	35.8185008669772
44008	35.8185008669764
44026	35.81850086697
44046	35.8185008669631
44084	35.8185008669608
44086	35.8185008669582
44102	35.8185008669553
44114	35.8185008669551
44124	35.8185008669481
44132	35.8185008669445
44138	35.8185008669408
44144	35.8185008669394
44150	35.8185008669385
44154	35.818500866935
44158	35.8185008669336
44168	35.8185008669258
44174	35.8185008669235
44184	35.8185008669229
44192	35.8185008669129
44198	35.8185008669111
44200	35.8185008669074
44232	35.8185008669059
44248	35.8185008669022
44274	35.8185008668999
44304	35.8185008668927
44334	35.8185008668879
44340	35.8185008668824
44348	35.8185008668784
44358	35.818500866877
44376	35.8185008668755
44382	35.8185008668738
44388	35.818500866872
44390	35.8185008668716
44392	35.8185008668657
44396	35.8185008668652
44406	35.8185008668637
44418	35.818500866861
44430	35.8185008668604
44446	35.8185008668547
44462	35.8185008668543
44466	35.8185008668455
44484	35.8185008668444
44488	35.8185008668393
44500	35.8185008668352
44508	35.8185008668342
44514	35.818500866833
44534	35.8185008668326
44540	35.8185008668217
44548	35.8185008668207
44554	35.8185008668140
44580	35.8185008668128
44584	35.8185008668095
44592	35.8185008668067
44598	35.8185008668053
44600	35.8185008667987
44604	35.8185008667977
44606	35.8185008667880
44626	35.8185008667767
44656	35.8185008667704
44658	35.8185008667654
44660	35.8185008667637
44662	35.8185008667570
44668	35.8185008667538
44678	35.8185008667421
44682	35.8185008667368
44694	35.8185008667287
44706	35.8185008667245
44714	35.8185008667233
44726	35.8185008667165
44754	35.8185008667148
44758	35.8185008667138
44770	35.8185008667031
44778	35.8185008666931
44780	35.8185008666916
44786	35.8185008666887
44806	35.8185008666802
44816	35.8185008666794
44820	35.8185008666682
44846	35.8185008666678
44854	35.8185008666584
44862	35.8185008666518
44878	35.8185008666501
44882	35.8185008666446
44900	35.8185008666438
44918	35.8185008666417
44924	35.8185008666374
44958	35.8185008666287
44976	35.8185008666285
44980	35.818500866625
44994	35.8185008666249
45008	35.8185008666191
45032	35.8185008666168
45062	35.8185008666163
45072	35.8185008666161
45076	35.8185008666147
45086	35.8185008666126
45088	35.8185008666112
45096	35.8185008666102
45114	35.8185008666096
45120	35.818500866609
45126	35.8185008666080
45130	35.8185008666045
45136	35.8185008666012
45164	35.8185008665964
45202	35.818500866595
45204	35.8185008665872
45214	35.8185008665869
45228	35.8185008665854
45238	35.8185008665833
45250	35.8185008665832
45254	35.8185008665823
45260	35.8185008665809
45266	35.8185008665797
45268	35.8185008665641
45294	35.8185008665641
45296	35.818500866563
45300	35.8185008665608
45318	35.8185008665602
45328	35.818500866559
45354	35.8185008665582
45384	35.8185008665575
45392	35.8185008665561
45398	35.8185008665543
45402	35.8185008665541
45404	35.8185008665512
45428	35.8185008665481
45450	35.8185008665441
45466	35.8185008665437
45468	35.8185008665421
45478	35.818500866541
45492	35.8185008665371
45508	35.8185008665329
45560	35.8185008665301
45562	35.8185008665244
45586	35.8185008665242
45588	35.8185008665213
45602	35.8185008665164
45616	35.8185008665155
45620	35.8185008665115
45634	35.8185008665095
45640	35.818500866508
45664	35.8185008665071
45674	35.8185008665069
45686	35.8185008665045
45690	35.8185008665034
45694	35.8185008665019
45698	35.8185008665007
45702	35.8185008664983
45718	35.8185008664933
45742	35.8185008664909
45746	35.8185008664902
45750	35.8185008664879
45758	35.8185008664863
45764	35.8185008664823
45800	35.8185008664809
45812	35.8185008664808
45834	35.8185008664759
45852	35.8185008664755
45868	35.8185008664737
45878	35.8185008664731
45882	35.8185008664706
45892	35.8185008664674
45912	35.8185008664674
45924	35.8185008664651
45926	35.818500866465
45940	35.8185008664646
45948	35.8185008664642
45956	35.8185008664636
45966	35.8185008664606
46018	35.8185008664597
46034	35.8185008664594
46038	35.8185008664579
46048	35.8185008664575
46052	35.818500866456
46066	35.8185008664539
46096	35.8185008664536
46100	35.8185008664533
46138	35.8185008664504
46156	35.8185008664499
46170	35.8185008664498
46176	35.8185008664478
46182	35.8185008664477
46184	35.8185008664469
46186	35.8185008664462
46188	35.8185008664449
46192	35.818500866443
46200	35.8185008664422
46204	35.8185008664420
46208	35.8185008664418
46212	35.8185008664397
46216	35.8185008664387
46230	35.8185008664386
46238	35.8185008664364
46292	35.8185008664328
46304	35.8185008664308
46312	35.8185008664295
46320	35.8185008664280
46346	35.8185008664249
46348	35.8185008664246
46358	35.8185008664179
46386	35.818500866417
46416	35.818500866417
46420	35.8185008664157
46440	35.8185008664146
46444	35.8185008664132
46478	35.8185008664131
46482	35.8185008664128
46494	35.8185008664128
46496	35.8185008664125
46498	35.8185008664120
46502	35.8185008664119
46514	35.8185008664109
46530	35.8185008664105
46550	35.8185008664097
46560	35.8185008664094
46582	35.8185008664093
46602	35.8185008664086
46628	35.8185008664085
46630	35.8185008664082
46640	35.8185008664075
46664	35.8185008664071
46684	35.818500866406
46700	35.818500866405
46746	35.8185008664042
46776	35.8185008664037
46780	35.8185008664036
46786	35.8185008664029
46804	35.8185008664025
46814	35.8185008664024
46822	35.8185008664022
46828	35.8185008664017
46830	35.8185008664015
46844	35.8185008664015
46854	35.8185008664011
46858	35.8185008664002
46892	35.8185008663997
46898	35.8185008663995
46904	35.8185008663981
46910	35.8185008663975
46918	35.8185008663953
46930	35.8185008663942
46946	35.8185008663927
46976	35.8185008663919
47006	35.8185008663893
47028	35.8185008663883
47030	35.8185008663876
47066	35.8185008663860
47080	35.8185008663851
47084	35.8185008663836
47102	35.8185008663829
47116	35.8185008663816
47180	35.8185008663811
47182	35.8185008663808
47196	35.8185008663803
47214	35.8185008663801
47222	35.8185008663797
47238	35.8185008663772
47240	35.8185008663754
47260	35.8185008663751
47268	35.8185008663746
47278	35.8185008663742
47280	35.8185008663718
47300	35.8185008663709
47302	35.8185008663702
47314	35.8185008663694
47328	35.8185008663693
47342	35.8185008663688
47346	35.8185008663681
47366	35.8185008663677
47368	35.8185008663671
47380	35.8185008663668
47392	35.8185008663661
47396	35.8185008663648
47418	35.8185008663638
47426	35.8185008663632
47446	35.8185008663623
47454	35.8185008663619
47470	35.8185008663605
47518	35.8185008663598
47526	35.8185008663568
47530	35.8185008663563
47546	35.8185008663551
47560	35.818500866353
47598	35.8185008663514
47618	35.8185008663506
47640	35.8185008663503
47654	35.8185008663477
47664	35.8185008663456
47678	35.8185008663449
47680	35.8185008663443
47694	35.8185008663438
47698	35.8185008663437
47716	35.8185008663422
47768	35.8185008663414
47790	35.8185008663408
47806	35.8185008663404
47808	35.81850086634
47838	35.8185008663388
47848	35.8185008663381
47868	35.8185008663381
47872	35.818500866338
47880	35.8185008663373
47924	35.8185008663354
47932	35.8185008663353
47946	35.818500866335
47954	35.8185008663339
48018	35.818500866333
48036	35.8185008663309
48040	35.8185008663292
48068	35.8185008663288
48076	35.8185008663286
48078	35.8185008663284
48098	35.8185008663272
48106	35.8185008663265
48112	35.8185008663265
48114	35.8185008663264
48120	35.8185008663248
48122	35.8185008663247
48128	35.8185008663245
48144	35.8185008663235
48148	35.8185008663234
48162	35.8185008663229
48184	35.8185008663225
48212	35.8185008663223
48216	35.818500866322
48224	35.818500866322
48236	35.8185008663212
48244	35.8185008663212
48250	35.8185008663209
48260	35.8185008663208
48290	35.8185008663207
48294	35.8185008663203
48298	35.8185008663202
48312	35.81850086632
48318	35.81850086632
48322	35.8185008663199
48324	35.8185008663195
48360	35.8185008663193
48366	35.8185008663191
48370	35.8185008663191
48380	35.8185008663187
48390	35.8185008663185
48396	35.8185008663181
48398	35.8185008663179
48408	35.8185008663173
48426	35.8185008663172
48428	35.8185008663165
48454	35.8185008663161
48456	35.8185008663153
48462	35.8185008663152
48478	35.818500866315
48502	35.8185008663149
48510	35.8185008663147
48516	35.8185008663144
48520	35.8185008663138
48532	35.8185008663136
48540	35.8185008663132
48570	35.8185008663128
48574	35.8185008663125
48576	35.8185008663123
48590	35.8185008663122
48598	35.8185008663116
48618	35.818500866311
48626	35.8185008663107
48648	35.8185008663107
48652	35.8185008663101
48656	35.8185008663097
48674	35.8185008663096
48698	35.8185008663095
48704	35.8185008663085
48716	35.8185008663084
48724	35.8185008663078
48748	35.8185008663077
48752	35.8185008663074
48756	35.8185008663072
48760	35.8185008663071
48768	35.8185008663069
48806	35.8185008663064
48816	35.8185008663062
48818	35.818500866306
48838	35.8185008663059
48848	35.8185008663054
48850	35.8185008663052
48852	35.8185008663049
48856	35.8185008663047
48868	35.8185008663045
48874	35.8185008663045
48886	35.8185008663041
48904	35.8185008663039
48916	35.8185008663028
48918	35.8185008663026
48922	35.8185008663026
48964	35.8185008663026
48974	35.818500866302
48996	35.8185008663019
49006	35.8185008663016
49014	35.8185008663014
49020	35.8185008663012
49022	35.8185008663009
49044	35.8185008663004
49072	35.8185008663004
49098	35.8185008663003
49110	35.8185008663
49132	35.8185008662999
49146	35.8185008662998
49170	35.8185008662998
49180	35.8185008662996
49190	35.8185008662995
49224	35.8185008662992
49232	35.8185008662991
49242	35.8185008662991
49258	35.818500866299
49260	35.8185008662988
49282	35.8185008662987
49284	35.8185008662987
49298	35.8185008662985
49306	35.8185008662985
49308	35.8185008662983
49328	35.8185008662982
49334	35.8185008662982
49356	35.8185008662982
49358	35.8185008662981
49368	35.818500866298
49370	35.8185008662979
49392	35.8185008662978
49408	35.8185008662977
49434	35.8185008662974
49482	35.8185008662973
49516	35.8185008662973
49518	35.818500866297
49526	35.8185008662969
49528	35.8185008662968
49552	35.8185008662967
49562	35.8185008662965
49564	35.8185008662963
49590	35.8185008662961
49610	35.8185008662959
49620	35.8185008662957
49638	35.8185008662955
49654	35.8185008662954
49682	35.8185008662953
49698	35.8185008662952
49706	35.8185008662951
49714	35.8185008662948
49726	35.8185008662945
49728	35.8185008662942
49730	35.8185008662941
49750	35.8185008662940
49758	35.8185008662938
49780	35.8185008662937
49786	35.8185008662936
49790	35.8185008662936
49792	35.8185008662935
49794	35.8185008662935
49796	35.8185008662935
49802	35.8185008662931
49820	35.8185008662931
49830	35.8185008662930
49844	35.8185008662927
49862	35.8185008662926
49876	35.8185008662925
49878	35.8185008662923
49898	35.8185008662921
49914	35.8185008662921
49932	35.8185008662918
49970	35.8185008662917
49976	35.8185008662916
49992	35.8185008662915
49998	35.8185008662915
50008	35.8185008662915
50012	35.8185008662914
50016	35.8185008662913
50018	35.8185008662912
50028	35.8185008662911
50038	35.8185008662910
50048	35.8185008662907
50066	35.8185008662906
50068	35.8185008662904
50092	35.8185008662899
50114	35.8185008662899
50124	35.8185008662896
50132	35.8185008662895
50172	35.8185008662895
50180	35.8185008662894
50188	35.8185008662894
50190	35.8185008662894
50208	35.8185008662893
50212	35.8185008662893
50226	35.8185008662892
50232	35.8185008662890
50264	35.8185008662889
50266	35.8185008662888
50270	35.8185008662888
50274	35.8185008662885
50284	35.8185008662885
50286	35.8185008662884
50288	35.8185008662883
50290	35.8185008662881
50312	35.8185008662881
50318	35.818500866288
50326	35.8185008662878
50366	35.8185008662876
50386	35.8185008662876
50390	35.8185008662875
50398	35.8185008662875
50402	35.8185008662874
50410	35.8185008662873
50418	35.8185008662871
50426	35.8185008662867
50430	35.8185008662866
50440	35.8185008662864
50468	35.8185008662862
50472	35.8185008662861
50482	35.8185008662859
50514	35.8185008662858
50520	35.8185008662858
50526	35.8185008662856
50566	35.8185008662854
50568	35.8185008662854
50572	35.8185008662853
50574	35.8185008662851
50590	35.8185008662849
50596	35.8185008662848
50620	35.8185008662848
50622	35.8185008662847
50628	35.8185008662845
50672	35.8185008662844
50682	35.8185008662842
50698	35.8185008662841
50700	35.8185008662840
50706	35.818500866284
50710	35.8185008662837
50716	35.8185008662834
50724	35.8185008662832
50736	35.8185008662829
50756	35.8185008662825
50774	35.8185008662824
50788	35.8185008662819
50808	35.8185008662816
50814	35.8185008662815
50818	35.8185008662812
50828	35.8185008662810
50844	35.8185008662807
50862	35.8185008662804
50890	35.8185008662801
50896	35.8185008662799
50918	35.8185008662797
50934	35.8185008662795
50942	35.8185008662793
50956	35.8185008662791
50986	35.8185008662789
50996	35.8185008662788
51004	35.8185008662788
51014	35.8185008662785
51028	35.8185008662784
51036	35.8185008662783
51048	35.8185008662782
51078	35.8185008662782
51080	35.8185008662778
51096	35.8185008662777
51122	35.8185008662774
51146	35.8185008662774
51150	35.8185008662774
51152	35.8185008662774
51156	35.8185008662774
51164	35.818500866277
51174	35.8185008662769
51214	35.8185008662768
51216	35.8185008662766
51294	35.8185008662765
51304	35.8185008662763
51316	35.8185008662762
51320	35.8185008662762
51330	35.8185008662759
51336	35.8185008662758
51396	35.8185008662758
51398	35.8185008662757
51410	35.8185008662756
51418	35.8185008662756
51420	35.8185008662755
51422	35.8185008662752
51432	35.8185008662752
51442	35.8185008662750
51466	35.818500866275
51474	35.8185008662749
51484	35.8185008662749
51498	35.8185008662749
51502	35.8185008662749
51512	35.8185008662747
51524	35.8185008662747
51526	35.8185008662745
51530	35.8185008662744
51534	35.8185008662744
51538	35.8185008662743
51540	35.8185008662743
51574	35.8185008662741
51602	35.8185008662738
51630	35.8185008662738
51636	35.8185008662735
51642	35.8185008662732
51656	35.8185008662731
51670	35.8185008662728
51674	35.8185008662725
51686	35.8185008662724
51724	35.8185008662723
51734	35.8185008662722
51758	35.8185008662720
51780	35.8185008662720
51784	35.818500866272
51792	35.818500866272
51804	35.8185008662718
51810	35.8185008662716
51886	35.8185008662716
51888	35.8185008662715
51892	35.8185008662714
51906	35.8185008662713
51946	35.8185008662712
51962	35.8185008662712
51964	35.8185008662711
51968	35.8185008662711
51976	35.8185008662711
51980	35.818500866271
52008	35.818500866271
52010	35.8185008662709
52014	35.8185008662709
52024	35.8185008662709
52038	35.8185008662708
52040	35.8185008662708
52042	35.8185008662707
52056	35.8185008662707
52058	35.8185008662707
52060	35.8185008662706
52078	35.8185008662705
52098	35.8185008662704
52128	35.8185008662704
52132	35.8185008662704
52150	35.8185008662703
52154	35.8185008662703
52164	35.8185008662702
52168	35.8185008662702
52170	35.8185008662701
52200	35.8185008662701
52204	35.8185008662699
52228	35.8185008662699
52238	35.8185008662699
52246	35.8185008662699
52254	35.8185008662698
52256	35.8185008662698
52270	35.8185008662696
52318	35.8185008662695
52332	35.8185008662695
52336	35.8185008662694
52342	35.8185008662693
52378	35.8185008662691
52414	35.818500866269
52426	35.8185008662689
52432	35.8185008662689
52440	35.8185008662688
52446	35.8185008662688
52456	35.8185008662687
52460	35.8185008662686
52478	35.8185008662686
52506	35.8185008662685
52540	35.8185008662685
52550	35.8185008662685
52554	35.8185008662684
52558	35.8185008662684
52580	35.8185008662683
52604	35.8185008662683
52614	35.8185008662683
52616	35.8185008662682
52622	35.8185008662681
52636	35.8185008662681
52664	35.8185008662681
52678	35.818500866268
52682	35.818500866268
52686	35.818500866268
52714	35.818500866268
52716	35.8185008662680
52720	35.8185008662679
52726	35.8185008662679
52730	35.8185008662679
52746	35.8185008662678
52752	35.8185008662678
52754	35.8185008662677
52758	35.8185008662677
52760	35.8185008662677
52764	35.8185008662676
52772	35.8185008662676
52792	35.8185008662676
52798	35.8185008662675
52826	35.8185008662675
52834	35.8185008662675
52844	35.8185008662674
52860	35.8185008662673
52864	35.8185008662673
52866	35.8185008662673
52872	35.8185008662673
52890	35.8185008662673
52892	35.8185008662672
52918	35.8185008662672
52932	35.8185008662672
52948	35.8185008662671
52972	35.8185008662671
52984	35.8185008662671
53006	35.818500866267
53008	35.8185008662670
53030	35.8185008662669
53042	35.8185008662669
53070	35.8185008662669
53076	35.8185008662669
53086	35.8185008662668
53094	35.8185008662668
53116	35.8185008662668
53126	35.8185008662667
53154	35.8185008662667
53160	35.8185008662667
53164	35.8185008662667
53172	35.8185008662666
53194	35.8185008662666
53212	35.8185008662666
53226	35.8185008662665
53242	35.8185008662665
53256	35.8185008662665
53266	35.8185008662664
53282	35.8185008662664
53304	35.8185008662664
53312	35.8185008662663
53332	35.8185008662662
53334	35.8185008662662
53346	35.8185008662662
53352	35.8185008662662
53386	35.8185008662662
53400	35.8185008662661
53420	35.8185008662661
53444	35.8185008662661
53446	35.8185008662660
53448	35.818500866266
53450	35.818500866266
53452	35.8185008662660
53462	35.8185008662660
53498	35.8185008662659
53528	35.8185008662659
53560	35.8185008662659
53564	35.8185008662659
53574	35.8185008662659
53580	35.8185008662658
53604	35.8185008662658
53618	35.8185008662657
53634	35.8185008662657
53640	35.8185008662657
53648	35.8185008662657
53672	35.8185008662657
53676	35.8185008662656
53710	35.8185008662656
53716	35.8185008662656
53724	35.8185008662656
53746	35.8185008662655
53770	35.8185008662655
53778	35.8185008662655
53788	35.8185008662654
53798	35.8185008662654
53842	35.8185008662654
53846	35.8185008662653
53860	35.8185008662653
53868	35.8185008662653
53878	35.8185008662653
53920	35.8185008662653
53934	35.8185008662652
53968	35.8185008662652
53988	35.8185008662652
53998	35.8185008662652
54012	35.8185008662652
54048	35.8185008662651
54106	35.8185008662651
54116	35.8185008662651
54118	35.8185008662651
54152	35.8185008662651
54156	35.8185008662651
54170	35.8185008662651
54204	35.8185008662651
54206	35.818500866265
54234	35.818500866265
54236	35.818500866265
54246	35.818500866265
54302	35.818500866265
54328	35.8185008662649
54330	35.8185008662649
54340	35.8185008662649
54382	35.8185008662649
54392	35.8185008662649
54432	35.8185008662648
54448	35.8185008662648
54450	35.8185008662648
54452	35.8185008662648
54486	35.8185008662648
54494	35.8185008662648
54520	35.8185008662647
54528	35.8185008662647
54530	35.8185008662647
54560	35.8185008662647
54574	35.8185008662647
54588	35.8185008662647
54596	35.8185008662647
54600	35.8185008662646
54620	35.8185008662646
54634	35.8185008662646
54642	35.8185008662646
54646	35.8185008662646
54664	35.8185008662646
54684	35.8185008662645
54700	35.8185008662645
54732	35.8185008662645
54762	35.8185008662645
54784	35.8185008662645
54798	35.8185008662645
54810	35.8185008662644
54816	35.8185008662644
54834	35.8185008662644
54840	35.8185008662644
54842	35.8185008662644
54876	35.8185008662644
54880	35.8185008662643
54896	35.8185008662643
54930	35.8185008662643
54942	35.8185008662643
54958	35.8185008662643
54976	35.8185008662642
55008	35.8185008662642
55030	35.8185008662642
55052	35.8185008662642
55054	35.8185008662642
55060	35.8185008662642
55094	35.8185008662641
55098	35.8185008662641
55124	35.8185008662641
55128	35.8185008662641
55144	35.8185008662641
55146	35.818500866264
55164	35.818500866264
55178	35.818500866264
55226	35.818500866264
55276	35.818500866264
55278	35.8185008662640
55314	35.8185008662639
55320	35.8185008662639
55330	35.8185008662639
55398	35.8185008662639
55426	35.8185008662639
55450	35.8185008662639
55492	35.8185008662639
55498	35.8185008662639
55516	35.8185008662639
55546	35.8185008662638
55646	35.8185008662638
55710	35.8185008662638
55728	35.8185008662638
55738	35.8185008662638
55760	35.8185008662638
55762	35.8185008662638
55798	35.8185008662637
55802	35.8185008662637
55846	35.8185008662637
55858	35.8185008662637
55914	35.8185008662637
55918	35.8185008662637
55960	35.8185008662637
56012	35.8185008662637
56022	35.8185008662637
56040	35.8185008662637
56054	35.8185008662636
56074	35.8185008662636
56104	35.8185008662636
56208	35.8185008662636
56260	35.8185008662636
56320	35.8185008662636
56460	35.8185008662636
56480	35.8185008662636
56608	35.8185008662636
56628	35.8185008662636
56630	35.8185008662636
56648	35.8185008662635
56670	35.8185008662635
56766	35.8185008662635
56842	35.8185008662635
56938	35.8185008662635
57064	35.8185008662635
57084	35.8185008662635
57148	35.8185008662635
57174	35.8185008662635
57208	35.8185008662635
57220	35.8185008662635
57262	35.8185008662635
57314	35.8185008662634
57366	35.8185008662634
57464	35.8185008662634
57500	35.8185008662634
57552	35.8185008662634
57570	35.8185008662634
57622	35.8185008662634
57636	35.8185008662634
57674	35.8185008662634
57702	35.8185008662634
57790	35.8185008662634
57882	35.8185008662633
57966	35.8185008662633
58110	35.8185008662633
58162	35.8185008662633
58174	35.8185008662633
58202	35.8185008662633
58354	35.8185008662633
58400	35.8185008662633
58426	35.8185008662633
58450	35.8185008662633
58458	35.8185008662633
58502	35.8185008662633
58520	35.8185008662632
58586	35.8185008662632
58974	35.8185008662632
59276	35.8185008662632
59338	35.8185008662632
59546	35.8185008662632
59950	35.8185008662632
60014	35.8185008662632
60126	35.8185008662632
60566	35.8185008662632
60580	35.8185008662632
61298	35.8185008662632
61594	35.8185008662632
61994	35.8185008662631
62574	35.8185008662631
64744	35.8185008662631
74070	35.8185008662631
74116	35.8185008662631
76810	35.8185008662631
76934	35.8185008662631
82514	35.8185008662631
92108	35.8185008662631
220452	35.8185008662631
300000	35.8185008662631
