52	544.268392466133
58	453.786258252781
70	394.350706136554
114	347.191323685267
164	327.871471406651
192	305.517367940142
278	244.148904467478
374	239.440940502734
858	238.0758899385
1560	227.265762629864
2688	220.740310414444
4214	206.413786579077
9162	204.081277018443
16682	189.089635978031
19748	185.463747559701
19892	173.107786059496
19948	171.697514035486
20004	151.855515002764
20006	149.264621429524
20092	144.692845253475
20114	135.175092796525
20170	124.973049594031
20188	121.574076619277
20194	118.890580913507
20248	114.627572298933
20264	102.821114274300
20292	100.796673083612
20326	95.3271117092174
20360	92.2977925826636
20372	89.157367086796
20388	89.0798493207464
20392	86.6061721152144
20398	86.0297242770456
20412	83.2070090273365
20428	82.4230967776694
20448	79.5566093854713
20488	78.5864746828509
20522	77.6533766579302
20528	77.5279680536039
20530	76.7435816408169
20534	73.834056155825
20544	70.9050938573837
20562	70.8621391708465
20590	70.191879951546
20620	67.7243649454858
20652	67.0218398846586
20670	65.9909528393461
20672	64.8169728225138
20718	64.621797056587
20742	63.7107231201431
20750	63.3689208810189
20760	63.2681918767211
20770	63.0038046642518
20774	61.7517275223069
20782	61.2257760264389
20848	60.7585189728069
20858	60.7387871582521
20868	59.5868837003541
20890	58.8611333992293
20904	58.8300750050536
20912	58.3675505989501
20914	58.3311801763558
20918	58.15243342386
20926	57.6711038677329
20948	57.5256289226417
20950	57.2707593389519
20954	56.9337166981826
20962	56.4421395817457
20966	56.267746409784
20982	55.2479305763238
21008	55.1151153366459
21012	55.0854939560999
21028	55.0687849012218
21032	54.8275451711459
21042	54.6426518725078
21072	54.2532555475699
21082	53.706593209859
21088	53.5613808864088
21106	53.548889938572
21130	52.8350380082537
21174	52.5114724917022
21186	52.4689793627766
21200	52.4346668436107
21216	52.3234847974743
21242	52.2331759196112
21264	52.225181140778
21266	52.063760548618
21270	51.8067682529515
21272	51.8049281889952
21274	51.798977273418
21296	51.2319493477664
21300	51.0612233448532
21308	50.9801676338427
21310	50.8597738529009
21328	50.8546426243265
21344	50.7408986691173
21372	50.4415922516076
21380	50.3275762255042
21398	50.0582647577292
21420	50.0127405542449
21422	49.8728946760542
21442	49.8524980810011
21458	49.5392632258658
21476	49.3488892250129
21512	49.3381132036352
21520	49.3371325841692
21524	49.3241587132415
21538	49.1330541247414
21546	48.9649668852835
21566	48.9619886622573
21572	48.881795817882
21574	48.604291729084
21592	48.5486980369373
21612	48.5000696334784
21622	48.4313672262559
21640	48.4160011755779
21650	48.3908618235884
21656	48.3891625024753
21662	48.279118896659
21672	48.2097117319118
21690	48.1576535000277
21692	48.1230629050315
21700	48.1011919616522
21704	48.0961998718722
21720	47.9885648119006
21742	47.976802061245
21744	47.7945324628063
21752	47.7597696599627
21764	47.600105641341
21766	47.3830385791687
21784	47.1712363662544
21794	46.9748938054257
21816	46.7203097536604
21824	46.6334767541952
21840	46.4854275165191
21844	46.4427367559326
21850	46.3409315098413
21854	46.1197390261229
21878	46.0990833400916
21884	46.0142538185488
21910	45.7545894354580
21914	45.6980424675929
21920	45.1024375806845
21956	44.8588918869699
21982	44.7922606923674
22004	44.6435507971479
22016	44.637448610277
22036	44.622938536942
22040	44.4758966696491
22044	44.4400736458858
22060	44.3240784197082
22108	44.251941024664
22110	44.2224372381548
22122	44.1606075823994
22158	44.128891568188
22160	44.1042046777397
22162	44.0254032037093
22168	43.9779146655864
22170	43.9754148283033
22174	43.86912794363
22180	43.6536913658505
22184	43.6463876422272
22206	43.5943562079843
22232	43.5824832367333
22244	43.5745038893542
22264	43.5077773715601
22274	43.4780896017797
22282	43.4476123093771
22284	43.3568004323134
22290	43.1875750904288
22296	43.1480857914940
22306	43.1433280255885
22314	43.0781974017018
22332	43.0371797315766
22350	42.9802459419771
22368	42.9204382013406
22394	42.8531132467024
22420	42.6967041158822
22436	42.663145094478
22464	42.6624316244124
22466	42.6565063762599
22468	42.5992667936083
22472	42.4407773357967
22474	42.2976992216239
22506	42.2884385862514
22512	42.2067777494828
22516	42.1447684459661
22534	41.9727499297292
22564	41.9705367233439
22568	41.947425100613
22580	41.9071743501124
22582	41.6963407954268
22610	41.6164850208129
22622	41.4635558571798
22630	41.3336014147368
22646	41.1870633241676
22670	41.0163886263374
22682	41.0108249764533
22684	40.9306481779163
22700	40.9153949816359
22708	40.9017697978018
22724	40.8946210395169
22726	40.8756615324981
22744	40.7870045880039
22756	40.7313358567737
22798	40.6153072545016
22812	40.5928348064311
22824	40.5637737622876
22846	40.5086022370269
22864	40.4687891357507
22868	40.4654165758674
22874	40.2943851339755
22920	40.2826739511192
22924	40.2033770793389
22932	40.1718118352048
22938	40.1238528914251
22946	40.1167358344089
22956	40.1099102948123
22960	40.1010873939717
22984	40.0204748848832
23024	39.9503154251301
23040	39.9123286287051
23084	39.8319579085392
23112	39.8155178314526
23116	39.8119285985505
23124	39.8036431261626
23128	39.7495251924458
23140	39.6923075819543
23174	39.6898868655685
23182	39.6384287188461
23200	39.535782677532
23202	39.5273550824946
23208	39.4762066477929
23214	39.4323212048699
23230	39.3935455626061
23242	39.2870071578218
23260	39.158690123541
23266	39.1434838316138
23268	39.0389382521348
23272	39.0227514820004
23292	39.0160179500937
23312	39.0130551893832
23318	38.9937074036877
23344	38.9778942494925
23348	38.9731148606373
23354	38.9615776144632
23358	38.9592457271668
23362	38.9465713978634
23370	38.9437371268719
23402	38.9213739603881
23406	38.9126981600607
23426	38.9057396659919
23428	38.8976213392326
23442	38.8890663722638
23446	38.8789500266395
23454	38.8787872875818
23460	38.8755549346756
23468	38.8724012655486
23474	38.857528560504
23476	38.8471126196775
23492	38.8096485852879
23494	38.8064044686237
23512	38.7843067539788
23542	38.7720391746863
23556	38.7427140255689
23578	38.7222243154202
23588	38.7160108463586
23590	38.714688305132
23600	38.7143908731491
23602	38.7051826867337
23608	38.6738524711294
23642	38.673789856618
23666	38.6550200019984
23696	38.6424524021562
23698	38.6312089654794
23706	38.6297496280064
23710	38.6167615278577
23724	38.5980873021589
23736	38.5928815077109
23738	38.5887742226605
23746	38.5829629737709
23750	38.5823920236741
23752	38.5795569424658
23776	38.5728389126187
23778	38.5496956497873
23786	38.5473864785495
23788	38.5458275337593
23790	38.5289995804055
23792	38.5182649614728
23804	38.5147797377972
23810	38.5032184396193
23830	38.4897487070693
23840	38.4670945701517
23846	38.4621807510977
23862	38.4389969244816
23870	38.4242907341671
23916	38.4096891018034
23920	38.4003143390432
23930	38.3972998808046
23936	38.3876076261542
23946	38.372523914276
23964	38.3694067563895
23966	38.3604538951535
23970	38.3572775514071
23976	38.349663076824
23994	38.3489057172717
23996	38.339323900988
23998	38.3065527339048
24006	38.2781505519017
24016	38.2751121829653
24020	38.2596536969545
24032	38.2585362583879
24034	38.240208831206
24044	38.2169146390014
24070	38.2161239810149
24080	38.2105680659629
24082	38.1962889150217
24086	38.1952565214049
24102	38.1919112115975
24104	38.1850777249221
24116	38.1743071721102
24118	38.157139290668
24120	38.1451314261189
24128	38.1431838348527
24136	38.130447075093
24140	38.1288651574608
24148	38.0984047945109
24180	38.0966087172926
24188	38.0902396315599
24196	38.0771768108029
24220	38.0636059864614
24240	38.0635883829436
24252	38.0596049787771
24264	38.0454126734253
24266	38.0397089322051
24286	38.034512234767
24290	38.0322604400319
24296	38.0087407939298
24300	38.0069640540555
24304	37.9744019413795
24340	37.9597452090277
24354	37.9491043992929
24358	37.9344535913711
24364	37.9301020846366
24368	37.8982079016143
24374	37.8805067784965
24380	37.8747643330377
24390	37.868975945082
24394	37.8480464845848
24420	37.8300335912400
24462	37.8220648160134
24468	37.8215040650453
24476	37.8134726944927
24484	37.8067424053402
24490	37.7933941743644
24508	37.7922641294438
24514	37.7802389377096
24522	37.7757998198420
24538	37.7642030123845
24556	37.7579678992185
24560	37.7491734771224
24566	37.7454069279907
24586	37.73991025657
24610	37.7386141018881
24614	37.7317853069512
24616	37.7142601585945
24628	37.7101166188029
24660	37.7067102162936
24664	37.6915879202810
24706	37.6849242100072
24708	37.6768945943339
24714	37.6736213504047
24736	37.6727165247576
24746	37.6692228054109
24750	37.6629732116888
24762	37.6626844000071
24764	37.6600300612219
24768	37.6594485400668
24770	37.640872449706
24794	37.6403012969117
24796	37.6334799382172
24808	37.6178310496855
24812	37.6094362767882
24822	37.5991435615411
24830	37.5952569000515
24848	37.5940871702236
24858	37.5793766030061
24876	37.5712198283469
24880	37.5680530515685
24884	37.5610094747658
24898	37.5478396216764
24922	37.54122307536
24930	37.5354372837327
24936	37.5159582047977
24946	37.5090056407918
24970	37.4909106358360
24980	37.4869802877047
24996	37.4761872357581
24998	37.4574347564022
25006	37.4455337122138
25022	37.4402044976924
25026	37.4360383731769
25040	37.434708659715
25056	37.4081636915615
25062	37.4057526201892
25066	37.3980478160711
25080	37.3862335458086
25100	37.3807423376952
25104	37.3542835985676
25110	37.3512424920246
25114	37.3402480334046
25118	37.3393665290475
25124	37.3307369025546
25126	37.3212426108386
25132	37.2644801221674
25152	37.2553218943904
25154	37.2423556423762
25218	37.2341034191563
25232	37.2241537290114
25248	37.2188892139799
25250	37.2168453624156
25256	37.2053311064637
25260	37.2028465144846
25270	37.1871618459762
25284	37.186503616826
25286	37.1815583731547
25292	37.1785295697321
25294	37.1725580631691
25296	37.1725088407725
25306	37.1680604992953
25312	37.1641683765966
25318	37.1571599834814
25322	37.1542698180887
25324	37.12634556097
25342	37.126269062916
25348	37.123499870153
25352	37.1185689635335
25362	37.1083489097775
25380	37.0936362533339
25396	37.067309904657
25404	37.0659266982510
25406	37.0568009971686
25410	37.0558615786997
25426	37.0399321985682
25430	37.0343599412399
25458	37.0145253602837
25482	37.0104670411876
25496	36.9917860073689
25500	36.9789035471445
25506	36.9490996606364
25530	36.9360489599669
25534	36.9112373715664
25546	36.9009397715852
25554	36.8423515800076
25562	36.8335973898164
25598	36.8314925548024
25614	36.8279012339501
25628	36.819913139386
25632	36.8044048972585
25648	36.7991389265227
25658	36.7975496608504
25662	36.7873247248467
25682	36.760467972583
25690	36.7507376361463
25710	36.7337285933484
25728	36.7157032345142
25758	36.7068634956605
25768	36.7046155868378
25786	36.6685734418127
25806	36.6617030850710
25820	36.6428320631224
25822	36.6319012761196
25832	36.6180211560879
25836	36.6162051673722
25846	36.612275386192
25852	36.5833852750103
25862	36.5748626515809
25872	36.5622066626746
25880	36.5556344065213
25882	36.5502359608069
25890	36.540919761845
25892	36.5335831654028
25894	36.5013121368165
25902	36.4979001281186
25948	36.4893349472079
25970	36.4754883107862
25996	36.4632528437918
26002	36.4531786224067
26008	36.396689713611
26054	36.3878487681182
26066	36.3719118829632
26084	36.3699209489082
26086	36.3577270728696
26098	36.3489874788483
26100	36.3469158184599
26102	36.3417002495552
26128	36.3333117237078
26132	36.3317861410767
26148	36.3304149490931
26156	36.3146082892456
26162	36.3085540162432
26178	36.2971787392231
26184	36.2895218457589
26198	36.2817893712412
26234	36.264035325051
26240	36.2539279262184
26244	36.2526871736075
26248	36.2480744826912
26260	36.2397698146011
26314	36.2385277447831
26322	36.2265903474429
26330	36.2245213244117
26332	36.2140432482521
26348	36.2133070640271
26370	36.1772018068803
26400	36.1694702148409
26406	36.1680173330427
26408	36.1631524877723
26412	36.1458894442539
26434	36.143836594637
26442	36.1421314989678
26456	36.1335141511003
26466	36.1324369397550
26468	36.1286881769595
26478	36.1231243129596
26498	36.1185283285038
26504	36.1174140805626
26522	36.1133834132037
26524	36.1068578624042
26564	36.1059480326841
26572	36.1001437540943
26584	36.0982643276447
26590	36.0980665395034
26594	36.0895150399985
26612	36.0856718602081
26616	36.0840897272462
26624	36.0756926202387
26632	36.0621796735415
26678	36.0391264135763
26690	36.0336436800846
26708	36.0280860197676
26716	36.0198875838036
26720	36.0023874597365
26734	35.9906856174598
26742	35.9905587219301
26760	35.9746221977466
26766	35.9700521545483
26776	35.9537290763324
26816	35.9424386891709
26826	35.9321709616915
26830	35.9318842696581
26850	35.9316514228769
26860	35.9175183163425
26876	35.9081160454483
26878	35.9014596793176
26886	35.8941496991171
26900	35.8818756904292
26908	35.8816068133919
26934	35.8761693133227
26936	35.8701328737462
26938	35.8682091805712
26940	35.8627769243508
26946	35.8503191917899
26968	35.8488365224201
26972	35.8388178663743
26982	35.8380017667885
26998	35.8359225030336
27002	35.8328314564456
27016	35.8203589835004
27024	35.8083061225467
27090	35.8050193726979
27092	35.8020164027666
27100	35.7986052830555
27126	35.7946798071194
27138	35.7912205295415
27148	35.7860980465566
27158	35.7778575609423
27206	35.7770207354411
27208	35.7766411358856
27212	35.7692528686439
27226	35.7688821692252
27236	35.7646887380171
27242	35.7603569511531
27254	35.7569701282898
27274	35.7569344538071
27278	35.7480570895696
27292	35.7426752697238
27306	35.7407470853598
27326	35.7399435615987
27338	35.7348967614986
27352	35.7307870878304
27356	35.7272040596806
27372	35.7270184711367
27384	35.7147673085083
27392	35.7106420325769
27410	35.7081094784291
27412	35.6914033792459
27418	35.6891136816227
27448	35.6786946317372
27456	35.6710488266314
27462	35.6693310798780
27474	35.6619386193481
27518	35.6570111584973
27522	35.6559112363907
27532	35.6528831422353
27536	35.6405076397282
27588	35.6381847349482
27606	35.6359297111955
27612	35.6345274296045
27618	35.6340308917640
27620	35.6313478722968
27646	35.6281344418100
27650	35.6277905460743
27652	35.6242135333743
27686	35.6198894267574
27702	35.6176454762141
27706	35.6169857607934
27724	35.6138933163637
27732	35.6119443777929
27734	35.6101004415024
27744	35.6080909400419
27752	35.6064766931254
27754	35.6023766542893
27762	35.6019179943712
27770	35.598937283833
27786	35.5933680319384
27810	35.5931448815724
27816	35.5916013962008
27820	35.5895877340073
27842	35.5864188211011
27846	35.5794618722654
27848	35.577901399209
27850	35.5741419487073
27858	35.5740289674791
27874	35.5724446644061
27878	35.5640559298688
27924	35.5622580848707
27928	35.5620698715796
27946	35.5617360150491
27948	35.5557636738462
27950	35.5518097625174
27976	35.5510645554366
27980	35.5468758341979
27988	35.5463515960809
28006	35.5366973784018
28042	35.5318679934302
28070	35.531254573401
28074	35.5306665977086
28076	35.5284012424216
28100	35.5271505102524
28108	35.5243073324883
28114	35.5223933480889
28132	35.5199215773042
28142	35.5167985428316
28180	35.5162596568057
28182	35.5125854353313
28194	35.5112259669505
28216	35.5109343815849
28222	35.5105822165452
28232	35.5095129957788
28234	35.5063052874203
28252	35.5056743928572
28256	35.5042706910697
28288	35.5009148267651
28290	35.498318999057
28292	35.494327029464
28300	35.4935767852168
28316	35.4842441788823
28324	35.478849799355
28330	35.4637715914474
28352	35.4637547463417
28388	35.4629488628216
28392	35.4609999967872
28396	35.4593632934646
28398	35.4556958970631
28410	35.4527284602025
28418	35.4482304400754
28462	35.4472558282724
28464	35.4463126840666
28504	35.4425365047658
28518	35.4400330707841
28528	35.4366820456261
28548	35.4337420046628
28554	35.4322264952421
28558	35.4315831697186
28560	35.4308730335539
28564	35.4305483212927
28590	35.4275515360818
28592	35.4272128450814
28594	35.4254277745143
28612	35.4246372144568
28620	35.4242086061073
28626	35.4155366659905
28646	35.4151073659198
28650	35.4134345382796
28652	35.4092437142814
28672	35.4061710575413
28680	35.4012521396901
28732	35.3958500634874
28798	35.3940198395136
28804	35.3937945943891
28814	35.3931615625731
28822	35.3914364093416
28868	35.3904016831148
28872	35.3890479543535
28880	35.3833775082731
28898	35.3798301171549
28934	35.3793358465197
28942	35.3789973165801
28944	35.3786150187731
28948	35.3764838144833
28950	35.3735340004904
28954	35.3734725682711
28958	35.368870870172
28976	35.3646972809101
28984	35.3632831256730
28986	35.3612886748009
29002	35.3611320321349
29006	35.3599873533878
29010	35.3570823162278
29016	35.3516618683533
29030	35.3503182492813
29042	35.3472824569793
29046	35.3450726491485
29062	35.3388454959597
29064	35.3377791420444
29086	35.3282116343395
29092	35.3137253765217
29112	35.3121581647833
29120	35.3115010201395
29142	35.3096336369377
29152	35.303591660976
29164	35.3024430847768
29168	35.3000381992922
29174	35.2973698390217
29208	35.2943364523455
29210	35.2923888574808
29220	35.2887694877961
29228	35.2885870145473
29234	35.2881880744807
29248	35.2879421922585
29252	35.2804671816217
29294	35.2788725165521
29296	35.2773692716608
29328	35.2714073437755
29358	35.2704772467168
29360	35.2663397026960
29366	35.2635901405368
29378	35.2606726065488
29388	35.2603998303064
29406	35.2598432471968
29408	35.2567302719710
29410	35.2548051351974
29412	35.2484865320988
29456	35.2475595417786
29458	35.2462963876256
29470	35.2431273555508
29480	35.2430142221784
29494	35.2429631706826
29500	35.2422483410981
29502	35.2398450524544
29518	35.2346099485444
29542	35.2342918464119
29544	35.2312755342108
29550	35.229000581673
29568	35.2285908993463
29570	35.2264940688225
29572	35.221982720131
29600	35.2217655438853
29624	35.2197142874172
29638	35.2190040462022
29644	35.2164247862618
29656	35.2121656368991
29666	35.2118737418504
29676	35.2091342482117
29688	35.2087328422287
29698	35.2043261654595
29718	35.2000045512641
29730	35.1987008786885
29734	35.1974798067235
29740	35.1957454375573
29742	35.1950488881963
29744	35.1893450102960
29746	35.1878607246057
29750	35.1803769172129
29764	35.1794194933937
29800	35.1752124985387
29820	35.1741736886017
29840	35.1735924876146
29842	35.1717770111371
29880	35.1641148571093
29896	35.1626506019111
29908	35.1584648503243
29914	35.1579792453026
29946	35.1566928945628
29964	35.1564831629112
29976	35.1550447816689
29990	35.1542603679537
30008	35.1536933393022
30024	35.1534942361907
30032	35.1534620208853
30036	35.1499927237804
30046	35.1479111412727
30070	35.1453283700707
30104	35.1444186873090
30106	35.1433192488379
30108	35.1410723063055
30114	35.1391061097361
30128	35.1383162732066
30134	35.1348513654589
30158	35.1346191750808
30178	35.1306828879907
30180	35.1302605805575
30200	35.1265822494683
30216	35.122267667723
30236	35.1219264083987
30256	35.1208449338464
30258	35.1194801339392
30268	35.1177213220036
30272	35.1119873231364
30282	35.1117256327589
30296	35.1100641309078
30300	35.1083888955371
30302	35.1082734793015
30316	35.1077008216774
30330	35.1067370739597
30346	35.1063784785472
30352	35.1060129452085
30354	35.1036570120132
30378	35.1018233451404
30382	35.1014103252469
30384	35.0961249171023
30388	35.095386467046
30394	35.0939244931458
30400	35.0877071887201
30452	35.0870937482097
30458	35.085033246848
30470	35.0820278060346
30492	35.0811265699782
30500	35.0748800297335
30512	35.0728525003934
30542	35.067807289809
30544	35.0645921322055
30546	35.0630914559373
30570	35.0619011891236
30586	35.0614110471854
30594	35.0604782544437
30596	35.05548241686
30622	35.0548912188832
30632	35.0537569874424
30634	35.0533404962628
30640	35.0527877666032
30642	35.0497259476404
30650	35.0485276643946
30664	35.0445083765201
30668	35.0443512608988
30672	35.0430940328698
30676	35.0425631035596
30684	35.0422852166212
30698	35.0418168427925
30700	35.0402254277216
30706	35.0387595908121
30726	35.0365984018085
30728	35.0363413274706
30748	35.0321084734319
30774	35.0319515777167
30776	35.0301468375926
30816	35.0274572789931
30820	35.0269901818049
30822	35.0264391159356
30830	35.0239203236397
30854	35.0198606685559
30858	35.0163194587875
30864	35.0128408457758
30876	35.0117664767146
30894	35.0101581687493
30900	35.0035062007929
30926	35.0027104924374
30938	35.0005569875353
30946	34.9981338091241
30950	34.9965808773372
30962	34.9954897844867
30978	34.9942350792226
30980	34.9931716917631
30982	34.993160248278
30996	34.9912239860581
31008	34.9901792710454
31010	34.9890438143002
31034	34.9852100697803
31066	34.9846030318007
31074	34.9832327923809
31104	34.9831835367968
31106	34.9819420376895
31118	34.9809526961033
31130	34.9799397737559
31158	34.9795697807281
31160	34.9786649319593
31172	34.9778370926391
31174	34.9771819036427
31188	34.9767195552377
31198	34.9765972085981
31208	34.9752988647971
31216	34.9744115383947
31218	34.9734218025693
31226	34.9733493630419
31246	34.9709437026916
31262	34.969418105729
31264	34.9689128943856
31278	34.9675970083974
31286	34.9670403605221
31288	34.964441457955
31302	34.9641401614461
31314	34.9636483681104
31316	34.963472759809
31326	34.9625886588766
31338	34.9623848302385
31346	34.9607653554026
31364	34.9598382626181
31366	34.9582290343596
31372	34.9571992798108
31402	34.9546869930473
31436	34.9535911921504
31438	34.9521825451704
31456	34.9493568338731
31458	34.9490716741422
31482	34.9486600103006
31488	34.9483462523383
31492	34.9440750645646
31508	34.941555271062
31532	34.9397931098459
31562	34.9390436678088
31564	34.9371052468824
31576	34.9362540232115
31592	34.9353245302316
31610	34.9347695534378
31616	34.9343609333957
31618	34.9338937825599
31660	34.9320173958807
31674	34.9284807074448
31686	34.9281918239234
31692	34.9277157588111
31714	34.9274075088394
31716	34.9269606124746
31718	34.9266744278429
31724	34.9261232257744
31730	34.9254406397709
31744	34.925153867439
31778	34.9246438540391
31786	34.9237623040318
31794	34.9234450874945
31836	34.9224716161902
31850	34.9217800935284
31870	34.9207719550758
31884	34.9203883687026
31888	34.9201172499213
31892	34.9196650531024
31906	34.9195775597653
31916	34.9188491791187
31944	34.9188074768626
31960	34.9185161349469
31966	34.9173402378841
32000	34.9157819295031
32016	34.9138213359007
32022	34.91220907296
32028	34.9115217026798
32036	34.9104715638618
32070	34.9080929103234
32076	34.9072818995468
32090	34.9069708628090
32104	34.9035477688603
32118	34.9030583864764
32136	34.9029765382859
32148	34.9025880772234
32152	34.9022501003956
32156	34.9020814736342
32158	34.8999789469234
32160	34.8997197061745
32168	34.8993395927369
32190	34.8987021596711
32192	34.8974775206427
32212	34.8966638589153
32222	34.8946802478231
32250	34.8937743742196
32274	34.8929338806974
32278	34.892601420222
32282	34.8923316612697
32288	34.8899700086476
32310	34.8899571240998
32320	34.8886820902615
32334	34.8883475535427
32344	34.8872562509072
32372	34.8866662664891
32404	34.8864582206095
32414	34.8862619538863
32424	34.8856361162574
32438	34.8838688799380
32472	34.8836626454518
32476	34.8831175748562
32484	34.8829086799452
32488	34.8816913986633
32500	34.8811157708525
32514	34.8808293028463
32518	34.8801933853022
32522	34.8793054747254
32528	34.878320723604
32534	34.8776458315232
32538	34.8769021679802
32542	34.876460448255
32556	34.8757981072314
32568	34.8738850915457
32576	34.8736082474699
32598	34.8731551598529
32600	34.8708309423334
32622	34.8701454192493
32640	34.8696210821861
32642	34.8695006990953
32644	34.8689635060001
32652	34.8684866087439
32654	34.8679449988506
32664	34.8662525909763
32680	34.862499264721
32724	34.862023902343
32738	34.8619099416846
32770	34.8614913750961
32776	34.8608361934609
32784	34.8600071826572
32792	34.8589026830065
32806	34.8587967036316
32834	34.8587249204159
32838	34.8578385855529
32860	34.8573199245257
32930	34.857051492271
32938	34.8569181928876
32964	34.8568734768041
32972	34.8568414083572
32980	34.8566367059593
32992	34.8565842889087
32996	34.8562718711231
33008	34.8561754984613
33018	34.8559948045306
33028	34.8559022692870
33048	34.8557389994611
33060	34.8554881639727
33068	34.8547850335706
33112	34.8546564606096
33118	34.8545583674508
33124	34.8542449470909
33140	34.8539636845877
33142	34.8538875051438
33164	34.8538805556255
33194	34.8535105495225
33196	34.8529131934293
33198	34.8528305486536
33200	34.8527086662122
33210	34.8521387292654
33220	34.8520960649541
33224	34.852023846867
33228	34.8516403206497
33260	34.8514770922427
33270	34.8511756054086
33292	34.8508739585008
33298	34.8504913388074
33310	34.8502858583627
33320	34.8497730457539
33332	34.8496279283729
33336	34.8495302281377
33338	34.8493178297438
33340	34.8488220047835
33348	34.8485681253314
33350	34.8484933793429
33358	34.8484566785242
33360	34.8483461966884
33366	34.8481006746141
33372	34.8470685366936
33388	34.8462470826217
33436	34.8455738031865
33498	34.8453743161735
33522	34.8449652706278
33548	34.8448338899683
33560	34.8444561317196
33574	34.8444135258991
33592	34.8435525433379
33624	34.8434846300957
33642	34.8433307714105
33670	34.8430891404907
33682	34.843010167749
33706	34.8429318792482
33722	34.8428269461546
33726	34.8427955743514
33728	34.8427762259438
33730	34.8427315772688
33734	34.8425543631771
33758	34.842344790929
33762	34.8421061890328
33782	34.8420754464558
33796	34.8419826235043
33802	34.8415332121681
33814	34.8414674333563
33818	34.841437730001
33820	34.8413368544108
33832	34.8407556242259
33850	34.8406601051057
33864	34.8404701404133
33878	34.8401615924343
33888	34.8398388991362
33926	34.8397496621402
33934	34.8397234435266
33938	34.8392935463045
33950	34.8392764511259
33964	34.8392011952532
33972	34.8391113625316
33980	34.8390587806815
33996	34.8388301152497
34004	34.8385954786664
34026	34.8385873354054
34032	34.8383585183731
34034	34.8380623865899
34064	34.8380304758208
34082	34.8378536061619
34090	34.8378027714059
34092	34.8374224892203
34102	34.8372184853641
34122	34.8371762221310
34144	34.8371361333477
34148	34.8369434855802
34152	34.8365841089366
34156	34.8365831503496
34164	34.8364205356702
34180	34.8363418942514
34188	34.8363119045195
34214	34.8359723811361
34218	34.8358949625428
34220	34.8356936795910
34232	34.8355283720612
34276	34.8352525402841
34314	34.8350421853432
34334	34.8350179676103
34340	34.8348598981294
34356	34.8347505701179
34364	34.8347153304625
34374	34.83468168198
34398	34.8346124054721
34404	34.8345010664813
34418	34.8344958538895
34424	34.8343996601945
34442	34.8343324744472
34452	34.8342710943393
34464	34.8341464861496
34470	34.8341327208690
34474	34.8339257353169
34502	34.8337677467189
34538	34.8337536906953
34542	34.8337293910757
34544	34.8336948489692
34546	34.8335824395501
34562	34.8334423622827
34572	34.8334180151236
34604	34.8334165497303
34628	34.8333507772795
34630	34.8333152240974
34642	34.8331626885495
34652	34.8330313281554
34658	34.833027484393
34674	34.8329485372487
34688	34.8329115740716
34692	34.8327927893012
34698	34.8325045024151
34704	34.8324523485463
34706	34.8324311515801
34708	34.8323218272711
34734	34.8322962240926
34738	34.8321440115599
34746	34.832104689398
34764	34.8320923898334
34772	34.8319524250515
34778	34.8318370098765
34786	34.8318052847941
34792	34.8317841822177
34794	34.8317065272051
34800	34.8315347640715
34820	34.8314300972609
34832	34.8314292470306
34848	34.8313426659336
34852	34.8312961455874
34856	34.8310800828339
34872	34.8310574482752
34876	34.8310493010052
34884	34.8308914348516
34888	34.8308635251427
34906	34.8307192940916
34934	34.8307041247154
34942	34.8306187181654
34964	34.8305598148478
34974	34.8305517877581
34980	34.8304428443984
34990	34.8304130224193
34998	34.8304117669763
35000	34.8301947035041
35022	34.830151215005
35026	34.8300906464303
35036	34.8300536685932
35050	34.8300472761948
35056	34.82991894716
35096	34.8297998312626
35110	34.8297014060676
35132	34.8296683001458
35136	34.8296567774383
35140	34.8295365220065
35152	34.8295296467027
35170	34.8294944874346
35176	34.8294575501509
35192	34.8294428198799
35200	34.8294090092075
35204	34.8293381272986
35226	34.8293206757264
35230	34.8292457195329
35252	34.8292328975027
35266	34.8292001181053
35268	34.8291980963859
35288	34.829165308291
35298	34.8291498288863
35308	34.8291318181976
35312	34.8291286540849
35314	34.8290658631669
35320	34.8290586962408
35324	34.8290436115643
35350	34.8290297602218
35354	34.8290122577669
35356	34.8289524937976
35358	34.8287888635006
35366	34.8287113028564
35380	34.8286991009774
35390	34.8286440499748
35398	34.82861271568
35404	34.8285152947171
35438	34.8284727506657
35448	34.8284553073786
35452	34.8283849119265
35468	34.8283122148435
35514	34.8282576761552
35524	34.8282233051311
35538	34.8281572287154
35544	34.8281544027663
35560	34.828147460468
35570	34.8280128312047
35572	34.8279989544083
35574	34.8279948716084
35604	34.8278407145697
35608	34.8278069140533
35618	34.8277766232818
35646	34.8277480841323
35656	34.8276709833951
35664	34.8276446475959
35704	34.8276346291558
35720	34.8276196299809
35722	34.8275722202329
35760	34.8275493603128
35784	34.8275387326305
35786	34.8275076177733
35806	34.8274947560583
35808	34.8274694436745
35824	34.8273977476020
35836	34.8273863477890
35844	34.8272997931195
35858	34.8272947115304
35862	34.8272919046784
35870	34.8272887601119
35878	34.8272119568858
35884	34.8270793206169
35920	34.8270235101579
35924	34.8269982184792
35934	34.8269496933547
35936	34.8268981544452
35956	34.8268679228121
35992	34.8267879336692
36002	34.8267750645063
36018	34.8267425581131
36034	34.8267380200563
36036	34.8267089782811
36040	34.8265752824425
36060	34.8265673303480
36066	34.8265077988539
36086	34.8264085087266
36102	34.8263955623436
36112	34.8263475902646
36130	34.8263368338221
36142	34.8263221779179
36150	34.8262747947294
36160	34.8262704291015
36174	34.8262687610023
36184	34.8262591263317
36190	34.826202840568
36192	34.8261454189218
36196	34.8261348150579
36206	34.8261218498326
36220	34.8260805962018
36224	34.8260663642926
36242	34.8260652680795
36264	34.8260390191725
36270	34.8259914383297
36286	34.8259698719398
36308	34.8259685980932
36312	34.8259520683347
36330	34.8259503734292
36334	34.8259202184456
36338	34.8258974131933
36356	34.8258675194247
36358	34.8258651850258
36368	34.8258313118397
36380	34.8258158191296
36390	34.8257667544906
36404	34.8257650600020
36420	34.8257530340776
36422	34.8257506005505
36428	34.8257467159045
36438	34.8257446033711
36446	34.8257413386031
36454	34.8257221588635
36456	34.8256758271706
36478	34.8256435866920
36504	34.8256416630613
36510	34.8256264472435
36522	34.8256148724493
36530	34.8255666444815
36558	34.8255635654952
36568	34.8255547524323
36574	34.8255368657685
36578	34.8255247008418
36580	34.8255171836806
36586	34.8254726474001
36604	34.8254568948926
36636	34.8254557709192
36638	34.8254516033151
36642	34.8254331623629
36644	34.8254233863858
36656	34.8254186926468
36678	34.8254099982545
36688	34.8254076635271
36696	34.8253745256141
36706	34.8253740393088
36710	34.825364390798
36722	34.8253485772771
36736	34.8253425434298
36742	34.8253380765519
36746	34.8253274089961
36782	34.8253210050162
36788	34.825313921758
36804	34.8253103768475
36814	34.8252960075449
36842	34.8252643860681
36894	34.8252442245782
36918	34.8252336470682
36924	34.8252282395354
36936	34.8252194882471
36938	34.825218149879
36944	34.8252145246764
36950	34.8252080135605
36966	34.8252050818207
36976	34.8251981217519
36990	34.8251877192969
36992	34.825180416099
37000	34.8251782502533
37002	34.8251730616622
37012	34.8251648385704
37016	34.8251563279106
37032	34.8251495946155
37044	34.8251411918262
37052	34.8251340530146
37054	34.8251307982923
37056	34.8250957255783
37082	34.8250816115312
37084	34.8250815698712
37096	34.8250696315297
37100	34.8250684311407
37118	34.8250554387253
37120	34.8250536350138
37128	34.8250529036899
37154	34.8250448322546
37162	34.8250414356338
37166	34.8250186680332
37186	34.8250153948585
37198	34.8250053704369
37208	34.8249980905787
37230	34.8249874219264
37238	34.8249651863661
37242	34.8249573490406
37248	34.8249005112339
37260	34.8248904815544
37292	34.8248497980797
37304	34.8248137575654
37326	34.8247943217304
37346	34.8247769751814
37356	34.8247384115878
37362	34.8247134253389
37372	34.8246652309526
37376	34.8246474317707
37380	34.8246356104316
37434	34.82462033377
37452	34.8246146260087
37454	34.8246102959437
37464	34.8246050611939
37476	34.8246047553771
37478	34.8245998312928
37490	34.8245956976762
37494	34.8245852062707
37502	34.8245845411447
37506	34.8245703314574
37512	34.8245575523841
37520	34.8245446224259
37522	34.8245430812184
37530	34.8245375702675
37548	34.8245358907452
37556	34.8245250976535
37568	34.8245052588982
37584	34.8244909311231
37596	34.8244648861888
37640	34.8244581349014
37644	34.8244294511934
37670	34.8243799209309
37700	34.8243600356407
37712	34.8243361829098
37756	34.8243343769530
37766	34.8243278086094
37774	34.8243267573323
37784	34.8243242630661
37802	34.8243179994047
37814	34.8243109876534
37846	34.824305592862
37848	34.82429670655
37864	34.8242772045545
37904	34.8242770108574
37906	34.8242726962257
37908	34.8242666944152
37922	34.8242583242808
37952	34.8242552347799
37962	34.8242519225238
37970	34.8242344164935
37980	34.8242313998251
37984	34.8242153512929
38004	34.8241992992492
38026	34.8241919020398
38028	34.8241881585528
38034	34.8241742050955
38058	34.8241708441439
38070	34.8241620660301
38074	34.8241551448277
38078	34.8241532656783
38080	34.8241490186076
38098	34.8241474780169
38104	34.824146968099
38106	34.8241440378699
38114	34.8241420473873
38116	34.8241415451793
38122	34.8241382699876
38142	34.8241218486025
38154	34.8241191417825
38188	34.8241111426043
38208	34.8241050713779
38222	34.8240953690876
38250	34.824092490615
38260	34.8240921526753
38284	34.8240905660276
38300	34.8240875640422
38308	34.8240805761137
38334	34.8240792172831
38342	34.8240764383651
38372	34.8240757253848
38384	34.8240744417329
38388	34.8240689380238
38404	34.8240656425611
38412	34.8240613890102
38420	34.8240516544826
38442	34.8240497504003
38454	34.8240456083415
38474	34.8240388535889
38486	34.8240355715045
38488	34.8240343632718
38496	34.8240287596456
38510	34.8240253598261
38514	34.8240245887122
38518	34.8240143847731
38522	34.8240076260237
38532	34.8240032888755
38562	34.8239981535379
38590	34.8239917482740
38604	34.8239829227584
38612	34.8239800374855
38624	34.8239790345359
38628	34.8239710911376
38634	34.8239490028904
38650	34.823945034598
38654	34.8239422411554
38656	34.8239380745635
38678	34.8239361422734
38684	34.8239235049120
38698	34.8239163418873
38700	34.8239128413514
38714	34.8239109893105
38732	34.8238932517439
38742	34.8238889273001
38746	34.823888773059
38750	34.8238840674564
38770	34.8238624455546
38786	34.8238530432949
38790	34.8238464779418
38796	34.8238398626438
38800	34.8238385905645
38820	34.8238343268845
38832	34.8238337001337
38838	34.8238303820074
38844	34.8238292634269
38850	34.8238212949444
38868	34.8238184203207
38884	34.8238102943891
38892	34.8238082731765
38898	34.8238030106873
38924	34.823796138995
38962	34.8237946007733
38976	34.8237944026003
38988	34.8237940796246
39004	34.8237931402976
39006	34.8237918106811
39022	34.8237881376601
39024	34.8237871285895
39034	34.8237865126694
39038	34.8237833570097
39040	34.8237791647542
39044	34.8237775176447
39082	34.8237765470217
39088	34.8237731242413
39098	34.8237728399168
39124	34.8237717906870
39142	34.8237706223265
39144	34.8237692116561
39148	34.8237688745157
39166	34.8237677788555
39172	34.8237676469102
39176	34.8237668162507
39206	34.8237664813443
39218	34.8237652969742
39222	34.8237648941193
39226	34.8237640866034
39246	34.8237634586899
39250	34.8237630828773
39266	34.8237615449048
39274	34.8237609324549
39276	34.8237602704261
39280	34.8237597403018
39302	34.8237583424535
39306	34.8237574646466
39318	34.8237573965552
39320	34.8237555728031
39352	34.8237547233404
39376	34.8237545999324
39378	34.8237533035785
39380	34.8237525108498
39390	34.8237509634898
39394	34.8237506137616
39398	34.8237500195621
39402	34.8237497865115
39414	34.823747053039
39434	34.8237450955583
39444	34.8237427230150
39468	34.8237381609101
39476	34.8237361452958
39480	34.8237343338456
39528	34.8237328418921
39542	34.8237312395871
39544	34.8237307291605
39584	34.8237302527956
39588	34.8237288866127
39592	34.8237275104247
39618	34.823727270551
39624	34.8237260622165
39628	34.8237257826383
39652	34.8237247517728
39670	34.8237240463614
39682	34.8237229815984
39692	34.8237210846174
39694	34.8237190685985
39702	34.8237188268764
39712	34.8237174149121
39714	34.8237168601804
39722	34.8237166153019
39726	34.8237141053997
39732	34.8237122135453
39740	34.8237121693787
39752	34.8237097999776
39766	34.8237097593649
39768	34.8237056756825
39782	34.8237030557723
39794	34.8237027264254
39808	34.8237022096625
39816	34.8237018365417
39826	34.8237009661731
39836	34.8237006674146
39844	34.8236984894141
39850	34.8236964423834
39880	34.8236954827946
39898	34.8236950544329
39912	34.8236940166294
39934	34.8236935716037
39944	34.8236935510821
39952	34.8236924440208
39974	34.8236923865773
39980	34.8236879487332
39998	34.823687902557
40008	34.8236871844363
40026	34.8236868788561
40028	34.8236857045108
40042	34.8236853536723
40052	34.8236848270433
40054	34.8236842735527
40060	34.8236839095528
40070	34.8236834107077
40084	34.8236812728393
40096	34.8236801510911
40100	34.8236790284031
40110	34.8236788764829
40136	34.8236781941773
40158	34.8236768768352
40178	34.8236765535248
40180	34.8236763092264
40194	34.8236759777470
40202	34.8236751200533
40224	34.8236742708343
40250	34.8236742693752
40258	34.8236733036228
40286	34.8236722546247
40296	34.8236721886086
40302	34.8236718686790
40336	34.82367144016
40348	34.8236712800894
40354	34.8236708362733
40368	34.8236704898083
40374	34.8236700110098
40378	34.8236686810489
40418	34.8236684728687
40430	34.8236680610982
40432	34.8236674120075
40440	34.8236667581155
40458	34.8236664329465
40468	34.8236653391735
40494	34.8236651849751
40500	34.8236650877361
40508	34.8236633475015
40552	34.8236631009883
40556	34.8236627996314
40558	34.8236626714395
40570	34.8236618309403
40574	34.823661658256
40590	34.8236608173623
40616	34.8236596130693
40620	34.8236588794392
40640	34.8236584095531
40646	34.8236577655175
40664	34.8236570888918
40674	34.823655919102
40706	34.8236557904666
40710	34.8236556131665
40716	34.8236546317793
40728	34.8236540970099
40732	34.8236537131003
40746	34.8236531062631
40750	34.8236527477571
40756	34.8236524595380
40770	34.8236521922099
40774	34.8236515892764
40800	34.8236510957056
40836	34.8236510633467
40842	34.8236502264943
40858	34.8236502062802
40860	34.8236500913284
40882	34.8236492282072
40884	34.8236485490383
40938	34.8236484237773
40948	34.8236480016475
40966	34.8236473148152
40968	34.8236465712671
40982	34.8236464582570
40986	34.8236462842943
40992	34.8236462457716
40996	34.8236461147510
41004	34.8236449594309
41038	34.823644690904
41044	34.8236446777333
41048	34.8236440798304
41104	34.8236440307258
41114	34.8236432807454
41130	34.8236432797803
41152	34.8236432479294
41166	34.8236431263219
41186	34.8236429551257
41188	34.8236427991417
41198	34.8236426938534
41200	34.8236423469972
41214	34.8236423154502
41224	34.8236423100500
41228	34.8236422243356
41258	34.8236421904866
41266	34.8236419549347
41272	34.8236418650513
41290	34.8236418053205
41294	34.8236417886455
41310	34.8236417581178
41312	34.8236415055823
41342	34.8236415055394
41346	34.8236411226601
41358	34.8236410327434
41362	34.8236408116191
41368	34.8236406441608
41372	34.8236402028507
41384	34.8236397436297
41404	34.8236395857475
41424	34.8236392455805
41468	34.8236391087177
41478	34.8236389966739
41480	34.8236388672819
41494	34.8236386574891
41514	34.8236386406079
41530	34.8236383721976
41546	34.8236382681935
41550	34.8236382666102
41556	34.8236381288426
41562	34.8236378391523
41572	34.8236376114490
41588	34.8236374488491
41598	34.8236374365990
41610	34.8236372526434
41638	34.8236367776069
41642	34.8236364984894
41646	34.8236364678455
41652	34.8236363027588
41662	34.8236361033161
41670	34.8236360412444
41676	34.8236359825335
41678	34.8236359616105
41680	34.8236359353438
41682	34.8236358370767
41698	34.8236355225441
41706	34.8236353732145
41708	34.823635307528
41722	34.8236352851323
41728	34.823634998947
41742	34.8236347989165
41746	34.8236343660879
41760	34.823634334354
41774	34.8236341643865
41782	34.8236339755802
41788	34.8236333077164
41794	34.8236327472462
41802	34.8236322668776
41818	34.8236322454119
41824	34.8236318385282
41836	34.823631641822
41842	34.8236315873332
41844	34.8236311703983
41862	34.8236310486225
41864	34.8236306106129
41882	34.8236303577851
41888	34.8236298485488
41908	34.8236296373125
41910	34.8236288266021
41914	34.823626045796
41932	34.823625581251
41956	34.8236250357520
41958	34.8236249763770
41964	34.8236233710029
41992	34.8236233256502
42004	34.823622115041
42020	34.8236210467355
42070	34.8236209784049
42088	34.8236202951532
42104	34.8236201978062
42118	34.8236201738230
42122	34.8236198388851
42140	34.8236191736315
42158	34.8236188132518
42174	34.8236182664736
42196	34.8236179533757
42204	34.8236177387763
42226	34.8236176618459
42228	34.8236165415944
42230	34.8236150251821
42256	34.8236140545532
42276	34.8236139777136
42304	34.8236137645582
42306	34.8236134957787
42312	34.8236127320956
42322	34.8236120488874
42330	34.8236115020381
42362	34.8236108452776
42376	34.8236108244258
42378	34.8236107978441
42380	34.8236106705017
42382	34.8236103285183
42388	34.8236097804357
42396	34.8236096515315
42404	34.8236093515942
42408	34.8236084827304
42412	34.8236077112667
42432	34.8236076906266
42444	34.823607241662
42464	34.8236061381925
42472	34.8236055439240
42488	34.8236055241921
42492	34.8236053451601
42502	34.8236049862696
42518	34.823604282595
42546	34.8236038596131
42556	34.8236036094014
42560	34.8236034783683
42564	34.8236033366383
42566	34.8236028255999
42582	34.8236027697971
42590	34.8236023644106
42614	34.823601980456
42622	34.8236018339375
42626	34.823601775306
42630	34.8236015106474
42642	34.8236013455847
42656	34.8236012293741
42660	34.8236006884009
42668	34.8236002665251
42682	34.8236000534105
42686	34.8235995865344
42696	34.8235990039423
42732	34.8235989369049
42742	34.8235988583792
42746	34.8235984825093
42758	34.8235978677256
42784	34.8235978009350
42788	34.8235977218215
42804	34.8235969350594
42826	34.8235968216662
42828	34.8235967152316
42830	34.8235966667127
42862	34.8235963092261
42872	34.8235961839353
42874	34.8235951580747
42890	34.8235950206543
42910	34.8235950070240
42920	34.8235946532724
42934	34.8235945387285
42958	34.8235943290476
42962	34.8235940284498
42972	34.8235940245471
42982	34.8235938036338
42994	34.8235936965837
43002	34.8235928870334
43036	34.8235926937936
43052	34.8235925952398
43054	34.8235925318269
43058	34.823592261396
43084	34.8235917901245
43098	34.8235912953377
43110	34.8235904179912
43128	34.8235902047439
43136	34.8235899477831
43162	34.8235897231877
43180	34.8235892762758
43192	34.8235884344366
43212	34.8235882115058
43228	34.8235878217861
43240	34.8235876914726
43248	34.8235875508898
43250	34.8235874591892
43252	34.8235874111659
43254	34.8235862263017
43260	34.8235859121105
43292	34.8235851854356
43324	34.8235849597954
43328	34.8235847570673
43338	34.8235845223616
43342	34.8235839822593
43344	34.8235836348076
43356	34.8235833831216
43372	34.8235830727382
43392	34.8235819969122
43396	34.8235817283042
43418	34.8235816436647
43444	34.8235811304572
43446	34.823581007943
43452	34.823580857642
43474	34.8235805740809
43480	34.8235790492431
43494	34.8235785477068
43496	34.8235776229649
43498	34.823577380422
43514	34.8235766155164
43558	34.823576136112
43584	34.8235758943922
43594	34.8235757659495
43604	34.8235755003685
43610	34.8235752884934
43638	34.8235746776449
43644	34.8235737833459
43670	34.8235731677996
43680	34.8235731095077
43684	34.8235725056223
43704	34.8235710799936
43724	34.8235709895525
43730	34.8235706712673
43738	34.8235697331633
43762	34.8235696098465
43782	34.8235693721969
43784	34.8235689304563
43786	34.8235688308225
43802	34.8235685477293
43812	34.8235683969933
43818	34.8235682284746
43832	34.8235674013407
43840	34.823567365268
43848	34.8235670081946
43854	34.8235666408229
43858	34.823566448925
43864	34.8235658413376
43886	34.8235658393435
43890	34.8235649321371
43914	34.8235646490705
43932	34.8235642725481
43938	34.8235641139261
43958	34.8235634413883
43974	34.8235629605426
43998	34.8235624009684
44024	34.823562294406
44030	34.8235621942845
44038	34.8235619337315
44050	34.8235618636272
44078	34.8235610250135
44126	34.8235609829287
44130	34.8235609815478
44136	34.8235606056149
44140	34.8235600092202
44180	34.8235599978091
44190	34.8235596381466
44196	34.8235585876404
44210	34.8235585495633
44212	34.8235582957935
44234	34.8235581200438
44240	34.8235576827632
44270	34.8235572774865
44290	34.8235568901217
44294	34.8235565402151
44316	34.8235563037356
44322	34.8235561179077
44330	34.8235558068227
44340	34.8235556396438
44342	34.8235553571785
44344	34.8235552863023
44362	34.8235539874704
44368	34.8235536669511
44370	34.8235531334311
44408	34.8235530682949
44414	34.8235529408728
44428	34.8235527508335
44440	34.8235525256209
44450	34.8235524634420
44462	34.8235524399184
44474	34.8235515376044
44480	34.8235515234902
44486	34.8235513948715
44516	34.8235513078582
44528	34.8235509097605
44538	34.8235508846271
44568	34.8235508441988
44576	34.8235507984221
44614	34.8235505771739
44616	34.8235505462146
44656	34.8235504906524
44668	34.8235501132966
44712	34.8235500829651
44726	34.8235500340321
44732	34.8235497070794
44746	34.8235496805991
44754	34.8235494946896
44776	34.823549291725
44820	34.8235491943587
44826	34.8235491120278
44830	34.8235490498474
44842	34.823549025621
44846	34.8235490180922
44878	34.8235487864359
44898	34.8235487257936
44902	34.8235486845451
44904	34.8235486700448
44906	34.8235486675275
44908	34.8235486030781
44914	34.8235485194705
44930	34.8235484276654
44940	34.8235483630859
44962	34.8235483518836
44968	34.8235482602279
44972	34.8235480703694
45012	34.8235480406663
45038	34.8235479980054
45054	34.8235479891251
45078	34.8235478580281
45090	34.8235478568337
45098	34.8235478283973
45106	34.8235477396198
45130	34.8235477172519
45142	34.8235476941903
45154	34.8235476524639
45160	34.8235476194996
45166	34.8235476048035
45180	34.8235475440185
45198	34.8235475294464
45204	34.8235474506527
45234	34.8235473215138
45266	34.8235472876446
45304	34.8235472371273
45308	34.8235471337053
45324	34.823547110568
45340	34.8235470597237
45346	34.8235470153372
45362	34.8235469552054
45364	34.823546875481
45384	34.8235468676782
45398	34.8235468610359
45408	34.8235467460125
45424	34.8235466720752
45426	34.8235466705561
45450	34.8235464541612
45470	34.8235464355477
45474	34.823546324995
45516	34.8235462799319
45546	34.8235461785627
45552	34.8235461566684
45558	34.823546147493
45566	34.8235461080107
45582	34.8235460798206
45584	34.8235460434559
45600	34.8235460215896
45612	34.8235459881391
45618	34.8235459267450
45642	34.8235459085888
45652	34.8235459034348
45658	34.8235458648715
45666	34.8235458623432
45672	34.8235457677099
45702	34.8235457472284
45724	34.8235457188857
45742	34.8235456852729
45754	34.8235456554963
45764	34.8235456203487
45786	34.8235456088056
45792	34.8235455342803
45806	34.8235454847522
45812	34.8235454641226
45818	34.8235454381222
45836	34.8235452704549
45896	34.8235452119236
45900	34.8235451647255
45906	34.8235451066765
45910	34.8235450880442
45926	34.8235450467639
45930	34.8235450194164
45932	34.8235449694326
45934	34.8235449666398
45938	34.8235449377417
45958	34.8235448418727
45974	34.8235447661069
46000	34.8235447312695
46004	34.8235447029399
46024	34.8235446656809
46042	34.8235445892835
46078	34.8235445854127
46082	34.8235445589338
46086	34.8235445397789
46088	34.8235445382782
46104	34.8235444984419
46124	34.8235444792687
46126	34.8235444791707
46136	34.8235444607991
46138	34.823544427171
46146	34.823544407176
46166	34.8235443913684
46174	34.8235443885732
46186	34.8235443777656
46188	34.8235443493772
46204	34.8235443328714
46216	34.8235443135354
46218	34.8235443010653
46224	34.8235442712626
46232	34.8235442055293
46244	34.8235441311007
46256	34.8235441107511
46296	34.8235440926579
46316	34.8235440736254
46336	34.8235440599211
46352	34.8235440410651
46398	34.8235440400794
46422	34.8235440330311
46428	34.8235440251703
46434	34.8235440224511
46440	34.8235440130812
46448	34.8235439901857
46456	34.8235439781754
46476	34.8235439378579
46500	34.8235438772632
46520	34.8235438530431
46532	34.8235438395305
46544	34.8235438360267
46550	34.8235438206436
46558	34.823543779607
46560	34.8235437706722
46574	34.8235437624687
46594	34.8235437600934
46602	34.8235437533768
46608	34.82354374679
46618	34.8235437423768
46622	34.8235437174879
46628	34.8235436815289
46662	34.8235436589263
46672	34.8235436524082
46676	34.8235436493952
46678	34.823543642355
46690	34.8235436279828
46698	34.8235436276611
46700	34.8235436260814
46712	34.8235435970863
46714	34.823543579896
46726	34.8235435534583
46734	34.8235434945288
46750	34.8235434726171
46770	34.823543470463
46772	34.8235434595904
46792	34.8235434573196
46800	34.8235434122518
46810	34.8235433976917
46848	34.823543374636
46888	34.8235433547902
46902	34.8235433206957
46910	34.8235433120994
46916	34.8235433052465
46920	34.8235433008429
46926	34.8235432456418
46960	34.8235432342334
46988	34.8235432251719
46990	34.8235431730442
46994	34.8235431284688
47014	34.8235431223675
47016	34.823543120474
47030	34.8235431141906
47038	34.8235430596283
47046	34.8235430166028
47064	34.8235430128254
47080	34.82354297415
47086	34.8235429623845
47088	34.8235429622485
47098	34.8235429311963
47102	34.8235429105664
47154	34.8235428923918
47168	34.8235428682385
47186	34.8235428560768
47188	34.8235428433676
47206	34.8235428266923
47208	34.8235428159636
47216	34.8235428157633
47228	34.8235427855989
47274	34.8235427707189
47292	34.8235427693917
47296	34.8235427483987
47306	34.8235427409328
47318	34.8235427282677
47332	34.823542710112
47338	34.8235427092658
47344	34.8235426704401
47362	34.8235426611266
47366	34.8235426577141
47370	34.8235426446508
47382	34.8235426412305
47386	34.8235426352292
47388	34.823542621812
47406	34.8235426149274
47416	34.8235426086717
47420	34.8235426066218
47432	34.8235426045907
47440	34.8235425878406
47454	34.8235425690646
47460	34.8235425685009
47470	34.8235425671374
47474	34.8235425521224
47486	34.8235425460704
47492	34.8235425323685
47508	34.8235425297658
47536	34.8235425277476
47542	34.8235425162095
47552	34.8235425149336
47562	34.8235425030367
47588	34.8235424995253
47594	34.8235424950873
47602	34.8235424930321
47624	34.8235424784389
47640	34.823542475338
47652	34.823542473574
47672	34.8235424712919
47674	34.8235424560078
47684	34.8235424555716
47694	34.8235424501729
47708	34.8235424488363
47720	34.8235424467139
47722	34.8235424305819
47752	34.8235424291468
47766	34.8235424132469
47782	34.823542412049
47800	34.8235424085221
47820	34.8235423976689
47826	34.8235423973736
47830	34.8235423821821
47846	34.8235423816168
47856	34.8235423791503
47870	34.8235423746256
47874	34.8235423480309
47886	34.8235423446598
47894	34.8235423413977
47906	34.8235423382305
47940	34.8235423352681
47944	34.8235423141446
47966	34.8235423073472
47986	34.8235423020549
48004	34.8235423005662
48010	34.8235422989824
48012	34.8235422969061
48028	34.823542293213
48036	34.8235422924664
48044	34.8235422909884
48046	34.8235422886811
48056	34.8235422864734
48082	34.8235422832313
48094	34.8235422829178
48098	34.8235422793136
48100	34.8235422788136
48104	34.8235422767202
48112	34.8235422739176
48120	34.8235422692795
48126	34.8235422643977
48140	34.8235422631709
48154	34.8235422621602
48162	34.8235422615073
48170	34.8235422606586
48176	34.8235422570812
48186	34.8235422536458
48200	34.8235422518238
48232	34.823542251231
48238	34.8235422482367
48244	34.8235422447633
48262	34.8235422430091
48270	34.823542240512
48276	34.8235422401149
48278	34.8235422385354
48296	34.8235422360967
48298	34.823542235146
48306	34.8235422341971
48314	34.8235422337762
48328	34.8235422315412
48342	34.8235422281337
48356	34.823542224203
48388	34.8235422221498
48396	34.8235422177732
48422	34.8235422169718
48432	34.8235422155764
48434	34.8235422090796
48454	34.8235422056235
48530	34.8235422035885
48542	34.8235422030309
48576	34.8235422011409
48584	34.8235422008326
48612	34.8235422007278
48620	34.8235422006463
48624	34.8235421994694
48626	34.8235421989623
48632	34.8235421985799
48650	34.8235421984886
48656	34.8235421981049
48658	34.8235421968786
48670	34.8235421961652
48694	34.8235421940649
48730	34.8235421937942
48734	34.8235421929905
48758	34.8235421908308
48786	34.8235421898457
48818	34.8235421894196
48824	34.8235421884804
48828	34.8235421881465
48836	34.8235421860143
48842	34.8235421856774
48854	34.8235421832459
48870	34.8235421832289
48876	34.8235421818348
48880	34.8235421815471
48890	34.8235421812216
48916	34.8235421808114
48922	34.8235421798866
48930	34.823542177842
48932	34.8235421753465
48970	34.8235421738760
49000	34.8235421734190
49014	34.8235421727467
49042	34.8235421712322
49054	34.8235421695581
49078	34.8235421686392
49092	34.8235421669574
49116	34.8235421667892
49134	34.8235421665941
49136	34.8235421646855
49142	34.8235421643094
49146	34.8235421633540
49156	34.8235421622396
49160	34.8235421615333
49180	34.823542160357
49182	34.8235421594152
49184	34.8235421581992
49190	34.8235421579748
49212	34.8235421562804
49220	34.8235421541877
49228	34.823542153985
49240	34.8235421533918
49260	34.8235421517830
49262	34.8235421515153
49264	34.8235421503964
49272	34.8235421500507
49276	34.8235421472013
49278	34.8235421450593
49292	34.8235421437432
49296	34.8235421431582
49310	34.8235421430183
49322	34.823542138752
49354	34.8235421369772
49370	34.8235421367533
49374	34.8235421346765
49376	34.823542133582
49380	34.8235421321990
49400	34.8235421318782
49404	34.8235421292290
49412	34.823542128981
49426	34.8235421278308
49432	34.8235421252222
49442	34.8235421219960
49458	34.8235421199666
49460	34.8235421179763
49482	34.8235421175133
49500	34.823542116599
49508	34.8235421153427
49512	34.8235421149917
49522	34.8235421137467
49528	34.8235421132454
49534	34.8235421113358
49562	34.8235421103973
49572	34.8235421080043
49582	34.8235421044131
49586	34.8235421026625
49602	34.8235421016004
49606	34.8235421011598
49614	34.8235421009403
49618	34.8235420981501
49620	34.8235420959724
49638	34.8235420933281
49650	34.8235420929911
49652	34.8235420884322
49664	34.8235420856466
49674	34.8235420853691
49698	34.8235420819661
49712	34.8235420798781
49726	34.8235420769697
49738	34.8235420764008
49748	34.8235420757809
49750	34.8235420736391
49764	34.823542073107
49786	34.8235420724108
49794	34.8235420701533
49808	34.8235420700074
49810	34.8235420692214
49830	34.8235420675408
49836	34.8235420671361
49840	34.8235420650981
49890	34.823542064358
49900	34.8235420642156
49914	34.8235420623213
49930	34.823542062177
49950	34.8235420616511
49960	34.8235420612595
49962	34.823542060827
49966	34.8235420605441
49968	34.8235420590934
49970	34.8235420574684
50020	34.8235420569427
50026	34.8235420528705
50066	34.8235420504387
50074	34.8235420488365
50090	34.8235420471327
50094	34.8235420418354
50096	34.8235420408303
50112	34.8235420400105
50118	34.8235420379848
50126	34.8235420371075
50146	34.8235420350835
50164	34.8235420319932
50166	34.8235420319779
50212	34.8235420313203
50238	34.8235420307255
50244	34.8235420306558
50246	34.8235420298405
50256	34.823542029433
50268	34.8235420283298
50272	34.8235420280136
50276	34.8235420277308
50284	34.8235420275549
50302	34.8235420261667
50308	34.8235420258466
50316	34.8235420253098
50318	34.8235420247177
50340	34.8235420245986
50364	34.8235420237065
50370	34.8235420234964
50376	34.8235420223811
50406	34.8235420213372
50428	34.8235420206715
50430	34.8235420203695
50446	34.8235420198422
50454	34.8235420195856
50458	34.8235420192942
50478	34.8235420190875
50480	34.8235420188830
50486	34.8235420184893
50494	34.8235420183977
50498	34.8235420181768
50502	34.8235420178986
50506	34.8235420177061
50510	34.8235420160944
50532	34.8235420145069
50542	34.8235420141198
50554	34.8235420139213
50570	34.8235420128189
50578	34.8235420113224
50604	34.8235420112289
50606	34.8235420110896
50610	34.8235420099763
50616	34.8235420093762
50650	34.8235420074525
50668	34.823542003927
50690	34.8235420033390
50702	34.8235420025825
50712	34.8235420025773
50714	34.8235420015535
50716	34.823542001268
50740	34.8235420008217
50762	34.8235420005703
50776	34.823541999527
50778	34.8235419995133
50780	34.8235419990901
50792	34.8235419990886
50798	34.8235419987882
50802	34.8235419984835
50816	34.8235419978756
50834	34.8235419969545
50848	34.823541996161
50870	34.8235419956141
50872	34.8235419948997
50900	34.823541994498
50906	34.8235419933507
50932	34.8235419927857
50938	34.8235419914183
50946	34.8235419910357
50948	34.8235419907771
50972	34.8235419902860
50992	34.8235419889301
50994	34.8235419887259
51000	34.8235419875735
51018	34.8235419869975
51020	34.8235419846573
51022	34.8235419842912
51030	34.823541984154
51058	34.823541982559
51096	34.8235419809234
51108	34.8235419809068
51116	34.8235419805882
51118	34.8235419803129
51124	34.8235419800376
51126	34.8235419786398
51134	34.8235419779335
51166	34.8235419774434
51170	34.8235419764293
51176	34.823541976244
51178	34.8235419753839
51180	34.8235419745088
51200	34.8235419738131
51214	34.8235419735075
51230	34.8235419732007
51238	34.8235419724147
51268	34.8235419712338
51290	34.8235419704906
51302	34.8235419695877
51318	34.8235419688334
51334	34.8235419683081
51346	34.8235419674289
51354	34.8235419666142
51374	34.8235419657585
51376	34.8235419650355
51394	34.8235419648845
51400	34.8235419645347
51404	34.8235419643835
51424	34.8235419640895
51432	34.8235419640203
51440	34.8235419637235
51444	34.8235419632595
51448	34.8235419625573
51468	34.8235419623436
51478	34.8235419611092
51498	34.823541960036
51526	34.8235419597998
51540	34.8235419595392
51546	34.8235419584331
51558	34.8235419579049
51578	34.8235419572338
51596	34.8235419568025
51604	34.8235419567012
51628	34.823541955801
51638	34.8235419557962
51642	34.8235419556073
51646	34.8235419549621
51648	34.823541954955
51652	34.8235419547862
51654	34.8235419542355
51718	34.8235419534813
51734	34.8235419533867
51740	34.8235419528863
51754	34.8235419528321
51768	34.8235419523418
51774	34.8235419521882
51784	34.8235419514145
51798	34.8235419513224
51816	34.8235419510851
51832	34.8235419509782
51838	34.8235419509503
51840	34.823541949983
51860	34.823541949829
51888	34.8235419495813
51896	34.823541949059
51902	34.8235419487067
51922	34.8235419484977
51924	34.8235419483736
51926	34.8235419481181
51932	34.8235419477993
51938	34.8235419465176
51948	34.8235419458467
51962	34.8235419457257
51974	34.8235419446098
51992	34.8235419440636
52010	34.8235419438675
52024	34.8235419429137
52030	34.8235419425179
52032	34.823541940854
52054	34.8235419394123
52060	34.8235419391909
52072	34.8235419375148
52082	34.8235419371097
52088	34.8235419368912
52096	34.8235419363677
52106	34.8235419360524
52108	34.8235419356131
52122	34.8235419354673
52134	34.8235419348476
52152	34.8235419342502
52158	34.8235419342492
52164	34.8235419330745
52172	34.8235419326532
52218	34.8235419326215
52220	34.8235419314872
52244	34.8235419311894
52252	34.8235419311553
52288	34.8235419310922
52294	34.8235419307033
52304	34.8235419304115
52332	34.8235419285082
52370	34.823541927918
52396	34.8235419271495
52418	34.8235419270389
52452	34.8235419268754
52468	34.8235419261656
52470	34.8235419257039
52476	34.8235419254388
52486	34.8235419253600
52504	34.8235419245236
52520	34.8235419238817
52526	34.8235419237209
52534	34.8235419234343
52554	34.8235419234021
52558	34.8235419229331
52560	34.8235419223821
52566	34.8235419223811
52574	34.8235419217291
52608	34.8235419213843
52616	34.82354192028
52630	34.8235419200372
52634	34.8235419197401
52638	34.8235419184913
52644	34.823541918011
52660	34.8235419162482
52668	34.8235419159156
52684	34.8235419158601
52692	34.8235419153544
52696	34.8235419149278
52698	34.8235419139077
52710	34.8235419137794
52718	34.8235419133248
52740	34.8235419126817
52760	34.8235419124243
52768	34.82354191084
52788	34.8235419106761
52790	34.8235419101512
52834	34.8235419093954
52836	34.8235419091487
52874	34.8235419088433
52902	34.8235419085747
52912	34.8235419084462
52916	34.8235419082268
52918	34.8235419074427
52926	34.8235419072937
52940	34.8235419058872
52970	34.8235419046255
52986	34.8235419044379
53030	34.8235419043466
53044	34.8235419035367
53064	34.8235419032003
53072	34.8235419012256
53084	34.8235419005819
53088	34.8235419002578
53102	34.823541899629
53134	34.8235418986639
53146	34.8235418984247
53148	34.8235418980601
53156	34.8235418977548
53160	34.82354189712
53162	34.8235418969634
53172	34.8235418969561
53184	34.8235418959045
53196	34.8235418949182
53200	34.8235418938877
53214	34.8235418937147
53216	34.8235418933383
53222	34.8235418923822
53236	34.8235418919912
53256	34.8235418913913
53270	34.8235418906134
53292	34.8235418898401
53300	34.8235418895388
53310	34.8235418892705
53324	34.8235418889653
53340	34.8235418886625
53354	34.8235418884644
53356	34.823541888201
53362	34.8235418881537
53364	34.8235418862642
53380	34.8235418846387
53394	34.8235418845936
53402	34.8235418831272
53412	34.8235418829327
53414	34.8235418788761
53428	34.8235418769670
53448	34.823541875351
53462	34.8235418751173
53474	34.8235418750943
53488	34.823541874241
53506	34.8235418742016
53510	34.8235418728596
53518	34.823541871684
53528	34.8235418707205
53572	34.8235418697632
53586	34.8235418693645
53596	34.8235418693493
53602	34.8235418691623
53620	34.8235418680305
53634	34.8235418677064
53662	34.8235418673595
53702	34.8235418671012
53704	34.8235418667697
53716	34.8235418661911
53730	34.8235418661783
53738	34.8235418657602
53740	34.8235418657202
53744	34.8235418654025
53766	34.8235418652958
53770	34.823541865287
53772	34.8235418648024
53778	34.8235418646459
53780	34.8235418646159
53792	34.8235418642556
53794	34.823541864244
53796	34.8235418633841
53834	34.8235418631268
53836	34.82354186294
53870	34.8235418624689
53874	34.823541862129
53878	34.8235418620347
53890	34.8235418614074
53910	34.8235418609595
53914	34.8235418607499
53924	34.8235418601448
53954	34.8235418590154
53980	34.8235418586613
53988	34.8235418581495
53998	34.8235418578004
54004	34.8235418574294
54032	34.8235418573498
54034	34.8235418565099
54042	34.8235418560481
54054	34.8235418554016
54072	34.8235418549557
54082	34.8235418547724
54088	34.8235418545305
54098	34.8235418538190
54128	34.8235418532803
54136	34.8235418532122
54144	34.8235418531297
54152	34.8235418516298
54156	34.8235418513039
54170	34.8235418504224
54186	34.8235418495415
54188	34.8235418492659
54214	34.8235418487107
54220	34.8235418486914
54226	34.8235418484651
54228	34.8235418484008
54238	34.8235418477361
54252	34.8235418473894
54276	34.8235418472336
54300	34.8235418472077
54314	34.8235418471376
54330	34.8235418464578
54342	34.8235418463512
54352	34.8235418459146
54370	34.8235418457407
54384	34.8235418453819
54388	34.823541845294
54390	34.8235418452727
54406	34.8235418448813
54428	34.8235418445926
54434	34.8235418445784
54450	34.8235418444243
54470	34.8235418443253
54472	34.8235418441053
54478	34.823541844001
54498	34.8235418438976
54504	34.8235418438811
54506	34.8235418435279
54518	34.8235418431018
54536	34.8235418428605
54548	34.8235418428064
54552	34.8235418420969
54574	34.8235418416432
54584	34.8235418416049
54596	34.8235418414139
54616	34.8235418413563
54618	34.8235418413191
54628	34.8235418405201
54632	34.8235418404405
54646	34.8235418402772
54658	34.8235418401087
54660	34.8235418397856
54666	34.8235418397332
54678	34.8235418394436
54700	34.8235418390241
54710	34.8235418389487
54718	34.8235418385212
54722	34.8235418385020
54726	34.8235418380341
54762	34.8235418380040
54784	34.8235418377027
54794	34.8235418371517
54804	34.823541836817
54818	34.8235418366626
54820	34.8235418361564
54834	34.8235418360738
54850	34.8235418358238
54852	34.823541835558
54860	34.8235418352620
54862	34.8235418349125
54880	34.8235418348278
54884	34.8235418347499
54890	34.8235418333068
54920	34.8235418330843
54948	34.8235418330276
54962	34.8235418329731
54970	34.8235418324797
54986	34.8235418321946
55002	34.8235418319613
55020	34.8235418318323
55028	34.8235418317536
55030	34.8235418314399
55034	34.8235418313973
55040	34.8235418311854
55042	34.8235418310795
55062	34.823541830972
55064	34.8235418309687
55068	34.8235418309145
55086	34.8235418304385
55094	34.8235418302458
55100	34.8235418296345
55140	34.8235418294346
55142	34.8235418275613
55184	34.823541827287
55198	34.8235418270104
55208	34.8235418268834
55214	34.8235418267294
55224	34.8235418262185
55248	34.8235418255188
55260	34.8235418251801
55264	34.8235418246063
55280	34.8235418243719
55296	34.8235418243697
55336	34.8235418242496
55344	34.8235418241413
55352	34.8235418239054
55360	34.8235418238529
55368	34.8235418237145
55374	34.8235418236278
55380	34.823541823504
55396	34.8235418233982
55412	34.8235418233963
55428	34.8235418233431
55462	34.8235418231744
55466	34.8235418231573
55470	34.8235418231138
55488	34.8235418230145
55506	34.8235418228435
55518	34.8235418228319
55534	34.8235418227524
55536	34.8235418225034
55554	34.8235418223833
55562	34.8235418221277
55572	34.823541822091
55576	34.8235418220856
55578	34.8235418217956
55634	34.8235418215595
55638	34.8235418214108
55660	34.8235418213641
55668	34.8235418213546
55674	34.8235418212739
55696	34.8235418209789
55698	34.8235418209629
55710	34.8235418209524
55718	34.8235418208983
55724	34.8235418207403
55728	34.8235418205091
55740	34.823541820481
55744	34.8235418202573
55752	34.8235418201552
55756	34.8235418199660
55774	34.8235418198692
55802	34.8235418197771
55818	34.8235418197442
55824	34.8235418196431
55840	34.8235418196007
55844	34.823541819597
55854	34.8235418195626
55864	34.8235418194062
55874	34.8235418192661
55878	34.8235418191808
55884	34.8235418190158
55886	34.8235418189252
55926	34.8235418188597
55936	34.8235418188175
55940	34.8235418187881
55950	34.8235418187819
55972	34.8235418186904
55974	34.8235418185863
55982	34.8235418184669
55986	34.8235418184104
55996	34.8235418182694
56032	34.8235418182124
56036	34.8235418181
56038	34.8235418180489
56042	34.8235418179094
56044	34.8235418178412
56050	34.8235418177972
56062	34.8235418177352
56064	34.8235418175184
56076	34.8235418174156
56082	34.8235418173215
56106	34.8235418171385
56108	34.8235418171319
56128	34.8235418170697
56134	34.8235418170557
56136	34.8235418170345
56140	34.8235418169467
56146	34.8235418169164
56148	34.8235418167496
56164	34.8235418166981
56174	34.8235418165259
56190	34.8235418164841
56208	34.82354181632
56210	34.8235418161567
56252	34.8235418158126
56268	34.823541815782
56274	34.8235418156994
56286	34.8235418153527
56328	34.8235418153438
56334	34.8235418153214
56340	34.8235418149625
56390	34.8235418148170
56392	34.8235418148051
56404	34.8235418147039
56418	34.8235418146492
56420	34.8235418146336
56424	34.8235418146240
56432	34.8235418145381
56450	34.8235418144395
56460	34.8235418143009
56486	34.8235418142870
56500	34.8235418141954
56510	34.8235418141783
56516	34.8235418141198
56518	34.8235418140984
56520	34.8235418140793
56550	34.8235418140743
56554	34.8235418140178
56556	34.8235418140125
56576	34.8235418139582
56584	34.8235418139166
56588	34.8235418138932
56618	34.8235418138931
56622	34.8235418138819
56626	34.8235418138733
56636	34.8235418138156
56642	34.8235418138092
56650	34.8235418136992
56658	34.8235418136579
56674	34.823541813655
56688	34.8235418135503
56698	34.8235418135199
56724	34.8235418135082
56730	34.8235418134998
56732	34.8235418133560
56752	34.8235418133048
56772	34.8235418132741
56788	34.8235418132548
56790	34.8235418131611
56804	34.8235418130996
56822	34.8235418130650
56830	34.8235418130329
56876	34.823541813004
56890	34.8235418129919
56894	34.8235418129518
56918	34.8235418129402
56934	34.8235418129352
56936	34.8235418129219
56938	34.8235418129077
56940	34.8235418129061
56946	34.8235418128723
56948	34.8235418128546
56964	34.8235418128026
56988	34.8235418127880
56998	34.8235418127453
57026	34.8235418127410
57028	34.8235418127306
57034	34.8235418127269
57036	34.8235418126635
57048	34.8235418126283
57068	34.823541812584
57074	34.8235418125411
57094	34.8235418125330
57104	34.8235418125147
57110	34.8235418124927
57136	34.8235418124833
57152	34.8235418124740
57154	34.8235418124251
57160	34.8235418123947
57164	34.8235418123932
57166	34.8235418123815
57168	34.823541812316
57172	34.8235418123087
57192	34.8235418122098
57198	34.8235418121564
57202	34.8235418120922
57254	34.8235418120598
57264	34.8235418120488
57266	34.823541811997
57306	34.8235418119824
57314	34.8235418119435
57352	34.8235418119364
57362	34.8235418119173
57374	34.8235418119133
57384	34.8235418119081
57388	34.8235418118516
57410	34.8235418118173
57424	34.8235418118163
57430	34.8235418118004
57442	34.8235418117886
57446	34.8235418117837
57460	34.8235418117688
57478	34.8235418117570
57488	34.8235418117406
57512	34.8235418117281
57564	34.8235418117016
57590	34.8235418116978
57614	34.8235418116947
57644	34.8235418116942
57656	34.8235418116929
57660	34.8235418116882
57664	34.8235418116854
57674	34.8235418116839
57678	34.8235418116753
57694	34.8235418116737
57710	34.8235418116644
57714	34.8235418116595
57758	34.8235418116496
57760	34.8235418116482
57788	34.823541811648
57794	34.8235418116404
57806	34.82354181164
57812	34.8235418116362
57814	34.823541811621
57828	34.8235418116156
57830	34.8235418116087
57834	34.8235418116072
57840	34.8235418115916
57848	34.8235418115648
57882	34.8235418115543
57900	34.8235418115408
57904	34.8235418115286
57962	34.8235418115198
57980	34.8235418114999
58006	34.8235418114774
58018	34.8235418114725
58020	34.8235418114659
58024	34.8235418114616
58032	34.8235418114387
58046	34.8235418114296
58074	34.823541811404
58078	34.8235418114020
58112	34.8235418114012
58118	34.8235418113869
58120	34.8235418113851
58136	34.8235418113844
58142	34.8235418113832
58152	34.8235418113444
58154	34.8235418113345
58178	34.8235418113311
58182	34.8235418113306
58184	34.8235418113171
58192	34.8235418113167
58204	34.8235418113145
58212	34.8235418113016
58218	34.8235418112796
58226	34.8235418112566
58230	34.8235418112565
58242	34.8235418112399
58248	34.8235418112337
58262	34.823541811221
58264	34.8235418112
58274	34.8235418111911
58286	34.8235418111894
58300	34.8235418111881
58322	34.8235418111863
58330	34.8235418111661
58346	34.8235418111558
58390	34.8235418111511
58396	34.8235418111427
58398	34.8235418111309
58428	34.8235418111220
58432	34.8235418111182
58444	34.8235418111126
58446	34.8235418111012
58460	34.8235418110890
58470	34.8235418110835
58476	34.8235418110818
58494	34.8235418110704
58500	34.8235418110541
58506	34.8235418110443
58518	34.8235418110362
58538	34.8235418110199
58550	34.8235418110128
58570	34.8235418109992
58604	34.8235418109890
58636	34.8235418109777
58656	34.8235418109655
58664	34.8235418109595
58678	34.8235418109568
58696	34.8235418109474
58716	34.8235418109398
58772	34.8235418109378
58782	34.8235418109315
58792	34.8235418109195
58816	34.8235418109168
58828	34.8235418109152
58834	34.8235418109012
58878	34.8235418108981
58884	34.8235418108962
58890	34.8235418108958
58900	34.8235418108943
58904	34.8235418108901
58908	34.8235418108884
58916	34.8235418108856
58950	34.8235418108808
58952	34.823541810878
58956	34.8235418108758
58958	34.8235418108722
58968	34.8235418108676
58970	34.8235418108633
58978	34.8235418108598
58992	34.8235418108509
59016	34.8235418108506
59030	34.8235418108497
59040	34.8235418108445
59046	34.8235418108412
59052	34.8235418108411
59058	34.8235418108396
59060	34.8235418108277
59096	34.8235418108236
59126	34.823541810816
59166	34.8235418108153
59168	34.8235418108141
59170	34.8235418108111
59172	34.8235418108099
59188	34.8235418108095
59202	34.8235418108077
59208	34.8235418108061
59212	34.823541810799
59222	34.8235418107936
59248	34.8235418107919
59266	34.8235418107857
59294	34.8235418107772
59316	34.8235418107744
59326	34.8235418107675
59354	34.8235418107662
59358	34.8235418107636
59364	34.8235418107597
59382	34.823541810759
59412	34.8235418107569
59426	34.8235418107500
59430	34.8235418107441
59468	34.8235418107435
59476	34.8235418107432
59480	34.8235418107406
59484	34.8235418107379
59492	34.8235418107378
59496	34.8235418107285
59530	34.8235418107272
59542	34.8235418107269
59546	34.8235418107218
59556	34.8235418107209
59558	34.8235418107151
59560	34.8235418107149
59562	34.82354181071
59574	34.8235418106977
59596	34.8235418106958
59610	34.8235418106947
59628	34.8235418106945
59630	34.8235418106917
59634	34.8235418106847
59638	34.8235418106745
59688	34.8235418106743
59702	34.8235418106739
59706	34.8235418106725
59710	34.8235418106697
59716	34.8235418106675
59718	34.8235418106672
59728	34.8235418106666
59744	34.8235418106656
59748	34.8235418106649
59750	34.8235418106642
59756	34.823541810662
59760	34.8235418106542
59766	34.8235418106539
59778	34.8235418106505
59780	34.8235418106492
59784	34.8235418106426
59800	34.8235418106396
59816	34.8235418106371
59820	34.8235418106362
59822	34.8235418106359
59832	34.8235418106278
59854	34.8235418106254
59862	34.8235418106247
59866	34.8235418106182
59876	34.8235418106056
59892	34.8235418106029
59910	34.8235418105947
59916	34.8235418105815
59920	34.823541810581
59928	34.8235418105736
59940	34.8235418105703
59942	34.8235418105455
59962	34.823541810538
59964	34.8235418105375
59966	34.8235418105313
59972	34.8235418105263
59974	34.8235418105228
59982	34.8235418105177
60006	34.8235418105163
60010	34.8235418105145
60014	34.8235418105112
60030	34.8235418105102
60060	34.8235418105062
60072	34.8235418105000
60076	34.8235418104939
60078	34.8235418104915
60084	34.8235418104901
60088	34.8235418104821
60108	34.8235418104818
60110	34.8235418104749
60120	34.8235418104746
60130	34.8235418104736
60140	34.8235418104709
60160	34.82354181046
60194	34.82354181046
60204	34.8235418104561
60216	34.8235418104550
60234	34.8235418104534
60236	34.8235418104526
60240	34.823541810446
60266	34.8235418104450
60272	34.8235418104406
60292	34.8235418104388
60294	34.8235418104384
60304	34.8235418104373
60324	34.8235418104372
60326	34.8235418104296
60328	34.8235418104226
60340	34.8235418104224
60346	34.8235418104208
60356	34.8235418104173
60394	34.8235418104095
60412	34.8235418104092
60414	34.8235418104058
60428	34.8235418103949
60458	34.8235418103942
60470	34.8235418103937
60474	34.823541810389
60480	34.8235418103879
60498	34.8235418103841
60508	34.8235418103788
60510	34.8235418103787
60514	34.8235418103697
60528	34.8235418103663
60536	34.8235418103656
60540	34.8235418103561
60558	34.8235418103473
60572	34.8235418103331
60580	34.8235418103302
60588	34.8235418103258
60592	34.8235418103231
60608	34.8235418103214
60614	34.8235418103177
60620	34.8235418103173
60624	34.8235418103152
60630	34.8235418103051
60634	34.8235418103001
60640	34.8235418102994
60642	34.8235418102915
60666	34.8235418102913
60668	34.8235418102864
60670	34.8235418102733
60706	34.8235418102699
60726	34.8235418102688
60758	34.8235418102663
60770	34.8235418102652
60772	34.8235418102649
60780	34.8235418102611
60782	34.8235418102607
60786	34.8235418102601
60788	34.8235418102517
60808	34.8235418102464
60858	34.8235418102449
60866	34.8235418102438
60892	34.8235418102385
60900	34.8235418102375
60916	34.8235418102350
60924	34.8235418102312
60936	34.8235418102251
60944	34.823541810224
60960	34.8235418102169
60974	34.8235418102146
60990	34.8235418102095
61008	34.8235418102061
61020	34.8235418102043
61032	34.8235418102007
61044	34.8235418101989
61050	34.8235418101977
61056	34.8235418101967
61074	34.8235418101925
61076	34.82354181019
61078	34.8235418101847
61092	34.8235418101765
61120	34.8235418101763
61126	34.8235418101736
61134	34.8235418101731
61156	34.8235418101671
61158	34.8235418101579
61210	34.8235418101529
61214	34.8235418101514
61232	34.8235418101509
61234	34.8235418101482
61284	34.8235418101481
61286	34.8235418101481
61288	34.823541810145
61294	34.8235418101423
61306	34.8235418101412
61320	34.8235418101402
61354	34.8235418101394
61358	34.8235418101385
61360	34.8235418101359
61374	34.8235418101351
61386	34.8235418101319
61388	34.823541810128
61396	34.8235418101263
61398	34.8235418101233
61404	34.8235418101169
61406	34.8235418101125
61416	34.8235418101115
61424	34.8235418101114
61426	34.8235418101059
61444	34.8235418101005
61448	34.8235418100977
61452	34.8235418100893
61484	34.8235418100881
61496	34.8235418100847
61516	34.8235418100756
61532	34.8235418100689
61554	34.8235418100666
61574	34.8235418100567
61582	34.8235418100546
61584	34.8235418100511
61602	34.8235418100395
61616	34.8235418100385
61622	34.8235418100310
61634	34.8235418100242
61636	34.8235418100208
61644	34.8235418100113
61650	34.8235418100095
61652	34.8235418100055
61656	34.8235418099977
61680	34.8235418099879
61682	34.8235418099775
61688	34.8235418099662
61694	34.8235418099649
61708	34.8235418099596
61726	34.8235418099575
61738	34.8235418099572
61742	34.8235418099389
61756	34.8235418099379
61762	34.8235418099289
61782	34.8235418099285
61788	34.8235418099282
61794	34.8235418099216
61824	34.823541809919
61826	34.8235418099188
61834	34.8235418099124
61852	34.8235418099120
61854	34.8235418098937
61900	34.823541809893
61902	34.8235418098881
61914	34.8235418098853
61918	34.8235418098820
61926	34.8235418098646
61940	34.8235418098634
61950	34.8235418098628
61960	34.8235418098578
61964	34.8235418098492
61970	34.8235418098467
61974	34.8235418098439
61996	34.8235418098198
62020	34.8235418098163
62032	34.823541809805
62048	34.8235418098016
62084	34.8235418098001
62096	34.8235418097997
62098	34.8235418097983
62104	34.8235418097981
62112	34.8235418097977
62116	34.8235418097790
62136	34.8235418097746
62138	34.8235418097743
62144	34.8235418097727
62146	34.8235418097674
62152	34.8235418097602
62164	34.8235418097453
62186	34.8235418097437
62198	34.8235418097436
62200	34.8235418097405
62220	34.8235418097365
62222	34.8235418097298
62238	34.823541809724
62240	34.8235418097211
62250	34.8235418097189
62258	34.8235418097158
62272	34.8235418097139
62274	34.8235418096923
62300	34.823541809689
62304	34.8235418096883
62310	34.8235418096803
62340	34.8235418096797
62342	34.8235418096663
62354	34.8235418096649
62364	34.8235418096623
62368	34.823541809654
62382	34.8235418096511
62396	34.8235418096448
62398	34.8235418096400
62422	34.8235418096309
62440	34.8235418096302
62454	34.8235418096247
62460	34.8235418096154
62486	34.8235418096148
62498	34.8235418096067
62506	34.8235418096061
62530	34.8235418095856
62558	34.8235418095824
62582	34.8235418095707
62608	34.8235418095691
62614	34.8235418095618
62624	34.8235418095568
62646	34.8235418095568
62652	34.8235418095448
62666	34.8235418095421
62680	34.823541809537
62724	34.8235418095349
62730	34.8235418095341
62736	34.8235418095269
62756	34.8235418095251
62764	34.8235418095223
62766	34.8235418095192
62770	34.8235418095189
62776	34.8235418095182
62780	34.8235418095179
62784	34.8235418095111
62786	34.8235418095075
62792	34.8235418095068
62812	34.8235418095047
62822	34.8235418095023
62844	34.8235418095003
62852	34.8235418094967
62878	34.8235418094938
62892	34.8235418094924
62894	34.8235418094922
62896	34.8235418094895
62922	34.8235418094845
62926	34.8235418094706
62954	34.8235418094613
62968	34.8235418094566
62976	34.8235418094543
62986	34.8235418094504
62990	34.8235418094493
62994	34.823541809449
63000	34.8235418094448
63012	34.8235418094427
63036	34.8235418094397
63042	34.8235418094378
63052	34.8235418094376
63060	34.8235418094357
63094	34.8235418094263
63120	34.8235418094245
63132	34.8235418094228
63134	34.8235418094165
63142	34.8235418094138
63160	34.8235418094121
63170	34.8235418094094
63174	34.8235418093996
63176	34.8235418093954
63196	34.8235418093918
63202	34.8235418093875
63212	34.8235418093838
63220	34.8235418093818
63226	34.823541809381
63228	34.8235418093783
63236	34.8235418093771
63258	34.8235418093695
63286	34.8235418093674
63296	34.8235418093641
63306	34.8235418093609
63318	34.8235418093586
63336	34.8235418093583
63340	34.8235418093583
63346	34.8235418093575
63364	34.82354180935
63384	34.8235418093494
63388	34.8235418093422
63418	34.8235418093395
63420	34.8235418093391
63428	34.823541809338
63432	34.823541809338
63442	34.8235418093379
63454	34.8235418093368
63462	34.8235418093324
63492	34.8235418093284
63536	34.823541809327
63540	34.8235418093232
63548	34.8235418093205
63556	34.8235418093188
63566	34.8235418093171
63574	34.8235418093118
63586	34.82354180931
63598	34.8235418093075
63618	34.8235418093061
63624	34.8235418093045
63638	34.8235418093026
63640	34.8235418092995
63652	34.8235418092969
63654	34.8235418092954
63676	34.8235418092939
63678	34.8235418092859
63716	34.8235418092858
63732	34.8235418092832
63736	34.8235418092819
63758	34.8235418092801
63772	34.8235418092798
63778	34.8235418092793
63808	34.8235418092782
63824	34.8235418092764
63836	34.8235418092763
63842	34.8235418092757
63850	34.8235418092748
63866	34.8235418092738
63868	34.8235418092717
63876	34.8235418092711
63886	34.8235418092685
63922	34.8235418092673
63934	34.8235418092664
63938	34.8235418092662
63942	34.8235418092637
63950	34.8235418092622
63966	34.8235418092607
63976	34.8235418092595
63994	34.823541809259
64016	34.823541809259
64024	34.8235418092573
64026	34.8235418092571
64058	34.823541809254
64068	34.8235418092534
64102	34.8235418092504
64128	34.8235418092492
64148	34.8235418092481
64164	34.823541809247
64198	34.8235418092460
64224	34.8235418092460
64226	34.8235418092456
64240	34.8235418092451
64242	34.8235418092451
64248	34.8235418092448
64256	34.8235418092443
64258	34.823541809242
64262	34.8235418092416
64264	34.8235418092411
64276	34.8235418092405
64282	34.8235418092394
64296	34.8235418092391
64302	34.8235418092377
64322	34.8235418092363
64336	34.8235418092359
64344	34.8235418092357
64350	34.8235418092338
64380	34.8235418092336
64388	34.8235418092323
64394	34.8235418092314
64428	34.8235418092311
64436	34.8235418092309
64442	34.8235418092308
64446	34.82354180923
64470	34.8235418092293
64474	34.8235418092293
64482	34.8235418092284
64498	34.8235418092284
64506	34.823541809228
64538	34.8235418092278
64572	34.8235418092278
64576	34.8235418092272
64578	34.8235418092271
64586	34.823541809226
64606	34.823541809226
64624	34.8235418092257
64630	34.8235418092247
64634	34.823541809224
64638	34.8235418092237
64658	34.8235418092223
64680	34.8235418092219
64684	34.8235418092211
64724	34.8235418092210
64726	34.8235418092209
64752	34.82354180922
64764	34.8235418092200
64770	34.8235418092186
64778	34.8235418092178
64798	34.8235418092172
64816	34.8235418092171
64824	34.8235418092169
64830	34.8235418092163
64846	34.8235418092161
64876	34.8235418092156
64892	34.8235418092156
64908	34.8235418092151
64910	34.8235418092145
64930	34.8235418092144
64936	34.8235418092143
64948	34.8235418092142
64964	34.8235418092138
64982	34.8235418092134
65002	34.8235418092132
65038	34.8235418092131
65040	34.8235418092129
65048	34.8235418092127
65080	34.8235418092126
65084	34.8235418092125
65102	34.8235418092123
65108	34.823541809212
65122	34.8235418092117
65146	34.8235418092117
65156	34.8235418092117
65164	34.8235418092116
65166	34.8235418092116
65172	34.8235418092115
65174	34.8235418092113
65194	34.8235418092109
65200	34.8235418092107
65208	34.8235418092107
65212	34.8235418092106
65214	34.8235418092104
65218	34.8235418092099
65238	34.8235418092095
65254	34.8235418092094
65272	34.8235418092094
65274	34.8235418092091
65310	34.8235418092090
65314	34.8235418092089
65324	34.8235418092089
65334	34.8235418092086
65350	34.8235418092082
65382	34.8235418092082
65390	34.8235418092081
65392	34.823541809208
65402	34.8235418092078
65414	34.8235418092076
65432	34.8235418092071
65458	34.823541809207
65464	34.8235418092069
65472	34.8235418092068
65474	34.8235418092067
65476	34.8235418092067
65490	34.8235418092067
65494	34.8235418092062
65522	34.8235418092061
65526	34.823541809206
65528	34.8235418092059
65534	34.8235418092057
65582	34.8235418092053
65600	34.8235418092049
65622	34.8235418092049
65624	34.8235418092048
65628	34.8235418092046
65638	34.8235418092045
65648	34.8235418092044
65654	34.8235418092043
65668	34.8235418092043
65688	34.8235418092041
65692	34.8235418092040
65704	34.8235418092039
65714	34.8235418092039
65722	34.8235418092036
65738	34.8235418092032
65740	34.8235418092029
65748	34.8235418092026
65768	34.8235418092023
65772	34.8235418092022
65776	34.8235418092018
65778	34.8235418092015
65784	34.8235418092013
65806	34.8235418092009
65808	34.8235418091997
65838	34.8235418091991
65846	34.8235418091983
65854	34.8235418091980
65866	34.823541809198
65886	34.8235418091968
65910	34.8235418091963
65922	34.8235418091963
65926	34.8235418091962
65940	34.8235418091958
65944	34.8235418091957
65952	34.8235418091951
65976	34.8235418091951
65982	34.8235418091951
65984	34.8235418091949
65994	34.8235418091943
66016	34.823541809194
66022	34.8235418091936
66034	34.8235418091933
66040	34.8235418091933
66048	34.8235418091929
66052	34.8235418091926
66060	34.8235418091926
66064	34.823541809192
66088	34.8235418091919
66106	34.8235418091915
66114	34.8235418091914
66122	34.8235418091911
66128	34.823541809191
66154	34.8235418091904
66180	34.8235418091903
66184	34.8235418091903
66198	34.8235418091902
66200	34.8235418091896
66216	34.8235418091894
66224	34.8235418091891
66240	34.8235418091887
66252	34.8235418091885
66270	34.8235418091881
66272	34.8235418091876
66292	34.8235418091875
66294	34.8235418091872
66300	34.823541809187
66338	34.8235418091866
66340	34.8235418091866
66362	34.8235418091863
66410	34.8235418091859
66432	34.8235418091858
66438	34.8235418091857
66448	34.8235418091857
66466	34.8235418091855
66474	34.8235418091854
66488	34.8235418091854
66492	34.8235418091853
66494	34.8235418091853
66500	34.8235418091853
66506	34.8235418091849
66544	34.8235418091847
66578	34.8235418091845
66584	34.8235418091844
66606	34.8235418091843
66620	34.8235418091841
66644	34.823541809184
66648	34.8235418091839
66652	34.8235418091837
66670	34.8235418091835
66680	34.8235418091833
66692	34.8235418091831
66704	34.8235418091831
66730	34.823541809183
66734	34.8235418091828
66744	34.8235418091828
66750	34.8235418091828
66776	34.8235418091826
66790	34.8235418091825
66808	34.8235418091823
66834	34.8235418091823
66848	34.8235418091823
66850	34.8235418091823
66854	34.8235418091822
66858	34.8235418091819
66868	34.8235418091818
66884	34.8235418091816
66902	34.8235418091814
66904	34.8235418091814
66910	34.8235418091813
66914	34.8235418091812
66926	34.8235418091811
66942	34.8235418091811
66960	34.8235418091811
66970	34.823541809181
66972	34.8235418091809
66986	34.8235418091808
67002	34.8235418091808
67006	34.8235418091807
67010	34.8235418091806
67022	34.8235418091805
67048	34.8235418091805
67058	34.8235418091805
67060	34.8235418091805
67062	34.8235418091804
67064	34.8235418091803
67092	34.8235418091803
67128	34.8235418091802
67132	34.8235418091801
67142	34.8235418091801
67150	34.8235418091800
67162	34.82354180918
67176	34.82354180918
67186	34.8235418091800
67190	34.8235418091799
67194	34.8235418091799
67214	34.8235418091798
67224	34.8235418091798
67228	34.8235418091798
67232	34.8235418091796
67242	34.8235418091796
67246	34.8235418091796
67248	34.8235418091795
67254	34.8235418091795
67270	34.8235418091795
67274	34.8235418091794
67288	34.8235418091793
67304	34.8235418091793
67308	34.8235418091792
67322	34.8235418091792
67330	34.8235418091791
67360	34.8235418091791
67362	34.823541809179
67390	34.8235418091790
67404	34.8235418091789
67410	34.8235418091789
67418	34.8235418091788
67438	34.8235418091788
67444	34.8235418091787
67446	34.8235418091787
67450	34.8235418091787
67460	34.8235418091786
67474	34.8235418091786
67480	34.8235418091786
67482	34.8235418091786
67490	34.8235418091785
67496	34.8235418091785
67498	34.8235418091785
67500	34.8235418091785
67506	34.8235418091784
67508	34.8235418091782
67524	34.8235418091781
67538	34.8235418091781
67546	34.8235418091780
67566	34.8235418091780
67600	34.823541809178
67610	34.823541809178
67614	34.823541809178
67626	34.823541809178
67628	34.8235418091779
67654	34.8235418091779
67670	34.8235418091778
67688	34.8235418091778
67692	34.8235418091778
67704	34.8235418091777
67724	34.8235418091777
67734	34.8235418091777
67744	34.8235418091777
67760	34.8235418091776
67764	34.8235418091776
67766	34.8235418091776
67788	34.8235418091775
67792	34.8235418091775
67800	34.8235418091775
67818	34.8235418091775
67824	34.8235418091774
67836	34.8235418091774
67854	34.8235418091773
67860	34.8235418091773
67862	34.8235418091773
67870	34.8235418091772
67876	34.8235418091772
67882	34.8235418091771
67890	34.8235418091771
67896	34.8235418091771
67912	34.823541809177
67930	34.8235418091769
67938	34.8235418091769
67940	34.8235418091768
67966	34.8235418091768
67968	34.8235418091766
68014	34.8235418091765
68018	34.8235418091765
68046	34.8235418091765
68056	34.8235418091765
68078	34.8235418091765
68082	34.8235418091764
68094	34.8235418091764
68112	34.8235418091764
68120	34.8235418091764
68134	34.8235418091763
68136	34.8235418091763
68174	34.8235418091763
68178	34.8235418091762
68192	34.8235418091762
68198	34.8235418091762
68210	34.8235418091762
68212	34.8235418091761
68216	34.8235418091761
68236	34.8235418091761
68242	34.8235418091761
68246	34.8235418091761
68262	34.8235418091760
68270	34.8235418091760
68284	34.823541809176
68292	34.823541809176
68310	34.823541809176
68354	34.823541809176
68368	34.823541809176
68392	34.8235418091759
68410	34.8235418091759
68412	34.8235418091759
68414	34.8235418091759
68436	34.8235418091759
68450	34.8235418091759
68478	34.8235418091758
68494	34.8235418091758
68498	34.8235418091758
68510	34.8235418091758
68530	34.8235418091757
68536	34.8235418091757
68544	34.8235418091757
68554	34.8235418091756
68566	34.8235418091756
68582	34.8235418091756
68588	34.8235418091755
68600	34.8235418091755
68602	34.8235418091754
68606	34.8235418091754
68618	34.8235418091754
68632	34.8235418091754
68640	34.8235418091754
68648	34.8235418091753
68650	34.8235418091753
68672	34.8235418091753
68674	34.8235418091753
68696	34.8235418091752
68698	34.8235418091752
68716	34.8235418091752
68730	34.8235418091752
68752	34.8235418091751
68772	34.8235418091751
68792	34.8235418091751
68830	34.8235418091750
68844	34.823541809175
68848	34.823541809175
68886	34.823541809175
68898	34.823541809175
68902	34.8235418091750
68912	34.8235418091750
68924	34.8235418091749
68928	34.8235418091749
68956	34.8235418091749
68960	34.8235418091748
68988	34.8235418091748
69034	34.8235418091747
69040	34.8235418091747
69046	34.8235418091747
69048	34.8235418091747
69060	34.8235418091746
69072	34.8235418091746
69080	34.8235418091746
69092	34.8235418091746
69110	34.8235418091746
69112	34.8235418091745
69114	34.8235418091745
69126	34.8235418091745
69156	34.8235418091745
69172	34.8235418091744
69174	34.8235418091744
69206	34.8235418091743
69210	34.8235418091743
69214	34.8235418091743
69236	34.8235418091743
69240	34.8235418091743
69250	34.8235418091743
69270	34.8235418091742
69292	34.8235418091742
69312	34.8235418091742
69332	34.8235418091741
69346	34.8235418091741
69356	34.8235418091740
69362	34.823541809174
69418	34.8235418091740
69466	34.8235418091739
69468	34.8235418091739
69474	34.8235418091739
69476	34.8235418091739
69482	34.8235418091739
69492	34.8235418091739
69496	34.8235418091739
69508	34.8235418091739
69524	34.8235418091738
69536	34.8235418091738
69538	34.8235418091738
69546	34.8235418091738
69556	34.8235418091738
69566	34.8235418091738
69570	34.8235418091737
69634	34.8235418091736
69640	34.8235418091736
69642	34.8235418091736
69658	34.8235418091736
69666	34.8235418091735
69676	34.8235418091735
69682	34.8235418091735
69696	34.8235418091735
69720	34.8235418091735
69724	34.8235418091734
69760	34.8235418091734
69796	34.8235418091733
69812	34.8235418091733
69830	34.8235418091733
69872	34.8235418091733
69878	34.8235418091732
69902	34.8235418091732
69932	34.8235418091732
69956	34.8235418091732
69958	34.8235418091732
69960	34.8235418091731
69974	34.8235418091731
69990	34.8235418091731
69998	34.8235418091731
70032	34.8235418091731
70038	34.8235418091730
70040	34.8235418091730
70052	34.823541809173
70060	34.823541809173
70072	34.8235418091729
70076	34.8235418091729
70092	34.8235418091728
70134	34.8235418091728
70162	34.8235418091728
70172	34.8235418091728
70190	34.8235418091728
70200	34.8235418091727
70208	34.8235418091727
70214	34.8235418091727
70218	34.8235418091727
70250	34.8235418091726
70256	34.8235418091726
70296	34.8235418091726
70312	34.8235418091726
70344	34.8235418091726
70354	34.8235418091726
70356	34.8235418091725
70370	34.8235418091725
70382	34.8235418091725
70398	34.8235418091725
70404	34.8235418091725
70410	34.8235418091725
70418	34.8235418091725
70430	34.8235418091724
70458	34.8235418091724
70480	34.8235418091724
70506	34.8235418091724
70526	34.8235418091724
70548	34.8235418091723
70558	34.8235418091723
70562	34.8235418091723
70600	34.8235418091723
70604	34.8235418091722
70610	34.8235418091722
70624	34.8235418091722
70626	34.8235418091722
70646	34.8235418091722
70654	34.8235418091722
70658	34.8235418091721
70664	34.8235418091721
70682	34.823541809172
70688	34.823541809172
70742	34.8235418091719
70748	34.8235418091719
70772	34.8235418091719
70778	34.8235418091719
70790	34.8235418091719
70812	34.8235418091719
70818	34.8235418091719
70820	34.8235418091719
70868	34.8235418091718
70902	34.8235418091718
70938	34.8235418091718
70952	34.8235418091717
70960	34.8235418091717
71014	34.8235418091717
71020	34.8235418091717
71046	34.8235418091717
71072	34.8235418091717
71084	34.8235418091716
71110	34.8235418091716
71124	34.8235418091716
71152	34.8235418091716
71166	34.8235418091716
71176	34.8235418091715
71196	34.8235418091715
71200	34.8235418091715
71210	34.8235418091715
71220	34.8235418091715
71228	34.8235418091715
71230	34.8235418091715
71242	34.8235418091715
71278	34.8235418091714
71302	34.8235418091714
71318	34.8235418091714
71348	34.8235418091714
71360	34.8235418091714
71366	34.8235418091714
71396	34.8235418091714
71410	34.8235418091714
71414	34.8235418091714
71454	34.8235418091714
71478	34.8235418091713
71488	34.8235418091713
71490	34.8235418091713
71498	34.8235418091713
71506	34.8235418091713
71508	34.8235418091713
71566	34.8235418091713
71602	34.8235418091713
71610	34.8235418091712
71642	34.8235418091712
71652	34.8235418091712
71664	34.8235418091712
71690	34.8235418091712
71696	34.8235418091712
71712	34.8235418091711
71718	34.8235418091711
71722	34.8235418091711
71758	34.8235418091711
71762	34.8235418091711
71768	34.8235418091710
71788	34.823541809171
71818	34.8235418091710
71866	34.8235418091709
71892	34.8235418091709
71910	34.8235418091709
71930	34.8235418091709
71940	34.8235418091709
71974	34.8235418091709
72010	34.8235418091708
72018	34.8235418091708
72056	34.8235418091708
72080	34.8235418091708
72090	34.8235418091708
72112	34.8235418091707
72126	34.8235418091707
72142	34.8235418091707
72148	34.8235418091707
72152	34.8235418091706
72188	34.8235418091706
72222	34.8235418091706
72226	34.8235418091705
72272	34.8235418091705
72308	34.8235418091705
72314	34.8235418091705
72332	34.8235418091705
72346	34.8235418091705
72364	34.8235418091705
72382	34.8235418091705
72388	34.8235418091704
72404	34.8235418091704
72406	34.8235418091704
72456	34.8235418091704
72458	34.8235418091704
72512	34.8235418091704
72568	34.8235418091704
72604	34.8235418091704
72634	34.8235418091703
72694	34.8235418091703
72706	34.8235418091703
72756	34.8235418091703
72790	34.8235418091703
72854	34.8235418091703
72930	34.8235418091703
72970	34.8235418091703
73014	34.8235418091703
73036	34.8235418091703
73062	34.8235418091703
73076	34.8235418091702
73086	34.8235418091702
73096	34.8235418091702
73162	34.8235418091702
73170	34.8235418091702
73228	34.8235418091702
73270	34.8235418091702
73282	34.8235418091702
73292	34.8235418091702
73304	34.8235418091702
73370	34.8235418091702
73442	34.8235418091702
73474	34.8235418091701
73578	34.8235418091701
73630	34.8235418091701
73636	34.8235418091701
73686	34.8235418091701
73732	34.8235418091701
73774	34.8235418091701
73816	34.8235418091701
73842	34.8235418091701
73892	34.8235418091701
74016	34.8235418091701
74192	34.8235418091700
74206	34.8235418091700
74298	34.82354180917
74352	34.82354180917
74454	34.82354180917
74504	34.82354180917
74596	34.82354180917
74640	34.82354180917
74784	34.82354180917
74910	34.82354180917
75002	34.82354180917
75252	34.82354180917
75578	34.8235418091700
75698	34.8235418091700
76840	34.8235418091699
77894	34.8235418091699
78262	34.8235418091699
78516	34.8235418091699
79120	34.8235418091699
82848	34.8235418091699
82900	34.8235418091699
83716	34.8235418091699
84028	34.8235418091699
84916	34.8235418091699
84928	34.8235418091699
87620	34.8235418091698
89988	34.8235418091698
94644	34.8235418091698
100434	34.8235418091698
103272	34.8235418091698
106960	34.8235418091698
180942	34.8235418091698
300000	34.8235418091698
