52	688.46707981782
54	616.196871601989
56	499.626380607258
60	352.866340688259
108	331.786419840363
134	287.975483850364
284	277.289677825323
404	269.495927829783
706	258.497593961566
868	232.559716665238
1570	232.518517613635
3120	218.422351029442
3422	204.028403866406
4644	201.521686729161
5544	175.345393464280
6404	157.221063974121
6612	139.844905764925
6616	134.762164406243
6636	129.173240229918
6640	124.036251929832
6684	118.042938602444
6704	111.759160633864
6762	104.245053730168
6776	101.818579673031
6792	91.779187437039
6840	91.424908447387
6848	90.6404140127832
6850	90.201555861521
6872	88.4314936327617
6876	87.8001771827861
6878	87.7075063729462
6898	87.6874854629138
6906	87.1256042144247
6910	86.8715873490358
6912	83.1346762191455
6968	82.9187556185447
6980	82.838577638897
7006	81.9749448886219
7034	81.8097678264526
7068	81.3973295034793
7104	81.3723563815665
7106	81.3639464602973
7110	81.3612395721272
7114	81.1381851511968
7118	81.1237040389104
7130	80.9714188108374
7138	80.9408157641699
7146	80.7180957773313
7166	80.6009396256104
7192	80.5371038570815
7194	80.2022665464511
7202	80.1686111596753
7212	80.1494749118734
7222	80.126173269653
7232	79.7511160315703
7234	79.0217226377668
7238	78.8534625265233
7254	78.7465793760964
7266	78.5389195528424
7268	78.1237530009062
7276	77.9825301723977
7278	77.4498966129191
7324	76.4329240799508
7326	76.0647071909878
7340	75.5252287321051
7342	74.012047392067
7348	73.3313840936024
7376	72.6193580654406
7406	71.7990408611913
7414	71.3798140982497
7424	71.3517204057515
7434	71.1020601315328
7452	70.8900563793696
7468	70.7670556964286
7494	70.1561149994087
7514	70.1257256244884
7524	69.7750428074318
7530	69.5100827484203
7542	69.3449802501384
7546	69.103554480832
7558	68.9840774264453
7568	68.9140229095347
7570	68.472985518966
7584	67.7778661231556
7592	67.5710664952133
7608	67.5345888712827
7636	66.7613474188343
7646	66.3466801416198
7656	66.1757576631034
7698	66.0526714205938
7708	65.997874513197
7716	65.9716911583871
7724	65.912048363321
7728	65.8395906140517
7742	65.6043623874435
7744	65.5370828249614
7752	65.4107832117773
7756	65.3975938574382
7766	64.9419105251215
7788	64.9074598381548
7790	64.8485674137661
7804	64.3316759634918
7834	63.8801030321122
7846	63.7904417238275
7858	63.5742312901237
7870	63.4173304050862
7884	63.3808506518627
7898	63.2284509411699
7910	63.2105934218111
7918	63.114937114036
7954	62.9253656709562
7962	62.8780011049949
7974	62.8251611791797
7992	62.7163470029383
8000	62.6736562164653
8010	62.5773632757913
8014	62.5297064741015
8018	62.4063062996146
8030	62.3772268480456
8052	62.3218430357041
8062	62.310725559286
8068	62.2476407473649
8086	62.1710424787587
8088	62.050498398952
8096	61.9298348966693
8108	61.8093774319238
8110	61.7999157864757
8112	61.4703590681871
8140	61.255448861291
8142	61.0112237851775
8162	60.7494730312629
8202	60.5697271021805
8204	60.4015567273692
8210	60.2355579981364
8212	60.1431908305327
8232	60.1395836454041
8240	59.9813906182599
8258	59.8341681717347
8262	59.6156538064058
8266	59.4698620553499
8280	59.4575717170237
8300	59.338142207549
8304	59.2003458571073
8310	58.9950277074667
8326	58.7655953933606
8344	58.5329467807955
8392	58.520689095905
8398	58.2837114939024
8428	58.1928073442617
8440	58.1894102763192
8442	58.066887007894
8444	58.0485664739519
8460	57.9424699838376
8468	57.7755163375115
8480	57.7603021115276
8490	57.7551819056949
8500	57.5606325305982
8506	57.312782817188
8514	57.2643044449034
8516	57.2094191712144
8538	57.2045109684075
8550	57.0361754607611
8560	56.8589218549764
8566	56.8082268004304
8574	56.7816492486672
8576	56.5878595473831
8586	56.5492738345135
8648	56.5062516954685
8652	56.4853572745371
8664	56.4851120615602
8666	56.4636321693191
8668	56.3687166273966
8678	56.3642787763804
8684	56.2851601823238
8688	56.2458831401116
8692	56.1641477556362
8700	55.9144098802449
8736	55.894711802467
8758	55.7147788056605
8778	55.713213354853
8780	55.6805219317379
8802	55.5711780822738
8852	55.5406812786232
8854	55.4480318580398
8860	55.3843573068231
8868	55.291900807353
8882	55.083849145989
8888	55.0351132317994
8910	54.9512121654411
8914	54.9281478016278
8924	54.8561017714833
8942	54.8061888086187
8948	54.766465699381
8958	54.6913980632604
8970	54.6690894135724
8978	54.6390365265874
8980	54.5483411192888
8982	54.5391257218428
8986	54.3206961261794
9004	54.2215980606322
9030	54.1856829466242
9036	54.1520597559953
9042	54.0854991858567
9052	54.0598991325883
9060	54.037062500505
9072	53.892178533611
9098	53.8548436091934
9110	53.8123893770419
9154	53.784589827204
9158	53.7717036145632
9172	53.7666332533145
9174	53.6955212530056
9192	53.6321499344678
9204	53.6191734488991
9208	53.6078482287159
9210	53.5268423482896
9236	53.4025128128277
9254	53.3759006904797
9268	53.3427997534097
9272	53.3100503805355
9276	53.2576766726702
9302	53.2562944524676
9312	53.2122859706862
9320	53.1593935358535
9322	53.084717749321
9354	52.9644343354963
9364	52.9043528809885
9378	52.6101988730858
9422	52.5266562323672
9426	52.5239334594326
9430	52.4297752419759
9452	52.2119803588532
9496	52.1103422120015
9514	51.8461667716862
9522	51.7432668327814
9544	51.7065213755301
9552	51.654446162697
9554	51.6479955589642
9558	51.5061697409992
9560	51.468346848565
9566	51.3817200694246
9576	51.2874948463856
9586	51.2761424419958
9598	51.2515995244776
9608	51.16100121199
9610	51.1125573336561
9616	51.0153534892303
9626	50.9828025652191
9644	50.9788973691712
9648	50.9470108173178
9664	50.9142155245696
9686	50.7990930645339
9702	50.7981136765513
9708	50.7764933430709
9710	50.5460503005243
9718	50.5189025320081
9742	50.477928822438
9752	50.4459920178627
9754	50.3042229906352
9770	50.3028854269709
9812	50.1028120529361
9836	50.0403573421364
9840	50.0006202456613
9864	49.8226816243973
9870	49.7834287605423
9880	49.7814995167124
9894	49.4545415312144
9928	49.4020086953333
9946	49.2139844168094
9980	49.0704261159706
9986	48.8963862399391
9992	48.8791746033838
9998	48.8112390224078
10000	48.798383530427
10002	48.7560694001691
10016	48.7226337599958
10042	48.650577161442
10050	48.5881609276841
10062	48.5761989090586
10076	48.5242621047271
10082	48.5160246177455
10084	48.4803369843645
10094	48.3496336680632
10108	48.1623024895933
10118	48.0655661882321
10144	48.0431348206406
10146	48.0290930209263
10150	47.8925279757634
10168	47.7532772798951
10176	47.5734024789434
10190	47.5584147058012
10204	47.4495794458783
10210	47.2693611368889
10226	47.0937503152744
10268	47.0698326766894
10278	47.0372578548816
10280	47.0189464011455
10294	46.9625701779722
10312	46.9250599901254
10318	46.8463319222878
10326	46.7255201502809
10328	46.716528717715
10342	46.6803075183647
10354	46.614986723382
10358	46.4733499873266
10372	46.2588730471888
10392	46.2245472697903
10396	46.1260477616935
10440	46.021050599768
10452	45.896820563852
10464	45.8270672737502
10466	45.7738735029053
10474	45.7064228312713
10478	45.6915141121799
10492	45.5658957988135
10500	45.4331269720424
10502	45.0630172590778
10516	45.0623539817197
10522	44.9526472994984
10528	44.8107203299061
10534	44.7555299411186
10540	44.6359036790899
10554	44.3811778371622
10564	44.323092008183
10574	44.0247977555675
10588	43.9380454658727
10596	43.8672372398865
10616	43.8120835608489
10626	43.6915317418573
10644	43.6873232097733
10680	43.674008413056
10688	43.6191398348165
10696	43.4626415336117
10718	43.4020372441846
10730	43.3962695412713
10752	43.3865414765966
10774	43.3548194354305
10790	43.3515774125520
10792	43.3227286851967
10830	43.3172911067846
10836	43.3009881797614
10848	43.2998096512055
10850	43.2935077932442
10854	43.2810464329338
10858	43.2447451826435
10876	43.2388755843437
10884	43.2211977807881
10886	43.2179009054098
10888	43.210117564755
10898	43.1659105411457
10920	43.1342132986629
10924	43.1123209311222
10964	43.1091245433479
10966	43.0922846823475
11010	43.0442276422081
11048	43.002578909072
11054	43.0020282188318
11068	42.968846314389
11074	42.9561960728852
11084	42.9318863439916
11086	42.8931411165453
11090	42.8523075075112
11114	42.8472443275492
11144	42.8219982280601
11148	42.7816549459555
11174	42.7580403035618
11194	42.7478526633092
11198	42.7379467030210
11208	42.7295336190879
11214	42.7042807631024
11224	42.6864422222976
11232	42.6652336477796
11246	42.6573465130685
11250	42.6510263347195
11252	42.6461813694258
11258	42.6402223410137
11266	42.6078634399087
11286	42.5935543356872
11298	42.5561036739261
11304	42.4853472187605
11316	42.4708388665717
11338	42.4001395964053
11362	42.3993045905431
11366	42.3633177816153
11374	42.3077338738898
11400	42.2637826040013
11412	42.2344071351912
11422	42.1877227522519
11426	42.1047391927778
11450	42.0888967636574
11464	42.0426937749678
11470	42.0178233573782
11472	41.9931402237717
11484	41.963219803699
11490	41.9430973642403
11530	41.9419682745074
11534	41.9356353856965
11540	41.9153627091612
11542	41.8842690175982
11546	41.8771435081005
11552	41.8286061457088
11562	41.8284147266677
11566	41.8204507234554
11576	41.8132817096057
11580	41.7773891976836
11584	41.7773551363201
11596	41.724227971077
11600	41.6811455145181
11616	41.6152045481666
11620	41.6077779889117
11624	41.5783511896171
11650	41.5576195284975
11660	41.5306398780887
11676	41.5194554976772
11680	41.4434457097289
11688	41.4136466839052
11712	41.379697200544
11724	41.3749815285378
11726	41.3512846979869
11728	41.3160132247944
11736	41.3092977348863
11738	41.253952765589
11752	41.2224254494375
11758	41.1667122836149
11772	41.1663367862204
11774	41.0803941283954
11796	41.0529230983172
11814	41.0376750655594
11826	41.0135588942231
11832	40.9670659618738
11840	40.9474560158785
11844	40.8489402005723
11862	40.841689243932
11870	40.7843936776088
11882	40.7376396782239
11908	40.7128374674379
11916	40.6896188852409
11926	40.6890184753994
11942	40.6843078935372
11944	40.6659405830983
11954	40.6153969199797
11970	40.568429037173
11992	40.4968339116572
12016	40.4780409799862
12070	40.4724586164636
12088	40.4635714899974
12098	40.4398922414402
12120	40.4026987007722
12164	40.3987091294439
12178	40.3926899588106
12186	40.3844870861346
12188	40.3491863677357
12192	40.2991771705362
12220	40.2986366807018
12222	40.2775502357049
12226	40.2705402773055
12244	40.2230674463471
12266	40.202424454591
12284	40.2015981760465
12296	40.1870022935902
12300	40.1678928021756
12302	40.1670143194623
12310	40.1514635003529
12330	40.1283719521152
12338	40.0994699172565
12350	40.0849605445917
12360	40.0529364369729
12372	40.0130142491069
12400	39.9916961278919
12438	39.9673290622783
12454	39.9237302056102
12460	39.9206823981677
12472	39.9147558473761
12478	39.8870513145683
12484	39.8698899762024
12490	39.857307885648
12494	39.8538096335884
12496	39.8386468502009
12506	39.7948733708357
12520	39.7934529850575
12526	39.7831304166273
12532	39.7302436155779
12544	39.7247428862183
12556	39.720748271588
12566	39.7142546557749
12570	39.69637881883
12572	39.6830332296041
12588	39.6731607154742
12608	39.6662133994887
12632	39.6392858843449
12644	39.622419749988
12646	39.6194498679088
12660	39.5944481369803
12668	39.5903242296479
12684	39.5838681989321
12694	39.5666000488316
12696	39.5534014985367
12712	39.5510074739811
12718	39.5407318657345
12720	39.5263022768557
12734	39.5213329263017
12736	39.4787698056422
12772	39.4700203852122
12782	39.4663537854917
12788	39.4618292399986
12794	39.4251570165075
12830	39.4173916043903
12834	39.4088490000038
12844	39.3823510527585
12866	39.3637190734512
12872	39.3430402172207
12876	39.3240120393204
12884	39.2891817774221
12898	39.270100609987
12902	39.2265977056482
12908	39.2121645058266
12912	39.1901650752007
12926	39.1831779228228
12928	39.1433866661052
12972	39.1311126608762
12992	39.1299164377167
13012	39.1205279042042
13062	39.0995575698134
13086	39.0975636631533
13092	39.0914287399371
13108	39.0719426409148
13120	39.0578660486936
13152	39.0448491985521
13164	39.0183188905463
13176	39.0096229806270
13200	39.0047311127418
13204	38.9917110633223
13240	38.9748957636745
13274	38.9608137384534
13282	38.9589138222751
13318	38.9533371986233
13330	38.9482493439404
13340	38.9314798787344
13352	38.9299951273339
13388	38.9188452298629
13400	38.917639111402
13424	38.9052556520410
13434	38.9018810718226
13454	38.9014689751268
13462	38.8969276243865
13480	38.8964808385576
13482	38.8902334042782
13486	38.8884154277283
13492	38.883644593827
13514	38.8832891807169
13516	38.8698029958463
13534	38.8687782114247
13546	38.8660395916574
13552	38.8577537733228
13564	38.8527362629518
13582	38.8459431628755
13586	38.8452222928961
13592	38.8436671009623
13610	38.8408335601567
13614	38.8328777983915
13620	38.8268556854561
13634	38.8259536103588
13644	38.8105808972493
13656	38.8058673362089
13666	38.7886525495809
13688	38.7703830257744
13710	38.7625371057606
13714	38.7402725003759
13738	38.7184143657182
13748	38.7177404620267
13760	38.7133575621537
13762	38.7098173682724
13772	38.709650926756
13780	38.6931021068758
13794	38.6774427181786
13830	38.670097330576
13834	38.6695376361374
13842	38.6687118005545
13844	38.6598994941257
13874	38.6587942125961
13878	38.6569637710743
13882	38.6527969145343
13916	38.6506716385107
13932	38.6501387922084
13940	38.6455560495973
13958	38.6398817542365
13968	38.6341265255384
13982	38.6331512799315
14000	38.6324808046725
14004	38.6295345525528
14008	38.6223468313261
14020	38.6223091166392
14024	38.6165679348461
14034	38.6164764496091
14044	38.6155847270195
14048	38.6139359098114
14058	38.6133666433847
14066	38.6124100088615
14070	38.6095755664214
14072	38.6083023923539
14076	38.6076741315243
14092	38.6013225029376
14114	38.5999806331861
14136	38.5952851249673
14148	38.5900686336928
14176	38.588187722435
14196	38.5851231830628
14218	38.5846746860854
14224	38.5834331844184
14242	38.5830089501103
14244	38.5825161810269
14256	38.5823785625619
14258	38.578844694836
14296	38.5778140466998
14308	38.5766945852753
14314	38.576658365171
14332	38.5753786107989
14338	38.574459539806
14340	38.5740630466969
14344	38.5731544780059
14348	38.5716317680346
14364	38.5690506197917
14386	38.5689104006459
14388	38.5669948664594
14394	38.5648519623775
14414	38.5646477997128
14422	38.5638682699771
14430	38.5635578836159
14450	38.5615759910334
14464	38.5614162692024
14466	38.5613029979520
14476	38.5612019061255
14478	38.5609148362782
14486	38.5607525876101
14496	38.5587213624631
14502	38.5583649384024
14508	38.5579472037602
14510	38.5551595536188
14530	38.5550753792237
14534	38.5547993366143
14552	38.5534135745991
14582	38.5532743651198
14586	38.5518773360263
14610	38.5516657511118
14632	38.5514437105815
14636	38.5505984300274
14648	38.5504186735048
14652	38.5499233844802
14658	38.5489716609491
14660	38.5473374308173
14664	38.5454193409753
14688	38.5444849460048
14694	38.5442526369745
14702	38.5435835158531
14712	38.5434545248134
14732	38.5414384620229
14758	38.5405758528335
14760	38.5402604171916
14770	38.5395821046969
14772	38.537577620902
14778	38.5365232133011
14784	38.5359972217572
14796	38.532723313247
14806	38.5294563575606
14812	38.5222091930836
14828	38.5196464390963
14854	38.5186746415681
14874	38.5174973593198
14884	38.5164522518382
14888	38.5147632441739
14898	38.5141058719248
14900	38.513720461683
14914	38.5073968334205
14924	38.5071289267932
14952	38.5068463366215
14954	38.5057191852384
14972	38.5042431712737
14978	38.5016523490312
15008	38.5002696836656
15010	38.4967497115351
15044	38.4929298473622
15064	38.491841901895
15076	38.4909690863786
15080	38.4898124029175
15086	38.4895676138808
15088	38.4863642834351
15096	38.4848850974537
15106	38.4835925996979
15118	38.4820935431170
15120	38.4777566814109
15128	38.4755469342182
15132	38.4683448120861
15168	38.4652095669835
15174	38.4612394349183
15180	38.4609678249165
15186	38.4583827002348
15194	38.457270146194
15196	38.457211304559
15202	38.4535476915339
15212	38.4510260255518
15226	38.4509008594223
15230	38.4479740873612
15260	38.4417208467444
15262	38.4413422392256
15264	38.4409078114574
15282	38.4361691641020
15314	38.4332529879259
15316	38.4315403035062
15334	38.4301306992936
15344	38.4283212673901
15348	38.4274933923977
15366	38.4263550068182
15384	38.4236923125168
15410	38.4230911912199
15418	38.4220656697278
15426	38.4216507935464
15446	38.4209641424858
15448	38.4195485311317
15456	38.4187382289366
15460	38.4187233089655
15462	38.4161672843638
15464	38.4161427241401
15466	38.4157588394212
15468	38.4115778254693
15484	38.4107488195161
15494	38.4092473433270
15504	38.4074297230762
15506	38.4056225486819
15524	38.4048366939121
15528	38.4022181665457
15550	38.4016502020841
15554	38.3996611551719
15572	38.3979423574134
15602	38.3968803571262
15604	38.389838816688
15628	38.3872699441797
15646	38.3854280351929
15654	38.3842339146186
15656	38.37978336148
15660	38.3778448124295
15668	38.3773820067934
15682	38.3767036648159
15684	38.3764717754755
15688	38.3750993429287
15694	38.3701040296303
15716	38.3686635632928
15738	38.3672928073445
15750	38.3671559757233
15752	38.361787958291
15778	38.3612996255546
15792	38.3572316182206
15800	38.3571207973956
15814	38.3535573650156
15826	38.3447563118882
15836	38.3444877504577
15856	38.3378616989027
15866	38.3369276424805
15868	38.3354954109871
15874	38.3280172914286
15882	38.3217461939557
15884	38.3216904687001
15886	38.3203093085857
15890	38.3189579588317
15894	38.3163806295287
15896	38.3141714339341
15898	38.3118020332558
15900	38.3088158645899
15922	38.3052587651668
15944	38.3020351966124
15946	38.2808134565929
15960	38.2788727134208
15970	38.2750837220858
15988	38.2699075207127
15998	38.2662943154198
16000	38.2651338052361
16014	38.2618504476813
16024	38.2572796927239
16028	38.2484389459703
16034	38.2427879239003
16036	38.2380194582403
16046	38.2378739570992
16056	38.2280023920426
16082	38.2262595923724
16084	38.2259415511176
16090	38.2191690369395
16096	38.2161208627870
16110	38.2160391417319
16128	38.2079971529231
16148	38.2045174113177
16174	38.2033836515384
16186	38.1975019994715
16200	38.1946084068286
16224	38.1863726553003
16282	38.1849378597863
16286	38.1827304086347
16296	38.1803663560428
16312	38.1801452427466
16352	38.1788938247779
16360	38.1786315615959
16374	38.1782453463843
16384	38.1773923078986
16386	38.1769948110673
16390	38.1765389127676
16398	38.1753329378484
16404	38.1751095599808
16406	38.174677669842
16422	38.1745753306021
16424	38.1740600310149
16436	38.1739954388403
16438	38.1738722807845
16442	38.172233037505
16452	38.1716874373776
16460	38.1685606477938
16474	38.1684501625422
16484	38.165527725408
16520	38.1651766564288
16522	38.1624180286873
16546	38.1588054276038
16548	38.1573383926568
16562	38.1572530710651
16572	38.1533354644109
16598	38.1523112888897
16612	38.1495450520025
16638	38.1462994287420
16640	38.1462744169509
16652	38.1457852439962
16656	38.1453607004046
16672	38.1451426887732
16674	38.1422097976974
16680	38.1417508513505
16690	38.1413089609687
16692	38.1365848831758
16708	38.1352258228086
16710	38.1330405044511
16716	38.1271138186202
16720	38.1207904207699
16732	38.1165617550441
16756	38.1148342135737
16758	38.1133852014024
16764	38.1124433921931
16780	38.1108823260482
16810	38.1104476244267
16814	38.1102314838697
16818	38.1088766737935
16830	38.1087628403965
16834	38.1068049312031
16850	38.1060427554397
16858	38.1060209216938
16860	38.1058634880144
16862	38.1056293769067
16870	38.1052179617205
16884	38.1051721638878
16886	38.1046659377273
16892	38.1039509568432
16900	38.1015646569293
16912	38.1011713163016
16918	38.1007877674967
16922	38.1007109798906
16938	38.0998196003968
16940	38.0995762478629
16952	38.0987401734499
16954	38.0942928131001
16978	38.0940100349788
17000	38.0934887514982
17002	38.0914975851111
17016	38.0860066838489
17026	38.0846842747127
17028	38.0811447331296
17054	38.0785744401633
17078	38.0777478965833
17086	38.0777465547616
17088	38.0752896244216
17092	38.0733103959414
17096	38.0731399884638
17098	38.0724840484983
17104	38.0700047609549
17106	38.0695900440456
17108	38.067038072913
17144	38.0647467601719
17146	38.0630844429163
17150	38.0618407415994
17162	38.0607633792456
17172	38.0587330714854
17182	38.0586485749017
17196	38.0573832967512
17198	38.0571222253125
17204	38.0569193659608
17208	38.0563832962256
17220	38.0556303633727
17242	38.0550076122787
17244	38.0548803685831
17262	38.0523085353287
17300	38.0519654221944
17320	38.0510123992060
17342	38.0509353592985
17348	38.0499599045509
17352	38.0493819945940
17372	38.0485899271415
17374	38.0459111273557
17376	38.0457318214005
17398	38.0445823972113
17406	38.0437868608437
17420	38.0427768090137
17430	38.039359157565
17444	38.0388529599796
17454	38.0374619695933
17468	38.0372893842401
17472	38.0372866492097
17474	38.0361820508449
17478	38.0351786224560
17492	38.0338853149894
17506	38.0332403791637
17508	38.0313555774823
17544	38.0306394363368
17546	38.0297432782256
17550	38.0282424926829
17566	38.0280598512023
17576	38.027599628637
17602	38.0273054736273
17606	38.027047017842
17620	38.0258695267901
17640	38.0257328063206
17644	38.0234976800561
17648	38.0210017117724
17672	38.020869319699
17674	38.020076051915
17680	38.0197389666356
17686	38.0190978982178
17688	38.0187084881439
17692	38.0174841421853
17694	38.0130146598873
17720	38.0103545320258
17742	38.0088448975541
17744	38.0066883102691
17754	38.0038728343341
17756	38.0022370449334
17760	38.0015566364072
17772	38.0010945017409
17782	38.0010934108043
17786	38.0003582819802
17792	37.9972749460487
17794	37.9965888183115
17804	37.9965262506043
17810	37.9955946518201
17838	37.9920690264575
17848	37.9908256297313
17858	37.9892625234189
17874	37.9881358511764
17882	37.9846179357273
17884	37.9821119793956
17906	37.9792686630974
17914	37.9792165660354
17928	37.9789496723325
17934	37.9740479892048
17936	37.9717618261128
17952	37.9715677571503
17968	37.9676421632428
18008	37.9665200962008
18016	37.9657738492669
18032	37.9644139888433
18046	37.9642902847595
18048	37.9625591230078
18074	37.9595636497747
18098	37.9562247025321
18110	37.9547505318463
18118	37.9540848298018
18150	37.9525930826672
18158	37.9480481978569
18186	37.9467739448755
18206	37.9450255391786
18214	37.944471774384
18222	37.9393761526767
18236	37.9363776856509
18240	37.9346983153165
18250	37.9297001165798
18258	37.9271119097165
18272	37.9269479304267
18294	37.9249542925502
18296	37.9236080311007
18302	37.9193036016995
18312	37.9175920800863
18318	37.9167728733876
18332	37.9167547841507
18352	37.9147207217277
18356	37.9138368444016
18374	37.9132941671880
18380	37.9113288037333
18388	37.910510528708
18396	37.9083176456161
18406	37.9079750333895
18416	37.9071355026925
18430	37.9065605858091
18432	37.906005131308
18434	37.9058974543294
18436	37.9035757262459
18438	37.9031167077312
18448	37.9021525581511
18456	37.9013461544344
18458	37.9007907830306
18466	37.8999037280416
18468	37.8997394110622
18478	37.8959557440712
18504	37.8946079546102
18506	37.8929913832222
18514	37.8925689895628
18544	37.8924163931653
18550	37.8914429802634
18554	37.890170924071
18572	37.889236863829
18582	37.8887178043687
18598	37.8875456815667
18612	37.8863941816848
18614	37.8846669020065
18628	37.8829187935635
18632	37.8816060236798
18658	37.881278555604
18682	37.8800908284377
18684	37.8797040157517
18702	37.8792356612843
18710	37.8787860405049
18714	37.8786865610971
18716	37.8786674952415
18718	37.8781877160804
18726	37.8769804439778
18778	37.8765196858667
18786	37.8764628957135
18788	37.875179006951
18804	37.8741964527448
18812	37.8735769477923
18844	37.8722796095942
18858	37.872235243879
18872	37.8715350842658
18876	37.8701957254923
18908	37.8701655960661
18912	37.8683393623757
18948	37.8679884958273
18958	37.8677662464008
18982	37.8675546748343
19002	37.8670294690799
19010	37.8669189760767
19034	37.8666725430435
19036	37.866405805472
19038	37.8663574298622
19048	37.8661099487423
19060	37.8650141591741
19078	37.864909419177
19086	37.8646642625542
19090	37.8644637261044
19102	37.8642949867252
19104	37.863825846059
19108	37.8623029408328
19114	37.862149272701
19146	37.8618639120932
19152	37.8616032114972
19170	37.8610667331102
19176	37.8610551280976
19194	37.8608921947652
19198	37.8608448018467
19204	37.8601042001282
19212	37.8598678217392
19234	37.8596165040078
19242	37.8585648035692
19282	37.8584528143148
19286	37.8579142518689
19334	37.857618760109
19344	37.857478256897
19346	37.8570489478078
19350	37.8565092764632
19370	37.856498533323
19376	37.8560513471674
19414	37.8558752751633
19432	37.8558577804406
19450	37.8557195641093
19452	37.8556763551830
19474	37.8554154208006
19496	37.8554129548744
19498	37.8553903856656
19502	37.8553138770762
19518	37.8551683694394
19530	37.8549702691673
19534	37.8548311461134
19550	37.8545875148188
19554	37.8545576116893
19558	37.8544991771344
19562	37.8544762519293
19566	37.8543784120487
19576	37.8542088654061
19578	37.853984899962
19588	37.8532379709624
19598	37.8530942580534
19614	37.8527941726064
19628	37.8525119030152
19642	37.8521912922302
19672	37.8520740689821
19686	37.851845195341
19696	37.8517766698491
19700	37.8514731921662
19708	37.8514499008845
19712	37.8512824280112
19718	37.8512378778596
19722	37.8512271983038
19736	37.8511026829689
19742	37.8509115795519
19762	37.8508774802775
19764	37.8508384037175
19766	37.8508302873504
19768	37.8507013056208
19774	37.8506847355036
19796	37.850630953365
19798	37.8505368444817
19810	37.8504453075762
19814	37.8504367862703
19816	37.850261638098
19844	37.8502223211464
19848	37.8500934126748
19850	37.8500219939476
19858	37.8499668548643
19864	37.8499288916664
19868	37.849818553036
19896	37.8497238463153
19902	37.8496619497569
19922	37.8496221971867
19926	37.8495622464245
19946	37.8493929290674
19950	37.8493772956587
19954	37.8490899409996
19970	37.8489648245029
19974	37.8489596905903
19978	37.8488248585522
19982	37.8487281339657
19996	37.8484220030279
20016	37.8481570815925
20046	37.8478996237766
20052	37.8476225282513
20060	37.8475046563766
20072	37.8474944033271
20078	37.8473926489301
20090	37.8473078799247
20096	37.847287560477
20098	37.8472768024747
20114	37.8469914829213
20128	37.8461985192362
20140	37.8460256548265
20152	37.8458235993551
20170	37.8455078134936
20216	37.8454476345395
20220	37.8450970738743
20230	37.8448954359411
20236	37.8448821638267
20244	37.8448288268272
20246	37.8444516715995
20276	37.8434842446795
20282	37.8432518436094
20294	37.842626346809
20320	37.8421161176735
20322	37.8420573879347
20340	37.8420532263049
20344	37.841913232381
20348	37.8416282768865
20350	37.8413825969183
20356	37.8410012832998
20364	37.8407162402611
20368	37.8405591054749
20374	37.8403636893439
20378	37.8402663300876
20394	37.8400134539978
20398	37.8399216540686
20408	37.8398264680110
20418	37.8397948041810
20432	37.8397131058865
20436	37.8389339789287
20458	37.8386397427106
20496	37.8384218134832
20520	37.8381107429848
20528	37.8380192223014
20546	37.8377723923051
20558	37.8376762404707
20566	37.8373105889971
20578	37.8370780439687
20586	37.8368843944239
20588	37.8368776073049
20596	37.8368577266613
20598	37.8368536330265
20600	37.8364551846308
20606	37.8362661878323
20610	37.8354293454996
20630	37.8354208810778
20640	37.8344606044187
20648	37.8342581709137
20662	37.8339468326185
20676	37.8337383192788
20680	37.8336467035519
20682	37.8333405878707
20698	37.8331605691191
20712	37.8331154901285
20714	37.832837052379
20722	37.8320958259213
20746	37.8317543328415
20758	37.831651399901
20792	37.8312668696051
20798	37.8311469657960
20800	37.8308626479386
20824	37.8305493185204
20830	37.8298754563117
20840	37.8298689703876
20842	37.8298685070808
20850	37.8297271135156
20856	37.8296323390531
20860	37.8294893621925
20868	37.8292955542928
20876	37.8288843653623
20886	37.8283542778278
20922	37.8283094836349
20926	37.8280394765397
20928	37.8277893477125
20948	37.8277017740805
20950	37.82766372937
20972	37.8274674161037
20974	37.8273011487699
20986	37.8269887465216
20990	37.8265196767211
20998	37.8263393692159
21022	37.8262115535916
21040	37.826005662624
21058	37.8253744560652
21088	37.8249498838246
21118	37.8244839417859
21128	37.8243982868118
21134	37.8241966670540
21140	37.8238240774881
21152	37.823749399626
21160	37.8234026459206
21164	37.8232304243152
21186	37.8226148415056
21206	37.8225685837269
21208	37.8220998820095
21234	37.8218666503452
21258	37.8215329819039
21264	37.8214905520851
21272	37.8213553577304
21284	37.8212704294475
21292	37.8212169965477
21296	37.8211869710383
21302	37.8211855597741
21304	37.8210806179146
21334	37.8208607409131
21338	37.8208446552986
21344	37.8207930796866
21346	37.820769483454
21352	37.820666809136
21364	37.8206349234212
21384	37.8202811522262
21400	37.8202759230494
21410	37.8202008632822
21430	37.8201502565515
21446	37.8200002861096
21468	37.8199305376635
21470	37.8198798936063
21480	37.8198652863335
21486	37.8195522803425
21492	37.8190340485137
21518	37.818997517374
21530	37.8189679367292
21558	37.8189366021875
21574	37.8187997823943
21582	37.8187954116955
21584	37.8187354318422
21594	37.8183820878587
21598	37.8182755031136
21600	37.8182294779691
21608	37.8181514449085
21622	37.8179864371262
21634	37.8178999625732
21646	37.8178370986300
21658	37.8177112277358
21680	37.8176834366154
21694	37.8175516248108
21702	37.817491959128
21708	37.8173494480833
21722	37.8173319063566
21730	37.8171991565698
21742	37.8170320407667
21766	37.8169969295872
21776	37.8169550172503
21778	37.816868462039
21796	37.8165383371920
21820	37.8163901659519
21842	37.816203635931
21848	37.8161679805591
21850	37.8159106661854
21908	37.8157953845421
21948	37.8157948927526
21956	37.8155921414478
21980	37.8154368966427
21994	37.8153031960704
22012	37.8152984672246
22026	37.815264741834
22030	37.8151451001553
22044	37.8151128164732
22054	37.8150055247436
22056	37.8149226990092
22078	37.8149105348573
22084	37.8148851986281
22090	37.8147445651803
22108	37.8147317829197
22112	37.8146870284692
22126	37.8146243946929
22134	37.8145223953367
22138	37.8144072929216
22166	37.8143037030892
22176	37.8141460403557
22196	37.8139578336222
22198	37.8138775238228
22226	37.8138335775538
22232	37.8137609349901
22234	37.8136889016548
22244	37.8135900633685
22272	37.8135864806863
22278	37.8135851240985
22288	37.8134392974969
22296	37.8134267848324
22308	37.8133728929197
22324	37.8132743145607
22366	37.8132733065381
22368	37.8132528181844
22376	37.8132466599458
22384	37.8132052094856
22414	37.8131869544637
22424	37.8130506438553
22484	37.8130216579082
22488	37.8129698369127
22496	37.812914529019
22514	37.8128564935774
22530	37.8128497253625
22542	37.8127983064288
22558	37.812768047211
22576	37.8127284845953
22600	37.8127074965820
22608	37.8126912065091
22610	37.8126584372637
22626	37.8126419326856
22634	37.8125872013868
22636	37.8125789754194
22642	37.812514941942
22666	37.8124583712032
22676	37.8124386392035
22682	37.8124024684955
22700	37.8123632801119
22702	37.8122707353294
22726	37.8122132544091
22754	37.8121724780077
22774	37.8121234217982
22782	37.8121173379601
22796	37.8121092480949
22798	37.8121009062637
22806	37.8120227354190
22814	37.8120066610625
22834	37.8119897942739
22842	37.8119793297094
22846	37.8119356570613
22852	37.8119031690022
22874	37.8118720893524
22884	37.8118461714445
22886	37.8118011741115
22892	37.8117881454931
22928	37.8117850031176
22932	37.8117594736208
22934	37.8117233485764
22946	37.8117209605226
22952	37.8116803906759
22962	37.8116703008273
22964	37.8116640880034
22978	37.8116639792326
22984	37.8116627105178
22990	37.8116397308447
22994	37.8116308863714
23008	37.8116252242326
23014	37.8116073747900
23018	37.8116055047604
23020	37.8116020740964
23024	37.8115918826752
23032	37.8115501890973
23046	37.8115472218337
23052	37.8115337614185
23070	37.8114830389978
23084	37.8114823913161
23090	37.8114794661025
23096	37.8114559011287
23110	37.8114365591642
23114	37.8114074085798
23120	37.8114069080735
23130	37.8113552428783
23140	37.8113365165294
23176	37.8112908908308
23188	37.8112817461392
23212	37.8112722603243
23214	37.8112144364723
23232	37.8112110065418
23246	37.8112039841032
23248	37.8111756435242
23250	37.8111596259039
23260	37.811152061203
23264	37.8111174693885
23280	37.8111145644716
23282	37.8111111838105
23284	37.8110980827552
23286	37.8110879125918
23288	37.8110803207690
23306	37.8110696886643
23310	37.8110489122701
23318	37.8110395496127
23326	37.8110248716084
23340	37.8110211910533
23350	37.8110020054991
23358	37.8109713527342
23364	37.8109638409906
23370	37.8109470253529
23376	37.8109366104386
23388	37.8109013422853
23398	37.8108788689583
23400	37.8108601712336
23402	37.8108139162736
23406	37.8107650789467
23410	37.8106155036181
23418	37.8105964104371
23432	37.8105875380656
23440	37.8105589813877
23444	37.8104974360926
23462	37.8104687120141
23468	37.8104363881457
23486	37.8103954290315
23512	37.8103888936955
23518	37.8103810302101
23520	37.8103656312460
23524	37.8103606640338
23528	37.8103214803301
23544	37.8102584024559
23586	37.810231637947
23594	37.8102253461214
23596	37.8102190459206
23610	37.8102126600277
23612	37.8102091226581
23618	37.8102029009769
23620	37.8101727757603
23648	37.8101463887013
23650	37.810129765044
23686	37.8101265657591
23690	37.8101254944881
23702	37.8101062402315
23740	37.810049641431
23756	37.8100275127937
23764	37.8100191274062
23780	37.8099858825485
23790	37.8099428675235
23812	37.8099426048568
23816	37.8099423920348
23826	37.8099387481558
23828	37.8099347898211
23834	37.8098958654068
23874	37.8098854911726
23912	37.8098798203281
23926	37.8098796210759
23928	37.8098673289673
23944	37.8098599599104
23954	37.8098557442739
23968	37.8098472504396
23978	37.8098402414309
23996	37.8098359691124
24018	37.8098326524759
24024	37.8098289992545
24030	37.8098197645027
24034	37.8098106048182
24044	37.8098095557164
24064	37.8098054806511
24076	37.8097920152006
24086	37.8097869644428
24098	37.8097843942107
24104	37.8097842159236
24108	37.8097746877754
24118	37.8097737448834
24122	37.8097714291275
24140	37.8097666774961
24150	37.8097657017742
24186	37.8097638934598
24190	37.8097621801335
24206	37.8097581317203
24232	37.8097545103474
24274	37.8097516623098
24288	37.8097503367226
24296	37.8097493539304
24298	37.8097482055877
24306	37.8097481135705
24330	37.8097466664204
24334	37.8097450041878
24336	37.8097435558554
24338	37.8097423216585
24358	37.8097381150676
24378	37.8097379076125
24390	37.8097372234634
24396	37.8097354903253
24408	37.8097347253296
24412	37.8097319873946
24414	37.8097285635620
24424	37.8097268874
24468	37.8097258444922
24492	37.8097254224158
24496	37.8097244228017
24498	37.8097224355276
24520	37.8097218980961
24530	37.8097203810651
24538	37.8097197915353
24544	37.8097195344179
24552	37.8097180532693
24572	37.8097167942511
24574	37.8097162742228
24578	37.8097145550728
24588	37.8097122543059
24590	37.8097116183682
24592	37.8097115379652
24594	37.8097106173386
24600	37.809708971528
24610	37.8097084329714
24624	37.8097083680722
24628	37.809703282144
24634	37.8097025519978
24668	37.8097023957839
24672	37.809702288203
24680	37.8096993661494
24714	37.8096985582664
24716	37.8096977119869
24722	37.8096964117482
24736	37.809695356832
24756	37.8096928174502
24766	37.8096926227881
24772	37.8096916595287
24776	37.8096911067756
24788	37.8096907667319
24790	37.8096876948060
24794	37.8096869299134
24796	37.8096826667352
24810	37.8096813857977
24812	37.8096758115875
24840	37.8096748298336
24842	37.8096731409068
24844	37.8096713151643
24858	37.8096658959257
24868	37.8096638553101
24874	37.8096622591011
24878	37.8096621026368
24880	37.8096560568147
24886	37.8096552181956
24888	37.8096542159211
24890	37.8096493390385
24904	37.8096473912236
24912	37.8096467783342
24922	37.8096449930134
24924	37.8096435318902
24926	37.8096404432874
24944	37.8096399752891
24960	37.8096361802237
24964	37.8096347856324
24988	37.8096292102314
24994	37.8096283556821
24998	37.8096274981520
25006	37.8096212328549
25008	37.8096098801655
25056	37.8096089852146
25066	37.8096063050904
25090	37.8096029291257
25104	37.8096006082194
25112	37.8095978454417
25120	37.8095936905042
25126	37.8095930571492
25128	37.8095916038381
25130	37.809590660259
25138	37.8095886781958
25140	37.8095853127481
25144	37.809584498341
25156	37.8095797437065
25162	37.8095652026963
25172	37.8095558145627
25174	37.8095509588648
25184	37.8095404979326
25204	37.8095387465531
25208	37.8095263451826
25210	37.8095222295181
25228	37.8095118563776
25230	37.809504986828
25232	37.8094883171527
25242	37.8094874638274
25248	37.8094855176601
25274	37.809485154898
25280	37.8094795739795
25282	37.8094752989652
25286	37.8094681096214
25292	37.8094542833568
25318	37.8094250114716
25358	37.8094131895183
25364	37.8094072775575
25374	37.8094028316624
25382	37.809399128668
25394	37.809389085541
25402	37.8093885560699
25406	37.80938592898
25412	37.8093809423008
25414	37.8093759446008
25420	37.8093573293964
25452	37.8093485921684
25468	37.8093329961201
25472	37.8093286083041
25474	37.8093158341683
25482	37.8093117389524
25484	37.8093117367609
25510	37.8093116571969
25514	37.8093082631717
25518	37.8092919649558
25530	37.809288680168
25536	37.8092886361868
25540	37.8092859251957
25556	37.8092848151362
25562	37.8092842087526
25572	37.8092796495828
25574	37.8092774646235
25580	37.8092764802255
25582	37.8092665581786
25616	37.8092646214841
25618	37.8092641463546
25620	37.8092587645897
25632	37.8092514970637
25662	37.8092497952828
25670	37.8092460833243
25692	37.8092379833359
25702	37.8092327424018
25710	37.8092282395394
25720	37.8092261463488
25732	37.8092225166167
25738	37.8092164604878
25740	37.8092071965128
25758	37.8092068801323
25786	37.8092036132693
25790	37.809202787281
25802	37.8091881856880
25834	37.8091858430627
25850	37.8091776124628
25862	37.8091743040159
25884	37.8091738570248
25900	37.809173273948
25908	37.8091715935632
25916	37.8091682242543
25946	37.8091618671261
25970	37.8091600579434
25976	37.8091577154974
25988	37.8091530695262
25996	37.8091504483023
26000	37.8091422515389
26030	37.809141192875
26034	37.8091408460509
26036	37.809132146835
26042	37.8091281457444
26056	37.8091190474501
26078	37.8091107086787
26082	37.8091105322527
26090	37.8091093750549
26110	37.809105990595
26112	37.8091008633179
26128	37.8090988364436
26130	37.8090966504735
26140	37.8090889235372
26146	37.8090535202764
26188	37.8090335669164
26212	37.8090285533891
26216	37.80902376676
26222	37.8090167165015
26224	37.8090095327683
26260	37.8090049394758
26262	37.8089995824942
26272	37.8089986066697
26282	37.8089911400508
26286	37.808989778653
26296	37.8089889025650
26304	37.8089862641852
26306	37.8089853330189
26316	37.8089853090435
26320	37.8089822364543
26334	37.8089723407535
26340	37.8089591062634
26372	37.8089543902139
26378	37.808936704854
26402	37.8089322237761
26410	37.8089177725161
26436	37.8089167690655
26448	37.8089086317861
26452	37.8088874262494
26472	37.8088804362442
26496	37.8088698030482
26502	37.8088675937283
26508	37.8088567329324
26518	37.8088563435549
26520	37.8088551911645
26524	37.8088544200086
26530	37.8088493328569
26536	37.8088425540878
26550	37.8088403654691
26570	37.8088391357357
26578	37.8088336444426
26598	37.8088300773558
26608	37.8088226848943
26612	37.8088207134814
26622	37.8088148193738
26634	37.8088055153703
26656	37.8087943868119
26666	37.8087873006791
26708	37.8087870027543
26716	37.8087856016385
26722	37.8087830862867
26728	37.8087829335092
26736	37.8087769834845
26766	37.8087768331617
26768	37.8087748714752
26800	37.8087734253564
26820	37.8087713609605
26854	37.8087712170937
26864	37.808770267777
26866	37.808766231857
26888	37.8087655256516
26894	37.8087633981236
26902	37.8087608589678
26936	37.8087596036146
26940	37.8087514280010
26956	37.8087512398308
26960	37.8087499789267
26964	37.8087472156644
26982	37.8087467471
26986	37.8087445943063
27022	37.8087443071544
27032	37.8087433878469
27042	37.8087416256668
27062	37.8087401776389
27070	37.8087388328018
27092	37.8087368392654
27102	37.8087367516085
27126	37.8087356800249
27128	37.8087343501733
27146	37.8087336069751
27162	37.8087301422924
27188	37.8087299895869
27204	37.8087296849064
27220	37.8087279640756
27250	37.8087273848973
27252	37.8087253473665
27256	37.8087252959181
27260	37.8087248385741
27268	37.8087235701788
27274	37.8087221607365
27276	37.8087203253548
27286	37.8087187191989
27314	37.8087176631775
27320	37.8087172331212
27322	37.8087148673618
27336	37.8087137018742
27350	37.808712425891
27352	37.8087113427051
27354	37.8087111303763
27360	37.8087109849515
27404	37.808710853297
27406	37.8087089946285
27414	37.8087089314919
27430	37.8087073040382
27460	37.8087069327936
27484	37.8087035848556
27508	37.8087017648181
27554	37.8087014098562
27558	37.8087011746684
27564	37.8087000163596
27566	37.8086993670286
27586	37.8086987856252
27596	37.808697440863
27610	37.8086968191722
27614	37.8086951325601
27628	37.8086946850325
27630	37.8086919392408
27658	37.8086916543137
27688	37.8086910896508
27694	37.808690525488
27696	37.8086903722942
27706	37.8086880398598
27720	37.8086878640366
27728	37.8086862651412
27748	37.8086815907081
27758	37.8086763180214
27780	37.8086746057024
27792	37.8086741100533
27804	37.8086707966299
27832	37.8086701519435
27848	37.8086657864095
27852	37.8086649560378
27858	37.8086640166843
27866	37.8086608809420
27908	37.8086606123529
27912	37.8086581615526
27916	37.8086543031916
27944	37.80865295894
27960	37.8086528364371
27972	37.8086528287583
27980	37.8086519757199
28006	37.8086518840256
28008	37.8086509952023
28016	37.8086494316198
28018	37.8086489181821
28026	37.8086485113208
28038	37.8086471634932
28048	37.8086460338352
28052	37.8086423448351
28102	37.8086418167444
28108	37.8086411220647
28114	37.8086374644868
28120	37.8086373574773
28130	37.8086371018338
28140	37.8086341781925
28164	37.8086263054198
28234	37.8086259080192
28250	37.8086250118409
28258	37.8086238433611
28264	37.8086231922985
28282	37.8086230210644
28284	37.8086227654327
28304	37.8086219526641
28312	37.8086196103322
28324	37.8086192973331
28326	37.8086189407987
28340	37.808618925287
28348	37.8086183027844
28350	37.8086179893394
28352	37.8086173170368
28362	37.8086166829188
28376	37.8086157484819
28380	37.8086142489538
28382	37.8086141066248
28396	37.8086127607152
28402	37.8086126291445
28422	37.8086114698519
28430	37.8086068477576
28446	37.8086049521648
28450	37.8086041418326
28470	37.8086010862351
28488	37.8086010436071
28492	37.8086006054832
28516	37.8086005284561
28524	37.8085991247732
28542	37.8085989230555
28554	37.8085986686705
28560	37.8085985315539
28568	37.8085976727537
28580	37.8085972649822
28592	37.8085968558187
28596	37.8085963495032
28600	37.8085961181087
28604	37.8085952355295
28612	37.8085940093375
28626	37.8085925745837
28630	37.8085915802672
28632	37.8085908067661
28650	37.8085888990696
28666	37.8085885836683
28670	37.8085868275055
28716	37.8085862092478
28728	37.8085833497393
28734	37.8085791668027
28774	37.8085774837641
28778	37.8085772893047
28782	37.8085771521442
28784	37.808576110225
28788	37.8085754823018
28802	37.8085748435593
28808	37.8085738143418
28816	37.8085718433157
28824	37.8085693880113
28862	37.8085691111414
28878	37.8085671397723
28894	37.8085647644194
28906	37.808564605692
28924	37.8085624713252
28960	37.8085575609965
28976	37.8085567302944
28978	37.8085499903942
28988	37.8085496939792
28996	37.8085468613094
29008	37.8085448517217
29040	37.8085445597144
29044	37.8085410734803
29074	37.8085401544099
29088	37.8085386031096
29108	37.8085378558856
29110	37.8085359397869
29118	37.8085355877208
29126	37.8085340954387
29128	37.8085340092706
29132	37.8085316460054
29146	37.8085300940551
29156	37.8085275761228
29194	37.8085273636136
29198	37.8085237602129
29208	37.8085214091748
29222	37.8085195452702
29230	37.808518672675
29238	37.8085185832923
29242	37.8085178070781
29276	37.8085158819880
29292	37.808515269805
29304	37.8085133800015
29334	37.8085133253726
29336	37.8085127802217
29344	37.8085122193417
29350	37.8085118638673
29360	37.8085103944438
29362	37.808510160238
29364	37.8085087836316
29384	37.8085068255715
29408	37.8085067215275
29426	37.8085053222667
29438	37.8085049025901
29442	37.8085046515191
29446	37.8085045866862
29458	37.8085045358
29482	37.8085026498146
29532	37.8085014514118
29558	37.8085008644582
29564	37.8085005754231
29572	37.8085005719146
29582	37.8084991587681
29606	37.8084987647304
29612	37.8084980321868
29626	37.8084973965025
29640	37.8084964169559
29642	37.8084958482873
29654	37.8084950101202
29668	37.8084943516624
29672	37.8084939350036
29694	37.80849387449
29704	37.8084938052911
29708	37.808493297324
29710	37.8084923210979
29724	37.8084917934912
29746	37.8084901234188
29750	37.808489695261
29776	37.8084881627938
29778	37.8084879316355
29786	37.8084876754834
29796	37.8084870747624
29810	37.8084869277874
29812	37.8084863807748
29856	37.8084861219469
29858	37.8084858231598
29864	37.8084857206237
29880	37.8084854750785
29886	37.8084847266985
29902	37.8084846998713
29906	37.8084834997943
29932	37.8084829613096
29934	37.808482633255
29956	37.8084824700059
29962	37.8084821433705
29968	37.8084816645182
29970	37.8084816401195
29974	37.8084809051341
30002	37.8084808056514
30010	37.8084806981549
30014	37.8084801922882
30020	37.8084798827561
30030	37.8084795458416
30046	37.8084789994466
30050	37.8084779565534
30052	37.8084771722175
30100	37.8084765869868
30110	37.8084763337977
30120	37.8084759952256
30144	37.808475978633
30148	37.8084758575286
30150	37.8084756476846
30156	37.8084753070154
30158	37.8084749268693
30172	37.8084748401454
30180	37.8084738585091
30208	37.8084736999079
30214	37.808473285933
30230	37.8084728649719
30232	37.8084724304775
30246	37.808471342879
30248	37.808470658842
30254	37.8084704756269
30280	37.8084703677907
30292	37.8084699067023
30320	37.8084697925366
30340	37.8084693733159
30356	37.808469063772
30376	37.8084686289497
30406	37.8084683655933
30418	37.8084681822673
30424	37.8084681481451
30426	37.8084677633667
30436	37.8084673888288
30462	37.8084671368426
30478	37.8084666686642
30482	37.8084661328820
30508	37.808466128007
30522	37.8084660282234
30526	37.808465999729
30536	37.8084657247986
30552	37.8084652912324
30568	37.8084652842255
30574	37.8084652393632
30576	37.8084649353515
30588	37.8084649189881
30592	37.8084645141302
30606	37.8084641348906
30648	37.8084635164886
30650	37.8084632434579
30668	37.8084628263459
30678	37.8084625503127
30688	37.8084623876019
30716	37.8084621047974
30718	37.8084617280939
30728	37.8084613306184
30740	37.8084612508420
30750	37.8084603788840
30760	37.8084585297856
30772	37.8084582229014
30776	37.8084580024535
30780	37.8084578330109
30788	37.8084572415133
30798	37.8084557987138
30808	37.8084556030667
30812	37.8084555520589
30814	37.8084551804553
30824	37.8084538814061
30826	37.8084534258744
30832	37.8084530332174
30846	37.8084522818994
30852	37.808452276131
30856	37.8084516980741
30880	37.8084514251265
30892	37.8084512418288
30914	37.8084510550801
30916	37.808450464735
30960	37.808450363285
30962	37.808450246041
30966	37.8084498993676
30980	37.808449802707
30988	37.8084495787258
31010	37.80844918274
31014	37.8084489218908
31070	37.8084486775866
31092	37.808448661469
31096	37.8084483970636
31126	37.8084481969140
31128	37.8084481285866
31136	37.8084479064874
31142	37.8084476859815
31160	37.8084473124364
31164	37.8084472948528
31168	37.8084471692982
31170	37.8084468270789
31188	37.8084464828524
31208	37.8084462508784
31220	37.8084461410933
31224	37.8084459603521
31230	37.8084456993824
31240	37.8084454495283
31244	37.8084453900376
31266	37.8084452644327
31288	37.8084450311141
31300	37.8084447804660
31326	37.8084444301865
31328	37.8084438358345
31334	37.808443297715
31374	37.8084431219409
31404	37.8084430661266
31414	37.8084426891641
31416	37.8084420669377
31436	37.8084418838168
31450	37.8084418757882
31458	37.8084415172668
31498	37.8084414806214
31524	37.8084411460549
31536	37.8084411018706
31566	37.8084408494148
31594	37.8084408272863
31604	37.8084407788779
31612	37.8084407516745
31616	37.808440658668
31620	37.8084405142093
31634	37.8084404754196
31638	37.8084404058249
31656	37.8084402381776
31676	37.8084397267492
31684	37.8084394294346
31692	37.8084392651597
31704	37.8084392427427
31730	37.8084390715854
31746	37.8084390366238
31748	37.8084389681754
31752	37.8084389407561
31766	37.8084386746448
31780	37.8084385555759
31784	37.8084384587931
31794	37.8084381524755
31796	37.8084381032193
31824	37.8084379273938
31826	37.8084375187444
31828	37.8084369911962
31868	37.8084369878224
31876	37.8084369168378
31880	37.8084366078009
31884	37.8084364878712
31892	37.8084361823580
31896	37.8084359523525
31930	37.8084358775765
31950	37.8084357933555
31954	37.8084356680289
31956	37.8084354137007
31962	37.8084353027116
31964	37.8084350258606
31966	37.8084349718844
31976	37.8084344717187
31988	37.8084341280526
31990	37.8084339847843
31996	37.8084333833051
32002	37.8084331361367
32012	37.8084329873761
32030	37.8084326952208
32032	37.8084318197669
32062	37.8084316839118
32068	37.8084313825862
32072	37.8084298461781
32084	37.8084295450090
32096	37.8084294860284
32116	37.8084292898110
32130	37.808428749643
32136	37.8084285993119
32180	37.808428427493
32186	37.8084284053161
32206	37.8084283980408
32210	37.8084282914811
32220	37.8084281437534
32240	37.8084278978033
32244	37.8084277488947
32254	37.8084275746159
32274	37.8084274102604
32286	37.8084270829181
32294	37.8084270687544
32296	37.8084268308863
32300	37.8084267284232
32306	37.8084263055476
32308	37.8084263031039
32316	37.8084261044861
32364	37.8084260112095
32368	37.8084259281109
32376	37.8084257964006
32398	37.8084257300948
32400	37.8084251251003
32422	37.8084250919515
32426	37.8084247454035
32450	37.8084245067308
32468	37.8084244401427
32502	37.8084240685103
32524	37.8084237627895
32526	37.8084236290549
32532	37.8084233991772
32544	37.8084232423443
32562	37.8084230200927
32578	37.8084228501325
32584	37.8084225591924
32598	37.8084222970335
32608	37.808422020412
32610	37.8084216988819
32650	37.8084214684771
32666	37.8084210977455
32670	37.8084209944739
32674	37.8084209062153
32680	37.8084206992077
32710	37.8084202922313
32726	37.8084199397727
32754	37.8084198972063
32778	37.8084194790487
32782	37.8084194473577
32794	37.8084193168574
32802	37.8084191139031
32808	37.8084189941195
32828	37.808418792584
32830	37.8084187855481
32834	37.8084187648492
32836	37.8084184440391
32840	37.8084183076565
32842	37.8084182382115
32854	37.8084181882047
32874	37.8084174573507
32902	37.8084171700998
32904	37.8084167241654
32910	37.8084165932567
32914	37.8084163850088
32926	37.8084162189416
32938	37.808416104903
32956	37.8084158455516
32962	37.8084158418716
32964	37.8084155921701
32980	37.8084154716975
32984	37.8084153144075
33000	37.8084152032057
33024	37.8084146324964
33054	37.8084145038563
33056	37.8084138586095
33074	37.8084136223008
33076	37.8084133611156
33094	37.8084133258245
33098	37.8084133179663
33102	37.8084130221319
33130	37.8084127865458
33144	37.808412779962
33168	37.80841267729
33178	37.8084125737929
33182	37.8084122804375
33198	37.8084121135958
33210	37.8084120718576
33222	37.8084120164915
33228	37.8084117405789
33242	37.8084115023258
33254	37.8084112291850
33258	37.808411168073
33284	37.8084110632168
33288	37.8084108419136
33312	37.8084107814193
33320	37.808410588854
33322	37.8084105578397
33344	37.8084105230032
33356	37.8084104433601
33368	37.8084101974678
33376	37.808410181492
33384	37.8084100997197
33388	37.8084098117707
33410	37.8084096392944
33426	37.8084095203555
33428	37.8084094793950
33436	37.8084092737023
33438	37.8084089092046
33466	37.80840867197
33472	37.8084086492016
33510	37.8084085780535
33516	37.8084082336806
33530	37.8084081956725
33546	37.808408191471
33552	37.8084081049568
33564	37.8084080508339
33566	37.8084079070093
33582	37.8084078658355
33584	37.8084078586900
33586	37.8084077503587
33590	37.8084075555107
33630	37.8084075084043
33632	37.808407244518
33674	37.8084072086447
33680	37.8084071655176
33686	37.8084069269446
33708	37.8084068770512
33726	37.8084068598934
33728	37.8084068166683
33730	37.8084067877047
33738	37.8084066368777
33778	37.8084065320356
33782	37.8084064434426
33788	37.8084063288737
33796	37.8084062908958
33808	37.8084062718016
33814	37.8084061000454
33822	37.8084059811887
33826	37.8084059080096
33850	37.8084059043677
33852	37.8084059027122
33854	37.8084058828714
33858	37.8084056979272
33868	37.8084056560004
33874	37.8084054733005
33906	37.808405337324
33924	37.8084052495943
33946	37.8084052345132
33950	37.8084051967352
33956	37.8084050981086
33974	37.8084050770503
33980	37.8084050576338
33984	37.8084049867566
33996	37.8084049364008
34008	37.8084048817558
34016	37.8084048696957
34020	37.8084048184227
34022	37.8084047454584
34028	37.8084047361543
34038	37.8084045766418
34040	37.8084044968699
34042	37.8084044068689
34048	37.8084043786703
34050	37.8084043265956
34086	37.808404101452
34096	37.8084039968649
34100	37.8084039635858
34122	37.8084038502400
34126	37.8084037276612
34160	37.8084036381818
34162	37.8084034754932
34174	37.8084034392815
34196	37.8084034216877
34198	37.8084032478105
34200	37.8084031803747
34210	37.8084031431695
34212	37.8084030504606
34214	37.8084029751043
34240	37.8084027887801
34266	37.8084027502616
34284	37.8084027024442
34292	37.8084026426446
34298	37.808402613092
34300	37.8084025757249
34306	37.8084025057197
34326	37.8084024805483
34332	37.8084024276971
34338	37.8084022684782
34356	37.8084021292576
34360	37.8084021015849
34366	37.8084020461775
34370	37.8084020079917
34378	37.8084019570565
34386	37.8084018790748
34390	37.8084017613374
34422	37.8084016205051
34428	37.8084015290801
34460	37.8084015067695
34462	37.8084014223947
34466	37.8084013932028
34472	37.8084012818508
34492	37.8084011008973
34538	37.8084010541279
34546	37.8084009231104
34558	37.8084008425236
34576	37.8084007817711
34604	37.8084007731027
34618	37.8084007695219
34620	37.8084007427918
34638	37.8084006821969
34650	37.8084006407073
34654	37.8084005976989
34656	37.8084005900156
34662	37.8084005788164
34664	37.8084003590522
34698	37.8084003396443
34702	37.8084003386544
34704	37.8084003130965
34712	37.8084003028251
34716	37.8084002631644
34718	37.8084002356793
34726	37.8084002319550
34740	37.8084001689382
34744	37.8084001570199
34754	37.8084001365052
34778	37.8084001257378
34806	37.8084000815588
34816	37.8084000212323
34826	37.8083999604077
34840	37.8083998759981
34846	37.8083997983113
34904	37.8083997981541
34910	37.8083997852581
34912	37.8083996333827
34950	37.8083995785997
34962	37.8083995335465
34964	37.8083994438017
34982	37.808399428548
34990	37.8083993943376
35010	37.8083993932546
35026	37.808399334363
35032	37.808399301654
35036	37.808399281982
35042	37.8083992701741
35052	37.8083992658529
35054	37.80839924244
35058	37.8083991574254
35066	37.8083991244556
35090	37.8083990850241
35102	37.8083989230186
35114	37.8083988811921
35162	37.8083988796657
35170	37.808398848919
35176	37.8083988427363
35178	37.8083988343215
35180	37.8083987577572
35198	37.8083987228731
35200	37.8083986870644
35222	37.8083985881715
35244	37.8083985844499
35250	37.8083985700943
35266	37.8083985584353
35288	37.8083985140855
35322	37.8083984874666
35328	37.8083984544828
35346	37.8083984246714
35350	37.8083983896954
35356	37.808398389055
35362	37.8083983039543
35374	37.8083982669846
35400	37.808398265356
35406	37.8083982386850
35410	37.8083982231639
35418	37.8083982042571
35424	37.8083981685248
35430	37.8083981157018
35438	37.8083981126228
35446	37.80839807321
35456	37.8083980176784
35460	37.8083978902453
35474	37.8083977996786
35476	37.8083975319149
35522	37.8083974858537
35524	37.8083974267607
35574	37.808397360064
35576	37.8083973016449
35578	37.8083971930309
35580	37.8083970910198
35606	37.8083970330052
35612	37.8083969677731
35650	37.8083969515277
35694	37.8083969411585
35702	37.8083969162960
35718	37.8083968794674
35728	37.808396875276
35754	37.8083968748706
35776	37.8083968567451
35782	37.8083968443915
35796	37.8083968365044
35802	37.808396822632
35806	37.8083968214912
35822	37.8083968123228
35856	37.8083967885394
35868	37.8083967729031
35904	37.8083967611986
35908	37.8083967185902
35916	37.808396712401
35930	37.8083967004378
35944	37.8083966898822
35970	37.8083966793398
35976	37.8083966658125
35990	37.8083966102069
36016	37.8083965998047
36046	37.8083965952612
36048	37.8083965763337
36058	37.8083965535799
36104	37.8083965222811
36106	37.8083965118276
36114	37.8083964925707
36116	37.808396477469
36144	37.8083964468728
36150	37.8083964282528
36174	37.8083964241173
36182	37.8083964187531
36198	37.8083963913749
36212	37.8083963841039
36224	37.8083963745561
36228	37.808396366404
36236	37.8083963461132
36254	37.8083963154905
36266	37.8083963020897
36268	37.8083962931176
36278	37.8083962713722
36290	37.808396256622
36308	37.8083962487742
36310	37.8083962443639
36314	37.8083962368848
36326	37.8083962368653
36330	37.8083962230124
36332	37.8083962131158
36346	37.8083962053216
36348	37.8083961948044
36356	37.8083961613017
36362	37.8083961395826
36378	37.8083961072513
36392	37.8083960444816
36404	37.8083960088999
36406	37.8083959760662
36414	37.8083959467144
36424	37.8083959296243
36436	37.8083959023606
36454	37.808395901173
36472	37.8083958830615
36484	37.8083958774172
36490	37.8083958617673
36502	37.8083958346169
36510	37.8083958339257
36520	37.808395827648
36526	37.8083958114617
36528	37.8083957956071
36550	37.8083957940115
36556	37.8083957678594
36568	37.808395762636
36580	37.8083957421998
36600	37.8083957402377
36604	37.8083957124131
36626	37.8083956789887
36640	37.8083956624562
36682	37.808395651939
36686	37.8083956380394
36716	37.8083956365328
36720	37.8083956236937
36734	37.8083956175329
36756	37.8083956131227
36762	37.8083956065148
36764	37.8083955899922
36770	37.8083955741511
36796	37.8083955666348
36812	37.8083955642839
36814	37.8083955500504
36840	37.8083955425735
36852	37.8083955402474
36858	37.8083955336528
36860	37.8083955323249
36866	37.8083955274830
36876	37.8083955123558
36892	37.8083955010568
36894	37.8083954742821
36898	37.8083954583369
36900	37.8083954447744
36922	37.8083954372684
36948	37.808395430423
36958	37.8083954279836
36964	37.8083954116224
36996	37.8083953933708
37000	37.8083953846971
37010	37.8083953758946
37028	37.8083953622343
37030	37.8083953237163
37052	37.8083953192896
37058	37.8083953186714
37062	37.808395314278
37066	37.8083953091379
37070	37.8083952956604
37076	37.8083952935274
37090	37.8083952668433
37094	37.8083952639286
37104	37.8083952231921
37114	37.8083952105284
37122	37.8083952062131
37128	37.8083951856371
37130	37.8083951761606
37134	37.8083950931814
37160	37.8083950797595
37182	37.8083950458379
37216	37.8083950430435
37222	37.8083950277135
37226	37.8083950276743
37230	37.8083950001256
37236	37.8083949952179
37240	37.8083949907537
37266	37.8083949730138
37286	37.8083949695622
37302	37.8083949691725
37304	37.8083949200473
37328	37.8083949198572
37338	37.8083949104218
37348	37.8083949081119
37352	37.8083948786364
37364	37.8083948718001
37366	37.8083948553788
37368	37.8083948365869
37390	37.8083948217601
37398	37.8083948187079
37402	37.8083948178425
37404	37.8083948139452
37416	37.8083948079737
37446	37.808394806454
37448	37.8083947765225
37452	37.8083947736197
37468	37.8083947647884
37474	37.8083947643044
37510	37.8083947637098
37514	37.8083947533045
37516	37.808394744556
37522	37.8083947378061
37548	37.8083947349675
37552	37.8083947275837
37564	37.8083947179532
37568	37.8083947101416
37570	37.808394701005
37574	37.8083946914201
37594	37.8083946783676
37598	37.8083946777151
37612	37.8083946689831
37620	37.8083946660346
37630	37.8083946629423
37648	37.8083946535352
37662	37.808394650046
37666	37.8083946465771
37702	37.8083946453366
37714	37.8083946434622
37726	37.8083946377279
37744	37.808394634283
37762	37.8083946275082
37772	37.8083946255891
37778	37.8083946242946
37780	37.8083946196538
37820	37.808394618586
37826	37.808394615189
37834	37.8083946120186
37850	37.8083946120181
37852	37.8083946083709
37864	37.8083946081554
37874	37.8083946044868
37900	37.808394600046
37906	37.8083945996953
37940	37.8083945921841
37974	37.8083945907679
37976	37.8083945857934
37990	37.808394584466
37994	37.8083945841915
38006	37.8083945836594
38010	37.8083945782807
38020	37.8083945781347
38026	37.8083945762253
38028	37.8083945700728
38030	37.8083945632371
38036	37.8083945594412
38042	37.808394554915
38046	37.8083945510350
38066	37.8083945456248
38076	37.8083945447153
38082	37.8083945346058
38088	37.8083945337401
38106	37.8083945209848
38126	37.8083944996446
38192	37.808394493713
38198	37.8083944871794
38206	37.8083944833646
38218	37.8083944766051
38248	37.8083944655635
38250	37.8083944581372
38264	37.808394457971
38270	37.8083944472558
38280	37.8083944462003
38282	37.8083944450923
38290	37.8083944450816
38306	37.8083944423396
38308	37.8083944410887
38310	37.8083944390888
38318	37.8083944315944
38324	37.8083944264564
38330	37.8083944197141
38336	37.8083944189102
38338	37.808394417149
38348	37.8083944161282
38352	37.808394412274
38360	37.8083944079215
38368	37.8083943996915
38386	37.8083943976596
38402	37.8083943878110
38414	37.8083943843219
38436	37.8083943834111
38448	37.8083943817271
38454	37.8083943701126
38464	37.8083943665456
38494	37.8083943579024
38520	37.8083943555796
38526	37.8083943528201
38528	37.8083943411209
38532	37.8083943334923
38562	37.8083943331119
38586	37.8083943316067
38590	37.8083943300474
38594	37.8083943280876
38608	37.8083943244545
38638	37.8083943229931
38656	37.8083943198320
38658	37.8083943177422
38666	37.8083943164169
38668	37.8083943159016
38678	37.8083943076344
38692	37.8083943060544
38710	37.8083943042917
38718	37.8083943016859
38720	37.8083943008833
38726	37.808394300191
38732	37.8083942978936
38752	37.808394295765
38762	37.8083942949569
38764	37.8083942924467
38768	37.808394291202
38776	37.8083942897779
38778	37.808394284919
38804	37.8083942787687
38806	37.8083942767963
38812	37.8083942742537
38824	37.8083942712197
38842	37.8083942693574
38854	37.8083942611677
38864	37.8083942575449
38876	37.8083942511464
38920	37.8083942490446
38926	37.808394248258
38940	37.8083942459609
38952	37.8083942436935
38970	37.8083942417613
38984	37.8083942354171
38988	37.8083942351872
39022	37.8083942283692
39072	37.8083942269230
39074	37.8083942265817
39094	37.8083942261513
39096	37.8083942261062
39100	37.8083942240453
39108	37.8083942235486
39110	37.8083942211409
39118	37.8083942202085
39124	37.8083942186463
39136	37.8083942179964
39144	37.8083942131223
39150	37.8083942099499
39158	37.808394209314
39166	37.8083942049710
39168	37.8083942022585
39172	37.8083942016252
39192	37.8083942012190
39194	37.808394197198
39200	37.8083941966587
39206	37.8083941949685
39210	37.8083941937859
39212	37.808394191538
39220	37.8083941895688
39222	37.8083941891751
39240	37.8083941882646
39242	37.8083941869452
39250	37.8083941835588
39264	37.8083941828136
39266	37.8083941824997
39274	37.8083941793759
39304	37.80839417828
39308	37.8083941749751
39334	37.8083941731282
39344	37.8083941656214
39358	37.8083941641978
39386	37.8083941606913
39388	37.808394160552
39418	37.8083941594286
39428	37.8083941579948
39430	37.8083941569363
39438	37.8083941565658
39442	37.8083941553093
39450	37.8083941514303
39462	37.8083941509524
39464	37.8083941474842
39480	37.8083941446813
39500	37.8083941392462
39508	37.8083941367207
39526	37.8083941319891
39556	37.8083941312144
39558	37.8083941243368
39594	37.808394121158
39610	37.8083941191568
39620	37.8083941171980
39634	37.8083941142696
39656	37.8083941138416
39660	37.8083941109855
39682	37.8083941071326
39690	37.808394106327
39698	37.8083941054623
39706	37.8083941046915
39708	37.8083941038965
39722	37.8083941038094
39748	37.8083941030278
39752	37.8083941026873
39756	37.8083941006233
39774	37.8083940994475
39782	37.8083940986415
39806	37.8083940977594
39808	37.8083940974989
39810	37.808394097149
39812	37.8083940965541
39850	37.8083940927257
39888	37.8083940915551
39906	37.8083940898785
39912	37.8083940891131
39924	37.8083940859663
39928	37.8083940836990
39938	37.808394082928
39942	37.8083940808681
39946	37.8083940797492
39964	37.8083940768620
39976	37.8083940765512
39978	37.8083940733868
39982	37.8083940723154
40000	37.8083940702435
40010	37.8083940649302
40014	37.808394058985
40018	37.8083940542836
40034	37.8083940499842
40068	37.808394049841
40072	37.8083940474689
40084	37.8083940472213
40096	37.8083940445832
40108	37.8083940430291
40118	37.8083940418008
40122	37.8083940390835
40172	37.8083940382834
40176	37.8083940362499
40182	37.8083940330539
40188	37.8083940322022
40200	37.80839403001
40202	37.8083940295097
40214	37.8083940290688
40232	37.8083940284326
40234	37.8083940280343
40254	37.8083940266042
40256	37.8083940238493
40258	37.8083940227479
40264	37.8083940215649
40284	37.8083940204514
40298	37.8083940162278
40304	37.8083940151983
40318	37.8083940138661
40330	37.808394012715
40334	37.8083940112847
40354	37.8083940081031
40384	37.8083940078581
40386	37.8083940060824
40424	37.808394004949
40466	37.8083940049041
40478	37.8083940037283
40488	37.8083940022963
40498	37.8083940013808
40514	37.8083940003206
40532	37.8083940002784
40554	37.8083940002768
40558	37.8083939997491
40564	37.8083939970509
40582	37.8083939970406
40584	37.8083939969664
40606	37.8083939968484
40612	37.8083939966228
40616	37.8083939959587
40620	37.808393994726
40638	37.8083939925876
40656	37.8083939901601
40658	37.8083939877227
40676	37.8083939874676
40712	37.8083939859596
40718	37.8083939851619
40738	37.8083939850387
40740	37.8083939842265
40754	37.8083939827222
40760	37.8083939781018
40764	37.8083939762678
40788	37.8083939756817
40794	37.8083939752645
40818	37.8083939725773
40828	37.8083939714487
40850	37.8083939692893
40854	37.8083939689432
40858	37.8083939654126
40910	37.8083939649876
40912	37.8083939640528
40920	37.8083939638746
40922	37.8083939632196
40954	37.80839396227
40972	37.8083939614617
40976	37.8083939613072
40980	37.8083939607327
40984	37.808393959292
40986	37.8083939574782
40994	37.808393957167
41002	37.8083939559997
41018	37.808393955943
41040	37.8083939549646
41048	37.8083939537905
41070	37.8083939526222
41072	37.8083939516746
41074	37.8083939509641
41088	37.8083939483448
41102	37.808393947558
41146	37.8083939450966
41166	37.8083939437832
41180	37.8083939434002
41182	37.8083939433257
41202	37.808393942475
41206	37.8083939419687
41212	37.8083939406207
41226	37.8083939406065
41240	37.8083939403337
41250	37.808393938123
41292	37.8083939370167
41310	37.8083939366144
41312	37.8083939364203
41326	37.8083939353778
41328	37.8083939332245
41368	37.8083939316291
41382	37.808393930929
41402	37.8083939303572
41410	37.8083939296373
41422	37.8083939295642
41442	37.8083939289991
41458	37.8083939285336
41468	37.808393928156
41482	37.8083939274409
41494	37.8083939264322
41498	37.8083939260814
41504	37.8083939257805
41516	37.8083939235463
41534	37.808393923105
41542	37.8083939226358
41580	37.8083939216711
41582	37.808393921339
41590	37.8083939206348
41614	37.8083939191455
41620	37.8083939190861
41624	37.8083939179312
41630	37.808393917755
41640	37.8083939163737
41650	37.8083939163542
41656	37.8083939161335
41664	37.8083939157727
41680	37.8083939154614
41682	37.8083939141490
41684	37.8083939138935
41702	37.8083939102624
41716	37.8083939100402
41740	37.8083939062135
41758	37.8083939052908
41762	37.8083939021639
41796	37.8083939014326
41808	37.8083938968392
41842	37.8083938963495
41846	37.8083938949927
41864	37.8083938929542
41874	37.8083938928227
41886	37.808393889998
41890	37.8083938869486
41910	37.8083938837524
41932	37.8083938822326
41952	37.8083938821880
41958	37.8083938806157
41972	37.8083938792159
41984	37.808393878044
42000	37.8083938760177
42020	37.8083938727063
42048	37.8083938688214
42100	37.8083938661791
42126	37.8083938655919
42128	37.8083938655341
42134	37.8083938634495
42138	37.8083938594518
42144	37.8083938581850
42176	37.8083938578513
42182	37.8083938577419
42206	37.8083938574
42222	37.8083938573538
42226	37.8083938570393
42230	37.8083938566834
42234	37.8083938566455
42244	37.8083938561909
42250	37.8083938558645
42258	37.8083938551824
42260	37.8083938550127
42264	37.808393854796
42272	37.8083938534734
42276	37.8083938516781
42292	37.8083938498904
42298	37.8083938498773
42318	37.8083938491107
42326	37.8083938465561
42332	37.8083938442738
42348	37.8083938433162
42368	37.808393842682
42376	37.8083938409886
42404	37.8083938399903
42412	37.8083938395073
42444	37.8083938379653
42492	37.808393836075
42506	37.8083938348709
42520	37.808393833282
42544	37.8083938329452
42566	37.8083938320047
42588	37.808393831262
42598	37.8083938298379
42622	37.8083938297569
42630	37.8083938297052
42638	37.8083938287123
42666	37.8083938274525
42678	37.8083938273929
42680	37.8083938271266
42696	37.8083938269719
42706	37.8083938249656
42722	37.8083938248565
42754	37.8083938245525
42774	37.8083938240161
42792	37.808393823896
42800	37.8083938235353
42806	37.8083938231000
42812	37.8083938228697
42814	37.8083938224593
42820	37.8083938224347
42822	37.8083938214502
42834	37.8083938207156
42836	37.8083938205021
42848	37.8083938196352
42852	37.808393818934
42854	37.8083938186954
42864	37.8083938181838
42876	37.8083938174879
42880	37.8083938158573
42908	37.8083938155327
42912	37.8083938152315
42918	37.8083938150548
42922	37.8083938143883
42942	37.8083938137734
42962	37.8083938137593
42964	37.8083938128788
42968	37.8083938120129
42972	37.8083938117022
42994	37.8083938106818
43004	37.8083938101646
43018	37.8083938087776
43022	37.8083938081970
43030	37.8083938076075
43044	37.8083938071951
43050	37.8083938069235
43062	37.8083938067129
43066	37.8083938055502
43118	37.8083938049535
43126	37.808393804587
43132	37.8083938043329
43158	37.8083938042655
43166	37.8083938036257
43168	37.808393802833
43198	37.8083938019575
43238	37.8083938015440
43278	37.8083938003322
43306	37.8083938002227
43310	37.8083938001763
43324	37.8083938001061
43336	37.8083937995299
43342	37.8083937989647
43360	37.8083937985722
43402	37.8083937981796
43416	37.8083937977648
43462	37.8083937974068
43464	37.808393797046
43468	37.8083937969831
43478	37.8083937968059
43496	37.8083937963578
43536	37.8083937957562
43558	37.8083937954679
43584	37.8083937954291
43612	37.8083937954118
43636	37.8083937953293
43638	37.8083937952906
43648	37.808393795089
43672	37.8083937950398
43676	37.8083937948666
43724	37.8083937948117
43732	37.8083937945955
43768	37.8083937945789
43772	37.8083937945281
43788	37.8083937944334
43796	37.8083937942733
43800	37.8083937940774
43822	37.8083937940673
43826	37.8083937939532
43840	37.8083937937747
43870	37.808393793605
43880	37.8083937934578
43890	37.8083937934575
43892	37.8083937932422
43894	37.8083937931954
43906	37.8083937925639
43916	37.808393791979
43932	37.8083937919345
43934	37.808393791694
43940	37.8083937915886
43984	37.8083937913831
43992	37.8083937913793
43994	37.808393791296
44000	37.8083937911239
44018	37.808393790569
44022	37.8083937897739
44040	37.8083937896693
44052	37.808393789352
44064	37.808393788798
44096	37.8083937881509
44166	37.8083937881424
44180	37.8083937875638
44194	37.8083937875352
44200	37.8083937873769
44214	37.8083937871781
44220	37.8083937869974
44248	37.8083937865486
44256	37.8083937864173
44262	37.8083937861131
44268	37.8083937860373
44276	37.8083937851923
44290	37.808393784482
44332	37.8083937841304
44356	37.8083937839796
44360	37.8083937838243
44372	37.8083937838054
44378	37.8083937834630
44380	37.8083937833325
44386	37.8083937832375
44394	37.8083937830101
44400	37.8083937829897
44422	37.8083937826988
44428	37.8083937823125
44448	37.8083937821756
44464	37.8083937821738
44468	37.8083937816323
44480	37.8083937810663
44504	37.8083937796442
44524	37.8083937795450
44550	37.8083937786043
44568	37.8083937780193
44584	37.8083937779706
44598	37.8083937777530
44618	37.8083937767071
44634	37.8083937765237
44678	37.8083937764982
44686	37.8083937763915
44692	37.8083937763205
44700	37.8083937761989
44714	37.8083937761842
44718	37.8083937759140
44724	37.8083937754949
44740	37.8083937753626
44752	37.8083937753207
44756	37.8083937752499
44772	37.8083937750361
44774	37.808393774718
44786	37.8083937746790
44812	37.8083937745746
44820	37.8083937745541
44822	37.8083937745259
44824	37.8083937742627
44838	37.808393774166
44860	37.808393774133
44870	37.8083937740283
44876	37.8083937738608
44878	37.8083937735841
44882	37.8083937735385
44890	37.8083937734669
44894	37.8083937729477
44896	37.8083937728961
44910	37.8083937722262
44940	37.8083937715127
44970	37.8083937714706
44974	37.8083937712408
44990	37.8083937711588
45004	37.8083937708582
45040	37.808393770722
45050	37.8083937706945
45062	37.8083937705449
45082	37.8083937704963
45122	37.8083937703063
45144	37.8083937702607
45146	37.8083937702223
45150	37.8083937701729
45152	37.8083937700788
45162	37.8083937697510
45204	37.8083937697264
45212	37.8083937696875
45214	37.8083937696051
45230	37.8083937692373
45236	37.8083937692163
45268	37.8083937690531
45276	37.8083937690166
45278	37.8083937687656
45302	37.8083937686774
45312	37.8083937685094
45324	37.8083937684584
45328	37.8083937683551
45342	37.8083937682751
45352	37.808393768255
45360	37.8083937682524
45364	37.8083937678998
45372	37.8083937678040
45374	37.8083937675298
45396	37.8083937672014
45408	37.8083937671615
45424	37.8083937668980
45442	37.8083937667353
45450	37.8083937667268
45452	37.8083937664609
45454	37.8083937664155
45472	37.8083937661161
45494	37.808393766028
45498	37.808393765812
45534	37.8083937656719
45536	37.8083937654738
45556	37.8083937652368
45572	37.8083937651878
45584	37.808393765051
45598	37.8083937649353
45600	37.8083937643481
45606	37.8083937642209
45616	37.8083937641121
45638	37.8083937638375
45644	37.8083937636973
45654	37.8083937633568
45664	37.80839376305
45672	37.8083937630487
45688	37.8083937629361
45690	37.8083937628119
45692	37.8083937624736
45696	37.808393762264
45710	37.8083937622112
45714	37.8083937619281
45758	37.8083937617266
45790	37.8083937616418
45810	37.808393761543
45812	37.8083937614865
45818	37.808393761445
45832	37.8083937614101
45840	37.8083937612372
45848	37.8083937610657
45860	37.8083937609629
45870	37.8083937608515
45878	37.8083937607278
45890	37.8083937605865
45914	37.8083937604265
45942	37.8083937601566
45948	37.8083937600601
45972	37.8083937599378
45992	37.8083937599019
45996	37.8083937597775
46004	37.8083937595834
46032	37.8083937595011
46036	37.8083937594983
46038	37.8083937594891
46042	37.8083937591883
46068	37.8083937590955
46072	37.8083937589955
46096	37.8083937589191
46114	37.8083937587534
46128	37.8083937586579
46148	37.8083937584935
46152	37.8083937584286
46166	37.8083937582944
46188	37.8083937582141
46190	37.8083937581755
46192	37.8083937578056
46208	37.8083937576967
46222	37.8083937575424
46224	37.8083937574585
46240	37.8083937574292
46260	37.8083937570051
46284	37.8083937568375
46304	37.8083937567805
46308	37.8083937567660
46314	37.8083937567432
46318	37.8083937565726
46322	37.8083937564245
46356	37.8083937563643
46362	37.8083937562356
46376	37.8083937561568
46394	37.8083937560147
46422	37.8083937559365
46426	37.8083937559362
46428	37.8083937558032
46442	37.8083937557793
46444	37.8083937556825
46480	37.8083937556716
46488	37.8083937555049
46502	37.8083937553854
46518	37.8083937553823
46524	37.8083937552947
46532	37.8083937552053
46544	37.8083937551705
46550	37.8083937551392
46564	37.8083937550771
46570	37.8083937550054
46598	37.8083937549906
46606	37.8083937548573
46642	37.8083937548158
46658	37.8083937546907
46666	37.8083937546046
46694	37.8083937546012
46696	37.8083937544464
46716	37.8083937543263
46718	37.8083937541175
46732	37.8083937540689
46756	37.8083937540395
46760	37.808393753976
46768	37.8083937538682
46772	37.8083937538174
46798	37.8083937538142
46804	37.8083937537519
46806	37.8083937537134
46822	37.8083937535106
46826	37.8083937534941
46834	37.8083937534323
46844	37.8083937533773
46852	37.8083937532519
46872	37.8083937531766
46878	37.8083937530774
46880	37.8083937530117
46912	37.8083937529656
46944	37.8083937529143
46966	37.8083937527083
46984	37.8083937526932
46990	37.8083937525682
47004	37.808393752445
47016	37.8083937524219
47032	37.8083937522554
47048	37.8083937521841
47054	37.8083937521732
47074	37.8083937521614
47076	37.8083937519397
47092	37.808393751813
47102	37.808393751742
47128	37.8083937516069
47140	37.8083937515908
47148	37.8083937515854
47154	37.8083937515852
47174	37.8083937515274
47176	37.8083937513671
47202	37.8083937513227
47204	37.8083937512595
47206	37.8083937511404
47218	37.808393750941
47224	37.8083937508499
47248	37.8083937507429
47272	37.8083937506958
47316	37.808393750686
47328	37.8083937506741
47336	37.8083937506499
47338	37.8083937505781
47356	37.8083937504999
47360	37.8083937504907
47362	37.8083937504751
47376	37.8083937504421
47378	37.8083937504299
47384	37.8083937503934
47386	37.8083937503882
47392	37.8083937503583
47396	37.8083937503574
47400	37.8083937502882
47418	37.8083937502801
47420	37.8083937502484
47422	37.8083937501397
47430	37.8083937501276
47436	37.8083937500756
47442	37.8083937500183
47468	37.8083937499415
47470	37.8083937499269
47476	37.8083937499214
47484	37.8083937499085
47502	37.8083937498907
47526	37.8083937498448
47530	37.8083937498434
47532	37.8083937497318
47536	37.80839374973
47540	37.8083937496987
47542	37.8083937496553
47556	37.80839374955
47586	37.8083937495306
47592	37.8083937494613
47608	37.8083937494565
47618	37.8083937494454
47620	37.8083937494066
47638	37.8083937493587
47644	37.8083937493272
47664	37.8083937492155
47686	37.8083937491944
47698	37.8083937491916
47708	37.8083937491143
47720	37.8083937491136
47732	37.8083937490816
47758	37.8083937490245
47768	37.8083937490063
47778	37.8083937489509
47804	37.8083937488405
47810	37.8083937487683
47818	37.8083937487073
47834	37.8083937486394
47836	37.8083937486354
47838	37.8083937485824
47850	37.8083937485287
47866	37.8083937483858
47900	37.8083937483289
47918	37.808393748312
47920	37.8083937482555
47928	37.8083937482244
47942	37.808393748204
47948	37.8083937481876
47954	37.8083937481597
47972	37.8083937481202
47992	37.808393748112
47994	37.8083937481101
48000	37.8083937480789
48006	37.8083937480197
48026	37.8083937479506
48050	37.8083937479121
48064	37.8083937479111
48066	37.8083937478967
48076	37.8083937477985
48090	37.8083937477983
48102	37.8083937477616
48106	37.8083937477430
48116	37.8083937477304
48120	37.8083937477078
48124	37.8083937476399
48132	37.8083937476053
48140	37.8083937475883
48152	37.8083937475662
48162	37.8083937475613
48170	37.8083937475284
48172	37.8083937474218
48224	37.8083937474128
48230	37.8083937473933
48236	37.8083937473679
48248	37.8083937473443
48262	37.8083937473208
48286	37.8083937473026
48288	37.8083937472551
48306	37.8083937472176
48310	37.8083937471992
48340	37.8083937471969
48352	37.8083937471741
48356	37.8083937471642
48360	37.808393747146
48372	37.8083937471438
48376	37.8083937471336
48382	37.8083937471291
48386	37.8083937470877
48388	37.8083937470538
48400	37.8083937470264
48436	37.8083937469989
48444	37.8083937469953
48466	37.8083937469889
48468	37.808393746983
48478	37.8083937469758
48488	37.8083937469562
48502	37.8083937469509
48504	37.8083937469358
48518	37.8083937469254
48534	37.8083937469185
48538	37.8083937469039
48540	37.8083937468955
48546	37.8083937468283
48554	37.8083937468063
48556	37.8083937467661
48564	37.8083937467533
48568	37.8083937466932
48590	37.8083937466930
48600	37.8083937466691
48604	37.8083937466687
48630	37.808393746654
48662	37.8083937466201
48690	37.8083937466073
48718	37.8083937465865
48722	37.8083937465632
48744	37.8083937465627
48748	37.8083937465468
48760	37.8083937465362
48800	37.8083937465302
48806	37.8083937465232
48812	37.8083937465169
48844	37.8083937465116
48852	37.8083937465107
48868	37.8083937465065
48906	37.8083937464942
48928	37.8083937464845
48952	37.8083937464811
48966	37.8083937464804
48968	37.8083937464734
48990	37.8083937464711
48998	37.8083937464615
49022	37.8083937464523
49030	37.8083937464467
49032	37.8083937464344
49052	37.8083937464306
49080	37.808393746427
49086	37.808393746426
49098	37.8083937464236
49100	37.8083937464235
49104	37.8083937464198
49110	37.8083937464191
49132	37.8083937464176
49156	37.8083937464115
49160	37.8083937464077
49164	37.8083937464053
49192	37.8083937463972
49224	37.8083937463914
49236	37.8083937463905
49248	37.8083937463871
49262	37.8083937463836
49290	37.8083937463819
49292	37.8083937463817
49294	37.8083937463810
49296	37.8083937463798
49300	37.8083937463760
49312	37.8083937463752
49334	37.8083937463688
49344	37.8083937463659
49348	37.8083937463591
49378	37.8083937463591
49384	37.8083937463574
49388	37.8083937463546
49394	37.8083937463541
49396	37.8083937463529
49400	37.8083937463492
49434	37.8083937463488
49436	37.8083937463475
49444	37.8083937463474
49452	37.808393746346
49458	37.808393746343
49472	37.8083937463421
49480	37.8083937463369
49484	37.8083937463369
49506	37.8083937463349
49522	37.8083937463347
49530	37.8083937463336
49534	37.8083937463321
49564	37.8083937463264
49574	37.8083937463256
49588	37.8083937463227
49608	37.8083937463219
49620	37.8083937463216
49628	37.8083937463163
49654	37.8083937463138
49668	37.8083937463126
49678	37.8083937463113
49688	37.8083937463105
49698	37.8083937463092
49714	37.8083937463076
49736	37.8083937463073
49740	37.8083937463064
49744	37.8083937463055
49746	37.8083937463048
49750	37.8083937463036
49754	37.8083937463028
49766	37.8083937462982
49782	37.8083937462979
49784	37.8083937462970
49788	37.8083937462953
49792	37.8083937462951
49794	37.8083937462947
49796	37.8083937462889
49802	37.8083937462888
49814	37.8083937462873
49822	37.8083937462869
49830	37.8083937462852
49848	37.8083937462817
49878	37.8083937462807
49882	37.8083937462806
49888	37.8083937462788
49900	37.8083937462764
49910	37.8083937462716
49920	37.8083937462678
49922	37.8083937462665
49938	37.8083937462649
49940	37.8083937462635
49944	37.8083937462572
49954	37.8083937462436
49958	37.8083937462409
49976	37.8083937462389
49978	37.8083937462332
49984	37.8083937462320
49986	37.8083937462259
49994	37.808393746225
50016	37.8083937462246
50024	37.8083937462235
50026	37.8083937462229
50028	37.808393746217
50038	37.8083937462158
50040	37.8083937462122
50048	37.8083937462073
50054	37.8083937462069
50084	37.8083937462037
50104	37.8083937461974
50122	37.8083937461957
50138	37.8083937461951
50144	37.8083937461944
50150	37.8083937461936
50158	37.8083937461935
50164	37.8083937461925
50168	37.8083937461923
50180	37.8083937461897
50204	37.8083937461835
50208	37.8083937461814
50228	37.8083937461802
50234	37.8083937461769
50264	37.8083937461743
50280	37.8083937461738
50284	37.8083937461736
50316	37.8083937461712
50320	37.8083937461681
50322	37.808393746168
50334	37.8083937461676
50336	37.8083937461643
50358	37.8083937461637
50360	37.8083937461619
50370	37.808393746158
50402	37.8083937461549
50410	37.8083937461541
50432	37.8083937461522
50440	37.8083937461517
50470	37.8083937461466
50494	37.8083937461462
50500	37.8083937461422
50520	37.8083937461418
50538	37.808393746141
50568	37.8083937461397
50574	37.8083937461373
50590	37.8083937461354
50614	37.8083937461346
50624	37.8083937461331
50628	37.8083937461299
50634	37.808393746129
50648	37.808393746129
50654	37.8083937461259
50666	37.8083937461252
50676	37.8083937461249
50684	37.8083937461247
50686	37.8083937461231
50694	37.808393746122
50704	37.8083937461220
50708	37.8083937461211
50712	37.808393746121
50734	37.8083937461199
50742	37.8083937461195
50746	37.8083937461169
50752	37.8083937461158
50768	37.8083937461157
50772	37.8083937461136
50778	37.8083937461133
50802	37.8083937461118
50812	37.8083937461110
50826	37.8083937461105
50834	37.8083937461084
50858	37.8083937461082
50866	37.8083937461082
50874	37.8083937461080
50876	37.8083937461072
50886	37.8083937461039
50918	37.8083937460998
50922	37.8083937460976
50950	37.8083937460947
50976	37.808393746093
50992	37.8083937460921
51002	37.8083937460906
51006	37.8083937460863
51022	37.8083937460846
51028	37.8083937460821
51034	37.8083937460793
51048	37.8083937460765
51074	37.8083937460741
51080	37.8083937460723
51090	37.8083937460698
51096	37.8083937460675
51130	37.8083937460654
51142	37.8083937460636
51150	37.8083937460634
51154	37.8083937460573
51194	37.80839374605
51200	37.8083937460447
51212	37.8083937460417
51222	37.8083937460413
51224	37.8083937460394
51230	37.8083937460385
51246	37.8083937460349
51254	37.8083937460339
51256	37.8083937460332
51260	37.8083937460325
51272	37.8083937460298
51278	37.8083937460278
51310	37.8083937460253
51326	37.8083937460253
51330	37.8083937460248
51348	37.8083937460246
51352	37.8083937460245
51362	37.8083937460233
51364	37.8083937460216
51366	37.8083937460206
51396	37.8083937460205
51404	37.8083937460181
51460	37.8083937460168
51472	37.8083937460167
51492	37.8083937460143
51496	37.8083937460133
51524	37.8083937460122
51554	37.8083937460106
51560	37.8083937460104
51564	37.8083937460065
51602	37.8083937460059
51618	37.8083937460042
51626	37.8083937460032
51636	37.8083937460026
51644	37.8083937460013
51674	37.8083937460003
51678	37.8083937459999
51698	37.8083937459991
51724	37.8083937459980
51750	37.8083937459980
51754	37.8083937459970
51762	37.8083937459964
51772	37.8083937459960
51778	37.8083937459937
51820	37.8083937459935
51826	37.8083937459933
51834	37.8083937459923
51836	37.8083937459919
51844	37.8083937459916
51846	37.8083937459884
51858	37.8083937459872
51878	37.8083937459861
51912	37.8083937459857
51940	37.8083937459848
51948	37.8083937459846
51950	37.8083937459842
51966	37.808393745984
51986	37.8083937459834
51990	37.8083937459831
51992	37.808393745982
52016	37.8083937459806
52030	37.8083937459795
52060	37.8083937459792
52072	37.8083937459787
52074	37.8083937459777
52106	37.8083937459771
52116	37.8083937459769
52142	37.8083937459767
52144	37.8083937459761
52146	37.8083937459756
52170	37.8083937459748
52202	37.8083937459744
52216	37.8083937459742
52236	37.8083937459739
52238	37.8083937459729
52242	37.8083937459729
52256	37.8083937459728
52258	37.8083937459722
52262	37.808393745972
52272	37.808393745972
52274	37.8083937459719
52278	37.8083937459712
52286	37.8083937459704
52306	37.8083937459696
52324	37.8083937459696
52328	37.8083937459694
52332	37.8083937459693
52352	37.8083937459684
52364	37.8083937459681
52368	37.8083937459680
52372	37.8083937459671
52384	37.8083937459671
52392	37.8083937459669
52396	37.8083937459667
52402	37.8083937459660
52424	37.8083937459659
52426	37.8083937459647
52438	37.8083937459645
52484	37.8083937459641
52496	37.8083937459637
52510	37.8083937459621
52532	37.8083937459615
52536	37.8083937459611
52546	37.8083937459609
52550	37.8083937459607
52568	37.8083937459607
52584	37.8083937459605
52588	37.8083937459602
52598	37.8083937459601
52600	37.80839374596
52604	37.8083937459598
52612	37.8083937459597
52624	37.8083937459588
52632	37.8083937459583
52646	37.8083937459582
52648	37.8083937459581
52670	37.808393745958
52672	37.8083937459572
52688	37.8083937459561
52706	37.8083937459557
52716	37.8083937459554
52746	37.8083937459552
52764	37.8083937459549
52796	37.8083937459547
52826	37.8083937459547
52830	37.8083937459544
52840	37.8083937459544
52842	37.808393745954
52864	37.8083937459539
52872	37.8083937459539
52878	37.8083937459538
52886	37.8083937459534
52898	37.8083937459533
52904	37.8083937459532
52914	37.8083937459528
52924	37.8083937459525
52940	37.8083937459519
52984	37.8083937459518
52994	37.8083937459517
53008	37.8083937459516
53022	37.8083937459514
53032	37.8083937459511
53040	37.808393745951
53052	37.8083937459509
53058	37.8083937459503
53086	37.8083937459501
53090	37.8083937459499
53106	37.8083937459497
53116	37.8083937459496
53120	37.8083937459496
53124	37.8083937459495
53128	37.8083937459494
53164	37.8083937459492
53170	37.808393745949
53202	37.808393745949
53210	37.8083937459486
53212	37.8083937459485
53216	37.8083937459481
53226	37.8083937459478
53238	37.8083937459477
53242	37.8083937459471
53268	37.8083937459469
53284	37.8083937459468
53286	37.8083937459464
53292	37.8083937459464
53294	37.8083937459463
53296	37.8083937459461
53304	37.808393745946
53314	37.8083937459457
53316	37.8083937459454
53322	37.8083937459452
53326	37.8083937459450
53344	37.8083937459448
53368	37.8083937459445
53380	37.8083937459444
53382	37.808393745944
53386	37.8083937459438
53396	37.8083937459436
53404	37.8083937459435
53418	37.8083937459434
53426	37.8083937459428
53476	37.8083937459421
53512	37.8083937459419
53518	37.8083937459418
53540	37.8083937459416
53542	37.8083937459413
53562	37.8083937459411
53570	37.8083937459409
53578	37.8083937459408
53594	37.8083937459407
53602	37.8083937459405
53604	37.8083937459405
53606	37.80839374594
53608	37.8083937459396
53640	37.8083937459396
53674	37.8083937459395
53676	37.8083937459393
53682	37.8083937459393
53702	37.8083937459391
53716	37.8083937459389
53754	37.8083937459388
53756	37.8083937459388
53758	37.8083937459388
53762	37.8083937459386
53782	37.8083937459384
53800	37.8083937459382
53804	37.8083937459381
53828	37.8083937459381
53832	37.8083937459379
53858	37.8083937459378
53868	37.8083937459376
53870	37.8083937459367
53878	37.8083937459367
53880	37.8083937459364
53892	37.8083937459364
53920	37.8083937459362
53930	37.8083937459362
53936	37.8083937459358
53976	37.8083937459357
53990	37.8083937459356
54000	37.8083937459356
54004	37.8083937459354
54036	37.8083937459354
54050	37.8083937459353
54052	37.8083937459351
54084	37.8083937459350
54090	37.808393745935
54092	37.8083937459349
54102	37.8083937459348
54104	37.8083937459346
54118	37.8083937459343
54136	37.8083937459342
54138	37.808393745934
54180	37.8083937459339
54184	37.8083937459339
54190	37.8083937459338
54208	37.8083937459338
54210	37.8083937459337
54212	37.8083937459336
54248	37.8083937459333
54270	37.808393745933
54294	37.808393745933
54314	37.8083937459329
54326	37.8083937459327
54328	37.8083937459325
54336	37.8083937459324
54360	37.8083937459323
54388	37.8083937459322
54410	37.8083937459319
54420	37.8083937459315
54458	37.8083937459311
54462	37.8083937459311
54476	37.808393745931
54478	37.8083937459307
54480	37.8083937459305
54512	37.8083937459305
54514	37.8083937459304
54528	37.8083937459299
54542	37.8083937459295
54582	37.8083937459295
54586	37.8083937459294
54594	37.8083937459293
54612	37.8083937459292
54622	37.8083937459292
54624	37.8083937459292
54626	37.8083937459289
54636	37.8083937459288
54648	37.8083937459287
54650	37.8083937459286
54664	37.8083937459286
54680	37.8083937459286
54690	37.8083937459285
54696	37.8083937459285
54698	37.8083937459285
54704	37.8083937459284
54714	37.8083937459283
54726	37.8083937459283
54742	37.8083937459281
54758	37.8083937459281
54782	37.808393745928
54788	37.808393745928
54800	37.8083937459279
54802	37.8083937459278
54812	37.8083937459278
54824	37.8083937459278
54828	37.8083937459277
54832	37.8083937459276
54854	37.8083937459276
54868	37.8083937459276
54884	37.8083937459275
54886	37.8083937459274
54908	37.8083937459274
54916	37.8083937459273
54926	37.8083937459273
54940	37.8083937459272
54950	37.8083937459272
54954	37.8083937459270
54984	37.8083937459269
54986	37.8083937459267
54992	37.8083937459266
55008	37.8083937459265
55022	37.8083937459264
55040	37.8083937459264
55042	37.8083937459262
55048	37.8083937459262
55058	37.808393745926
55074	37.8083937459258
55086	37.8083937459258
55120	37.8083937459257
55122	37.8083937459257
55126	37.8083937459255
55136	37.8083937459255
55140	37.8083937459254
55142	37.8083937459253
55150	37.8083937459253
55162	37.8083937459252
55190	37.8083937459251
55192	37.808393745925
55210	37.8083937459250
55214	37.8083937459250
55216	37.8083937459249
55224	37.8083937459247
55230	37.8083937459245
55242	37.8083937459243
55262	37.8083937459243
55266	37.8083937459242
55286	37.8083937459239
55298	37.8083937459239
55310	37.8083937459239
55318	37.8083937459238
55322	37.8083937459236
55350	37.8083937459235
55374	37.8083937459234
55380	37.8083937459234
55410	37.8083937459233
55444	37.8083937459232
55462	37.8083937459232
55476	37.8083937459232
55502	37.8083937459232
55508	37.8083937459232
55510	37.8083937459231
55512	37.8083937459231
55514	37.8083937459231
55524	37.8083937459231
55536	37.8083937459230
55542	37.808393745923
55566	37.8083937459229
55582	37.8083937459229
55584	37.8083937459228
55620	37.8083937459227
55636	37.8083937459227
55648	37.8083937459227
55652	37.8083937459226
55670	37.8083937459226
55684	37.8083937459225
55710	37.8083937459224
55720	37.8083937459223
55722	37.8083937459223
55730	37.8083937459222
55736	37.8083937459222
55740	37.8083937459218
55746	37.8083937459216
55756	37.8083937459216
55758	37.8083937459215
55794	37.8083937459214
55806	37.8083937459214
55832	37.8083937459213
55858	37.8083937459213
55860	37.8083937459212
55872	37.8083937459211
55876	37.8083937459211
55910	37.8083937459211
55912	37.808393745921
55916	37.808393745921
55918	37.808393745921
55922	37.808393745921
55926	37.8083937459210
55928	37.8083937459209
55934	37.8083937459208
55942	37.8083937459208
55960	37.8083937459206
55976	37.8083937459206
56016	37.8083937459205
56020	37.8083937459205
56046	37.8083937459205
56068	37.8083937459205
56070	37.8083937459204
56082	37.8083937459204
56114	37.8083937459204
56118	37.8083937459203
56130	37.8083937459203
56144	37.8083937459203
56150	37.8083937459202
56152	37.8083937459201
56170	37.80839374592
56204	37.80839374592
56222	37.8083937459199
56244	37.8083937459199
56252	37.8083937459198
56254	37.8083937459197
56286	37.8083937459197
56298	37.8083937459196
56308	37.8083937459196
56316	37.8083937459196
56318	37.8083937459196
56320	37.8083937459195
56344	37.8083937459195
56358	37.8083937459195
56376	37.8083937459195
56382	37.8083937459194
56394	37.8083937459194
56402	37.8083937459194
56420	37.8083937459193
56444	37.8083937459193
56456	37.8083937459192
56466	37.8083937459192
56468	37.8083937459192
56490	37.8083937459191
56506	37.8083937459191
56536	37.808393745919
56564	37.8083937459189
56596	37.8083937459189
56600	37.8083937459188
56604	37.8083937459188
56610	37.8083937459188
56630	37.8083937459187
56632	37.8083937459187
56644	37.8083937459187
56658	37.8083937459186
56666	37.8083937459186
56668	37.8083937459186
56670	37.8083937459185
56728	37.8083937459185
56738	37.8083937459185
56748	37.8083937459184
56792	37.8083937459184
56794	37.8083937459183
56804	37.8083937459183
56814	37.8083937459183
56844	37.8083937459183
56852	37.8083937459183
56870	37.8083937459182
56900	37.8083937459182
56928	37.8083937459182
56930	37.8083937459182
56956	37.8083937459182
56996	37.8083937459182
57026	37.8083937459182
57048	37.8083937459181
57086	37.8083937459181
57100	37.8083937459181
57118	37.8083937459181
57122	37.8083937459181
57134	37.8083937459181
57148	37.8083937459181
57162	37.8083937459181
57184	37.8083937459180
57186	37.808393745918
57194	37.808393745918
57208	37.808393745918
57210	37.8083937459180
57216	37.8083937459179
57224	37.8083937459179
57226	37.8083937459179
57236	37.8083937459179
57246	37.8083937459179
57262	37.8083937459179
57266	37.8083937459178
57270	37.8083937459178
57300	37.8083937459178
57316	37.8083937459177
57334	37.8083937459177
57342	37.8083937459177
57344	37.8083937459177
57404	37.8083937459176
57436	37.8083937459176
57456	37.8083937459176
57460	37.8083937459176
57474	37.8083937459176
57516	37.8083937459176
57540	37.8083937459176
57556	37.8083937459175
57602	37.8083937459175
57626	37.8083937459175
57638	37.8083937459175
57646	37.8083937459175
57648	37.8083937459174
57656	37.8083937459174
57658	37.8083937459174
57662	37.8083937459174
57670	37.8083937459174
57674	37.8083937459174
57676	37.8083937459173
57680	37.8083937459173
57682	37.8083937459173
57684	37.8083937459173
57696	37.8083937459173
57754	37.8083937459173
57788	37.8083937459173
57794	37.8083937459173
57818	37.8083937459172
57838	37.8083937459172
57858	37.8083937459172
57862	37.8083937459172
57868	37.8083937459172
57894	37.8083937459171
57910	37.8083937459171
57914	37.8083937459171
57942	37.8083937459171
58000	37.8083937459171
58022	37.8083937459171
58036	37.8083937459171
58040	37.8083937459170
58064	37.8083937459170
58150	37.808393745917
58170	37.808393745917
58190	37.808393745917
58198	37.808393745917
58204	37.808393745917
58220	37.808393745917
58266	37.808393745917
58330	37.8083937459170
58382	37.8083937459170
58422	37.8083937459169
58502	37.8083937459169
58530	37.8083937459169
58550	37.8083937459169
58592	37.8083937459169
58648	37.8083937459169
58686	37.8083937459169
58690	37.8083937459169
58714	37.8083937459169
58730	37.8083937459169
58770	37.8083937459169
58774	37.8083937459168
58822	37.8083937459168
58824	37.8083937459168
58846	37.8083937459168
58870	37.8083937459168
58886	37.8083937459168
58936	37.8083937459168
58988	37.8083937459168
59016	37.8083937459168
59062	37.8083937459168
59162	37.8083937459168
59190	37.8083937459168
59232	37.8083937459168
59268	37.8083937459167
59314	37.8083937459167
59392	37.8083937459167
59454	37.8083937459167
59500	37.8083937459167
59590	37.8083937459167
59642	37.8083937459167
59708	37.8083937459167
59744	37.8083937459167
59768	37.8083937459167
59778	37.8083937459167
59786	37.8083937459166
59836	37.8083937459166
59888	37.8083937459166
59908	37.8083937459166
59936	37.8083937459166
59948	37.8083937459166
60006	37.8083937459166
60072	37.8083937459166
60094	37.8083937459166
60124	37.8083937459166
60172	37.8083937459165
60212	37.8083937459165
60318	37.8083937459165
60344	37.8083937459165
60438	37.8083937459165
60536	37.8083937459165
60696	37.8083937459165
60698	37.8083937459165
61314	37.8083937459165
61548	37.8083937459165
61564	37.8083937459165
61694	37.8083937459165
61704	37.8083937459164
61708	37.8083937459164
61728	37.8083937459164
61732	37.8083937459164
61738	37.8083937459164
61740	37.8083937459164
61770	37.8083937459164
61890	37.8083937459164
62046	37.8083937459164
62114	37.8083937459164
62128	37.8083937459164
62222	37.8083937459163
62346	37.8083937459163
62384	37.8083937459163
62512	37.8083937459163
62634	37.8083937459163
62702	37.8083937459163
62860	37.8083937459163
62896	37.8083937459163
62998	37.8083937459163
63132	37.8083937459163
63828	37.8083937459163
63836	37.8083937459162
64870	37.8083937459162
65592	37.8083937459162
66294	37.8083937459162
70514	37.8083937459162
70622	37.8083937459162
72202	37.8083937459162
74596	37.8083937459162
75410	37.8083937459162
76664	37.8083937459162
77676	37.8083937459162
94456	37.8083937459161
99524	37.8083937459161
108072	37.8083937459161
212622	37.8083937459161
300000	37.8083937459161
