52	492.869117624889
76	436.64414825562
100	377.569589314298
124	371.792847659620
134	322.032237902757
250	319.515707692784
356	313.842490351021
364	296.508300053809
504	286.618790410206
686	271.971674392515
730	256.843392296065
800	245.795109360176
978	223.736842443752
2618	205.853544365909
3996	188.5835675125
4184	179.411041494325
5460	171.209523684761
5610	168.116890838871
5692	157.601023467391
5752	142.912515348579
5848	136.685001175216
5948	130.41959845166
6020	124.826538613084
6024	119.968350137085
6052	116.578498361576
6056	115.284109266777
6070	111.470745813266
6078	111.398178030197
6088	110.307213010040
6098	104.040528980706
6158	103.081329287916
6166	100.647576812313
6180	99.9495105650815
6190	99.2467604376968
6198	98.8737757547166
6200	97.483591491311
6218	96.4224014382235
6242	94.137850990694
6250	93.7019496890695
6286	93.3002845021844
6302	92.4473072478817
6312	91.297528262972
6318	89.6046045630065
6328	89.1176987320286
6342	88.3642228497019
6356	86.8591903771027
6402	86.7271671751009
6404	85.1879611611318
6410	85.183957752778
6422	84.9936018667031
6426	84.3968888593292
6430	84.2489460950151
6442	84.067608810285
6458	82.505648565893
6470	81.8249588431296
6496	79.9821962177768
6520	79.7432557210073
6530	79.6614559512735
6532	78.5928297231571
6552	78.4536925067338
6558	78.249556590199
6560	76.3770070115482
6570	76.0314191113153
6582	74.9542021906868
6584	73.8148902985045
6606	73.0954635723246
6616	72.8156121720905
6642	71.8093305875165
6648	71.5375320981708
6650	71.2909275327658
6652	70.4536896582721
6664	70.4222894253815
6670	69.195256881852
6688	68.3952659346354
6704	67.7298103208287
6708	67.1953901839746
6718	67.0637105777768
6726	65.5496367379399
6728	64.7143714084795
6764	63.982974587477
6782	62.368462994406
6804	61.6052125764865
6818	60.5912064876311
6846	60.1636329760855
6848	59.8786276093381
6864	59.5453807464068
6884	57.8411424057233
6908	56.5371777011057
6920	56.1886579409395
6934	54.8046164771086
6972	54.2565837851675
6976	54.1328224592364
6998	53.7449096450703
7000	53.7077679921188
7008	53.346075231083
7024	53.1253117594657
7034	52.9430198609318
7048	52.7674239980680
7076	52.6848929335517
7088	52.6638210977789
7098	52.5551498433912
7100	52.4974177565762
7106	52.4940275539377
7120	52.2310533786701
7126	52.1696611155593
7130	52.15224994992
7140	52.05679111178
7148	52.0134199975805
7166	51.8254799076771
7188	51.4975680950084
7202	51.4064843739203
7206	51.3499670488582
7210	51.2615872194245
7222	51.0577490421972
7228	51.0371364871115
7246	51.0107138607737
7252	50.8791170541716
7262	50.687032612265
7264	50.3523652047661
7286	50.0285427403812
7296	50.0089325952943
7312	49.9670506760727
7316	49.9011330089959
7330	49.7362756434899
7348	49.4975255677688
7352	49.0475220673017
7354	48.9846885905434
7364	48.0587245293682
7394	47.9760052478269
7410	47.7815734882613
7418	47.7757617649034
7420	47.4161953950211
7432	47.1451507265852
7444	46.4607340174488
7450	46.4337589799677
7456	46.3856223821949
7478	46.1764536579322
7498	46.1668009907517
7512	46.0252429722706
7524	45.9678222607703
7538	45.4524106882058
7588	45.4048100233929
7602	45.3961241219041
7604	45.179142512581
7612	45.0666981173812
7614	44.9929392037402
7620	44.9368103675183
7642	44.4606347093707
7644	44.3949070679951
7662	44.3064046979131
7684	44.0156506739279
7708	43.8793861883809
7728	43.7399000652496
7752	43.591544400706
7776	43.3514989364026
7778	43.282403452414
7780	43.2083480272165
7786	43.0129381015105
7790	42.9725295001128
7792	42.9248781099417
7796	42.9196559931379
7800	42.6997878962549
7810	42.5697514947415
7812	42.2050488390451
7832	42.1963001733627
7842	41.9692594538211
7848	41.7772264893977
7856	41.5220876093189
7886	41.4227976515868
7894	41.2175817931490
7900	41.1435717932992
7906	41.1036596756815
7916	40.8330763593128
7924	40.6859934748344
7934	40.6536381091239
7936	40.4550366098136
7946	40.421696429564
7950	40.2779203925422
7962	40.2427987478373
7964	40.2266222178879
7982	40.1170981466798
7992	40.0849444244657
8004	40.0481358920974
8012	39.9465916046545
8030	39.8547635282687
8036	39.7148718239733
8046	39.6699435245279
8056	39.467780814152
8064	39.3138859847075
8070	39.0735591981179
8096	38.8824087713354
8104	38.8755625870673
8108	38.859176924743
8122	38.7386625709227
8126	38.7055702711771
8134	38.702935463374
8138	38.6982360029438
8146	38.4041293359595
8152	38.3211625635854
8170	38.2928105868336
8172	38.1047008812893
8194	37.9254697859752
8208	37.916228572456
8234	37.74288332721
8244	37.7062826238982
8252	37.6707196440885
8262	37.6233278025755
8264	37.6173066439024
8276	37.5178892362204
8280	37.5023697305224
8286	37.3995620584527
8316	37.1622794178514
8318	37.1291189313047
8324	37.0861933044908
8342	37.0815311681988
8348	36.9646205510227
8360	36.8856118171752
8364	36.838124604926
8384	36.6200619003646
8390	36.5286013480317
8402	36.4814551539767
8408	36.4622099452216
8414	36.3557659538038
8424	36.1862470144508
8432	36.1627304933613
8436	36.0891258202969
8466	35.6201614223546
8486	35.6107942126627
8496	35.3709399483034
8512	35.3090272284984
8524	35.0690554065803
8550	35.0690358077686
8554	35.0006464995491
8560	34.9979239405889
8568	34.809799908696
8582	34.7357248315117
8594	34.5086946024123
8608	34.403142669061
8624	34.3662374705003
8638	34.3561411664038
8640	34.3223918578403
8650	34.2901992307949
8664	34.24410406141
8666	34.1307651048892
8670	33.8747758223355
8714	33.8419773079329
8716	33.7568815313602
8734	33.3281281122848
8748	33.2314679665635
8764	33.0610924117818
8774	32.9818815033197
8780	32.7980128963745
8786	32.6089427798996
8830	32.5906054117770
8834	32.5076692435089
8858	32.4660455666698
8860	32.3478731691361
8868	32.2583836276241
8872	32.1786290656553
8886	32.149420468148
8894	32.0479123799134
8900	32.0355095123814
8910	32.0336936911658
8914	32.0236148121896
8918	31.7834987480449
8932	31.7595598672447
8934	31.7536819662156
8938	31.7094655096189
8940	31.6578170927680
8942	31.6072997695717
8958	31.3238919201227
8976	31.3089279379935
9000	31.2465285800656
9012	31.240848348163
9014	31.2001544216875
9016	31.1790849222732
9028	31.0962389598430
9038	30.7425650420509
9074	30.7084052545414
9088	30.6838424852062
9094	30.6147346928925
9116	30.6113378547169
9132	30.5028448407688
9148	30.467988222707
9164	30.4584481344443
9174	30.4500141498805
9180	30.4210082482762
9186	30.3950757336538
9200	30.393123905509
9214	30.3516062637505
9228	30.3442989678635
9236	30.3434135685469
9240	30.2967432892014
9246	30.2591961064793
9266	30.2585335736481
9270	30.2393262974968
9290	30.1904867225591
9310	30.172920011843
9314	30.1552494660002
9338	30.1112870810297
9368	30.1054857678797
9370	30.0772729460046
9376	30.0569702412590
9382	30.0434106012126
9392	30.0334327077202
9394	30.0119324371276
9402	30.0097223778197
9414	30.003323359955
9418	29.9495350660259
9422	29.922410472264
9428	29.8852555153865
9434	29.8768524181601
9460	29.8214930325744
9470	29.7963511091933
9496	29.7159211760002
9510	29.6946912245754
9542	29.6702463197993
9546	29.5709868990187
9554	29.5584058733487
9558	29.5291245861998
9562	29.4877583095932
9576	29.4876815204923
9582	29.4664864141442
9588	29.4236119313468
9610	29.3806885436540
9612	29.2943301719781
9622	29.2892640580774
9624	29.2890836337496
9636	29.2231853645016
9640	29.1733560940848
9656	29.0222325529870
9660	28.9989881105882
9662	28.9080128702775
9670	28.8146187492522
9720	28.8043556889180
9728	28.5969271548964
9740	28.5419051660864
9742	28.5383593093952
9762	28.5196634420163
9772	28.4961783685023
9774	28.4479970196603
9780	28.4270252058092
9784	28.3507255042689
9798	28.3317085194574
9806	28.257990930083
9810	28.2356730706814
9826	28.1664033077773
9836	28.1325100791742
9840	28.0466885105659
9850	27.9491254729136
9854	27.8950907021099
9870	27.8881416770906
9882	27.7970101474013
9916	27.7805699272399
9950	27.7791005594351
9952	27.7437789870071
9954	27.7168967435948
9962	27.6642331908901
9968	27.644773006767
9972	27.6268893699869
10010	27.5335987646644
10038	27.4981934948932
10054	27.4360486432637
10092	27.4310268896715
10096	27.3974947581887
10104	27.3970304553003
10110	27.3868181805364
10114	27.3725149909853
10146	27.3600939867103
10160	27.3112745238127
10162	27.2686841040298
10164	27.2408101313973
10172	27.2295278251235
10184	27.1587340678638
10196	27.1263485949211
10210	27.1115485823343
10234	27.0906578916651
10236	27.0524850522769
10252	27.0215240851997
10260	27.0078988812010
10276	26.9961195223621
10292	26.9683427209656
10302	26.9559214700406
10326	26.9524276283295
10332	26.9419355635172
10342	26.9268702306280
10352	26.9099885171194
10358	26.904414843048
10372	26.8689400991462
10392	26.8485641720085
10406	26.8405228245182
10418	26.8122951097528
10426	26.8080967038053
10430	26.7707621514883
10454	26.763551137916
10468	26.7205401130514
10488	26.7060446529373
10500	26.7022769769321
10504	26.695047240894
10522	26.6822769858033
10534	26.6674986206138
10554	26.6515240775575
10556	26.6488346177540
10560	26.6336576520134
10564	26.6319815039588
10572	26.6266126890385
10582	26.600492398
10604	26.5711770377189
10630	26.5658155227415
10656	26.5332153786078
10674	26.5290061185091
10684	26.5276135220104
10688	26.5121028538186
10714	26.4977936477810
10724	26.4930332841718
10732	26.4905214074871
10734	26.4691404475277
10742	26.4685786893424
10744	26.4551396119233
10746	26.4437976463345
10756	26.4428012525709
10776	26.4400325042288
10782	26.4352221674809
10784	26.422845009397
10810	26.4200969230149
10812	26.4106440076045
10814	26.403816280263
10820	26.4003682863027
10830	26.3787336891809
10846	26.3651133389625
10864	26.3573710136091
10888	26.3502881557774
10896	26.3392931643187
10898	26.3247398448126
10936	26.3236509730907
10946	26.3000170022278
10966	26.2956096325538
10980	26.2916384475438
10988	26.2778866567834
11010	26.2752651554988
11014	26.2664530417345
11018	26.2414732424627
11070	26.2412749591066
11074	26.2270198169315
11082	26.2246007963629
11098	26.217131534368
11100	26.2158085147654
11128	26.2060167684995
11134	26.2052008002043
11142	26.1990660092247
11150	26.197327554421
11156	26.1948183920622
11160	26.1932008289138
11174	26.1900814216001
11176	26.1732424825993
11192	26.1589981136092
11200	26.1579378506810
11206	26.1464630780582
11218	26.1402242532062
11222	26.1392680019075
11224	26.1317539723921
11228	26.1301514321109
11232	26.1062882325952
11246	26.0984699969612
11250	26.0954812507031
11260	26.0814920216126
11268	26.0813090851914
11296	26.0771233542021
11304	26.0656757782916
11334	26.0607602249616
11340	26.0582990712903
11348	26.0530223935775
11366	26.043673453423
11370	26.0206240726565
11396	26.0097251468302
11406	26.0042717271307
11422	25.9951112908032
11438	25.968816835312
11444	25.9560002524884
11474	25.9356926030890
11480	25.9275395914668
11494	25.8989060583309
11564	25.8825149126348
11602	25.8811422944755
11614	25.8808978520135
11616	25.8660391101275
11640	25.8555144633131
11650	25.8465578030577
11662	25.8464140576475
11668	25.8306627238846
11676	25.8290655724496
11700	25.8191683150147
11710	25.8152277803589
11714	25.7926482458490
11758	25.7768229265756
11772	25.7715132284741
11798	25.7671771587231
11802	25.7657834115036
11818	25.7545758305711
11844	25.7511347888528
11860	25.7328513214651
11890	25.7292358261473
11894	25.7262617988440
11904	25.7240281178644
11914	25.7185849904811
11926	25.7156245575608
11946	25.7060462633201
11964	25.7049313585486
11974	25.6940619794540
11992	25.6824704820722
11996	25.6823128023175
12002	25.668491527874
12004	25.6564295550197
12022	25.6538821989144
12042	25.6455073140628
12048	25.6338711256535
12058	25.6326635161089
12070	25.6231482517335
12076	25.6060451129426
12084	25.6045827742452
12086	25.5916352251989
12114	25.5731169064622
12132	25.5703411565764
12138	25.5604294462656
12148	25.5521528632318
12156	25.5388818575595
12164	25.5363012213254
12170	25.5163941774709
12184	25.5071211915686
12198	25.5049236871775
12206	25.4918826912933
12210	25.4903453208940
12216	25.4831453431557
12228	25.4808243630467
12242	25.4764346174044
12252	25.4699939538420
12268	25.4682964584624
12274	25.4658503086026
12300	25.4656502051273
12304	25.4655584639519
12310	25.4621989614674
12312	25.4570431047984
12330	25.4516511958506
12354	25.445897215922
12360	25.4441289893241
12372	25.4438306509527
12374	25.4400160846001
12376	25.4378637125362
12378	25.4373930948678
12394	25.4276105108638
12414	25.4253450067966
12448	25.4198667796385
12456	25.417932533368
12458	25.4141809724074
12460	25.4130453835327
12472	25.4123275768829
12492	25.4105881792492
12506	25.4095777331684
12508	25.4063491697059
12512	25.4017608360823
12536	25.3989230535276
12564	25.3948703046145
12578	25.3943411202349
12582	25.3915709639380
12590	25.3874564539708
12602	25.3842976429628
12618	25.3825918786366
12622	25.3809615779853
12648	25.37919969753
12654	25.3762471211821
12676	25.3757095105007
12686	25.3752768687485
12688	25.3732470716026
12690	25.3694066740018
12708	25.3656048248728
12724	25.3636136835117
12740	25.3606742098911
12750	25.3575124057491
12778	25.3554539824106
12804	25.3548357919544
12822	25.3533067659011
12826	25.3528803947025
12830	25.3523382815619
12836	25.3505116720300
12862	25.3484008044127
12872	25.3471235103184
12878	25.3452038041932
12906	25.3444692002483
12920	25.3439597010948
12940	25.3434076098472
12946	25.3418691407384
12970	25.3409909982958
12984	25.3388984605308
12986	25.3370799706813
13016	25.3355697282143
13032	25.3341771266828
13058	25.3292662606091
13072	25.3272070035399
13088	25.3249501786043
13098	25.3247433526894
13110	25.3213780969779
13126	25.3188434716401
13128	25.3175744438562
13160	25.3167232185724
13170	25.3164146836955
13178	25.3146744204432
13188	25.3129230446431
13190	25.3111730492359
13198	25.3085517697196
13222	25.3068686280877
13226	25.3066313941255
13228	25.3038420322861
13230	25.3012547084151
13234	25.2994254861791
13236	25.2945565531689
13246	25.2854839914219
13268	25.2835762581411
13270	25.2775932856756
13272	25.270588162324
13296	25.2699618687959
13300	25.2694422725956
13304	25.2689525076182
13306	25.2673710514235
13308	25.265740866691
13316	25.2581766377342
13350	25.2551572497163
13354	25.2465635163885
13370	25.2435640816143
13376	25.2400937974827
13396	25.2392700765513
13426	25.2381976940767
13428	25.2359402248362
13456	25.2357911392169
13458	25.2341303289102
13462	25.2319974525618
13478	25.2315076325396
13500	25.2311407284747
13508	25.2303009899268
13516	25.2293919599976
13532	25.2288395993010
13544	25.2282410434111
13558	25.2265021016041
13582	25.2246221611914
13584	25.2232864508652
13594	25.2224400574202
13602	25.2195887751997
13608	25.2167688940539
13638	25.216210693726
13640	25.2144204811027
13646	25.2122571308528
13672	25.2112390648328
13674	25.2099063201829
13690	25.2098534888269
13700	25.2095090162214
13706	25.2080799394768
13714	25.2061404917772
13736	25.2041340552735
13746	25.2040184748852
13766	25.2035494902900
13772	25.2021124158063
13786	25.1959506495097
13802	25.1946350176744
13814	25.1942681937972
13816	25.1939115382348
13820	25.1907730282714
13826	25.1839319428009
13828	25.1832324720862
13842	25.1831731462047
13846	25.1803954167596
13864	25.1798461571490
13866	25.179468774079
13870	25.1753300810604
13892	25.1747913926219
13904	25.1744848606344
13916	25.1715229580814
13928	25.1714963509300
13930	25.1674985061417
13932	25.1669238588258
13942	25.1640268285099
13950	25.1635411775625
13958	25.1628181777638
13962	25.1624933370507
13986	25.1572904195102
13998	25.1535126000188
14006	25.1535028673560
14014	25.1527632139924
14018	25.1496640315898
14044	25.1488097958235
14064	25.1478859794812
14068	25.1473155691198
14074	25.1455576712507
14076	25.1411773898445
14112	25.1380990371666
14128	25.1376245447649
14144	25.13740478124
14156	25.1359889551103
14162	25.1353736704030
14164	25.1330117950968
14168	25.1325570116054
14176	25.1298890198144
14210	25.1287412890431
14230	25.1285597004285
14232	25.1257882172801
14238	25.1246405551601
14246	25.1241764448712
14248	25.122246222484
14252	25.1176067421726
14262	25.1141460246923
14272	25.1140703589825
14310	25.1138974144209
14320	25.1128516483804
14324	25.1104141326834
14344	25.1090058002431
14358	25.1082841765704
14364	25.1079740191078
14370	25.1076623498606
14388	25.1072831784373
14390	25.1068073462172
14402	25.1067727871734
14410	25.1060190897201
14418	25.1041241812571
14420	25.1033701026274
14426	25.1029119207179
14430	25.1023061996754
14454	25.1001339803317
14460	25.0999075658205
14470	25.0988132094173
14482	25.0958459922900
14498	25.0954944530794
14502	25.0923151350291
14504	25.0909936367621
14532	25.0874618941059
14536	25.0840761847686
14554	25.0810113291681
14562	25.0787384698437
14572	25.0778241316825
14586	25.0777028018826
14622	25.0773342080614
14624	25.0760321651718
14632	25.0744396108145
14640	25.0740586418625
14668	25.0721615216579
14676	25.0713295745187
14692	25.0694645204023
14698	25.0661317839394
14730	25.0644015615023
14740	25.0614097800700
14764	25.0610954406233
14782	25.0594520064015
14830	25.0592864407225
14834	25.0587184228565
14848	25.058591815194
14850	25.0571498635018
14856	25.0564431762612
14866	25.0560317786756
14868	25.055263893639
14894	25.0544632403496
14922	25.0529808173757
14944	25.0516004787814
14962	25.0515971255504
14966	25.0514825425567
14990	25.0494574093829
15030	25.0491290956144
15044	25.0475026487427
15066	25.0472870401705
15080	25.0472398459454
15084	25.0450539872089
15090	25.0440026608066
15110	25.0433390632559
15116	25.0411539372294
15130	25.0400849453543
15136	25.0385464977891
15138	25.0368538398507
15158	25.0336093889168
15182	25.0278437781076
15208	25.0274653037979
15236	25.0253836976055
15246	25.0246409817155
15250	25.0236655219294
15252	25.0235322162344
15254	25.0214889121547
15262	25.0176089797488
15268	25.0173138056521
15274	25.0150319046065
15286	25.0129953531596
15322	25.0126988418815
15330	25.0114102354786
15340	25.0081068775464
15360	25.0060760030094
15378	25.0057528018388
15394	25.0053539907619
15396	25.0020605790941
15410	25.0016886409875
15432	25.0013217367069
15436	24.995869855724
15448	24.9923469116260
15490	24.9884302195073
15494	24.9883743340733
15508	24.9866237898104
15530	24.9857796819786
15540	24.9850847827692
15544	24.9843853861439
15552	24.9842118490208
15562	24.9798399608541
15576	24.9792539940466
15588	24.9778727698531
15612	24.9771755730492
15616	24.9768074170482
15626	24.9765919132927
15642	24.9745234773559
15698	24.9744267394797
15706	24.9740368056454
15714	24.9737632459632
15732	24.9735292266679
15736	24.9734428223840
15754	24.9733899358972
15760	24.9731528181736
15772	24.9703995316554
15788	24.9696681488217
15824	24.9694907769339
15828	24.9692463360848
15834	24.9691830146575
15858	24.9688300871773
15860	24.9683885473172
15864	24.9679215719189
15866	24.9676335598331
15872	24.9672560439169
15876	24.9671620154586
15884	24.9664784746063
15894	24.9659252773846
15896	24.9657969544954
15904	24.9655821445779
15914	24.9649355460688
15918	24.9643820052976
15928	24.9638394833442
15930	24.9622840166366
15934	24.9616381136561
15966	24.9614490694014
15968	24.9608503311591
15994	24.9606551281853
16010	24.96042270417
16014	24.9599683291558
16022	24.9597256070489
16026	24.9597014185736
16030	24.9596581250381
16036	24.9589059047158
16050	24.9586803868217
16076	24.9585046656371
16078	24.958375131986
16080	24.9581341484461
16106	24.9578430173125
16118	24.9574385253513
16120	24.9570424803496
16142	24.9566375275028
16154	24.9562729991078
16168	24.9560247958064
16186	24.9553359127879
16192	24.9539296326611
16204	24.9537874621232
16208	24.9530885265625
16214	24.9530456475109
16228	24.9529140268861
16230	24.9528386293959
16236	24.9526340186601
16256	24.9518630321634
16258	24.9516985314172
16276	24.9511296916909
16308	24.9509952181398
16322	24.9503227050367
16334	24.9502184807472
16342	24.9497323696049
16344	24.9486821720615
16348	24.9486685669005
16350	24.9485245548715
16380	24.9484356802617
16384	24.9470343847460
16448	24.9466987425435
16466	24.9464395646892
16474	24.9460238168143
16478	24.9458962242219
16480	24.9453784556768
16486	24.9453745912091
16494	24.9453635187044
16496	24.9452653705119
16498	24.9444523973694
16510	24.9444457128558
16528	24.9440838488908
16538	24.943597854338
16542	24.9429689962380
16546	24.9415089901239
16558	24.941243153155
16572	24.9402692958266
16582	24.9401308996353
16586	24.9391855635155
16592	24.9378161299527
16602	24.9358399345474
16634	24.934118097318
16636	24.9338745816497
16650	24.9335261115513
16658	24.9333520442974
16662	24.9331455174085
16664	24.9326629174654
16668	24.9311185898251
16672	24.9293460396679
16684	24.9275110035992
16696	24.9267382977190
16732	24.9257533714323
16734	24.9240798533417
16744	24.9234036708831
16750	24.9223223712866
16760	24.9216023857493
16770	24.9188058225328
16810	24.9172230785547
16830	24.9160512088723
16836	24.9148554304479
16864	24.9146214037903
16870	24.9139054593283
16874	24.91355150161
16876	24.9132076392621
16886	24.9106258094083
16896	24.9094655901311
16904	24.9092502458319
16916	24.9090865123232
16920	24.9083614834308
16932	24.9077215736730
16956	24.9074600793894
16958	24.9050628238507
16982	24.9037129815795
16986	24.9031912169091
17002	24.8993515150814
17006	24.8983969619189
17020	24.8979557904637
17050	24.8974617263229
17070	24.8950692447688
17098	24.8947914078156
17100	24.8941465932754
17114	24.8938222653205
17140	24.893220583129
17156	24.8929390346576
17170	24.8924773942142
17174	24.8918712745975
17180	24.891840680449
17206	24.8914691779429
17208	24.8907459473788
17236	24.8905202422656
17254	24.8904518573407
17258	24.8902931437983
17264	24.8901892891494
17266	24.890183470975
17268	24.8900747369387
17270	24.8896308882751
17324	24.8896293526699
17328	24.8896028207349
17334	24.8895509167767
17344	24.8894167866165
17356	24.8891689023257
17360	24.8891399377582
17372	24.8890557194544
17388	24.8889755016721
17396	24.8889020990498
17398	24.8888123369414
17406	24.8885896098667
17418	24.8883780187336
17422	24.8883101199548
17442	24.8881118373609
17444	24.8880119755055
17458	24.8874622305601
17464	24.8869910193726
17478	24.8869174165455
17488	24.8868438163629
17502	24.8866741061705
17510	24.8863013030129
17536	24.8861631690026
17562	24.8861570342205
17574	24.8860947934481
17592	24.88600557285
17610	24.8859983482750
17612	24.8858696352048
17636	24.8858384578191
17642	24.8858066148470
17648	24.8857686880513
17652	24.8857649124735
17656	24.8855502368875
17666	24.8854943453822
17668	24.8854784238088
17672	24.8852561260893
17682	24.8849787005353
17704	24.8847996756192
17712	24.8846732144744
17714	24.8845729464605
17746	24.8845253317664
17754	24.8844420252666
17768	24.8844134806438
17794	24.8843787206494
17796	24.8842153298907
17820	24.8842051635560
17824	24.8840471238706
17830	24.8839531865889
17838	24.8838446299404
17854	24.8837776155206
17856	24.8837380903685
17858	24.8835656358918
17874	24.8833008207987
17896	24.8832541770457
17900	24.8831822210957
17914	24.8830436308630
17938	24.8829829172459
17956	24.8828441960551
17966	24.8827720235014
17980	24.8827160621499
17992	24.8825507555770
17996	24.8825114726561
18006	24.882498661772
18010	24.8823827831771
18012	24.8823417608529
18020	24.8822059348338
18024	24.8821688311664
18032	24.8821372890681
18044	24.8819362560461
18060	24.8818858277905
18088	24.8817660975839
18106	24.8817438810445
18124	24.8816821912669
18130	24.881586481562
18142	24.8815282221436
18150	24.8814758953382
18170	24.8814440372742
18178	24.8813808214215
18180	24.8813320979278
18224	24.8812809791342
18226	24.8811533444865
18258	24.8811519125959
18262	24.8809744371903
18276	24.8808802938819
18286	24.8808528892191
18290	24.8808125922722
18302	24.8807491508749
18314	24.8805472843215
18322	24.8804937289837
18348	24.8804850779349
18354	24.8804297728336
18364	24.880346039972
18366	24.8803402750385
18370	24.8802642749452
18382	24.8802223575255
18394	24.8802175061897
18400	24.8801710379419
18418	24.8800688836303
18428	24.8800496984625
18436	24.8799761846702
18442	24.879861144039
18488	24.8798419423382
18502	24.8797826399758
18518	24.8797657224932
18536	24.8797619544438
18546	24.8797517032836
18554	24.8797332724317
18564	24.8797266680661
18578	24.8797231306905
18580	24.8796819951243
18592	24.8796638819613
18602	24.8796551135497
18616	24.8796270359812
18636	24.879625274915
18638	24.8796109007224
18654	24.8795413629323
18668	24.8795374539508
18674	24.8795001674496
18678	24.8794781857146
18690	24.8794711290432
18696	24.8794323792393
18698	24.8794125718267
18706	24.8794070107169
18730	24.8793993278408
18740	24.8793822878463
18746	24.8793579309892
18748	24.8793524336568
18752	24.8793438121069
18756	24.8793418435735
18760	24.8792575028657
18776	24.8792513462168
18784	24.8792238088478
18798	24.8792091122161
18812	24.8791801105452
18824	24.8791646484364
18826	24.879164317897
18832	24.8791624772712
18848	24.8791127499089
18850	24.8790924654627
18866	24.8790080316252
18868	24.8789732835225
18888	24.8789215197114
18908	24.8789134675053
18914	24.8788993640957
18924	24.878889189693
18940	24.8788637324342
18952	24.8788213236927
18956	24.8788151295972
18962	24.8787778686536
18966	24.8787606728169
18968	24.8787431646232
18982	24.8787129590029
19000	24.8787036986378
19010	24.8786824221242
19014	24.8786386603721
19024	24.8786345870713
19026	24.8786328973951
19038	24.8786034568187
19052	24.8786029117567
19076	24.8785989208293
19080	24.8785973234848
19086	24.8785844123126
19128	24.8785783361527
19132	24.8785693068610
19144	24.8785691566645
19146	24.8785522373589
19150	24.8785342899759
19170	24.8785228057183
19172	24.8785222326961
19178	24.8785079666067
19180	24.8784926847630
19190	24.8784709575732
19198	24.8784411463745
19202	24.8784257990455
19212	24.8783394525454
19236	24.8783004975888
19238	24.8782836863351
19250	24.8782382546879
19284	24.8782152250255
19290	24.8781776537005
19320	24.8781375302425
19334	24.8781079972524
19344	24.8780953957235
19360	24.8780812869105
19368	24.8780503136
19370	24.8780388867977
19374	24.8780245081591
19390	24.8779909030012
19398	24.8779708499852
19422	24.8779632914863
19432	24.8779533829395
19434	24.8778650392665
19448	24.8777534656064
19474	24.8777356438952
19490	24.8776738458583
19504	24.8776374855382
19516	24.8776044239511
19524	24.8776024610127
19530	24.8775815530264
19552	24.8775813275921
19558	24.8775557405803
19566	24.8775260624445
19570	24.8774692985475
19574	24.8774390382751
19576	24.8774147034923
19592	24.8773534232482
19616	24.8773483794798
19636	24.8773126970958
19642	24.8772992423908
19660	24.8772868699731
19666	24.8772725859673
19678	24.8772471504684
19680	24.8772092986647
19690	24.8771753695397
19704	24.8771746460403
19724	24.8771578683788
19740	24.8771183611846
19750	24.8771059844487
19760	24.877105046399
19766	24.8770876014282
19778	24.8770694833759
19784	24.8770439358425
19794	24.8770319881658
19798	24.8770103537014
19802	24.8770103002387
19816	24.8770058820905
19820	24.8769990241805
19828	24.8769787347705
19836	24.8769648894914
19846	24.8769265160296
19848	24.8768697465413
19866	24.8768528882779
19884	24.8768094610063
19886	24.8767733983413
19902	24.8767657719105
19928	24.8767633195488
19934	24.8767469859056
19948	24.8767442987628
19950	24.8767001140915
19960	24.8766924883369
19962	24.8766808231073
19980	24.8766797429333
19984	24.8766118277889
19994	24.8765895035182
20012	24.8765307860366
20042	24.8765093833742
20062	24.8764863352289
20080	24.8764850670161
20092	24.8764560269406
20096	24.8764478342441
20100	24.8764166259611
20102	24.8764134118639
20112	24.8763996327033
20128	24.8763834331256
20132	24.8763790619172
20142	24.8763697025768
20158	24.8763584884475
20162	24.8763406270552
20164	24.876322338857
20178	24.8762876458627
20206	24.8762850556795
20210	24.876270125837
20214	24.8762275003759
20224	24.8762251518001
20238	24.8762114048196
20258	24.8761839260148
20274	24.8761532520405
20296	24.8761319492442
20316	24.8761092220507
20322	24.8760698276467
20336	24.8760287544008
20350	24.8760221807603
20354	24.8760192106675
20362	24.8759978076704
20374	24.8759937511715
20380	24.875974322376
20388	24.8759719944770
20390	24.8759677305557
20398	24.8759613110516
20402	24.8759420971452
20416	24.8759402750955
20434	24.8759042913559
20464	24.8759007219908
20466	24.8758852668711
20476	24.8758522718253
20498	24.8758522365000
20524	24.8758221062336
20528	24.8758179376151
20554	24.8757735124414
20568	24.8757689091386
20578	24.8757534105893
20582	24.8757521496445
20592	24.8757471429809
20594	24.8757445414932
20608	24.8757183498733
20650	24.8757179510857
20658	24.8757030819608
20672	24.875698629984
20676	24.8756951821604
20684	24.8756854560218
20686	24.8756772321413
20698	24.8756769619023
20700	24.8756703208689
20720	24.8756641758843
20726	24.8756388422096
20730	24.8756383474770
20734	24.8756382222852
20742	24.8756179731087
20752	24.8756124105998
20766	24.8755679274835
20768	24.8755581009759
20774	24.8755157086223
20810	24.875512942701
20840	24.8755066678606
20848	24.8754937050473
20852	24.8754914961763
20854	24.8754516337418
20866	24.8754434742689
20868	24.8754230644012
20882	24.8754134945103
20886	24.8754091117155
20892	24.8753938204982
20896	24.8753794871673
20902	24.8753597460858
20916	24.8753362387307
20932	24.8753203691164
20936	24.875303549834
20958	24.8752981889237
20972	24.8752922076755
20984	24.8752831171791
20990	24.8752693370123
21012	24.8752658835376
21020	24.8752422066108
21026	24.8752031846944
21042	24.8751996255318
21052	24.8751928784455
21064	24.8751741194668
21090	24.8751689541422
21104	24.8751626396269
21114	24.8751524028784
21116	24.8751443950002
21132	24.8751393048043
21134	24.8751361959102
21152	24.8751307296981
21176	24.8751155805627
21184	24.8751070974958
21212	24.8751051700342
21216	24.8750947835394
21236	24.8750722896115
21262	24.8750630639569
21288	24.8750571428574
21290	24.8750516672523
21296	24.8750508595998
21308	24.8750420657291
21320	24.8750393161646
21330	24.875037910967
21344	24.8750360727765
21348	24.8750216089035
21360	24.8750165926016
21384	24.8750159220691
21390	24.8750060128417
21396	24.874992981182
21406	24.8749761139022
21446	24.8749672197447
21452	24.8749635037655
21456	24.8749602135901
21486	24.8749553181793
21502	24.8749503842451
21506	24.8749450380503
21512	24.8749319414278
21514	24.8749277403736
21518	24.8749273945406
21522	24.8749208261289
21530	24.8749124518049
21538	24.8749031092488
21552	24.8748947945444
21560	24.8748809018456
21562	24.8748785007164
21568	24.8748747272082
21606	24.8748666541838
21608	24.874862910491
21622	24.8748503424892
21656	24.8748462095293
21662	24.8748435751370
21664	24.8748423081423
21672	24.8748391024504
21682	24.8748288298378
21690	24.8748262854024
21704	24.8748091675475
21728	24.8748073935521
21752	24.8748055991066
21772	24.8748019519442
21784	24.8748008613822
21794	24.8747993851155
21796	24.8747918484722
21810	24.8747905973149
21836	24.8747852238274
21838	24.8747846669257
21850	24.8747842401579
21860	24.8747770972257
21868	24.8747758182244
21876	24.8747659230402
21900	24.8747474667931
21914	24.8747456145155
21922	24.8747397314441
21956	24.8747377758298
21970	24.8747304259984
22004	24.8747244407022
22042	24.8747203763854
22054	24.8747191073234
22064	24.8747189387091
22068	24.8747183165211
22078	24.8747166640490
22082	24.8747164278462
22084	24.8747148358392
22086	24.8747098459188
22094	24.8747084966760
22096	24.8747047093272
22120	24.8747045911059
22130	24.8747015063633
22134	24.8747014328379
22136	24.8746983029555
22138	24.8746918431042
22162	24.8746909173721
22166	24.8746904866236
22180	24.8746889451105
22182	24.8746846895004
22200	24.8746812791968
22208	24.8746791820087
22218	24.8746769425202
22220	24.8746732851209
22222	24.8746722239747
22228	24.8746709062547
22230	24.8746690103214
22234	24.8746667338525
22236	24.8746644124918
22248	24.8746595890436
22256	24.8746575998870
22264	24.8746488795523
22292	24.8746368805682
22330	24.8746332774590
22358	24.8746316533721
22362	24.8746312039165
22368	24.8746261317847
22374	24.8746260747071
22402	24.8746242231826
22418	24.874623232945
22420	24.8746204187885
22422	24.8746189913664
22446	24.8746181207113
22460	24.8746167433889
22462	24.8746144885323
22466	24.8746134707017
22468	24.87461255426
22478	24.8746118541302
22486	24.8746115417381
22488	24.8746095316453
22504	24.8746058485067
22524	24.8746038117649
22526	24.8746033358252
22540	24.8746027921028
22542	24.8746015236637
22556	24.8745966847077
22586	24.8745951586423
22592	24.8745947138781
22596	24.87459444665
22604	24.8745918413030
22614	24.8745911309941
22620	24.8745897008112
22626	24.8745886569491
22638	24.8745878600841
22664	24.8745869746699
22666	24.8745860294582
22670	24.8745855664628
22678	24.8745849479253
22686	24.8745819563408
22698	24.8745814783754
22700	24.8745802489209
22716	24.8745763525718
22724	24.8745748013275
22744	24.8745674487887
22756	24.8745611049895
22758	24.874560147929
22760	24.8745567002775
22780	24.8745548043704
22782	24.8745503743443
22786	24.8745494546459
22788	24.874547567704
22792	24.8745436599775
22814	24.874532693754
22822	24.8745290162159
22832	24.8745268404602
22834	24.8745206190388
22836	24.874520288984
22840	24.8745193320609
22856	24.8745154045135
22882	24.8745132889331
22886	24.8745107739608
22896	24.8745044503416
22934	24.8745041356789
22942	24.8745018671799
22954	24.8744952258174
22976	24.8744922356489
22992	24.8744889134246
23002	24.8744851207956
23020	24.8744848609817
23028	24.8744759399361
23048	24.8744734060284
23076	24.8744705575335
23078	24.8744671956864
23082	24.8744619210104
23092	24.874458536154
23100	24.8744564776023
23102	24.8744540376282
23138	24.8744535665123
23142	24.874448957921
23166	24.8744477819246
23172	24.8744474738846
23192	24.8744470082747
23198	24.8744469530665
23202	24.8744434975958
23204	24.8744420754195
23226	24.8744413225788
23230	24.8744366900295
23246	24.8744357961026
23260	24.8744345020420
23290	24.8744321143894
23298	24.8744307443589
23316	24.8744297351910
23318	24.8744288377612
23344	24.8744228066236
23358	24.8744218437939
23370	24.8744185354689
23380	24.8744164258254
23382	24.8744148356260
23384	24.8744126714857
23394	24.8744126050991
23414	24.8744115717482
23420	24.8744092011837
23426	24.8744091233958
23434	24.87440836012
23438	24.8744057924606
23444	24.8744009750031
23446	24.8743997874596
23462	24.8743983178263
23472	24.8743965125265
23474	24.8743945667718
23478	24.8743925181085
23492	24.8743921822429
23494	24.8743904330597
23522	24.8743887932060
23540	24.8743857663423
23568	24.8743846332304
23576	24.8743832043924
23594	24.8743797353692
23600	24.8743782250467
23620	24.8743764640501
23624	24.8743747190504
23636	24.874370092962
23664	24.8743692180288
23670	24.8743684218266
23678	24.8743676558840
23696	24.8743631699030
23702	24.8743623707037
23726	24.8743613833228
23732	24.8743589702391
23752	24.8743586380464
23760	24.8743570454113
23764	24.8743570157216
23766	24.8743501639929
23792	24.8743491816869
23810	24.8743479781083
23824	24.8743452397160
23830	24.8743443133004
23836	24.8743378073418
23862	24.8743338541361
23884	24.8743332395061
23888	24.8743306332270
23892	24.8743259706179
23894	24.8743234120736
23896	24.8743157489382
23900	24.8743092393357
23930	24.8743071620678
23940	24.8743051746788
23942	24.8743048937921
23950	24.8743021430247
23958	24.8743018499318
23962	24.8743004490785
23988	24.8742990653089
24010	24.8742960211987
24036	24.8742927468311
24068	24.8742924913672
24096	24.8742907184290
24104	24.8742895057546
24124	24.8742887236788
24132	24.8742884515535
24138	24.8742873739103
24144	24.8742871158932
24148	24.8742864203832
24154	24.8742862755750
24158	24.8742834822928
24176	24.8742818915747
24186	24.8742815052644
24188	24.874277207154
24202	24.8742767518657
24228	24.8742759800752
24230	24.8742716120527
24240	24.8742688463389
24262	24.8742685167948
24280	24.8742677312197
24286	24.8742667136787
24292	24.8742631410048
24296	24.8742612076205
24326	24.8742607985416
24328	24.8742575771567
24330	24.8742574553785
24336	24.8742565986815
24348	24.8742543329547
24352	24.8742521518080
24358	24.8742517690973
24368	24.8742485125945
24384	24.8742462171674
24390	24.8742456408633
24400	24.874244358218
24418	24.8742436375023
24432	24.8742420343655
24438	24.8742403625815
24470	24.8742393645596
24480	24.8742369875760
24488	24.8742349764047
24498	24.8742338426633
24506	24.8742298655902
24514	24.8742267404116
24534	24.8742210135347
24536	24.8742207000901
24552	24.8742192255617
24582	24.8742161331779
24586	24.8742158347834
24588	24.8742150523934
24598	24.874213515551
24602	24.8742129185876
24610	24.8742114275789
24614	24.8742109794598
24624	24.8742108171328
24632	24.8742102989592
24640	24.8742079703051
24650	24.8742073428526
24660	24.8742069383196
24662	24.8742061505325
24678	24.8742050702947
24686	24.8742035380311
24690	24.8742026482569
24708	24.8742022324531
24718	24.8742005685499
24728	24.8741995558287
24730	24.8741974709031
24736	24.8741962616677
24764	24.8741942221312
24770	24.8741919032583
24772	24.8741915335779
24790	24.8741913563509
24824	24.8741895119679
24852	24.8741878248284
24878	24.8741876611736
24888	24.8741868996204
24902	24.874186334387
24918	24.8741847876367
24922	24.8741844249620
24942	24.8741830710813
24946	24.8741826378184
24966	24.8741825254779
24972	24.8741822478655
24976	24.8741809596695
24988	24.8741791591368
24990	24.874178919518
24994	24.8741785548854
25012	24.8741775309257
25014	24.874176893898
25032	24.8741764898085
25040	24.8741745202729
25044	24.8741744754741
25062	24.874174297689
25068	24.8741725869634
25080	24.8741718978713
25132	24.8741710192726
25138	24.8741696421883
25152	24.8741693798981
25168	24.874168530019
25196	24.8741672855751
25202	24.8741672508395
25246	24.8741666105675
25252	24.8741665428348
25268	24.8741664774533
25272	24.87416619821
25276	24.8741654362609
25288	24.8741651919215
25294	24.8741650640982
25300	24.8741648972452
25314	24.8741644690808
25334	24.8741634543211
25340	24.8741634355919
25342	24.8741632972166
25348	24.8741622680504
25374	24.8741619960022
25380	24.8741610215933
25384	24.8741607562981
25390	24.8741595799319
25394	24.8741581766747
25406	24.8741565922218
25410	24.8741547228899
25416	24.8741546884658
25420	24.8741517929039
25434	24.8741502868046
25444	24.8741502555123
25484	24.8741502184008
25490	24.8741498327028
25492	24.8741481726986
25522	24.8741477235882
25528	24.8741463878832
25542	24.8741443717758
25582	24.8741434963642
25592	24.874143098031
25598	24.8741420037768
25636	24.8741407760358
25648	24.8741404634289
25658	24.8741404083103
25662	24.8741389660531
25692	24.8741385267726
25704	24.8741382233205
25716	24.8741376672623
25718	24.8741370088635
25756	24.8741362449118
25758	24.8741354123751
25776	24.8741337738643
25788	24.8741324953963
25810	24.8741320509172
25820	24.8741320142588
25830	24.8741302280518
25836	24.8741302089951
25858	24.8741301920394
25860	24.8741291108284
25862	24.8741290289319
25864	24.8741283173547
25872	24.8741273887743
25878	24.8741273782742
25892	24.8741257516543
25912	24.8741248130617
25926	24.8741247992351
25936	24.8741245356859
25942	24.8741240335625
25944	24.8741238887205
25952	24.8741230121338
25958	24.8741223735100
25964	24.8741216165104
25968	24.8741215130601
25982	24.8741209730774
25984	24.8741175729246
26002	24.8741169948642
26008	24.8741165203520
26012	24.8741164673710
26018	24.8741135116367
26022	24.8741127151029
26026	24.8741111410153
26050	24.8741101241588
26068	24.8741086657473
26090	24.8741082523245
26106	24.8741080883439
26108	24.8741060429070
26114	24.8741037752403
26128	24.874102519848
26134	24.8741018023665
26144	24.8741002213478
26156	24.8741001899379
26164	24.8740977197313
26172	24.874096962758
26180	24.8740967600513
26186	24.8740966484063
26188	24.87409588104
26208	24.8740945378057
26212	24.8740934935342
26234	24.8740906758077
26240	24.8740906390858
26246	24.8740897129603
26252	24.8740887718441
26274	24.8740875222968
26284	24.8740873681575
26292	24.8740846127832
26316	24.8740834519858
26328	24.8740828831588
26354	24.8740827552115
26358	24.8740795867789
26372	24.8740784139943
26382	24.8740743707336
26414	24.8740725585496
26430	24.8740723465251
26446	24.874071387291
26452	24.8740706555184
26464	24.8740702343919
26476	24.8740695016228
26480	24.8740683077568
26484	24.8740679679031
26496	24.8740660651284
26500	24.8740657122258
26512	24.8740650628834
26514	24.8740639291052
26522	24.8740618140432
26526	24.8740597830376
26576	24.8740592124853
26592	24.8740590434133
26600	24.8740586037244
26602	24.8740579244639
26618	24.8740569604807
26638	24.8740563265253
26654	24.8740560796466
26678	24.874055557076
26690	24.8740548047558
26694	24.8740533731854
26704	24.8740513224381
26708	24.8740500843860
26714	24.8740485112847
26722	24.8740478827088
26728	24.8740456168531
26778	24.874042605905
26788	24.8740420652832
26818	24.8740416973808
26822	24.8740411405956
26832	24.8740396819894
26836	24.8740392928852
26850	24.8740392632701
26852	24.8740386885296
26860	24.8740377800715
26892	24.8740370111527
26902	24.8740367694199
26906	24.8740360377064
26918	24.8740357440870
26940	24.8740352885184
26958	24.8740352816469
26962	24.8740350668811
26966	24.8740348840454
26972	24.8740348505854
26978	24.8740346272701
26982	24.8740339875864
26984	24.8740339664649
26990	24.8740331711661
27004	24.8740326263162
27006	24.8740321918677
27036	24.8740317983674
27042	24.8740316482869
27048	24.8740315793414
27054	24.8740311263577
27056	24.8740307965619
27068	24.8740298084582
27074	24.8740285792917
27088	24.8740285130793
27100	24.8740280772527
27114	24.8740273671701
27124	24.8740266995794
27138	24.8740262775225
27146	24.8740255902866
27148	24.8740251144375
27152	24.8740248950980
27154	24.8740235126296
27164	24.8740217613064
27172	24.8740215183679
27196	24.8740206375372
27232	24.8740200188274
27240	24.8740198733974
27242	24.8740182882356
27268	24.8740172157780
27276	24.8740165231409
27280	24.8740140341620
27314	24.8740133257833
27334	24.8740122478158
27348	24.8740118977547
27350	24.8740116261485
27356	24.8740113176449
27368	24.8740112605805
27374	24.8740103122219
27376	24.8740098870099
27382	24.8740088919032
27416	24.8740080578690
27426	24.8740070504916
27442	24.8740068619138
27452	24.8740058514562
27468	24.8740058500631
27482	24.8740057077887
27486	24.8740048584452
27492	24.8740044580627
27518	24.8740036880668
27536	24.8740035692658
27538	24.8740031995315
27546	24.8740029459766
27550	24.8740027702087
27562	24.8740027401490
27564	24.8740023099364
27594	24.8740019446849
27628	24.8740017426125
27638	24.8740012224123
27654	24.8740009864221
27656	24.874000348587
27662	24.8739999596735
27672	24.8739991381628
27690	24.8739989777454
27700	24.8739979334812
27714	24.8739977558176
27716	24.8739976709561
27724	24.8739976314243
27756	24.8739972961597
27760	24.8739967879579
27764	24.8739967121664
27766	24.8739965752284
27768	24.8739959754885
27770	24.8739959298889
27778	24.8739952072819
27832	24.8739947058608
27840	24.8739946492936
27844	24.8739941736478
27868	24.8739940541431
27886	24.8739939021453
27898	24.8739937456501
27900	24.8739933936959
27904	24.8739933005244
27908	24.8739932833524
27952	24.8739931302388
27964	24.873993036388
27968	24.8739929318211
27976	24.8739928343227
27982	24.873992775767
27986	24.8739926961876
27998	24.8739924058932
28010	24.8739923281694
28024	24.8739917573217
28058	24.8739916214755
28068	24.8739915920525
28080	24.8739913295085
28082	24.8739909745207
28088	24.8739908104644
28098	24.8739906161314
28104	24.8739905742328
28106	24.8739904755063
28110	24.8739904266633
28114	24.8739904132342
28122	24.8739898368031
28128	24.8739892679908
28184	24.8739891426852
28220	24.8739889731124
28226	24.8739888135056
28242	24.8739887622003
28248	24.8739885693952
28262	24.8739885453382
28270	24.8739884110009
28292	24.8739881431561
28298	24.8739879764403
28312	24.8739879270095
28336	24.8739877081594
28338	24.8739875203756
28350	24.8739873679073
28362	24.8739872375148
28388	24.8739871481569
28404	24.8739870167477
28428	24.8739868994291
28458	24.8739867565672
28492	24.8739866603519
28518	24.8739866452129
28526	24.8739866096299
28534	24.8739865360757
28544	24.8739865016545
28558	24.8739862311434
28562	24.8739861903895
28564	24.8739861115663
28616	24.8739861033299
28622	24.8739860947181
28624	24.8739860784260
28650	24.8739860115348
28660	24.8739859518933
28670	24.8739859301314
28686	24.8739859071408
28690	24.8739858772792
28698	24.8739857661307
28704	24.8739857440522
28706	24.8739856945592
28712	24.873985655054
28732	24.8739855508287
28742	24.8739853287045
28746	24.8739851989544
28750	24.8739851814308
28768	24.8739849753224
28784	24.8739849387474
28788	24.8739848049337
28792	24.8739847996079
28796	24.8739847832642
28798	24.8739847757980
28800	24.8739847139225
28820	24.8739842348578
28866	24.8739841892815
28870	24.8739840959412
28902	24.8739840425591
28912	24.8739839978634
28934	24.8739839489903
28944	24.8739839122825
28948	24.8739838632121
28966	24.8739838402453
28976	24.8739838233104
28980	24.8739837278692
28986	24.8739836966652
28992	24.8739836524105
29000	24.8739835353346
29032	24.8739834991833
29054	24.8739833676149
29062	24.8739833370326
29072	24.8739833223691
29110	24.8739832910604
29126	24.8739832045393
29130	24.8739831486028
29136	24.8739830163889
29142	24.8739829992672
29168	24.8739829936648
29178	24.8739829452784
29180	24.8739829131395
29202	24.8739828508371
29214	24.8739828501078
29218	24.873982848955
29228	24.8739827934931
29248	24.8739827324752
29274	24.8739827298768
29278	24.8739827084026
29282	24.8739826897024
29308	24.8739826616831
29318	24.8739825834978
29324	24.8739825182297
29334	24.8739824209616
29346	24.8739824174282
29354	24.8739823743914
29362	24.8739822419352
29374	24.8739821619148
29392	24.8739821299647
29398	24.8739821118868
29414	24.8739820210699
29420	24.8739819879822
29424	24.8739819138149
29436	24.8739817836574
29450	24.8739816657228
29464	24.8739816353452
29474	24.8739814946837
29488	24.8739814924148
29496	24.8739814541802
29504	24.8739814188735
29506	24.8739814117757
29508	24.8739813650145
29514	24.8739812230124
29530	24.8739812056729
29532	24.8739811424018
29540	24.8739810836849
29546	24.8739810117367
29550	24.8739810000023
29560	24.8739809162526
29584	24.8739808233847
29612	24.8739807186630
29622	24.8739807023552
29636	24.8739805915162
29646	24.8739804989306
29654	24.8739804009985
29692	24.8739803193087
29704	24.8739802626048
29738	24.8739801594514
29744	24.8739801534187
29762	24.8739801069762
29764	24.8739800918179
29770	24.8739800913338
29780	24.8739800610803
29816	24.8739800329636
29820	24.8739800277272
29830	24.8739799700558
29846	24.8739798996043
29870	24.8739798892816
29872	24.8739798773759
29874	24.8739798234058
29882	24.8739797900937
29894	24.8739797573489
29900	24.8739797275537
29904	24.8739797148906
29910	24.8739796485958
29920	24.8739795975272
29938	24.8739795609964
29962	24.8739795381949
29964	24.8739794798474
29970	24.8739794782994
29976	24.8739794523961
29982	24.8739793840319
29990	24.8739792565741
29992	24.8739792522579
29994	24.8739792355852
29996	24.8739791919654
29998	24.8739791585786
30000	24.8739791327412
30016	24.8739790469259
30052	24.8739790094857
30054	24.8739788381742
30070	24.8739788269397
30092	24.8739787285597
30108	24.8739787264997
30110	24.8739786781751
30112	24.8739786191021
30122	24.873978598262
30136	24.8739785479032
30144	24.8739785111465
30154	24.8739783768587
30180	24.8739783205192
30182	24.8739782304498
30190	24.8739781757369
30196	24.8739781146795
30208	24.873978076768
30226	24.8739780394769
30232	24.8739779760943
30236	24.8739779622797
30246	24.8739779130739
30248	24.8739778657285
30252	24.8739777980469
30276	24.8739777066454
30280	24.8739775919509
30286	24.8739775460161
30288	24.8739774512459
30312	24.8739774387165
30318	24.8739773507463
30320	24.8739772338700
30336	24.873977135597
30356	24.8739770474498
30400	24.8739769731163
30404	24.8739769506236
30408	24.8739769505201
30420	24.8739767745009
30428	24.8739767207116
30436	24.8739766124017
30466	24.8739764612529
30476	24.8739764296792
30490	24.8739764258317
30508	24.8739764003315
30516	24.8739763745790
30522	24.8739763244165
30566	24.8739763145309
30578	24.8739762362268
30590	24.8739761772509
30598	24.8739761638637
30600	24.8739761619447
30608	24.8739761101113
30628	24.8739760291130
30632	24.8739759624407
30646	24.8739758939392
30662	24.8739758054391
30684	24.8739757706289
30686	24.8739756184531
30714	24.8739755912858
30716	24.8739754149347
30722	24.8739753739216
30732	24.8739752927048
30746	24.8739751701679
30756	24.8739751063616
30766	24.8739750341254
30770	24.8739750248576
30774	24.8739749413863
30802	24.8739748401970
30812	24.8739747786618
30816	24.8739747516395
30832	24.8739747460875
30838	24.873974621926
30860	24.8739745974259
30862	24.8739745225855
30886	24.8739745198594
30888	24.8739745136427
30896	24.8739744345537
30910	24.8739743955459
30914	24.8739743842242
30928	24.8739743134250
30936	24.8739742891097
30944	24.8739742797582
30960	24.8739742083462
30980	24.8739741804735
30996	24.873974115381
31012	24.8739740640703
31022	24.8739740041663
31054	24.8739739825889
31072	24.8739739703368
31076	24.8739739604726
31080	24.8739739545740
31082	24.873973918033
31092	24.8739738966502
31094	24.8739738905512
31096	24.8739738850843
31108	24.8739738598930
31134	24.873973835569
31136	24.8739738154971
31142	24.8739737934030
31160	24.8739737889664
31172	24.8739737785218
31188	24.873973778391
31192	24.8739737347153
31198	24.8739737331381
31220	24.8739737240265
31226	24.8739736729819
31246	24.8739736400649
31256	24.8739736231262
31266	24.8739735751535
31284	24.8739735051570
31298	24.8739734629123
31342	24.8739734536007
31344	24.8739734486453
31360	24.8739733995503
31372	24.8739733910337
31376	24.8739733876854
31392	24.8739733628306
31406	24.8739733485003
31422	24.8739732973761
31434	24.873973295544
31444	24.8739732753964
31450	24.873973273244
31458	24.8739732495884
31468	24.8739732470495
31474	24.8739732384302
31476	24.8739732049667
31480	24.8739731683641
31486	24.8739731675942
31488	24.8739730825199
31500	24.8739729720014
31526	24.8739729157275
31530	24.8739728391941
31572	24.8739728000566
31578	24.8739727934842
31580	24.8739727661528
31606	24.8739727565884
31608	24.8739727028916
31610	24.8739726774841
31614	24.8739726659849
31624	24.8739726604172
31652	24.8739726384638
31656	24.8739725596401
31666	24.8739725009725
31682	24.8739724938663
31694	24.8739724520976
31708	24.8739724240838
31724	24.8739723680342
31742	24.8739722933584
31770	24.8739722569213
31778	24.8739722301647
31794	24.8739721901317
31814	24.8739721866268
31818	24.8739721847882
31820	24.8739721595395
31822	24.8739721572452
31826	24.8739720918065
31846	24.8739720578646
31852	24.8739720354732
31856	24.873972013444
31858	24.8739720109448
31860	24.8739719837712
31888	24.8739719819989
31890	24.8739719740925
31892	24.8739718602566
31900	24.8739718191115
31920	24.873971793933
31922	24.8739717795166
31932	24.8739717769125
31936	24.8739717166646
31954	24.8739716502668
31982	24.8739716459934
31984	24.8739716034307
31988	24.8739715801712
31990	24.8739715661786
31996	24.8739715392383
32000	24.8739714618851
32018	24.8739714386677
32038	24.8739713937565
32042	24.87397133154
32056	24.8739713065927
32062	24.8739712909091
32066	24.8739712583539
32088	24.8739712466631
32102	24.8739712141386
32106	24.8739711468576
32138	24.8739710688198
32164	24.8739710610868
32174	24.8739710372943
32196	24.8739709952758
32214	24.8739709698284
32234	24.8739709652301
32244	24.8739709601879
32252	24.8739709164021
32284	24.8739709139798
32292	24.873970886083
32306	24.8739708772463
32316	24.8739708691935
32340	24.8739708407897
32370	24.8739708267598
32382	24.8739708129835
32394	24.8739707872995
32426	24.8739707621222
32452	24.8739707572072
32464	24.8739707508207
32472	24.8739707463766
32474	24.8739707250921
32480	24.8739707202986
32484	24.8739706984595
32504	24.8739706911924
32506	24.8739706895036
32520	24.8739706669762
32528	24.8739706625204
32534	24.8739706480131
32544	24.8739706372539
32550	24.8739706281954
32574	24.8739706244386
32578	24.8739706135866
32582	24.8739706069083
32596	24.873970603878
32600	24.8739705929143
32618	24.873970583026
32658	24.8739705638796
32674	24.8739705545333
32678	24.8739705408518
32710	24.8739705408373
32718	24.8739705398932
32720	24.8739705364363
32734	24.8739705216374
32746	24.8739705213656
32748	24.8739705158413
32758	24.8739705100595
32766	24.873970488837
32786	24.8739704714909
32814	24.8739704691976
32822	24.8739704663439
32828	24.8739704589075
32838	24.8739704497629
32846	24.8739704391458
32860	24.8739704322278
32880	24.8739704213726
32882	24.8739704083476
32884	24.8739704010744
32896	24.8739703823267
32906	24.8739703499253
32922	24.8739703493186
32928	24.8739703310066
32942	24.8739703234414
32980	24.8739703078723
32992	24.8739703016875
32996	24.8739702922135
33000	24.8739702820633
33006	24.8739702530569
33014	24.8739702007623
33020	24.8739701592759
33070	24.8739701349229
33092	24.8739701086566
33096	24.8739700941886
33102	24.8739700887794
33108	24.8739700886412
33114	24.8739700883637
33118	24.8739700523776
33122	24.8739700071775
33158	24.8739699902646
33162	24.8739699792297
33196	24.8739699656951
33202	24.8739699621803
33204	24.8739699400360
33228	24.8739699300525
33246	24.8739699298703
33250	24.8739699278832
33268	24.8739698836672
33302	24.8739698797582
33310	24.8739698718759
33320	24.8739698699900
33330	24.8739698696458
33340	24.8739698692854
33344	24.8739698569874
33392	24.8739698421116
33398	24.8739698387855
33416	24.8739698278529
33432	24.8739698157255
33442	24.8739698062781
33444	24.8739697750102
33456	24.8739697584784
33458	24.8739697563870
33474	24.8739697474506
33484	24.8739697436196
33496	24.873969742451
33498	24.8739697268257
33516	24.8739697166123
33526	24.873969677713
33538	24.8739696701670
33542	24.8739696633974
33554	24.8739696602664
33558	24.8739696478239
33572	24.8739696270463
33574	24.8739696260917
33578	24.8739696250617
33586	24.8739696001539
33590	24.8739695831863
33594	24.8739695823532
33606	24.8739695736657
33614	24.8739695376694
33638	24.8739695293197
33642	24.8739695179642
33646	24.8739695084995
33648	24.8739695079792
33656	24.8739694966820
33662	24.8739694931634
33666	24.8739694650085
33704	24.8739694152194
33730	24.8739693830978
33738	24.8739693752088
33740	24.8739693675043
33770	24.8739693269775
33776	24.8739693125453
33780	24.8739693077861
33804	24.8739692838123
33810	24.873969279976
33818	24.8739692505522
33822	24.8739692387124
33824	24.8739692296682
33850	24.8739692296313
33866	24.8739692250873
33878	24.8739692089141
33884	24.8739692002841
33888	24.8739691960869
33900	24.8739691584191
33924	24.8739691534055
33936	24.8739691470964
33940	24.8739691349816
33954	24.8739691235778
33962	24.8739691116229
33972	24.8739691075488
33978	24.8739690984595
33988	24.873969074292
34000	24.8739690739214
34006	24.8739690510989
34028	24.8739690489200
34030	24.8739690419962
34032	24.873969038818
34048	24.8739690072617
34068	24.8739689987125
34072	24.8739689760594
34096	24.8739689647198
34110	24.873968960089
34118	24.8739689521257
34130	24.8739689417744
34144	24.8739689383669
34152	24.8739689186326
34166	24.8739688924862
34196	24.873968889063
34202	24.8739688855968
34208	24.8739688685701
34230	24.8739688638068
34232	24.8739688441836
34250	24.8739688396027
34260	24.8739688287926
34272	24.8739688190695
34276	24.8739687971354
34290	24.8739687668682
34308	24.8739687621464
34310	24.8739687496792
34324	24.8739687238526
34340	24.8739687112691
34370	24.8739686933217
34382	24.8739686880789
34392	24.8739686679328
34396	24.8739686308020
34398	24.8739686083607
34414	24.8739685915886
34428	24.8739685890302
34436	24.8739685788273
34452	24.8739685690002
34464	24.8739685237549
34474	24.8739684682177
34488	24.8739684432944
34490	24.8739684044901
34528	24.8739683903847
34538	24.8739683445369
34542	24.8739683114134
34544	24.8739682980043
34548	24.8739682810309
34554	24.8739682559424
34566	24.8739681899630
34602	24.8739681344782
34610	24.8739680953066
34612	24.8739680665246
34620	24.8739680438391
34630	24.873968036806
34632	24.8739680032345
34662	24.873967995558
34680	24.8739679531952
34688	24.8739679268923
34696	24.8739679171662
34710	24.8739679130901
34716	24.8739678711099
34722	24.8739678313959
34736	24.8739677958480
34758	24.8739677930335
34760	24.8739677642151
34792	24.8739677255484
34800	24.8739677193474
34802	24.8739677117981
34810	24.8739677115795
34814	24.8739676911118
34826	24.8739676737424
34842	24.873967665051
34858	24.873967641614
34878	24.8739676286941
34892	24.8739676283672
34916	24.873967617263
34922	24.8739676025904
34930	24.8739675978894
34946	24.8739675978761
34960	24.8739675932055
34962	24.8739675626867
34992	24.8739675475343
35024	24.8739675452841
35028	24.8739675302308
35052	24.8739675248165
35062	24.8739675231295
35076	24.8739675229918
35078	24.8739675182945
35086	24.8739675135122
35098	24.8739674922864
35112	24.8739674809838
35138	24.8739674768908
35166	24.873967455632
35190	24.8739674509557
35192	24.8739674453752
35196	24.873967439671
35198	24.8739674349879
35220	24.8739674307533
35222	24.8739674209619
35258	24.8739674161635
35294	24.8739674147559
35298	24.8739674077534
35330	24.8739674040283
35342	24.8739674037164
35354	24.8739673909745
35356	24.873967382255
35384	24.8739673621830
35412	24.8739673575306
35416	24.8739673553454
35418	24.8739673551583
35424	24.8739673525809
35446	24.8739673507024
35460	24.8739673423998
35466	24.8739673420329
35480	24.8739673359711
35492	24.8739673262089
35514	24.8739673176292
35540	24.8739673175632
35542	24.8739673116071
35548	24.8739673115630
35550	24.8739673108388
35560	24.8739673091634
35570	24.8739673063396
35576	24.8739673013249
35600	24.8739672927500
35604	24.8739672812965
35610	24.873967280332
35612	24.8739672762301
35618	24.8739672737216
35648	24.8739672735411
35650	24.8739672729262
35656	24.8739672723582
35670	24.8739672681087
35674	24.8739672639960
35678	24.8739672625644
35682	24.8739672565371
35696	24.8739672540965
35698	24.8739672530355
35702	24.8739672530288
35708	24.8739672467488
35712	24.8739672424643
35738	24.8739672387407
35742	24.8739672356372
35772	24.8739672304392
35774	24.8739672285079
35780	24.8739672197964
35802	24.8739672131822
35806	24.8739672119940
35816	24.873967208534
35822	24.8739671983119
35848	24.8739671912328
35858	24.8739671912154
35862	24.8739671862621
35884	24.873967185231
35888	24.8739671828309
35898	24.8739671801889
35916	24.8739671767860
35938	24.8739671732125
35950	24.8739671730882
35954	24.8739671591752
35968	24.873967156818
35990	24.8739671485296
36008	24.8739671468001
36012	24.8739671445647
36016	24.8739671344211
36036	24.873967130727
36046	24.873967130371
36050	24.8739671262339
36058	24.8739671239355
36064	24.8739671233199
36066	24.8739671200632
36094	24.8739671189548
36096	24.8739671173345
36098	24.8739671038558
36118	24.8739671000201
36124	24.8739670971816
36136	24.8739670945785
36138	24.8739670945375
36148	24.8739670943626
36164	24.8739670896943
36176	24.8739670872553
36200	24.8739670846947
36204	24.8739670842223
36236	24.8739670837585
36238	24.8739670791899
36254	24.8739670749097
36256	24.8739670697624
36320	24.8739670695098
36334	24.8739670692205
36338	24.8739670674337
36348	24.8739670664263
36360	24.8739670618781
36362	24.8739670617708
36374	24.8739670603878
36384	24.8739670588488
36388	24.8739670566192
36398	24.8739670564371
36406	24.8739670552981
36416	24.8739670539058
36436	24.8739670530601
36438	24.873967052676
36446	24.8739670498903
36452	24.8739670458476
36490	24.8739670438057
36492	24.8739670410247
36498	24.8739670389308
36506	24.8739670377329
36532	24.8739670327648
36546	24.8739670325609
36548	24.8739670243205
36556	24.8739670192551
36576	24.8739670175934
36592	24.8739670125713
36604	24.8739670106134
36626	24.8739670066188
36636	24.8739670058007
36660	24.8739670037182
36664	24.8739670005857
36674	24.8739669974456
36688	24.873966991452
36698	24.8739669911878
36702	24.8739669870595
36712	24.8739669791912
36718	24.8739669775222
36734	24.8739669746521
36738	24.8739669728438
36742	24.8739669685593
36764	24.8739669661574
36774	24.8739669575100
36788	24.8739669562085
36810	24.873966951212
36818	24.8739669398573
36832	24.8739669372899
36860	24.873966930555
36870	24.8739669255114
36876	24.8739669114895
36892	24.8739669052655
36910	24.8739669036981
36932	24.8739668950073
36934	24.8739668893381
36974	24.8739668845734
37016	24.8739668843699
37022	24.8739668818655
37044	24.8739668788620
37050	24.8739668712963
37074	24.8739668703183
37092	24.873966866818
37104	24.8739668658337
37114	24.8739668628155
37116	24.8739668619321
37118	24.8739668617374
37124	24.8739668611629
37128	24.8739668592667
37132	24.8739668460371
37156	24.8739668415594
37180	24.8739668400820
37202	24.873966837923
37206	24.8739668372879
37214	24.8739668363672
37230	24.8739668323804
37232	24.8739668238987
37250	24.8739668196540
37268	24.8739668171234
37278	24.8739668093916
37302	24.8739668065792
37316	24.8739667990763
37352	24.8739667937663
37354	24.8739667873892
37368	24.8739667812995
37392	24.8739667720547
37408	24.873966764766
37424	24.8739667625762
37438	24.873966760402
37442	24.8739667578086
37466	24.8739667568081
37484	24.8739667566749
37490	24.8739667554403
37492	24.8739667523073
37494	24.8739667522658
37496	24.8739667520253
37500	24.8739667478933
37512	24.8739667384314
37542	24.8739667379921
37566	24.8739667352708
37570	24.8739667346367
37598	24.8739667321073
37618	24.8739667276342
37644	24.8739667208529
37648	24.8739667202742
37654	24.8739667172767
37660	24.8739667167962
37666	24.8739667165855
37676	24.8739667146338
37684	24.8739667131388
37702	24.8739667089374
37730	24.8739667086889
37746	24.8739667049626
37768	24.8739667047434
37770	24.8739667017070
37806	24.8739667006489
37814	24.8739666972342
37832	24.8739666965938
37858	24.8739666963909
37874	24.8739666941741
37876	24.873966693273
37890	24.8739666921308
37898	24.8739666907010
37910	24.8739666905089
37914	24.8739666884998
37920	24.8739666884551
37928	24.8739666835151
37952	24.8739666832874
37998	24.8739666831754
38010	24.8739666826735
38012	24.8739666821378
38026	24.8739666796028
38030	24.873966676079
38054	24.8739666726459
38090	24.8739666711507
38108	24.8739666699398
38124	24.87396666841
38130	24.8739666672652
38136	24.8739666672047
38138	24.873966666645
38140	24.8739666641808
38144	24.8739666619554
38162	24.873966659406
38176	24.8739666582776
38180	24.8739666562699
38192	24.8739666531003
38200	24.8739666502289
38202	24.8739666468578
38206	24.8739666467639
38218	24.8739666456734
38236	24.8739666415671
38240	24.8739666261093
38242	24.8739666249512
38256	24.8739666246048
38272	24.8739666238542
38280	24.8739666204912
38282	24.8739666164916
38310	24.8739666162376
38314	24.8739666147669
38322	24.8739666123054
38340	24.8739666100103
38346	24.8739666097579
38348	24.873966607274
38372	24.8739666065716
38384	24.8739666050121
38398	24.8739666046185
38400	24.8739666037807
38422	24.8739666024582
38442	24.8739666020247
38450	24.87396660045
38464	24.8739665994612
38466	24.8739665988766
38484	24.8739665978247
38502	24.8739665976269
38504	24.8739665948941
38512	24.8739665897825
38520	24.8739665889999
38528	24.8739665879924
38534	24.8739665860175
38546	24.8739665849535
38556	24.8739665837096
38560	24.8739665830377
38562	24.8739665808545
38570	24.8739665800986
38578	24.8739665799318
38594	24.8739665794917
38596	24.8739665755303
38604	24.8739665719622
38630	24.8739665714851
38640	24.8739665704755
38654	24.8739665700623
38656	24.8739665672632
38658	24.8739665654278
38666	24.87396656424
38690	24.8739665621718
38692	24.8739665603664
38698	24.87396656012
38708	24.8739665575144
38726	24.8739665525716
38736	24.8739665460840
38738	24.8739665397046
38776	24.8739665390708
38796	24.8739665347099
38814	24.873966533183
38832	24.8739665304637
38862	24.8739665296745
38870	24.8739665290599
38876	24.8739665276124
38880	24.8739665276037
38890	24.8739665246497
38896	24.8739665233069
38908	24.8739665230457
38926	24.873966522349
38936	24.873966519502
38952	24.873966517254
38972	24.8739665160798
38996	24.8739665153144
39004	24.8739665147914
39006	24.8739665112605
39024	24.8739665110756
39038	24.8739665102535
39048	24.8739665052524
39086	24.8739665041876
39096	24.8739665016023
39100	24.8739665000715
39108	24.8739664992397
39112	24.8739664988321
39116	24.8739664987953
39122	24.8739664950731
39142	24.8739664940517
39144	24.873966493128
39150	24.8739664924438
39156	24.8739664892507
39184	24.8739664871641
39202	24.8739664860844
39204	24.8739664859332
39210	24.8739664846511
39232	24.8739664825294
39246	24.8739664818722
39248	24.8739664818112
39250	24.8739664801593
39262	24.8739664796117
39264	24.8739664769864
39302	24.8739664753143
39308	24.8739664740344
39312	24.873966471597
39362	24.8739664710924
39396	24.8739664688829
39406	24.8739664686660
39418	24.873966467734
39434	24.8739664676613
39444	24.8739664652118
39464	24.8739664639445
39472	24.873966463931
39474	24.8739664628273
39488	24.8739664621596
39492	24.8739664617601
39518	24.8739664617188
39538	24.8739664616681
39542	24.8739664606108
39552	24.8739664604493
39574	24.8739664597065
39614	24.8739664596967
39624	24.8739664586312
39640	24.8739664583714
39644	24.8739664571201
39660	24.8739664567703
39664	24.8739664565533
39668	24.8739664562196
39672	24.8739664561746
39676	24.8739664557577
39684	24.8739664557116
39698	24.8739664556986
39700	24.8739664555232
39706	24.87396645538
39710	24.8739664549386
39712	24.8739664546902
39730	24.8739664544345
39734	24.8739664538788
39754	24.8739664535645
39762	24.8739664533686
39774	24.8739664521534
39782	24.8739664507922
39812	24.8739664505518
39834	24.8739664504271
39844	24.8739664497977
39852	24.8739664491027
39870	24.8739664483811
39924	24.8739664476850
39930	24.8739664466065
39934	24.8739664465513
39952	24.8739664458788
39956	24.8739664456335
39962	24.8739664452534
39976	24.8739664446649
40008	24.8739664442933
40010	24.8739664442818
40012	24.8739664439511
40014	24.8739664434073
40022	24.8739664433704
40026	24.8739664432521
40034	24.8739664429866
40054	24.8739664420193
40058	24.8739664413323
40062	24.8739664410798
40066	24.8739664398311
40078	24.8739664394302
40084	24.8739664392861
40108	24.8739664383327
40128	24.8739664376913
40166	24.8739664374906
40172	24.8739664372990
40188	24.8739664365902
40192	24.8739664358289
40200	24.8739664357152
40202	24.8739664355529
40206	24.8739664351779
40208	24.8739664344882
40210	24.8739664337686
40220	24.8739664326036
40232	24.8739664323617
40238	24.8739664308994
40250	24.8739664303089
40260	24.8739664297341
40264	24.8739664296638
40280	24.8739664290848
40288	24.8739664287377
40298	24.8739664279348
40304	24.8739664267779
40320	24.8739664252543
40330	24.8739664243969
40338	24.8739664231171
40352	24.8739664230879
40356	24.8739664230751
40360	24.8739664226463
40366	24.8739664222079
40374	24.8739664218366
40380	24.8739664214723
40408	24.8739664207431
40436	24.8739664204657
40442	24.873966420412
40452	24.8739664200621
40464	24.8739664199511
40476	24.8739664190848
40486	24.8739664184759
40496	24.8739664179112
40504	24.8739664171431
40510	24.8739664168866
40524	24.8739664166135
40526	24.8739664164739
40532	24.8739664158655
40534	24.8739664156398
40546	24.8739664152952
40548	24.8739664152404
40550	24.8739664150831
40564	24.8739664148051
40568	24.8739664147094
40578	24.8739664146566
40580	24.8739664145217
40596	24.8739664134475
40602	24.8739664128196
40622	24.8739664118415
40632	24.8739664108006
40656	24.8739664104793
40660	24.8739664094886
40662	24.8739664093339
40674	24.8739664091602
40680	24.8739664090693
40682	24.873966407928
40696	24.8739664070699
40700	24.8739664069789
40710	24.8739664068331
40718	24.8739664064014
40742	24.8739664062527
40746	24.8739664053031
40762	24.8739664042240
40766	24.8739664038665
40794	24.8739664036397
40796	24.8739664030390
40800	24.8739664028588
40818	24.8739664027159
40838	24.873966401745
40844	24.8739664015688
40846	24.8739664014621
40848	24.8739664014144
40852	24.8739664009830
40860	24.8739664001611
40868	24.8739663988908
40896	24.8739663978201
40926	24.8739663970973
40942	24.8739663968257
40958	24.8739663964755
40962	24.8739663962586
40964	24.8739663958181
40984	24.8739663953266
40990	24.8739663950870
41002	24.8739663947312
41004	24.8739663945309
41018	24.8739663942495
41042	24.8739663941889
41046	24.8739663939246
41048	24.8739663934980
41068	24.8739663934185
41070	24.8739663931662
41116	24.8739663927423
41126	24.8739663927080
41136	24.8739663926993
41142	24.8739663925917
41148	24.8739663924357
41158	24.8739663920042
41170	24.8739663919634
41174	24.873966391685
41188	24.8739663916703
41190	24.8739663915138
41196	24.8739663909753
41206	24.8739663906864
41246	24.8739663902777
41248	24.8739663902325
41268	24.8739663899692
41272	24.8739663896512
41282	24.8739663894368
41294	24.8739663893321
41298	24.8739663891764
41300	24.8739663887952
41304	24.8739663883513
41318	24.8739663881864
41324	24.8739663879423
41332	24.8739663876646
41342	24.8739663873759
41356	24.8739663873747
41366	24.8739663872217
41380	24.8739663870689
41386	24.8739663865581
41404	24.8739663862620
41410	24.8739663861607
41412	24.8739663861134
41416	24.8739663860588
41428	24.8739663856433
41450	24.8739663856302
41464	24.8739663855773
41470	24.8739663854512
41474	24.8739663854207
41484	24.8739663853118
41498	24.8739663849629
41520	24.8739663844292
41554	24.8739663843499
41556	24.8739663841637
41570	24.8739663838837
41590	24.8739663836286
41628	24.8739663835655
41642	24.8739663835101
41650	24.8739663833520
41670	24.8739663833275
41672	24.8739663833079
41680	24.873966382975
41684	24.8739663826912
41706	24.8739663826738
41712	24.8739663826327
41716	24.8739663823413
41724	24.8739663820707
41746	24.8739663820167
41748	24.8739663817597
41756	24.8739663813754
41790	24.8739663810785
41796	24.8739663810689
41814	24.8739663806811
41824	24.8739663804914
41836	24.8739663803973
41840	24.8739663803221
41842	24.873966379647
41862	24.8739663788025
41880	24.8739663787959
41892	24.8739663787225
41900	24.8739663786181
41906	24.8739663784469
41910	24.8739663783819
41930	24.8739663775764
41948	24.8739663773714
41954	24.8739663772353
41956	24.8739663766834
41974	24.8739663766016
41988	24.8739663764420
41990	24.8739663763503
41998	24.8739663761945
42000	24.8739663761722
42006	24.8739663755497
42014	24.8739663752826
42036	24.8739663752438
42046	24.8739663748467
42078	24.873966374636
42134	24.8739663743095
42138	24.8739663741774
42140	24.8739663741141
42162	24.8739663736446
42190	24.8739663735532
42232	24.8739663735012
42238	24.8739663731674
42254	24.8739663730986
42270	24.8739663729957
42272	24.8739663726818
42286	24.8739663724744
42290	24.8739663724269
42304	24.8739663723237
42310	24.8739663721756
42314	24.8739663719758
42326	24.8739663717501
42342	24.8739663714196
42356	24.8739663714182
42364	24.8739663711697
42414	24.8739663709616
42432	24.8739663707645
42444	24.8739663706603
42470	24.8739663705388
42476	24.8739663701672
42502	24.8739663699720
42510	24.8739663699709
42516	24.8739663699072
42518	24.8739663696874
42522	24.8739663696724
42532	24.8739663693956
42560	24.8739663693638
42592	24.8739663692436
42594	24.8739663692407
42614	24.8739663691779
42616	24.8739663690530
42644	24.8739663690178
42660	24.8739663689076
42678	24.8739663688603
42686	24.8739663688199
42696	24.8739663687721
42700	24.8739663687271
42714	24.8739663687112
42722	24.8739663686079
42750	24.8739663685921
42752	24.8739663684814
42762	24.8739663682713
42776	24.8739663681805
42778	24.8739663681436
42786	24.873966368117
42792	24.8739663680406
42794	24.8739663680159
42796	24.8739663679959
42798	24.8739663678575
42802	24.8739663676972
42818	24.8739663676645
42822	24.8739663674066
42824	24.8739663673157
42838	24.873966367265
42848	24.8739663672014
42872	24.8739663671899
42882	24.8739663669786
42906	24.8739663668684
42924	24.8739663668611
42932	24.8739663666808
42948	24.8739663666405
42964	24.8739663664066
42972	24.8739663662996
42974	24.8739663662699
42988	24.8739663662614
42990	24.8739663662506
42992	24.8739663662500
42994	24.873966366151
43002	24.8739663661368
43006	24.8739663660526
43020	24.8739663658477
43042	24.8739663655975
43052	24.8739663654838
43078	24.8739663652825
43082	24.8739663652493
43086	24.8739663652086
43096	24.8739663650745
43100	24.8739663649034
43112	24.873966364778
43122	24.8739663645362
43142	24.8739663644745
43148	24.8739663644222
43150	24.8739663644005
43154	24.8739663641732
43162	24.873966363725
43194	24.8739663636292
43220	24.8739663630767
43224	24.8739663628155
43238	24.8739663625061
43254	24.8739663622011
43262	24.8739663621503
43276	24.8739663620831
43294	24.8739663620349
43304	24.8739663619836
43312	24.8739663617878
43320	24.8739663617638
43332	24.8739663617237
43362	24.8739663616960
43372	24.8739663615335
43376	24.8739663612731
43388	24.8739663612556
43398	24.8739663610561
43416	24.8739663609047
43418	24.8739663607720
43436	24.8739663606225
43460	24.8739663606034
43474	24.8739663605581
43488	24.8739663604811
43506	24.8739663603678
43518	24.8739663603296
43522	24.8739663603076
43524	24.8739663601409
43560	24.8739663600785
43562	24.8739663600559
43566	24.8739663600391
43574	24.8739663599921
43576	24.8739663598719
43606	24.8739663597089
43612	24.8739663596797
43630	24.8739663596276
43642	24.8739663595400
43644	24.8739663594941
43656	24.8739663594132
43658	24.8739663592631
43670	24.8739663592165
43682	24.8739663591434
43688	24.8739663590563
43700	24.8739663589836
43724	24.8739663589827
43732	24.8739663588871
43742	24.8739663588705
43744	24.8739663588579
43746	24.8739663588491
43750	24.8739663588156
43758	24.8739663587082
43762	24.8739663585533
43768	24.8739663584469
43780	24.8739663583232
43786	24.8739663582698
43796	24.8739663582504
43808	24.8739663581965
43822	24.8739663581031
43832	24.8739663579825
43848	24.8739663578748
43854	24.8739663578473
43856	24.8739663577553
43864	24.8739663577018
43870	24.8739663575079
43886	24.8739663573826
43916	24.8739663572732
43920	24.8739663572379
43924	24.8739663571677
43948	24.873966357157
43952	24.8739663570875
43956	24.8739663570564
43974	24.8739663569922
43986	24.8739663569609
43996	24.8739663569248
44000	24.8739663568486
44004	24.873966356795
44008	24.873966356679
44026	24.8739663565871
44030	24.8739663565708
44050	24.8739663565271
44064	24.8739663563930
44088	24.8739663563675
44096	24.8739663563098
44112	24.8739663561031
44120	24.8739663560200
44132	24.8739663559407
44180	24.8739663559311
44186	24.8739663559029
44188	24.8739663558493
44216	24.873966355848
44218	24.8739663557464
44232	24.8739663557414
44246	24.8739663557307
44252	24.8739663556821
44268	24.8739663556655
44276	24.8739663556397
44280	24.8739663556284
44290	24.8739663556263
44292	24.8739663556234
44300	24.8739663556148
44304	24.8739663553534
44334	24.8739663553475
44344	24.8739663552808
44348	24.8739663552798
44362	24.8739663551665
44374	24.8739663551621
44386	24.8739663551097
44388	24.8739663550549
44394	24.8739663549850
44396	24.8739663549135
44434	24.8739663549107
44440	24.8739663548244
44454	24.8739663547865
44462	24.8739663547802
44472	24.8739663547687
44496	24.8739663547552
44498	24.8739663547239
44510	24.8739663547098
44522	24.8739663546776
44532	24.8739663546685
44538	24.8739663546547
44548	24.873966354622
44554	24.8739663546161
44556	24.8739663546135
44566	24.8739663546028
44570	24.8739663545806
44572	24.8739663545558
44586	24.8739663545046
44614	24.8739663544961
44620	24.8739663544722
44628	24.8739663544219
44648	24.8739663544170
44690	24.873966354373
44704	24.8739663543717
44714	24.8739663543590
44726	24.8739663543231
44732	24.8739663543147
44752	24.8739663542311
44756	24.8739663542281
44768	24.873966354213
44770	24.8739663541717
44784	24.8739663540743
44798	24.8739663540735
44814	24.8739663540451
44822	24.8739663540053
44826	24.8739663539739
44834	24.8739663539717
44844	24.8739663539613
44858	24.8739663539302
44866	24.8739663538662
44878	24.8739663538139
44882	24.8739663538055
44898	24.8739663537974
44904	24.8739663537599
44922	24.8739663537157
44936	24.87396635371
44944	24.8739663537017
44946	24.8739663536563
44962	24.8739663536436
44986	24.8739663536283
44998	24.8739663536029
45004	24.8739663535651
45024	24.8739663535567
45028	24.8739663535099
45054	24.8739663534977
45060	24.8739663534975
45062	24.8739663534777
45064	24.87396635344
45066	24.8739663534388
45070	24.8739663534238
45078	24.8739663534143
45102	24.8739663533907
45104	24.8739663533650
45126	24.8739663533638
45132	24.8739663533391
45154	24.8739663533334
45168	24.8739663533257
45172	24.8739663533090
45184	24.873966353289
45192	24.8739663532684
45200	24.8739663532531
45214	24.8739663532454
45242	24.8739663531891
45246	24.873966353144
45262	24.8739663531354
45264	24.8739663531161
45266	24.8739663531109
45268	24.8739663530845
45286	24.8739663530328
45292	24.8739663530059
45294	24.8739663529965
45322	24.8739663529697
45332	24.8739663529690
45336	24.8739663529591
45350	24.8739663529550
45372	24.873966352939
45396	24.8739663529223
45406	24.8739663528786
45450	24.8739663528729
45458	24.8739663528696
45460	24.8739663528675
45468	24.873966352848
45472	24.8739663528206
45492	24.8739663528111
45510	24.8739663528062
45530	24.8739663527983
45534	24.873966352795
45538	24.8739663527628
45556	24.873966352757
45564	24.8739663527273
45566	24.8739663527226
45580	24.8739663527107
45598	24.8739663526935
45614	24.8739663526730
45644	24.8739663526695
45664	24.8739663526676
45668	24.8739663526602
45670	24.8739663526472
45672	24.8739663525986
45686	24.8739663525967
45708	24.8739663525753
45712	24.8739663525439
45726	24.8739663525419
45754	24.8739663525358
45758	24.8739663525297
45762	24.8739663525284
45786	24.8739663525208
45788	24.8739663524957
45794	24.873966352482
45798	24.8739663524763
45812	24.8739663524640
45822	24.8739663524605
45832	24.8739663524340
45842	24.8739663524266
45844	24.8739663523825
45874	24.8739663523681
45880	24.8739663523653
45888	24.8739663523633
45892	24.8739663523286
45914	24.8739663523205
45916	24.8739663523186
45926	24.8739663523175
45930	24.8739663523122
45936	24.8739663523015
45940	24.8739663523007
45958	24.8739663522849
45966	24.8739663522757
45986	24.8739663522423
46000	24.8739663522369
46026	24.8739663522237
46064	24.8739663522051
46082	24.8739663522041
46116	24.8739663521944
46122	24.8739663521915
46124	24.87396635219
46126	24.8739663521813
46150	24.8739663521737
46156	24.8739663521665
46178	24.8739663521598
46182	24.8739663521527
46188	24.873966352129
46218	24.8739663521240
46220	24.8739663521238
46222	24.8739663521206
46266	24.8739663521185
46268	24.8739663521086
46272	24.8739663521049
46284	24.8739663521001
46288	24.8739663520891
46306	24.8739663520769
46320	24.8739663520688
46346	24.873966352067
46350	24.8739663520577
46362	24.8739663520555
46374	24.8739663520534
46378	24.873966352051
46390	24.8739663520449
46398	24.8739663520422
46410	24.873966352036
46418	24.8739663520326
46420	24.8739663520284
46472	24.8739663520274
46476	24.8739663520236
46482	24.8739663520174
46488	24.8739663520163
46496	24.8739663520110
46522	24.8739663519994
46528	24.8739663519955
46552	24.8739663519937
46562	24.8739663519889
46578	24.8739663519868
46586	24.8739663519825
46604	24.8739663519772
46606	24.8739663519747
46620	24.873966351974
46624	24.8739663519729
46626	24.8739663519695
46628	24.8739663519671
46646	24.8739663519614
46648	24.8739663519596
46652	24.8739663519587
46654	24.8739663519528
46660	24.8739663519495
46674	24.8739663519489
46682	24.8739663519475
46698	24.8739663519468
46700	24.8739663519460
46708	24.873966351941
46716	24.8739663519372
46736	24.8739663519261
46756	24.8739663519191
46764	24.8739663519180
46774	24.873966351917
46784	24.8739663519138
46804	24.8739663519118
46816	24.8739663519000
46830	24.8739663518961
46866	24.8739663518820
46900	24.8739663518798
46920	24.8739663518739
46930	24.8739663518695
46944	24.8739663518689
46958	24.8739663518655
46962	24.8739663518623
46978	24.8739663518622
46990	24.8739663518619
46996	24.8739663518593
47004	24.8739663518574
47022	24.8739663518568
47024	24.8739663518567
47034	24.8739663518555
47040	24.8739663518503
47050	24.8739663518492
47058	24.8739663518464
47066	24.8739663518403
47084	24.8739663518396
47114	24.8739663518335
47152	24.8739663518324
47158	24.8739663518295
47166	24.8739663518291
47168	24.8739663518290
47174	24.8739663518279
47176	24.8739663518272
47180	24.8739663518253
47182	24.8739663518193
47188	24.8739663518173
47200	24.8739663518144
47224	24.8739663518097
47250	24.8739663518082
47254	24.8739663518066
47258	24.8739663518057
47274	24.8739663518032
47310	24.8739663518026
47316	24.8739663518020
47336	24.8739663518017
47350	24.8739663517983
47382	24.8739663517976
47384	24.8739663517969
47388	24.8739663517947
47392	24.8739663517941
47400	24.8739663517933
47402	24.8739663517933
47422	24.8739663517916
47424	24.8739663517905
47454	24.8739663517900
47456	24.8739663517868
47482	24.8739663517867
47490	24.8739663517855
47504	24.8739663517848
47512	24.8739663517846
47524	24.873966351783
47536	24.8739663517828
47542	24.8739663517816
47550	24.8739663517809
47558	24.8739663517788
47584	24.8739663517784
47610	24.8739663517777
47612	24.8739663517773
47626	24.8739663517753
47644	24.8739663517751
47654	24.8739663517750
47658	24.8739663517739
47660	24.8739663517739
47682	24.8739663517725
47688	24.8739663517717
47710	24.873966351771
47734	24.8739663517705
47736	24.8739663517705
47738	24.8739663517702
47740	24.8739663517692
47746	24.8739663517692
47748	24.8739663517684
47756	24.873966351767
47772	24.8739663517666
47780	24.8739663517662
47798	24.8739663517658
47802	24.8739663517634
47810	24.8739663517617
47826	24.8739663517615
47832	24.8739663517611
47848	24.8739663517597
47866	24.8739663517587
47872	24.8739663517585
47880	24.8739663517575
47892	24.8739663517571
47896	24.8739663517556
47918	24.8739663517547
47920	24.8739663517532
47928	24.8739663517492
47952	24.8739663517456
47962	24.8739663517456
47988	24.8739663517454
47992	24.8739663517451
47994	24.8739663517447
48004	24.8739663517419
48020	24.8739663517405
48046	24.8739663517379
48086	24.8739663517377
48088	24.8739663517372
48104	24.8739663517364
48114	24.8739663517363
48122	24.8739663517355
48130	24.8739663517355
48132	24.8739663517347
48134	24.873966351734
48142	24.8739663517334
48152	24.8739663517334
48156	24.8739663517329
48176	24.8739663517329
48182	24.873966351732
48190	24.8739663517306
48222	24.8739663517304
48228	24.8739663517303
48236	24.8739663517301
48242	24.8739663517294
48254	24.8739663517292
48258	24.8739663517289
48264	24.8739663517284
48276	24.8739663517282
48294	24.8739663517282
48304	24.8739663517281
48306	24.8739663517280
48310	24.8739663517275
48330	24.8739663517272
48340	24.8739663517269
48356	24.8739663517261
48390	24.8739663517257
48398	24.8739663517254
48420	24.8739663517251
48440	24.8739663517238
48464	24.8739663517231
48472	24.8739663517229
48490	24.8739663517222
48540	24.8739663517221
48550	24.8739663517216
48564	24.8739663517214
48574	24.873966351721
48596	24.873966351721
48600	24.8739663517209
48618	24.8739663517202
48624	24.8739663517198
48628	24.8739663517197
48638	24.8739663517195
48676	24.8739663517194
48678	24.8739663517192
48700	24.8739663517187
48718	24.8739663517184
48740	24.8739663517183
48742	24.873966351718
48762	24.8739663517179
48766	24.8739663517176
48808	24.8739663517175
48830	24.8739663517175
48838	24.8739663517175
48840	24.8739663517174
48860	24.8739663517173
48868	24.8739663517173
48872	24.8739663517171
48888	24.8739663517171
48890	24.8739663517170
48906	24.8739663517170
48910	24.8739663517169
48948	24.8739663517167
48950	24.8739663517167
48956	24.8739663517166
48978	24.8739663517166
48980	24.8739663517166
48982	24.8739663517164
48988	24.8739663517163
49004	24.8739663517163
49026	24.8739663517161
49046	24.8739663517161
49054	24.873966351716
49056	24.8739663517159
49060	24.8739663517159
49110	24.8739663517158
49148	24.8739663517157
49160	24.8739663517156
49168	24.8739663517156
49190	24.8739663517155
49194	24.8739663517155
49196	24.8739663517154
49212	24.8739663517154
49216	24.8739663517153
49226	24.8739663517152
49230	24.8739663517152
49260	24.8739663517151
49280	24.873966351715
49298	24.873966351715
49308	24.8739663517148
49328	24.8739663517148
49334	24.8739663517147
49344	24.8739663517146
49350	24.8739663517145
49358	24.8739663517144
49386	24.8739663517142
49418	24.8739663517139
49424	24.8739663517136
49440	24.8739663517132
49442	24.8739663517128
49464	24.8739663517128
49472	24.8739663517123
49502	24.8739663517122
49526	24.8739663517117
49554	24.8739663517115
49584	24.8739663517114
49592	24.8739663517113
49606	24.8739663517113
49612	24.8739663517112
49616	24.8739663517109
49648	24.8739663517105
49668	24.8739663517104
49670	24.8739663517101
49678	24.8739663517099
49696	24.8739663517097
49700	24.8739663517094
49706	24.8739663517094
49714	24.873966351709
49726	24.8739663517088
49744	24.8739663517087
49758	24.8739663517086
49760	24.8739663517085
49764	24.8739663517082
49778	24.8739663517079
49782	24.8739663517078
49796	24.8739663517075
49834	24.873966351707
49846	24.8739663517069
49888	24.8739663517068
49904	24.8739663517067
49920	24.8739663517065
49924	24.8739663517062
49962	24.8739663517062
49972	24.8739663517062
49980	24.8739663517061
49982	24.8739663517060
49986	24.873966351706
49988	24.8739663517058
49996	24.8739663517058
50008	24.8739663517058
50026	24.8739663517057
50028	24.8739663517057
50030	24.8739663517056
50034	24.8739663517055
50066	24.8739663517055
50070	24.8739663517053
50094	24.8739663517051
50102	24.8739663517051
50104	24.873966351705
50128	24.8739663517049
50134	24.8739663517049
50150	24.8739663517048
50164	24.8739663517046
50182	24.8739663517045
50194	24.8739663517044
50200	24.8739663517043
50210	24.8739663517042
50244	24.8739663517042
50254	24.8739663517042
50260	24.8739663517041
50262	24.8739663517040
50264	24.8739663517040
50268	24.873966351704
50274	24.8739663517040
50280	24.8739663517039
50300	24.8739663517038
50306	24.8739663517037
50310	24.8739663517037
50320	24.8739663517035
50328	24.8739663517035
50330	24.8739663517033
50360	24.8739663517031
50384	24.873966351703
50398	24.8739663517028
50426	24.8739663517028
50456	24.8739663517028
50470	24.8739663517028
50480	24.8739663517026
50496	24.8739663517025
50514	24.8739663517023
50566	24.8739663517023
50568	24.8739663517022
50582	24.8739663517021
50590	24.873966351702
50612	24.8739663517020
50626	24.8739663517019
50630	24.8739663517018
50632	24.8739663517018
50634	24.8739663517018
50646	24.8739663517018
50652	24.8739663517017
50662	24.8739663517017
50670	24.8739663517017
50680	24.8739663517016
50692	24.8739663517016
50702	24.8739663517015
50716	24.8739663517015
50720	24.8739663517015
50760	24.8739663517014
50766	24.8739663517014
50772	24.8739663517014
50806	24.8739663517013
50812	24.8739663517013
50824	24.8739663517012
50846	24.8739663517012
50870	24.8739663517012
50916	24.8739663517012
50936	24.8739663517012
50950	24.8739663517012
50952	24.8739663517012
50966	24.8739663517011
50972	24.8739663517011
50984	24.8739663517011
50986	24.8739663517011
50988	24.8739663517011
50990	24.8739663517010
50998	24.873966351701
51014	24.873966351701
51032	24.873966351701
51050	24.873966351701
51084	24.8739663517010
51108	24.8739663517010
51112	24.8739663517009
51114	24.8739663517009
51116	24.8739663517008
51152	24.8739663517008
51170	24.8739663517008
51190	24.8739663517007
51198	24.8739663517007
51224	24.8739663517007
51258	24.8739663517006
51276	24.8739663517006
51280	24.8739663517006
51288	24.8739663517006
51292	24.8739663517006
51294	24.8739663517005
51302	24.8739663517005
51318	24.8739663517005
51324	24.8739663517004
51394	24.8739663517004
51408	24.8739663517003
51416	24.8739663517003
51426	24.8739663517003
51428	24.8739663517003
51438	24.8739663517002
51456	24.8739663517002
51482	24.8739663517002
51488	24.8739663517002
51492	24.8739663517002
51496	24.8739663517002
51502	24.8739663517002
51506	24.8739663517001
51520	24.8739663517001
51522	24.8739663517001
51524	24.8739663516999
51556	24.8739663516999
51564	24.8739663516999
51570	24.8739663516999
51602	24.8739663516999
51606	24.8739663516998
51610	24.8739663516998
51644	24.8739663516997
51646	24.8739663516997
51656	24.8739663516996
51676	24.8739663516995
51700	24.8739663516995
51704	24.8739663516995
51724	24.8739663516994
51728	24.8739663516993
51750	24.8739663516992
51784	24.8739663516992
51790	24.8739663516991
51794	24.8739663516991
51806	24.873966351699
51816	24.8739663516989
51824	24.8739663516989
51850	24.8739663516989
51856	24.8739663516988
51866	24.8739663516987
51880	24.8739663516987
51884	24.8739663516986
51886	24.8739663516985
51902	24.8739663516984
51904	24.8739663516984
51906	24.8739663516983
51916	24.8739663516983
51920	24.8739663516983
51932	24.8739663516982
51938	24.8739663516981
51956	24.8739663516981
51966	24.8739663516981
51970	24.8739663516981
51974	24.8739663516980
51986	24.8739663516979
51994	24.8739663516979
52014	24.8739663516978
52020	24.8739663516978
52040	24.8739663516978
52050	24.8739663516977
52052	24.8739663516976
52094	24.8739663516976
52112	24.8739663516976
52116	24.8739663516976
52122	24.8739663516975
52144	24.8739663516975
52146	24.8739663516975
52156	24.8739663516974
52180	24.8739663516974
52190	24.8739663516973
52216	24.8739663516973
52220	24.8739663516973
52228	24.8739663516972
52248	24.8739663516972
52250	24.8739663516972
52256	24.8739663516972
52266	24.8739663516972
52276	24.8739663516972
52280	24.8739663516972
52310	24.8739663516971
52316	24.8739663516971
52326	24.8739663516971
52344	24.8739663516971
52362	24.873966351697
52372	24.873966351697
52378	24.873966351697
52382	24.873966351697
52400	24.8739663516969
52406	24.8739663516969
52422	24.8739663516969
52432	24.8739663516969
52436	24.8739663516969
52438	24.8739663516968
52450	24.8739663516968
52452	24.8739663516968
52464	24.8739663516968
52472	24.8739663516968
52482	24.8739663516967
52496	24.8739663516967
52508	24.8739663516967
52532	24.8739663516966
52546	24.8739663516966
52556	24.8739663516966
52568	24.8739663516966
52582	24.8739663516966
52594	24.8739663516966
52616	24.8739663516966
52622	24.8739663516965
52628	24.8739663516965
52652	24.8739663516965
52682	24.8739663516965
52684	24.8739663516965
52688	24.8739663516965
52708	24.8739663516964
52722	24.8739663516964
52738	24.8739663516964
52750	24.8739663516963
52760	24.8739663516963
52764	24.8739663516963
52768	24.8739663516963
52772	24.8739663516962
52784	24.8739663516962
52806	24.8739663516962
52812	24.8739663516961
52816	24.8739663516961
52828	24.8739663516960
52860	24.8739663516960
52868	24.873966351696
52898	24.8739663516960
52912	24.8739663516960
52916	24.8739663516959
52922	24.8739663516959
52944	24.8739663516959
52960	24.8739663516959
52962	24.8739663516959
52974	24.8739663516959
53000	24.8739663516958
53018	24.8739663516958
53024	24.8739663516958
53032	24.8739663516958
53052	24.8739663516957
53064	24.8739663516957
53084	24.8739663516957
53120	24.8739663516957
53154	24.8739663516957
53172	24.8739663516956
53200	24.8739663516956
53232	24.8739663516956
53292	24.8739663516956
53306	24.8739663516956
53316	24.8739663516956
53336	24.8739663516956
53348	24.8739663516956
53372	24.8739663516956
53374	24.8739663516956
53410	24.8739663516955
53418	24.8739663516955
53446	24.8739663516955
53474	24.8739663516955
53480	24.8739663516955
53508	24.8739663516955
53514	24.8739663516955
53546	24.8739663516955
53548	24.8739663516955
53608	24.8739663516955
53630	24.8739663516955
53638	24.8739663516955
53648	24.8739663516954
53676	24.8739663516954
53678	24.8739663516954
53730	24.8739663516954
53772	24.8739663516954
53788	24.8739663516954
53802	24.8739663516954
53830	24.8739663516954
53854	24.8739663516954
53862	24.8739663516954
53888	24.8739663516954
53920	24.8739663516954
53958	24.8739663516953
54006	24.8739663516953
54032	24.8739663516953
54034	24.8739663516953
54054	24.8739663516953
54060	24.8739663516953
54070	24.8739663516953
54096	24.8739663516953
54134	24.8739663516953
54146	24.8739663516953
54160	24.8739663516952
54174	24.8739663516952
54188	24.8739663516952
54196	24.8739663516952
54212	24.8739663516952
54222	24.8739663516952
54290	24.8739663516952
54304	24.8739663516952
54376	24.8739663516952
54400	24.8739663516952
54436	24.8739663516951
54454	24.8739663516951
54462	24.8739663516951
54484	24.8739663516951
54506	24.8739663516951
54516	24.8739663516951
54530	24.8739663516951
54596	24.8739663516951
54606	24.8739663516951
54636	24.8739663516951
54638	24.8739663516951
54662	24.8739663516951
54664	24.8739663516951
54666	24.8739663516951
54760	24.8739663516950
54778	24.8739663516950
54792	24.873966351695
54836	24.873966351695
54840	24.873966351695
54842	24.873966351695
54878	24.873966351695
54890	24.873966351695
54896	24.8739663516950
54916	24.8739663516950
54924	24.8739663516949
54928	24.8739663516949
54946	24.8739663516949
54972	24.8739663516949
54990	24.8739663516949
55004	24.8739663516949
55036	24.8739663516949
55058	24.8739663516949
55064	24.8739663516949
55072	24.8739663516949
55100	24.8739663516949
55130	24.8739663516948
55134	24.8739663516948
55148	24.8739663516948
55158	24.8739663516948
55164	24.8739663516948
55168	24.8739663516948
55180	24.8739663516948
55210	24.8739663516948
55220	24.8739663516948
55252	24.8739663516948
55262	24.8739663516948
55300	24.8739663516948
55316	24.8739663516948
55334	24.8739663516948
55344	24.8739663516947
55368	24.8739663516947
55378	24.8739663516947
55392	24.8739663516947
55422	24.8739663516947
55428	24.8739663516947
55432	24.8739663516947
55454	24.8739663516947
55458	24.8739663516947
55474	24.8739663516947
55482	24.8739663516947
55500	24.8739663516947
55504	24.8739663516947
55524	24.8739663516946
55538	24.8739663516946
55592	24.8739663516946
55606	24.8739663516946
55618	24.8739663516946
55622	24.8739663516946
55646	24.8739663516946
55678	24.8739663516946
55698	24.8739663516946
55726	24.8739663516946
55742	24.8739663516946
55748	24.8739663516946
55792	24.8739663516946
55794	24.8739663516946
55844	24.8739663516945
55850	24.8739663516945
55874	24.8739663516945
55898	24.8739663516945
55972	24.8739663516945
56000	24.8739663516945
56004	24.8739663516945
56016	24.8739663516945
56030	24.8739663516945
56074	24.8739663516945
56086	24.8739663516945
56172	24.8739663516945
56180	24.8739663516945
56206	24.8739663516945
56240	24.8739663516945
56290	24.8739663516945
56396	24.8739663516945
56408	24.8739663516945
56430	24.8739663516945
56460	24.8739663516945
56534	24.8739663516945
56760	24.8739663516944
56888	24.8739663516944
56892	24.8739663516944
57096	24.8739663516944
57144	24.8739663516944
57178	24.8739663516944
57674	24.8739663516944
57766	24.8739663516944
58260	24.8739663516944
58398	24.8739663516944
58484	24.8739663516944
58554	24.8739663516944
58566	24.8739663516944
58716	24.8739663516944
58764	24.8739663516944
58870	24.8739663516944
58946	24.8739663516944
59142	24.8739663516944
59206	24.8739663516943
59276	24.8739663516943
59302	24.8739663516943
59370	24.8739663516943
59386	24.8739663516943
59390	24.8739663516943
59444	24.8739663516943
59460	24.8739663516943
59552	24.8739663516943
59598	24.8739663516943
59608	24.8739663516943
59618	24.8739663516943
59716	24.8739663516943
59718	24.8739663516943
59780	24.8739663516943
59834	24.8739663516943
59948	24.8739663516943
60040	24.8739663516943
60086	24.8739663516942
60090	24.8739663516942
60132	24.8739663516942
60210	24.8739663516942
60400	24.8739663516942
60528	24.8739663516942
60628	24.8739663516942
60824	24.8739663516942
60980	24.8739663516942
61416	24.8739663516942
61536	24.8739663516942
61606	24.8739663516942
61660	24.8739663516942
61800	24.8739663516942
61852	24.8739663516942
61968	24.8739663516942
62592	24.8739663516942
62626	24.8739663516942
69190	24.8739663516942
73090	24.8739663516942
87606	24.8739663516942
96048	24.8739663516941
117882	24.8739663516941
119028	24.8739663516941
120028	24.8739663516941
130190	24.8739663516941
181508	24.8739663516941
300000	24.8739663516941
