52	494.307634546281
54	426.822409810556
82	397.125279315975
92	346.123722643232
98	322.139976786492
182	266.741289071088
328	263.345664383891
330	259.186604867241
988	245.570873986234
2270	232.158474610009
2326	222.845559265542
3454	196.854890857828
4272	194.002950514242
4642	181.771739382909
5146	175.487028615820
5308	152.462486020926
5414	148.306780695295
5440	133.118072506066
5460	126.989255973218
5468	118.949153349592
5476	116.383103145096
5514	108.586859412436
5552	104.479162038622
5574	98.3507966083969
5596	97.2304253224812
5612	96.9242729709733
5616	87.2626736175928
5682	86.7280196287014
5684	85.1192459572506
5720	85.1138313567733
5726	83.4431384353453
5738	81.1956876699392
5772	81.0623665132822
5780	80.3086047685035
5792	79.7166453213139
5820	78.8499476972917
5822	76.9718070815768
5890	76.5926217940087
5892	76.4836122441233
5908	76.181111866777
5912	75.6949447112376
5932	74.1767284141609
5940	72.8327393766259
6002	72.6456845444547
6022	71.7482403077613
6026	70.9820841648058
6036	70.9116603671668
6060	70.758118314966
6074	70.2461892307119
6100	69.2284242314902
6108	68.909628015569
6122	68.7092452874257
6128	68.7047639984865
6130	67.7539555661349
6150	67.5615733262268
6156	66.5235935763162
6172	66.2455554393718
6178	66.1980480780262
6180	66.190593170301
6184	65.9300485824273
6188	65.1969301736292
6192	64.375312096944
6194	64.1685340792182
6200	63.7843396488334
6204	63.6483316274529
6214	63.5485486325733
6218	63.4860967104222
6220	63.0005593463015
6232	62.8162534363018
6244	62.382900255558
6270	61.7936934862025
6288	61.758483383143
6290	61.4704245604445
6292	60.4623155159098
6302	60.1890663174451
6310	60.1805071824852
6326	60.0753182810779
6336	59.7882115482553
6346	59.5331524618177
6354	59.2925790364316
6414	59.0983712232574
6416	58.9936854508425
6422	58.9240152117318
6424	58.8981430710538
6432	58.6512570069951
6440	58.4316415739754
6466	58.2022677461919
6490	57.9089865138225
6504	57.7617852070212
6506	57.6737463241563
6540	57.5737311203095
6544	57.4718554259515
6554	57.2518506096084
6564	57.1759285709022
6568	57.150625751129
6574	56.8368982361835
6580	56.7534383414509
6594	56.6857820468929
6596	56.4552687608534
6618	56.3084600253233
6632	56.279668489693
6662	56.2232900491432
6690	56.1169818067297
6694	55.9416997979211
6704	55.7506382906909
6734	55.5683264506513
6742	55.4952076899695
6752	55.2881783840529
6764	55.2839359847430
6776	55.2657393646298
6786	55.1476034686875
6792	55.0948165542979
6800	55.0120994883313
6818	54.9910296150352
6820	54.8259117435863
6848	54.7114586332868
6852	54.6017263340291
6862	54.2872028285948
6866	54.2422919097827
6874	53.915971111626
6876	53.6657063229618
6910	53.3476856991667
6934	53.2548807620085
6938	53.0987894843854
6946	52.7333841690043
6982	52.5669928637813
7010	52.2387033419833
7020	52.2128498428869
7022	52.1716600445795
7028	51.8140083394238
7040	51.1170123028023
7062	50.957966773746
7066	50.5397399607056
7070	50.514905883093
7086	50.299565494881
7122	50.290076833697
7128	50.0950295538596
7132	49.9018419056731
7136	49.7558276485718
7156	49.7390445460901
7160	49.5768778351411
7172	49.2518657470311
7202	49.1022526219575
7214	48.8982177746095
7220	48.8743931686119
7224	48.753401566182
7234	48.6002257141565
7238	48.4095361709183
7256	48.207232109342
7278	48.1407787242627
7280	48.0974606770986
7282	48.0509642775174
7286	47.842175440699
7304	47.7765960639493
7308	47.2951676298164
7310	47.2856013440905
7324	47.1500266781877
7340	46.9134213124647
7342	46.8770284538801
7364	46.5004262985282
7382	46.3416210370918
7394	46.2547043094982
7438	46.1449727052725
7460	46.1443359491452
7470	45.9049624925177
7496	45.8491022127306
7526	45.7778588904001
7544	45.6281286583761
7550	45.5309876005198
7568	45.5200826800633
7578	45.188622227967
7584	45.0922510214084
7588	44.9126536906715
7618	44.9124624833607
7622	44.897783236338
7624	44.8633467546269
7638	44.5506660757995
7644	44.4983898050105
7648	44.4598071727390
7670	44.3809695831669
7694	44.3131228296389
7696	44.1950765509178
7700	44.142477786095
7702	44.0693369199565
7710	43.9152129505498
7720	43.8361661501005
7722	43.7965135415364
7738	43.6761312395938
7750	43.6555821762830
7756	43.5998504830935
7770	43.5121003842538
7796	43.2867263022993
7816	43.2865311133906
7826	43.1433100229769
7832	43.09319364266
7840	43.0333877402548
7844	42.7709963187332
7848	42.7627068369956
7850	42.7613922350177
7856	42.6881302942355
7860	42.5399343445143
7886	42.4339804031945
7892	42.3668978667260
7920	42.3358533687228
7954	42.2983209097105
7956	42.2670446745783
7960	42.1570524646486
7998	42.1422630779724
8004	41.9247919144825
8010	41.7476839380516
8036	41.7096863993022
8056	41.7026341949884
8064	41.6870553217795
8080	41.6727792174402
8094	41.5286726806625
8124	41.4703998891826
8160	41.4456341686869
8164	41.4354182812539
8172	41.4250339844712
8176	41.3831036646109
8184	41.3583064547598
8186	41.3379537136831
8188	41.2781738966722
8190	41.2600535185499
8208	41.2455572488014
8244	41.1977462125997
8260	41.1968005046834
8272	41.1202243095265
8276	41.1103130449720
8282	41.0371137475352
8292	41.0366643818949
8302	41.0301555865969
8314	40.9969103690013
8316	40.9917461448012
8324	40.8724544275362
8346	40.8261524048611
8348	40.7428837285311
8366	40.736733913381
8374	40.7106996427279
8382	40.7047443099254
8390	40.6290830158549
8392	40.4786455463203
8420	40.4286556518735
8452	40.3972564719867
8462	40.3412646540403
8472	40.2500747805304
8484	40.2014197796986
8490	40.1886374285083
8492	40.1676632970876
8498	40.1368108285606
8512	40.0768454227705
8524	40.047586150364
8538	39.9554215721257
8542	39.9371928558802
8546	39.9028526885526
8554	39.8966916795447
8560	39.7555796331617
8580	39.7263740411681
8590	39.7117006953289
8602	39.6890048400829
8610	39.6792026452452
8616	39.6188922121996
8622	39.6074490837073
8654	39.590964984562
8656	39.571781078148
8678	39.5432363343383
8688	39.5044488922211
8704	39.4769182163782
8724	39.4728709272101
8728	39.4446641775802
8732	39.3772949513202
8748	39.3697303042543
8766	39.3191066485466
8770	39.2505314127187
8782	39.2297786817001
8786	39.2124318226023
8792	39.178276097372
8796	39.135978916059
8802	39.1267572656101
8806	39.1174682230988
8814	39.0933853958189
8820	39.0637106544492
8834	39.0557281784331
8838	39.055141812934
8840	39.0089577528555
8844	38.9047546298531
8846	38.8280359007253
8852	38.7976555126500
8858	38.6860962090205
8876	38.6726170508822
8882	38.5395056402935
8910	38.436589911355
8928	38.3952680169323
8932	38.3782256515574
8938	38.3152439118527
8966	38.2698685543277
8974	38.1916146174065
8980	38.1504114654469
9012	38.0939681753372
9022	37.9976914329038
9058	37.9196262517814
9084	37.9141416109053
9088	37.7954665072884
9104	37.7949795340437
9112	37.6807582162302
9122	37.5125249514162
9128	37.4721713920041
9130	37.4535934757451
9142	37.4037702768059
9146	37.384298215686
9154	37.3571350967007
9168	37.2479852436365
9180	37.2397064330597
9186	37.0062032702166
9194	36.8293267757165
9206	36.78975411307
9220	36.7575821039990
9222	36.6155058536557
9224	36.5208884603424
9236	36.4020825363143
9248	36.3652124962446
9256	36.1489639433252
9284	36.0018430507846
9294	35.9899870437656
9312	35.8924845639830
9326	35.6471414949074
9358	35.4710011291553
9394	35.430959065943
9402	35.4206406014530
9406	35.3578016856195
9410	35.1287754579245
9430	35.0744379342295
9434	35.0666226208767
9436	35.0557273149241
9438	34.9760487038678
9458	34.8823091045041
9466	34.7145242511668
9474	34.7119459620096
9494	34.6143228080643
9504	34.5804093316021
9510	34.5175054867890
9526	34.5165595938450
9534	34.4497883895697
9542	34.352890594176
9564	34.0799612995721
9600	33.9065106399344
9638	33.8748694088764
9640	33.8497884160911
9644	33.8425726391486
9650	33.7909260336235
9660	33.5884362057362
9688	33.5666820401556
9690	33.4836275305775
9706	33.338285222929
9750	33.2646791319035
9760	33.2595775950617
9770	33.1958031368546
9790	33.1359621811697
9808	33.0970670177366
9810	33.0622632819398
9818	32.9435318620217
9836	32.8856644572267
9848	32.7742309897169
9882	32.7498154513263
9910	32.7319382410471
9920	32.722094318501
9932	32.7204627864386
9944	32.7201388284433
9948	32.6802754295186
9988	32.5338632870185
10008	32.4905633634149
10010	32.3260090338772
10024	32.2056990431427
10060	32.1919803427388
10066	32.0700797659812
10112	32.0182102269171
10116	32.0101932304924
10126	31.9991950815474
10138	31.985061516741
10142	31.9524617783736
10150	31.8670448293164
10164	31.8381326309346
10190	31.8345543315771
10200	31.7715931385692
10218	31.7208003847359
10228	31.639874417174
10256	31.6067324310854
10268	31.5605851456258
10300	31.5522647183714
10322	31.4970510395822
10326	31.4624382133604
10334	31.3880362617767
10374	31.3798103307145
10408	31.3398361302911
10422	31.2854696624264
10434	31.2716926703953
10448	31.2693136627662
10450	31.2444096705732
10468	31.2302752007872
10474	31.2046008260002
10476	31.1840079460013
10494	31.1728257000929
10498	31.1556643007698
10516	31.1548548401394
10532	31.1513641744861
10536	31.0975912028959
10546	31.0825691049795
10564	31.0760006837043
10568	31.0267181627997
10588	30.9782295373278
10614	30.9424449193791
10652	30.9323946049381
10660	30.9195969318638
10664	30.9073946209153
10672	30.891926403867
10678	30.8907450131645
10688	30.8894717371818
10730	30.8892269020822
10732	30.8665771331479
10738	30.8533761121641
10740	30.8482512380547
10746	30.8362988160308
10752	30.8174882905768
10776	30.8071033335573
10788	30.7896495294958
10806	30.7806138137051
10830	30.7623265226739
10834	30.7603813117611
10838	30.7427284599219
10846	30.7381771740901
10862	30.7125500704128
10874	30.7011044787214
10904	30.6838307249237
10918	30.6827903778698
10922	30.6591198570117
10946	30.6549868061236
10948	30.6540507291597
10958	30.6454723300975
10962	30.6038714787842
10984	30.6021855538309
10986	30.5923328632790
10998	30.5547482241953
11012	30.5503477743138
11028	30.5456274824382
11032	30.5384294929785
11054	30.5347689626574
11062	30.5266298184429
11066	30.5262007988768
11076	30.5123296500388
11090	30.4860673061710
11098	30.4654927888197
11120	30.4642344846013
11140	30.4544536136589
11152	30.4384554055393
11166	30.4324044383283
11186	30.4242460561811
11214	30.4227131986901
11228	30.4225977407469
11250	30.4221427712126
11252	30.4047835941368
11262	30.3903216489020
11272	30.3888081132629
11292	30.3766798274869
11298	30.359384010132
11326	30.3536172091995
11352	30.3424675957194
11364	30.3421780470202
11370	30.3406488538412
11380	30.3289270414197
11400	30.3286248707609
11406	30.3220256094863
11430	30.316363930481
11448	30.2994309933833
11450	30.2894894272012
11456	30.2875531589595
11466	30.2833118383502
11468	30.2807885589666
11484	30.2787663861736
11490	30.2760425505355
11498	30.2751063851598
11508	30.2685259478463
11514	30.2619242610844
11520	30.2603985596064
11522	30.2447291242920
11532	30.2330037775787
11534	30.2285945513491
11536	30.2259681721632
11538	30.224897334676
11546	30.2247550888030
11548	30.2117523837386
11552	30.1986069804380
11554	30.1811332824806
11576	30.1712842104341
11588	30.158542997559
11600	30.1553269855605
11604	30.1517090014792
11612	30.1395940765737
11626	30.1333847560555
11642	30.1082999826130
11646	30.1016664919057
11656	30.0949558060606
11678	30.0886679069182
11682	30.0816772783399
11684	30.0746259593546
11698	30.0677473028519
11710	30.050707509008
11714	30.0415919327535
11736	30.0365100431073
11756	30.0343961823378
11758	30.0293691279622
11774	30.0287799655094
11782	30.0163129399462
11798	29.9975419385701
11834	29.9851506867827
11842	29.9771982112876
11850	29.9719408639046
11868	29.9701232429088
11880	29.9629212477060
11908	29.9617207655877
11910	29.9555440344457
11918	29.9537116139768
11950	29.9536308246689
11966	29.9531815252688
11976	29.9473112038489
11988	29.9460912521033
11992	29.9444127909388
12004	29.9413313825600
12016	29.9379965894619
12060	29.9339771718619
12066	29.9302596844571
12080	29.9276671480633
12120	29.9252657843593
12124	29.9233790605684
12136	29.9200816925127
12138	29.9151672087109
12144	29.9126643275493
12152	29.9125359365684
12162	29.9066353682145
12172	29.9062471350488
12174	29.9039412290850
12180	29.901763923875
12202	29.8989245413916
12208	29.8919310094941
12232	29.8893715907899
12242	29.8877715300155
12246	29.8775886930099
12262	29.8708844898757
12272	29.8706292010306
12276	29.8559366713243
12286	29.8557496320391
12302	29.8527466637243
12310	29.8472385170237
12322	29.8411049511725
12330	29.8344201058710
12338	29.8239190378842
12352	29.812890355597
12388	29.8086597040862
12400	29.8064724982645
12430	29.8011880246054
12498	29.8007524593662
12504	29.8006012019372
12506	29.7969567232215
12512	29.7940655324406
12524	29.7857342556434
12562	29.781520238701
12566	29.774816015771
12574	29.7736660366045
12582	29.7723004141781
12588	29.767071990395
12624	29.7629604703374
12630	29.7589681026556
12652	29.7576338075256
12656	29.750031095276
12678	29.7424342953131
12732	29.7391905479417
12740	29.7391446614555
12748	29.7391137062104
12750	29.7369407631830
12758	29.7316004011685
12774	29.7262696090495
12790	29.7226762445826
12802	29.7170649789022
12816	29.7164636922868
12822	29.7114362017954
12836	29.7111019486545
12840	29.706949087237
12860	29.7063872624437
12866	29.7033780149338
12870	29.6996469749377
12898	29.6948390572335
12900	29.6852887775665
12916	29.6823645393275
12920	29.6788827719009
12930	29.6745490784443
12944	29.6741271515578
12950	29.6641735066712
12978	29.6635454979564
12980	29.6610039282368
12984	29.6525401051246
12988	29.6433788376360
13008	29.6385795244748
13012	29.6362593271701
13032	29.6284709652468
13062	29.6274409859585
13078	29.6220968178947
13086	29.6179242421775
13116	29.614326499592
13122	29.6065030414525
13134	29.6007540322550
13154	29.5989125142988
13158	29.5894613465296
13166	29.5879644980081
13178	29.5861515341707
13184	29.5824949199109
13188	29.5793866386011
13194	29.5740042255945
13212	29.5719890169437
13232	29.570790499295
13234	29.5647157043939
13246	29.5543238308258
13248	29.5527246284878
13254	29.5517143237788
13260	29.5507108941432
13272	29.5413017018546
13284	29.5372905416034
13302	29.5366739828867
13314	29.5353060530195
13320	29.5348198183945
13322	29.5331291558091
13324	29.5326880817242
13332	29.5284502732899
13336	29.5247056412226
13352	29.5168994229765
13370	29.5094021387779
13372	29.5027797268323
13378	29.4969596580301
13394	29.4886529865218
13404	29.4822113400863
13412	29.4658293833016
13424	29.4576290302425
13442	29.4460684759482
13462	29.4306424199846
13480	29.4287047343557
13484	29.4107329100986
13500	29.4074824257677
13512	29.4045179668086
13520	29.4018306073757
13522	29.3943987667547
13532	29.3916075043415
13534	29.3872814576555
13570	29.3856023645743
13582	29.3777610631337
13588	29.3684946767091
13590	29.3582582527959
13612	29.3426154874353
13618	29.3311992517184
13644	29.3285153058042
13646	29.3115938248903
13666	29.3105646626001
13688	29.3082646773698
13692	29.3049600310820
13698	29.2787141359178
13704	29.2487634032191
13752	29.2421044932397
13760	29.2381453031441
13778	29.2359126478940
13788	29.2341140264081
13810	29.2239421108429
13814	29.2229228296733
13822	29.2213620935015
13842	29.2126162890163
13870	29.2058952700743
13872	29.1989370804066
13886	29.1966344658121
13890	29.1956066258926
13898	29.1949597360983
13904	29.1923267893415
13908	29.1852630073198
13910	29.178412134496
13934	29.1779477896369
13958	29.1732036410001
13970	29.1729194394946
13978	29.1696961666193
13982	29.1664502411728
13992	29.1655107015547
13994	29.1627079789296
14006	29.1561665999627
14024	29.1539998255743
14046	29.1482607324339
14068	29.1467414184344
14082	29.1421394828893
14104	29.1419646384515
14126	29.1391479467265
14140	29.1283411592169
14146	29.1256927675544
14156	29.1236772135586
14172	29.1179093519738
14186	29.1169935434542
14198	29.1142456360488
14208	29.1141565909331
14210	29.1137187555563
14236	29.1116561855793
14238	29.1064395515377
14256	29.1028253519882
14264	29.1008259698245
14274	29.0985225190696
14276	29.0934535176048
14284	29.0932187378369
14312	29.0910736791688
14336	29.0905151159471
14342	29.0897787872974
14348	29.0883031641678
14378	29.0852928492116
14404	29.0849116581625
14416	29.0839559360909
14420	29.0836110828824
14424	29.0834493843395
14438	29.0831235316806
14442	29.0810691304557
14456	29.079354333684
14496	29.0788470254351
14506	29.0760969557677
14514	29.0759488614043
14536	29.0750662828025
14548	29.0721930616311
14568	29.0685872498013
14650	29.0674026984281
14670	29.0661739047492
14676	29.0649978375742
14686	29.0626228369269
14694	29.0625546224532
14696	29.0623430122777
14712	29.0622110994185
14716	29.0617408793976
14726	29.0605710606415
14734	29.0578183328967
14764	29.0566092308611
14770	29.0548085515944
14788	29.0544005695161
14794	29.053944558357
14802	29.0528224284173
14836	29.0523466502578
14840	29.0519268362144
14886	29.0510390802687
14896	29.0495428756656
14912	29.048800008387
14914	29.0486046167799
14930	29.0484874037137
14938	29.0481755218657
14948	29.0478765070669
14954	29.0466144870419
14968	29.0452239656544
14976	29.0451273079051
14990	29.0445650905909
14998	29.0444422072117
15012	29.0439583582089
15014	29.0432212646719
15030	29.0431721371982
15038	29.0419838011196
15048	29.0402489182746
15072	29.0393435235795
15090	29.0383583327838
15092	29.0378024287781
15116	29.0374600178083
15118	29.0371567511648
15122	29.0363564857373
15134	29.0362405171884
15140	29.0356945950084
15150	29.0339357965080
15152	29.0308396541515
15156	29.0295116470576
15160	29.0292116476679
15164	29.0276206646415
15186	29.0272976594025
15190	29.0267615963451
15198	29.025429504257
15216	29.0237729980789
15240	29.022441409569
15244	29.0199103076781
15246	29.0176227092896
15292	29.0168992377153
15324	29.0163028474116
15336	29.0158673619561
15344	29.015488009323
15350	29.0144525181071
15362	29.0143083573033
15370	29.0130699410666
15396	29.0104969037634
15414	29.0097133642469
15422	29.0080872567357
15458	29.007275316618
15476	29.0063364158078
15502	29.0052464826106
15516	29.0049088153195
15518	29.0048242907871
15524	29.0041876612572
15534	29.0035911171778
15540	29.0035063007837
15554	29.0028971139006
15562	29.0026250622186
15566	29.0011119693311
15586	29.0010561219421
15588	28.9982660651796
15614	28.9979908100046
15626	28.9973759661893
15628	28.9968743724639
15638	28.9965618212343
15656	28.9958259729897
15668	28.995259924175
15670	28.9949155257500
15672	28.9944447144875
15674	28.9944381634358
15680	28.9942072431431
15684	28.9935120087636
15688	28.9933078966843
15716	28.9930970221703
15722	28.9918340054432
15732	28.9918167507065
15742	28.990351250606
15764	28.9901948938
15772	28.9894696839081
15796	28.9893106260596
15802	28.9880676347622
15814	28.9875532406701
15816	28.986253218472
15818	28.9851858770558
15832	28.9837884515481
15838	28.9812711507447
15868	28.9791596385796
15870	28.9791042416394
15914	28.9785427794742
15918	28.9780258394125
15940	28.9767433681146
15946	28.9760389482348
15950	28.9751668118117
15974	28.9742940247671
16004	28.9734138571285
16008	28.9732661272351
16020	28.9731527307543
16028	28.9724768195793
16036	28.9720949086136
16038	28.9720862204241
16046	28.9717958467420
16066	28.9711936659568
16070	28.971031769446
16076	28.9698753164104
16080	28.9686536607853
16114	28.9680579501577
16130	28.9679665859057
16152	28.9668060660388
16176	28.9658704423586
16188	28.9647463780781
16204	28.9638429653775
16222	28.9623052784162
16228	28.9615075544366
16236	28.9601914827719
16246	28.9598171122978
16262	28.9590735266947
16294	28.9587880392368
16300	28.9583230117804
16310	28.9578580561588
16312	28.9572700091589
16316	28.9567439621444
16318	28.9565566193768
16320	28.9560471980515
16344	28.9555141045527
16346	28.953876158712
16350	28.9520894887801
16384	28.9506665809769
16402	28.9504722885336
16410	28.9493369445399
16420	28.9491562671928
16424	28.9490366964114
16452	28.9482737968695
16480	28.9482233155301
16494	28.9464809691925
16518	28.945187491693
16526	28.9448593215243
16542	28.9446039470074
16550	28.9444472928758
16578	28.9442267698473
16582	28.9435322836781
16612	28.9427602261514
16618	28.9427296902082
16620	28.9422924307791
16628	28.9415470444435
16634	28.9409710854969
16652	28.9402513156499
16658	28.9393793945682
16674	28.9388968188267
16702	28.9388224630463
16732	28.9387084309717
16740	28.9386382576393
16742	28.9380555050302
16748	28.9380119412580
16768	28.9365869390008
16770	28.9365752703699
16782	28.9365734317999
16786	28.9347190727551
16788	28.9347046056986
16790	28.9346676372937
16796	28.9325242656421
16814	28.9312936625139
16820	28.9305640382128
16836	28.9304252060049
16844	28.9284004036194
16886	28.9283785475314
16888	28.9271264598812
16896	28.9271206504807
16904	28.9267317179636
16914	28.9261122096571
16920	28.9257971599641
16922	28.9255162923474
16926	28.9252200666863
16940	28.9236782464524
16952	28.9236733474494
16972	28.9235524578357
16978	28.9229662233722
16986	28.9224219751153
16990	28.9219618356240
16994	28.9201125334164
16998	28.9196291964752
17046	28.9179043625779
17084	28.9175527131721
17096	28.9160904434512
17112	28.9159253609283
17116	28.9153255946475
17150	28.9145688595094
17168	28.9141844858547
17174	28.9129944928568
17208	28.912849773374
17216	28.9110947040419
17236	28.9110357215465
17240	28.9107384191701
17270	28.910418764764
17280	28.9100484508654
17294	28.9098345236763
17302	28.9084892269863
17314	28.9080705991810
17390	28.9076861297416
17394	28.9074925696297
17400	28.907230571424
17420	28.9071815546311
17424	28.9065437025526
17452	28.9059171367191
17464	28.9056818076540
17482	28.9056202286082
17506	28.9055310118937
17510	28.9055144476575
17518	28.9054330426116
17520	28.9049291870133
17560	28.9045348980029
17568	28.9040692912993
17582	28.9039283397588
17588	28.9035984379409
17606	28.9032583167441
17612	28.9032323756279
17622	28.9032077044504
17624	28.902686173651
17648	28.9026380333698
17664	28.9022627340535
17668	28.9021755462631
17670	28.9017290641105
17678	28.9010752641994
17686	28.9008687397061
17706	28.9007679261134
17712	28.9005388193258
17726	28.9002880114888
17758	28.9000216114758
17770	28.8999337437671
17772	28.8996443964009
17774	28.89961219978
17788	28.8992393011745
17796	28.8991006154596
17808	28.8990820370767
17816	28.8990166588242
17828	28.8989263556767
17842	28.8987200012119
17866	28.8986550162655
17870	28.8986448193946
17874	28.8986128798236
17878	28.8983285691353
17886	28.8981039276621
17890	28.8976563570922
17894	28.8976117493554
17896	28.8975505761021
17902	28.8975413761473
17916	28.8974513888703
17918	28.8971160535717
17936	28.896834383242
17946	28.8963154962296
17952	28.8960233569788
17956	28.895937081798
17982	28.8957415334577
17984	28.8955311552656
17992	28.8952071948429
18000	28.8952039501233
18002	28.8951645650267
18010	28.8950214197534
18032	28.8947778472705
18038	28.8946462096380
18056	28.8945785040546
18058	28.8941683773251
18060	28.8941257665103
18064	28.8940532672514
18076	28.8939118915538
18108	28.8938830930804
18112	28.8936645767387
18138	28.8936565606068
18142	28.8930896121388
18150	28.8930106024352
18152	28.8929400404561
18158	28.8926472609526
18164	28.8926418931949
18178	28.8924948028608
18188	28.8920780832284
18198	28.8917592998802
18200	28.8915983223608
18210	28.8915387392535
18214	28.8911131261081
18226	28.890940382938
18240	28.8908233774315
18250	28.8907551855319
18258	28.8906873772833
18270	28.8904479909639
18290	28.890320228102
18316	28.8902530630063
18318	28.8901165587163
18336	28.8899967392468
18346	28.8899784102758
18388	28.8898578474013
18398	28.8898428749952
18412	28.8897105541523
18438	28.8897014864404
18442	28.8896986675732
18444	28.8896836539384
18448	28.8896663021483
18458	28.889398282584
18484	28.8893173467353
18502	28.8893135622106
18504	28.8892310868595
18522	28.8891720897856
18528	28.889112037433
18530	28.8890569801555
18536	28.8890192653869
18538	28.8887189059138
18566	28.8884142503738
18584	28.8881983637211
18594	28.8880943195645
18636	28.8879413521072
18646	28.8878012445919
18680	28.8877853318547
18688	28.8877186437713
18694	28.8875009146741
18716	28.8873375525665
18720	28.8870708082366
18724	28.8870254966306
18730	28.8868414677878
18742	28.8866634576113
18764	28.8865600719465
18780	28.8861867064778
18794	28.8859953501688
18802	28.8858070539255
18832	28.8857183393356
18838	28.8857065635864
18842	28.8855660565612
18850	28.8853815000090
18856	28.8853320441601
18864	28.8852577569978
18870	28.8851947192634
18888	28.8849508946735
18896	28.8848935327287
18914	28.8848050423478
18916	28.8847788258131
18922	28.8847634104462
18928	28.8845897741748
18942	28.8844610815902
18968	28.8843145138516
18980	28.8842748277684
18988	28.8841861102128
19000	28.8839991873532
19008	28.8836934158249
19018	28.8834331150163
19020	28.8833328822743
19038	28.8831617781873
19040	28.8829257700152
19052	28.8828596965286
19058	28.8828187446649
19066	28.8828171702308
19078	28.8827370534367
19090	28.8825508462440
19094	28.8823280100234
19126	28.8823204095674
19128	28.8822112043038
19144	28.8821950019995
19148	28.8819765491488
19158	28.8819024802182
19168	28.8818700619200
19182	28.8818121289732
19186	28.8816706521431
19188	28.881566632281
19204	28.8813510489819
19214	28.8812659911295
19216	28.8812602776683
19228	28.8811502471986
19232	28.8809244268857
19246	28.880908279193
19266	28.8808771107572
19280	28.8807456278766
19282	28.8806478806915
19306	28.8805730194949
19320	28.8804918250027
19326	28.8804659865057
19330	28.8803972731012
19336	28.8801378182584
19352	28.8800068500019
19374	28.8799900819087
19382	28.8798676287825
19392	28.8796527076499
19400	28.8795655412153
19406	28.8795231225576
19420	28.8794165982453
19432	28.8791514922582
19438	28.8790580359363
19448	28.8789994732
19450	28.8789905707177
19452	28.8787290533744
19466	28.8785172125275
19474	28.8783098757465
19492	28.8781190293979
19498	28.8780193557953
19504	28.8779890641656
19508	28.8779797676588
19524	28.8779570897688
19540	28.8777953586740
19548	28.8777943195391
19558	28.8777332867392
19570	28.8776882543679
19582	28.8773031731633
19586	28.8772696018285
19598	28.8772348536867
19606	28.8770427572409
19610	28.8769646380939
19612	28.8767507458116
19634	28.8765295856080
19658	28.8763942580528
19660	28.8762811639571
19686	28.8761520282072
19688	28.8761281060327
19698	28.8760876933722
19702	28.8757596110841
19714	28.8757373296185
19724	28.875626414484
19732	28.8755907307933
19738	28.8754984260676
19752	28.8753608112615
19774	28.8752321914591
19788	28.8751591955229
19820	28.8748954306471
19834	28.8748920337634
19842	28.8748863331257
19852	28.8747556338011
19862	28.8744474207829
19870	28.8743760270247
19886	28.8743154840994
19908	28.8742422125068
19928	28.8740663339313
19968	28.8738888386852
19978	28.8738237428976
19988	28.8738133569092
20028	28.8737775323857
20042	28.8736969545153
20046	28.8736571828498
20050	28.8734526023448
20052	28.8734418653929
20056	28.8733779846453
20078	28.8733339810437
20100	28.8733121103968
20120	28.8733020098364
20128	28.8731559154863
20132	28.8731231653771
20146	28.8731114401030
20148	28.8731021604988
20150	28.8729653419983
20188	28.8727275008192
20218	28.8726416982444
20226	28.8726287621078
20234	28.8725887039293
20240	28.8725007416452
20252	28.8724991699433
20254	28.8724624674701
20264	28.8724407728904
20274	28.8722861562816
20286	28.8722749936916
20296	28.8722551927267
20298	28.8722355963099
20306	28.8721211951693
20308	28.8720853684691
20326	28.8719615749483
20332	28.8718264105165
20338	28.8717580293263
20356	28.8717411148828
20358	28.8717262874198
20360	28.8716547926885
20364	28.8715925957739
20384	28.8715765479714
20388	28.8715237331033
20394	28.8714297185495
20412	28.8713839847227
20436	28.8713672665940
20440	28.8711564894588
20448	28.8711404809168
20450	28.8710781643700
20458	28.8710292465049
20460	28.8709743386291
20468	28.8709722363959
20474	28.8709540744061
20476	28.8709322676632
20478	28.8708308286737
20486	28.8708141917783
20508	28.8707333855891
20524	28.8707244315231
20526	28.8705844133331
20560	28.8704812507974
20562	28.8704621465478
20568	28.8703075136668
20570	28.8702297130757
20578	28.8699633512087
20580	28.8695964620345
20584	28.8693556879994
20614	28.8688808887923
20634	28.8688555195938
20650	28.8688404087527
20652	28.8686732272159
20658	28.8686172723862
20666	28.8685816454173
20672	28.8684417849688
20674	28.8682514080405
20678	28.8679751799784
20688	28.8679124722397
20702	28.8676171463732
20708	28.8674256880638
20714	28.8667755568818
20750	28.8665947476943
20756	28.8663637690527
20788	28.8661246744477
20808	28.8661066093813
20816	28.8661004563409
20824	28.8659483502293
20826	28.8659231341392
20834	28.865861307242
20840	28.865795248177
20852	28.8657065225315
20858	28.8655300419794
20872	28.8654994313879
20876	28.8654929145139
20884	28.8654377324126
20886	28.8654374404406
20900	28.8653028327244
20934	28.8652897867359
20938	28.8651238935521
20946	28.8650823495268
20952	28.8650114296622
20964	28.8650080064145
20974	28.8649867630521
20978	28.8649250807534
20980	28.8648970876857
20982	28.864810660252
20988	28.8648032840497
21004	28.8647281244408
21014	28.8645270110825
21040	28.8643646436235
21042	28.8643641063983
21050	28.8643083995834
21052	28.8642969786307
21068	28.8641594283622
21072	28.8641410791728
21074	28.8639446723922
21080	28.8638662262169
21090	28.8638610346077
21120	28.8636007764181
21134	28.8634059637228
21156	28.8633976651222
21166	28.8633226191655
21180	28.8633093445746
21184	28.8633092995860
21190	28.8632868210765
21202	28.8632672576477
21208	28.8630261156344
21214	28.8629203904599
21226	28.862875430131
21228	28.8628270977276
21240	28.8627354075746
21244	28.8626311848019
21264	28.8626025267111
21272	28.8625508971373
21274	28.8625499305803
21280	28.8625339459787
21310	28.8625256947616
21314	28.8625116881724
21324	28.8624556795063
21330	28.8624536110178
21348	28.8624294744856
21352	28.8623355952736
21372	28.8623290731132
21394	28.8622708803111
21398	28.8622145296637
21418	28.8621745428024
21434	28.8621717040923
21452	28.8621678281266
21454	28.8621395929295
21466	28.862059939608
21484	28.8619714106258
21488	28.8619573476537
21496	28.8618883966535
21500	28.8617889523942
21504	28.8617122600196
21522	28.8616960774136
21526	28.8616020447305
21544	28.861591962551
21548	28.8614954624450
21552	28.8614400868600
21596	28.8614301123828
21600	28.8613671255678
21620	28.86129248109
21628	28.8612522550821
21634	28.8610155294749
21640	28.8609871422882
21644	28.8609503133409
21646	28.8608608600552
21654	28.8608289930598
21662	28.8607670262429
21664	28.8606214036124
21724	28.8605746896602
21726	28.8604802883512
21736	28.860473975848
21738	28.8604590309297
21742	28.8604214228308
21746	28.8603882699995
21748	28.8602978271778
21750	28.8602716065124
21786	28.8602554490580
21788	28.8602032946792
21802	28.8601234438058
21812	28.860069049673
21830	28.8599387914056
21868	28.8599270564300
21876	28.8598946698293
21884	28.8598728042446
21896	28.8598621205545
21904	28.8598592688154
21910	28.8597747588822
21912	28.8597573818330
21918	28.8597539073403
21936	28.8597192911089
21944	28.8596164743604
21946	28.8596156894466
21948	28.8596007031243
21950	28.8595645974476
21954	28.8595563687737
21964	28.8594672166877
21970	28.8594628055729
21986	28.8594526317766
21988	28.8594145642025
21992	28.8593978728002
22026	28.8593535399452
22052	28.8593501766822
22054	28.8592869487186
22056	28.8592753849191
22058	28.8592685241591
22066	28.8592373746048
22070	28.85916266354
22084	28.8590996544712
22094	28.8590966730345
22106	28.8590453854153
22108	28.8590037540501
22114	28.8589896450967
22126	28.8589031147735
22160	28.8588730577906
22170	28.8588560157135
22176	28.8587806464776
22226	28.8587491388289
22234	28.8586919961656
22236	28.8586839508781
22262	28.8586517275788
22272	28.8586394546173
22304	28.8586181080750
22308	28.8585847229629
22312	28.8585628681553
22318	28.8585557517498
22320	28.8585344697558
22326	28.8585277150709
22328	28.8585044492675
22342	28.8584808572634
22360	28.8584471292055
22370	28.8583914275126
22410	28.8583912709803
22448	28.8583624686098
22456	28.8583558461246
22458	28.8583540723954
22464	28.8583536944728
22466	28.8583422200712
22472	28.8583196720434
22480	28.858318794455
22484	28.8583146355972
22490	28.8583071351689
22508	28.8582836374709
22522	28.8582570457173
22528	28.8582351864092
22540	28.8582302352839
22550	28.8582024501207
22566	28.8582012875859
22576	28.8581956677407
22580	28.8581552935583
22594	28.8581418540915
22612	28.8581410900579
22618	28.8581184232900
22630	28.8581030993313
22636	28.8581007928961
22640	28.8580982683754
22644	28.8580427512338
22650	28.8580337383580
22654	28.8580070043928
22656	28.8579915936979
22676	28.8579651544267
22694	28.8578946909898
22696	28.857836024755
22718	28.8577919147668
22742	28.8576735062456
22752	28.8576716472909
22756	28.8576306663118
22794	28.857624346283
22828	28.8576001959946
22834	28.8575689734126
22836	28.8575590863272
22840	28.8574376115461
22870	28.8573559394521
22886	28.8573154951522
22892	28.8572997533777
22904	28.857247053569
22910	28.8572350514809
22916	28.8572246830992
22930	28.8571604571724
22934	28.857095588078
22952	28.8570817165243
22966	28.8570445645179
22978	28.8570368616786
22984	28.8569596405424
22994	28.8569390700685
23002	28.8568856698420
23010	28.8568355963483
23024	28.8567886172515
23030	28.8567536172634
23042	28.8567050586163
23054	28.8567013783006
23056	28.8566767978529
23060	28.8566689805555
23068	28.8566287552700
23072	28.856556612136
23096	28.8565449298306
23098	28.8564932494167
23110	28.8564859056088
23120	28.8564444213388
23122	28.8564410646142
23142	28.8563816206394
23144	28.8562062538122
23158	28.856173844337
23192	28.8559701482163
23196	28.8559058766262
23198	28.8558512767268
23232	28.8558399046634
23248	28.855800923644
23256	28.855748161802
23268	28.8557289053999
23276	28.8557025586753
23284	28.8556764295704
23290	28.8556407750224
23302	28.8556268153198
23322	28.8556191771611
23328	28.8555800501307
23332	28.8555458125882
23338	28.8554976107835
23384	28.8554865272816
23392	28.8554719787957
23396	28.8554412768873
23420	28.8554119231831
23430	28.8553957180641
23446	28.8553538798909
23462	28.8553220083034
23464	28.8553082764510
23468	28.8552542972623
23490	28.8552154416423
23520	28.8550614082844
23562	28.8550378008978
23564	28.8550093918236
23566	28.8549632525924
23586	28.8549349992117
23598	28.8548975677228
23614	28.8548033718848
23650	28.8547707035799
23674	28.8547539202651
23694	28.854737764587
23722	28.8547172909549
23760	28.8547105514674
23766	28.8547009965158
23802	28.8546997517373
23806	28.8546986404026
23810	28.8546966465736
23818	28.8546952901694
23820	28.8546784235045
23832	28.8546780797775
23846	28.8546774259486
23856	28.854670516161
23864	28.8546574428754
23882	28.8546318289100
23884	28.8546297388188
23888	28.8546265323534
23902	28.8546197862711
23910	28.8546107590952
23916	28.8546055139808
23940	28.854598700489
23946	28.8545972728349
23960	28.8545821912148
23990	28.8545736552232
24002	28.8545571871964
24016	28.854551986439
24018	28.8545449781008
24022	28.8545438512849
24030	28.8545431659214
24036	28.8545356381978
24042	28.8545076152849
24046	28.8544890515066
24080	28.8544824519228
24084	28.8544792414499
24108	28.8544747337574
24112	28.8544684834962
24130	28.8544515317966
24154	28.8544508547216
24156	28.8544501956556
24160	28.8544466977543
24162	28.8544405862130
24176	28.8544346274200
24188	28.8544311170996
24192	28.8544236855927
24218	28.8544222076130
24226	28.8544168841066
24248	28.8544100284322
24262	28.8544095668409
24268	28.8544018351979
24278	28.8543960264581
24290	28.8543939363708
24294	28.8543937723256
24296	28.8543911814655
24314	28.8543826712685
24342	28.8543749739712
24352	28.8543673307999
24380	28.8543640768821
24398	28.8543581891668
24404	28.8543578267020
24414	28.8543567883592
24416	28.8543525409857
24452	28.8543484902314
24470	28.8543477045592
24478	28.8543453480933
24500	28.8543427198426
24506	28.8543378375956
24516	28.8543317100536
24524	28.8543234134472
24530	28.8543135888972
24546	28.8543043521797
24582	28.8542949164231
24592	28.8542904050231
24598	28.8542872889057
24604	28.85428247167
24630	28.8542816167749
24644	28.8542808393574
24652	28.8542806917966
24658	28.8542707254567
24684	28.8542697840882
24696	28.8542694866378
24704	28.8542657688245
24714	28.854265676121
24722	28.8542650812156
24746	28.8542638822894
24748	28.8542619171926
24764	28.8542574976999
24782	28.8542556029214
24800	28.8542470803194
24832	28.8542461007314
24838	28.8542444505986
24852	28.8542405694343
24860	28.8542389037995
24876	28.8542374775563
24882	28.8542368194527
24886	28.8542365896671
24896	28.8542301245589
24898	28.8542291343622
24906	28.8542257303496
24914	28.8542241751529
24922	28.8542194332352
24958	28.8542180378683
24962	28.8542176579199
24964	28.8542108304953
24982	28.8542091421315
25000	28.8542087886452
25002	28.8542059629723
25008	28.8542048086974
25022	28.8541923829456
25048	28.8541920399988
25068	28.8541865036131
25086	28.8541854372749
25090	28.8541777805187
25124	28.854174993388
25148	28.8541748493276
25168	28.8541712434676
25174	28.8541690554941
25192	28.8541668099259
25206	28.8541664026404
25212	28.8541655700172
25218	28.8541598836549
25240	28.8541525937367
25246	28.8541510392592
25264	28.8541434269347
25278	28.8541396719512
25300	28.8541379566149
25310	28.8541371670177
25312	28.8541350273994
25326	28.8541322141030
25330	28.8541276786135
25350	28.854124241526
25352	28.8541217873436
25360	28.8541184217692
25364	28.8541127996284
25386	28.8541098459701
25392	28.8540991465073
25440	28.8540962364717
25442	28.8540962168353
25466	28.8540955664601
25496	28.8540945873112
25500	28.8540906789354
25518	28.8540897882221
25522	28.8540862574815
25558	28.8540857169851
25560	28.8540848267052
25572	28.8540795010352
25576	28.8540723948847
25594	28.8540701157625
25610	28.8540635155101
25652	28.8540615838058
25654	28.8540572930921
25664	28.8540463206597
25708	28.8540463181117
25712	28.8540454527256
25716	28.8540443355247
25720	28.8540439528173
25722	28.8540418801065
25726	28.8540377222966
25734	28.8540346142455
25768	28.8540322013511
25784	28.8540317174057
25790	28.8540295975798
25810	28.854027776569
25820	28.8540266913004
25838	28.8540246741195
25868	28.854023662271
25896	28.8540233196381
25906	28.8540221481485
25920	28.8540208045552
25942	28.8540199727718
25980	28.8540194746774
25982	28.8540188635731
25990	28.8540187787436
26030	28.8540185288316
26040	28.8540185000772
26046	28.8540175652854
26052	28.8540175346918
26062	28.8540170438344
26072	28.85401684507
26076	28.8540166057961
26088	28.8540137354825
26110	28.8540131583087
26112	28.8540129066168
26132	28.8540124674787
26138	28.8540120231378
26144	28.8540112738876
26158	28.8540105862958
26168	28.8540099013788
26176	28.8540090414993
26186	28.8540082905811
26194	28.85400828718
26196	28.8540063609092
26206	28.8540045558462
26208	28.8540031510283
26226	28.8540011719950
26236	28.8540005115801
26248	28.8539997585076
26264	28.8539994479840
26280	28.8539976256868
26290	28.8539959786752
26308	28.8539948634241
26330	28.8539918990627
26340	28.8539911065168
26362	28.853989926686
26374	28.8539874540688
26426	28.8539861350458
26440	28.8539853084762
26458	28.8539848305997
26466	28.853983624374
26470	28.8539834596788
26476	28.8539832307021
26486	28.8539826429413
26492	28.8539822788171
26494	28.8539817471281
26508	28.8539817094765
26512	28.8539813420265
26514	28.8539803429941
26516	28.8539795238968
26520	28.8539791415589
26528	28.8539771676269
26550	28.8539769708095
26556	28.8539755251026
26572	28.8539746513516
26574	28.8539736372513
26576	28.8539730420557
26580	28.8539728318322
26594	28.8539723262958
26612	28.8539703626455
26626	28.8539701572745
26632	28.8539701534865
26638	28.8539679375417
26652	28.8539671701900
26658	28.8539655233977
26660	28.8539643368548
26680	28.8539642590482
26682	28.8539640905814
26688	28.8539601004275
26700	28.8539573319641
26724	28.8539572361993
26726	28.8539571237740
26734	28.8539542006732
26762	28.8539521211558
26774	28.8539514482828
26780	28.8539498715415
26782	28.8539488319215
26806	28.8539483405126
26818	28.8539465725084
26844	28.8539463286675
26888	28.8539459633313
26894	28.8539447469531
26922	28.8539424206703
26928	28.8539414078921
26944	28.8539408925582
26956	28.8539404145359
26958	28.8539398799990
26966	28.8539394747427
26968	28.8539392033455
26976	28.8539391075045
26986	28.8539387141571
27008	28.853937912671
27032	28.8539368089268
27048	28.8539367415878
27050	28.8539351737482
27088	28.8539339260888
27094	28.8539313928894
27128	28.8539297069762
27138	28.8539294317793
27140	28.8539288292301
27146	28.8539277336618
27148	28.8539263024639
27182	28.8539254933508
27186	28.8539251565697
27194	28.8539244908026
27196	28.8539236734830
27208	28.8539236075115
27214	28.8539215737131
27234	28.8539203687285
27250	28.8539195430985
27254	28.8539166532318
27266	28.8539164715625
27282	28.8539162851993
27286	28.8539159178131
27290	28.8539141727914
27294	28.8539141198876
27316	28.8539137936698
27334	28.8539133048263
27342	28.8539117426468
27346	28.8539114515356
27358	28.8539102054178
27366	28.8539100976557
27372	28.8539088068802
27388	28.8539082565147
27390	28.8539076874401
27394	28.8539063528777
27412	28.8539062193251
27420	28.8539061265759
27426	28.8539049382538
27448	28.8539031871698
27486	28.8539026153294
27494	28.8539025347184
27498	28.8539022839815
27504	28.8539013779511
27508	28.8539005942448
27534	28.8539005713024
27538	28.8539002369742
27552	28.8538990202294
27560	28.8538981782497
27564	28.8538976059065
27578	28.8538972081874
27598	28.8538969156308
27600	28.853896600078
27602	28.8538956344241
27608	28.8538941972718
27620	28.8538923944804
27696	28.8538922029024
27702	28.8538916088925
27734	28.8538914547990
27738	28.8538913387669
27746	28.8538903961291
27778	28.8538897585014
27794	28.8538891663895
27802	28.8538877297133
27812	28.8538870194704
27864	28.8538867546783
27876	28.8538865660335
27886	28.8538854506469
27904	28.8538854119617
27914	28.8538847350718
27924	28.8538834626348
27938	28.8538834158537
27950	28.8538830006594
27972	28.8538820524579
27992	28.8538817348573
28006	28.8538814294576
28008	28.8538812217249
28022	28.8538807361896
28044	28.8538788520290
28068	28.8538778325566
28098	28.8538770894876
28108	28.8538762386125
28114	28.8538760076119
28126	28.8538754813492
28128	28.8538743164704
28146	28.8538736987841
28148	28.8538731579012
28154	28.8538730259920
28164	28.8538726622467
28180	28.8538716946442
28184	28.8538716548543
28192	28.8538716143808
28196	28.8538707770351
28210	28.8538704702951
28220	28.8538700047357
28246	28.8538699946221
28254	28.8538699593823
28270	28.8538698746427
28284	28.8538697989813
28292	28.8538693909355
28312	28.8538693627134
28320	28.8538685442529
28328	28.8538684801178
28360	28.8538680254747
28372	28.8538677803285
28378	28.8538674334879
28388	28.8538673689087
28392	28.8538670185656
28414	28.8538669745803
28416	28.8538664470378
28418	28.8538660167437
28430	28.8538659930318
28446	28.8538658581746
28456	28.8538655150153
28462	28.8538649706253
28466	28.8538645768341
28482	28.8538643064327
28484	28.8538634992029
28490	28.8538633791868
28498	28.8538626798487
28506	28.8538624003385
28508	28.853862374509
28526	28.8538618092237
28530	28.8538613547452
28542	28.8538603612532
28552	28.8538602579806
28570	28.8538601573425
28586	28.8538595967035
28600	28.8538584478583
28636	28.8538584204985
28650	28.8538583638999
28652	28.8538581674156
28684	28.8538580916420
28694	28.8538578845175
28700	28.8538578412285
28704	28.853856878798
28712	28.8538552961726
28714	28.8538549126445
28746	28.8538546110773
28760	28.8538538232855
28780	28.8538530717495
28784	28.8538523584618
28796	28.853851897537
28806	28.8538517733802
28816	28.8538513932042
28818	28.8538499620226
28832	28.8538495316503
28838	28.8538495013846
28860	28.8538493177466
28870	28.853849226226
28874	28.8538486702353
28882	28.8538483459952
28886	28.8538477833062
28890	28.8538473250213
28930	28.8538472645944
28936	28.8538470308684
28944	28.8538459750808
28958	28.8538458212737
28966	28.8538455757072
28976	28.8538454870908
28980	28.8538445938330
29014	28.8538442929176
29020	28.8538437517815
29038	28.8538437167128
29042	28.8538429644445
29082	28.8538426767495
29088	28.8538423762519
29096	28.853842244082
29106	28.8538422192117
29112	28.8538418728512
29116	28.8538418618788
29130	28.8538413769700
29158	28.8538413123357
29204	28.8538410201161
29222	28.8538409668613
29226	28.8538407729480
29232	28.8538407620854
29244	28.8538405812468
29264	28.8538403959376
29268	28.8538403644544
29280	28.8538403399238
29282	28.8538400760498
29300	28.8538399187837
29306	28.8538396610878
29308	28.8538393662092
29332	28.8538391491566
29344	28.8538388867045
29348	28.8538388108074
29354	28.8538387904824
29368	28.8538387526517
29370	28.8538385855994
29372	28.8538383952425
29378	28.8538383669313
29382	28.8538382432636
29400	28.8538379665328
29402	28.8538376928205
29426	28.8538375913883
29434	28.8538375508064
29450	28.8538372808565
29454	28.8538371472594
29474	28.8538370860979
29478	28.8538369680676
29486	28.8538369222395
29490	28.8538368903521
29496	28.8538367408213
29512	28.8538366058847
29544	28.8538359673324
29548	28.8538359160518
29558	28.8538357406758
29560	28.8538354632499
29572	28.8538353557998
29580	28.8538352960414
29586	28.8538349701943
29614	28.8538346516225
29628	28.8538345543377
29654	28.8538340763117
29668	28.8538339428623
29676	28.8538338336401
29696	28.8538333513685
29712	28.853832657367
29726	28.8538324010332
29730	28.8538316600554
29744	28.8538314015033
29772	28.8538308408867
29780	28.8538300756758
29808	28.8538296617251
29820	28.8538295936678
29838	28.8538290306511
29840	28.8538284727168
29852	28.8538284325383
29858	28.8538273377213
29860	28.8538272957029
29862	28.8538268996605
29888	28.8538266122765
29902	28.8538266031388
29924	28.8538261390041
29928	28.8538258820789
29930	28.8538258354399
29936	28.8538257838611
29950	28.8538256992353
29958	28.8538256123644
29966	28.8538252771772
29968	28.8538251072453
29980	28.8538249236727
29984	28.8538243748501
29992	28.8538243561964
30002	28.8538240890758
30004	28.8538240076801
30006	28.8538237545906
30024	28.8538234424828
30040	28.8538233338303
30044	28.8538232840503
30048	28.8538231809617
30056	28.853822702624
30066	28.8538224140768
30086	28.8538221676786
30088	28.8538213797159
30118	28.8538213467161
30120	28.8538212281630
30122	28.8538208964353
30124	28.8538205984461
30134	28.8538205342138
30164	28.8538199745055
30190	28.8538198718829
30204	28.8538197435548
30212	28.8538195250589
30234	28.8538193562425
30238	28.8538191410013
30250	28.8538191236573
30264	28.8538190909463
30286	28.8538189015643
30288	28.853818504788
30292	28.8538184634358
30300	28.8538181674330
30324	28.8538180923373
30326	28.8538177376592
30338	28.8538176956959
30342	28.85381749622
30346	28.8538174579614
30348	28.8538173329762
30352	28.8538167813032
30366	28.8538165102186
30372	28.8538163952656
30378	28.8538156385272
30398	28.8538155204464
30404	28.8538148241784
30432	28.8538145669823
30446	28.8538145598976
30456	28.853814500016
30464	28.8538142768280
30504	28.8538141691353
30518	28.8538131929014
30520	28.8538128338407
30560	28.8538128196640
30566	28.8538127105298
30568	28.8538125557186
30570	28.8538123003538
30584	28.8538122816374
30594	28.8538120917492
30596	28.8538118124435
30612	28.8538115317173
30626	28.8538114249214
30634	28.8538113799315
30654	28.8538111695619
30656	28.8538111302799
30660	28.8538107875548
30662	28.8538105269366
30686	28.8538104845822
30704	28.8538100063829
30718	28.8538099698517
30724	28.8538098401283
30734	28.8538092084229
30752	28.8538089929929
30754	28.8538088905370
30756	28.8538087222595
30758	28.8538085214040
30760	28.8538082934421
30768	28.8538080466287
30770	28.8538080403769
30780	28.8538076823191
30788	28.8538075259068
30798	28.8538066427104
30832	28.8538062779619
30850	28.853805837137
30890	28.8538057584361
30892	28.8538053738577
30924	28.8538052167092
30934	28.8538050189821
30940	28.8538048982094
30956	28.8538047408697
30964	28.8538046339347
30968	28.853804103054
30988	28.8538037942826
30994	28.8538035969224
31010	28.8538035486096
31014	28.8538035327793
31020	28.8538034776669
31022	28.853803331093
31032	28.8538032116134
31040	28.8538029908926
31042	28.853802951369
31044	28.8538029439594
31068	28.8538026073535
31122	28.8538025587885
31140	28.8538025232801
31142	28.8538021954954
31190	28.8538021954552
31192	28.8538020742310
31230	28.8538020648693
31238	28.8538019893945
31242	28.8538019298025
31248	28.8538018907702
31252	28.8538018372112
31258	28.8538018322410
31260	28.8538017049423
31262	28.8538015904314
31268	28.8538015166604
31278	28.8538011053694
31280	28.8538010427897
31298	28.8538010384832
31310	28.8538010080157
31320	28.8538007956855
31334	28.8538007387759
31366	28.8538007237188
31378	28.8538006652608
31390	28.8538005998666
31432	28.8538005244635
31448	28.8538004651587
31452	28.8538003376813
31458	28.8538001698324
31466	28.8538000350286
31502	28.8537998904084
31510	28.8537998770526
31542	28.8537998271549
31544	28.853799787652
31560	28.8537997688365
31578	28.8537997498844
31580	28.8537996614098
31610	28.8537995094488
31654	28.8537994809403
31660	28.8537993739606
31664	28.8537993725106
31680	28.8537993507483
31692	28.8537993286633
31712	28.8537992996934
31722	28.8537992895302
31724	28.8537992710494
31750	28.8537992606364
31756	28.853799238893
31784	28.8537991880778
31790	28.8537991842496
31798	28.8537991734810
31804	28.8537990833262
31820	28.8537990035995
31824	28.8537989393375
31836	28.8537989381316
31838	28.8537989108405
31840	28.8537988942665
31842	28.8537987806288
31878	28.8537987051605
31902	28.8537986899582
31904	28.8537986773939
31906	28.8537986276380
31912	28.853798479654
31916	28.8537984544469
31944	28.8537984480456
31948	28.8537984252023
31982	28.8537983846595
31986	28.8537983649466
31994	28.8537983567911
32020	28.8537983229937
32022	28.8537983178674
32030	28.8537982982759
32050	28.853798185673
32062	28.8537981164172
32064	28.8537980681313
32074	28.8537980265423
32076	28.8537979788649
32078	28.8537979686083
32082	28.8537979589527
32088	28.8537979432561
32102	28.8537977509471
32104	28.8537977023503
32114	28.8537976791801
32130	28.8537975321661
32146	28.8537972153580
32168	28.8537971997423
32174	28.8537970435353
32176	28.8537970286701
32182	28.8537970014704
32186	28.8537969229907
32188	28.8537968473104
32202	28.8537965765353
32208	28.8537965120584
32216	28.853796302563
32228	28.8537962503255
32238	28.8537962385122
32270	28.8537962148920
32274	28.8537961880771
32280	28.8537960792502
32292	28.8537960367853
32304	28.8537959962316
32306	28.8537959615943
32308	28.8537959016861
32322	28.8537958769524
32332	28.8537958158258
32368	28.8537958089390
32372	28.8537957912831
32382	28.8537957559526
32388	28.8537956967807
32390	28.8537955697891
32398	28.8537955036104
32402	28.8537954814782
32420	28.8537954717399
32428	28.8537954612013
32446	28.8537954444187
32448	28.8537953077124
32458	28.8537952189264
32462	28.8537951823617
32464	28.853795133279
32494	28.8537950667331
32502	28.8537948819986
32512	28.8537948207095
32522	28.8537948004555
32562	28.8537947795583
32590	28.8537947754151
32592	28.853794766673
32594	28.8537947078872
32630	28.8537946966265
32638	28.8537946595148
32642	28.8537946167194
32644	28.8537945781555
32650	28.8537945686659
32670	28.8537945257715
32684	28.853794477499
32702	28.8537944738203
32716	28.8537944696444
32720	28.8537944195456
32732	28.8537943994199
32740	28.8537943270367
32754	28.8537943221877
32760	28.8537943138633
32766	28.8537942927234
32776	28.8537942890971
32778	28.8537942594392
32788	28.8537942498629
32792	28.8537942306665
32794	28.8537942150819
32818	28.8537941975740
32820	28.8537940603022
32824	28.8537939219857
32832	28.8537938768360
32846	28.8537938258212
32858	28.8537938184031
32870	28.8537937638378
32876	28.8537936690625
32878	28.8537936569413
32884	28.8537936191195
32906	28.8537935571087
32908	28.85379347103
32910	28.8537934390386
32938	28.8537934215057
32944	28.8537934104696
32946	28.8537933844489
32950	28.8537933789139
32952	28.8537933655891
32990	28.8537933643839
33000	28.8537933289835
33010	28.853793294057
33030	28.8537932760723
33038	28.8537931828818
33052	28.8537931582218
33056	28.8537931235418
33060	28.8537930599899
33068	28.853793009112
33098	28.8537928325415
33134	28.8537927612814
33138	28.8537927539772
33140	28.8537926459024
33142	28.8537925670394
33164	28.8537925555495
33178	28.8537923785594
33192	28.8537923377053
33208	28.8537923219054
33216	28.85379232099
33226	28.8537923181258
33238	28.8537922264449
33242	28.8537922192032
33244	28.8537921910774
33258	28.8537921477764
33282	28.8537920261753
33292	28.8537920188395
33294	28.8537920049957
33304	28.8537920046684
33310	28.8537919993990
33324	28.8537919359432
33336	28.8537919308664
33342	28.8537919085624
33344	28.8537918336286
33348	28.8537917811030
33358	28.8537916302941
33380	28.8537915909311
33382	28.8537915616247
33388	28.8537914312974
33402	28.853791426701
33406	28.8537912823951
33418	28.8537911928545
33430	28.8537910972039
33458	28.8537910926165
33462	28.8537909879101
33474	28.8537909208480
33482	28.8537905886577
33532	28.8537905468631
33542	28.8537904092812
33548	28.8537903167512
33576	28.8537901621541
33602	28.8537901487398
33622	28.8537901068266
33650	28.8537900699252
33666	28.8537900054999
33670	28.8537900026223
33672	28.8537899075213
33706	28.8537898371396
33708	28.8537897587085
33714	28.8537897175165
33722	28.853789713028
33732	28.853789687955
33754	28.8537896489702
33762	28.8537896072351
33770	28.8537896019163
33794	28.8537896018798
33802	28.8537895706716
33814	28.8537895695798
33816	28.8537895682937
33818	28.8537895455523
33822	28.8537895408286
33824	28.8537895156966
33838	28.853789464547
33844	28.8537894448232
33846	28.8537893673786
33858	28.8537893238237
33868	28.8537892897926
33884	28.8537892756514
33892	28.8537892410128
33896	28.8537892045552
33904	28.8537891769421
33908	28.8537891684397
33914	28.8537891634956
33916	28.8537891624842
33918	28.8537891382053
33928	28.8537890205452
33932	28.8537889193430
33936	28.8537888911454
33940	28.8537887839309
33980	28.853788779318
34004	28.8537887723527
34020	28.8537887438006
34030	28.8537887356210
34044	28.8537886955858
34050	28.8537886874444
34066	28.8537886634520
34068	28.8537886627329
34098	28.8537886536786
34104	28.8537886361500
34110	28.8537886024783
34124	28.8537885439277
34138	28.8537885224085
34164	28.8537885196623
34172	28.8537885181118
34174	28.8537885134592
34178	28.8537884914506
34198	28.8537884737728
34210	28.8537884593936
34248	28.8537884386078
34286	28.8537884323784
34292	28.8537884276724
34308	28.8537884210667
34312	28.8537884004199
34376	28.8537883920076
34382	28.8537883859261
34384	28.8537883852648
34392	28.8537883705701
34412	28.853788369575
34416	28.8537883510128
34424	28.8537883405073
34456	28.8537883182172
34460	28.8537882862221
34494	28.8537882778885
34496	28.8537882553037
34524	28.8537882501575
34532	28.853788220972
34542	28.8537882200102
34560	28.8537882098074
34562	28.8537882093650
34586	28.8537882014266
34600	28.8537881926305
34602	28.8537881891676
34614	28.8537881642884
34634	28.853788163671
34642	28.8537881526150
34656	28.8537881524198
34668	28.8537881523409
34670	28.8537881519058
34676	28.8537881437403
34686	28.8537881419383
34694	28.8537881324892
34696	28.8537881321734
34698	28.8537881291920
34702	28.8537881181473
34724	28.8537881173462
34732	28.8537881039399
34762	28.8537880995848
34766	28.8537880914873
34778	28.853788080601
34796	28.8537880775624
34840	28.8537880753885
34860	28.8537880699657
34890	28.8537880694962
34894	28.8537880582346
34902	28.8537880541031
34910	28.8537880527384
34912	28.8537880525529
34952	28.8537880506749
34964	28.8537880487730
34984	28.8537880470705
34988	28.8537880414306
34996	28.8537880407666
34998	28.8537880360021
35000	28.8537880309507
35016	28.8537880306816
35018	28.8537880201485
35026	28.8537880196457
35032	28.853788010042
35042	28.8537880082443
35044	28.8537880061314
35054	28.8537880053542
35056	28.8537879980094
35062	28.8537879959279
35070	28.8537879814457
35074	28.8537879784314
35078	28.8537879782984
35080	28.8537879584441
35090	28.8537879488379
35094	28.8537879484616
35128	28.8537879473220
35136	28.8537879454316
35138	28.8537879402197
35168	28.8537879400174
35180	28.8537879338913
35184	28.8537879275122
35194	28.8537879271414
35212	28.853787926768
35220	28.8537879230585
35224	28.8537879228897
35244	28.8537879178687
35254	28.853787911907
35266	28.8537879111629
35286	28.8537879079334
35294	28.8537879069072
35296	28.8537879043721
35300	28.8537878953737
35310	28.8537878950392
35316	28.8537878936252
35322	28.8537878915962
35352	28.8537878906297
35356	28.8537878902933
35364	28.8537878861031
35376	28.8537878853561
35384	28.8537878814134
35400	28.8537878809914
35410	28.8537878808288
35412	28.8537878789868
35414	28.8537878726694
35424	28.853787872022
35432	28.8537878680992
35446	28.8537878652289
35458	28.853787863364
35464	28.8537878623037
35468	28.8537878539114
35480	28.8537878513833
35492	28.8537878396522
35504	28.8537878396198
35506	28.8537878359598
35528	28.8537878336737
35538	28.8537878240158
35580	28.8537878208759
35594	28.8537878180836
35598	28.8537878174121
35624	28.8537878119177
35678	28.8537877999622
35680	28.8537877968451
35684	28.8537877955089
35688	28.8537877937165
35712	28.8537877872836
35722	28.8537877857559
35740	28.853787773979
35762	28.8537877673887
35776	28.8537877627900
35788	28.8537877574621
35790	28.8537877532173
35800	28.8537877400383
35818	28.8537877323514
35832	28.8537877316803
35834	28.8537877255951
35858	28.8537877238901
35864	28.8537877198652
35898	28.8537877192981
35900	28.8537877123449
35950	28.8537877113390
35952	28.8537877072027
35962	28.8537877031019
35970	28.8537876989007
35972	28.8537876968424
36012	28.853787692374
36032	28.8537876899582
36052	28.8537876871285
36058	28.8537876854222
36076	28.8537876839072
36092	28.8537876838133
36096	28.8537876817497
36098	28.8537876805947
36100	28.8537876802165
36112	28.8537876774614
36140	28.8537876761962
36148	28.8537876736227
36166	28.8537876702782
36178	28.8537876692883
36184	28.8537876681194
36186	28.8537876659734
36226	28.85378766464
36250	28.8537876628473
36254	28.8537876626262
36280	28.8537876612849
36290	28.8537876608938
36300	28.8537876598848
36304	28.8537876585927
36316	28.8537876583228
36320	28.8537876574578
36350	28.8537876565896
36358	28.8537876558006
36364	28.8537876552804
36380	28.8537876528707
36386	28.8537876514066
36392	28.8537876480979
36394	28.8537876462536
36400	28.853787644486
36406	28.8537876428295
36422	28.8537876415996
36448	28.8537876402676
36458	28.8537876393483
36462	28.8537876370347
36482	28.8537876343967
36486	28.8537876321082
36504	28.8537876314007
36506	28.8537876310327
36510	28.8537876304285
36528	28.8537876287175
36544	28.8537876224428
36554	28.8537876190972
36562	28.8537876188233
36564	28.8537876166194
36576	28.8537876165315
36586	28.8537876049867
36634	28.8537876043494
36636	28.8537876043227
36638	28.8537876012671
36644	28.8537875995825
36656	28.8537875990545
36670	28.8537875962386
36674	28.8537875946997
36682	28.8537875936267
36694	28.8537875928877
36720	28.8537875915058
36730	28.8537875913085
36732	28.853787588753
36744	28.8537875878364
36778	28.8537875878315
36782	28.8537875851753
36800	28.8537875846117
36802	28.8537875835049
36810	28.8537875825125
36842	28.8537875805613
36868	28.8537875792335
36874	28.8537875786985
36906	28.8537875778548
36914	28.8537875768604
36918	28.8537875763846
36924	28.853787575054
36930	28.8537875748159
36938	28.8537875743382
36940	28.8537875738523
36954	28.8537875737619
36956	28.8537875734051
36968	28.8537875724644
36990	28.8537875721646
37004	28.8537875716102
37014	28.8537875703665
37024	28.8537875702853
37042	28.8537875689373
37046	28.8537875689209
37052	28.8537875688667
37056	28.8537875672507
37072	28.8537875667524
37076	28.8537875661346
37096	28.8537875659931
37098	28.8537875652511
37110	28.8537875651482
37112	28.8537875646136
37114	28.8537875639305
37116	28.8537875636587
37138	28.8537875635704
37140	28.8537875635518
37144	28.8537875629223
37164	28.8537875625122
37178	28.8537875617627
37200	28.853787561478
37202	28.8537875605470
37242	28.8537875599637
37252	28.8537875592819
37272	28.8537875591473
37274	28.8537875591075
37276	28.8537875589965
37282	28.8537875584563
37312	28.8537875580737
37338	28.8537875567471
37344	28.8537875564353
37380	28.8537875564047
37408	28.8537875553703
37414	28.8537875548225
37422	28.8537875547659
37434	28.8537875544501
37450	28.8537875542152
37466	28.8537875536768
37488	28.853787553321
37498	28.8537875532003
37508	28.8537875528433
37510	28.8537875517484
37528	28.8537875513674
37534	28.8537875507777
37548	28.8537875507128
37550	28.8537875499625
37582	28.8537875497014
37596	28.8537875492611
37598	28.8537875488050
37612	28.8537875487145
37634	28.8537875483571
37636	28.8537875481029
37642	28.8537875475206
37650	28.8537875475108
37660	28.8537875470505
37664	28.8537875466705
37678	28.8537875464103
37686	28.8537875463838
37710	28.8537875458605
37714	28.8537875458362
37720	28.8537875454323
37728	28.8537875451668
37736	28.853787544739
37740	28.8537875444831
37746	28.8537875442529
37758	28.8537875439899
37786	28.8537875436278
37788	28.8537875434343
37790	28.8537875431272
37806	28.8537875426863
37808	28.8537875421473
37816	28.8537875416648
37826	28.8537875414707
37838	28.8537875411507
37842	28.8537875398392
37850	28.8537875392382
37854	28.8537875391010
37856	28.853787535659
37862	28.8537875345732
37880	28.853787534441
37888	28.8537875343678
37894	28.8537875321089
37902	28.8537875319777
37910	28.8537875319291
37914	28.8537875316497
37932	28.8537875303393
37938	28.853787528278
37940	28.8537875277174
37948	28.8537875272586
37950	28.8537875262797
37952	28.8537875252682
37958	28.8537875244085
37968	28.8537875243299
37976	28.8537875223013
37978	28.8537875206724
37992	28.8537875206045
37998	28.8537875201922
38000	28.8537875199838
38004	28.8537875189548
38006	28.8537875186921
38008	28.8537875186914
38014	28.8537875173079
38024	28.8537875170404
38028	28.8537875163108
38036	28.8537875146908
38050	28.8537875142345
38078	28.8537875141725
38082	28.8537875136338
38090	28.8537875131699
38114	28.8537875122599
38116	28.8537875107301
38120	28.8537875077989
38164	28.8537875072187
38172	28.853787506801
38176	28.853787506674
38180	28.8537875061993
38186	28.8537875055356
38190	28.8537875035081
38202	28.8537875033186
38220	28.8537875022596
38224	28.8537875007778
38258	28.8537875003576
38262	28.8537874999256
38266	28.8537874980412
38274	28.8537874978882
38284	28.853787497084
38298	28.8537874963219
38304	28.8537874954604
38334	28.8537874942513
38356	28.8537874929423
38368	28.8537874910344
38382	28.8537874888336
38396	28.8537874871314
38412	28.8537874868392
38416	28.8537874866201
38422	28.8537874865799
38446	28.8537874864957
38448	28.8537874862128
38454	28.8537874853307
38478	28.8537874836490
38510	28.8537874835044
38512	28.8537874833043
38534	28.8537874830863
38538	28.8537874827817
38546	28.8537874824579
38548	28.8537874820299
38562	28.8537874814023
38584	28.8537874811561
38592	28.8537874807251
38600	28.8537874803266
38618	28.8537874802597
38626	28.8537874800105
38634	28.8537874797632
38652	28.8537874795319
38656	28.8537874795317
38674	28.8537874793918
38688	28.8537874793678
38690	28.8537874788543
38720	28.8537874783399
38736	28.8537874781836
38764	28.8537874781095
38780	28.8537874780528
38792	28.8537874777722
38804	28.8537874777102
38810	28.8537874774328
38828	28.8537874770567
38838	28.8537874770436
38854	28.8537874770095
38856	28.8537874769397
38858	28.8537874766056
38870	28.8537874763097
38894	28.8537874757727
38904	28.8537874756308
38916	28.8537874754561
38934	28.8537874753237
38970	28.8537874752431
38980	28.8537874750918
38996	28.8537874749753
39022	28.8537874748356
39026	28.8537874747925
39038	28.8537874746195
39042	28.8537874745641
39064	28.8537874744215
39076	28.8537874743297
39084	28.8537874742304
39086	28.8537874741978
39092	28.8537874741916
39112	28.8537874741480
39118	28.8537874740292
39140	28.8537874739381
39146	28.8537874738846
39148	28.8537874738107
39196	28.8537874736948
39202	28.8537874736225
39206	28.8537874735785
39218	28.8537874734312
39224	28.8537874734135
39226	28.8537874733217
39242	28.8537874732804
39254	28.8537874732750
39256	28.8537874732748
39276	28.8537874732416
39278	28.8537874732307
39282	28.8537874732075
39286	28.853787473146
39302	28.8537874731242
39336	28.8537874730731
39348	28.8537874730553
39358	28.8537874730074
39366	28.8537874729961
39374	28.8537874729675
39384	28.8537874729224
39388	28.8537874728926
39396	28.8537874728541
39404	28.8537874728519
39424	28.8537874727708
39426	28.8537874726698
39452	28.8537874726556
39454	28.8537874725802
39460	28.8537874725691
39474	28.8537874725457
39494	28.8537874725358
39496	28.8537874725073
39502	28.8537874724840
39504	28.8537874724592
39506	28.8537874724413
39514	28.8537874723627
39530	28.8537874723040
39550	28.8537874722937
39556	28.8537874722749
39558	28.8537874722143
39566	28.8537874721680
39570	28.8537874721628
39592	28.8537874721345
39600	28.8537874721326
39612	28.8537874720718
39620	28.853787472061
39634	28.8537874719872
39648	28.8537874719349
39656	28.8537874718994
39680	28.8537874718906
39690	28.8537874718320
39700	28.8537874717477
39726	28.8537874717040
39728	28.8537874716658
39734	28.8537874716479
39754	28.8537874716134
39758	28.8537874716088
39776	28.853787471608
39784	28.8537874714594
39798	28.8537874714071
39804	28.8537874713563
39806	28.8537874713529
39808	28.8537874713213
39814	28.853787471303
39818	28.8537874712816
39860	28.8537874711606
39870	28.8537874711554
39878	28.8537874711259
39894	28.8537874711079
39906	28.8537874710997
39928	28.8537874710618
39934	28.8537874710183
39998	28.853787470967
40020	28.8537874709648
40024	28.8537874709472
40040	28.853787470931
40042	28.8537874709272
40052	28.8537874709034
40060	28.8537874708787
40070	28.8537874708709
40078	28.8537874708590
40086	28.8537874708346
40088	28.8537874708205
40096	28.8537874708073
40100	28.8537874707774
40128	28.8537874707721
40138	28.8537874707694
40158	28.8537874706831
40162	28.8537874706587
40164	28.85378747065
40188	28.8537874706246
40198	28.8537874705905
40210	28.8537874705477
40244	28.8537874705234
40246	28.8537874704925
40252	28.8537874704347
40262	28.8537874704015
40266	28.8537874703641
40274	28.853787470331
40312	28.8537874702798
40314	28.8537874701783
40332	28.853787470149
40352	28.8537874701463
40364	28.8537874701293
40384	28.8537874701258
40392	28.8537874701099
40408	28.853787470101
40412	28.8537874699879
40414	28.8537874699322
40460	28.8537874699301
40466	28.8537874699214
40472	28.8537874698428
40488	28.8537874698344
40492	28.8537874697722
40518	28.8537874697677
40534	28.8537874697210
40540	28.853787469709
40554	28.8537874696597
40566	28.8537874696425
40584	28.8537874696164
40594	28.8537874695873
40608	28.8537874695801
40612	28.8537874695623
40618	28.8537874695387
40620	28.8537874695132
40624	28.8537874694668
40658	28.8537874694454
40668	28.8537874694336
40690	28.8537874694308
40718	28.8537874694289
40724	28.8537874694068
40726	28.8537874693984
40730	28.8537874693862
40736	28.8537874693319
40758	28.8537874693076
40786	28.8537874693006
40804	28.8537874692733
40810	28.8537874692462
40814	28.8537874692427
40816	28.8537874692358
40850	28.8537874692267
40876	28.8537874692084
40884	28.8537874691951
40890	28.8537874691949
40892	28.8537874691694
40912	28.8537874691527
40930	28.853787469143
40932	28.8537874691203
40966	28.8537874690994
40980	28.8537874690588
40992	28.8537874690573
40994	28.8537874690499
41002	28.8537874690355
41014	28.8537874690313
41018	28.8537874690263
41024	28.8537874690251
41026	28.8537874690089
41034	28.8537874689775
41056	28.8537874689729
41070	28.8537874689679
41082	28.8537874689583
41084	28.8537874689576
41090	28.8537874689466
41092	28.8537874689437
41120	28.8537874689424
41126	28.8537874689301
41130	28.8537874689261
41148	28.8537874689209
41156	28.8537874689135
41158	28.8537874689122
41160	28.8537874689054
41164	28.8537874688755
41194	28.8537874688691
41206	28.8537874688679
41216	28.8537874688654
41234	28.8537874688468
41258	28.8537874688274
41268	28.8537874688121
41284	28.8537874688055
41292	28.8537874687902
41308	28.8537874687849
41332	28.8537874687713
41344	28.8537874687515
41354	28.8537874687491
41356	28.8537874687485
41366	28.8537874687269
41368	28.8537874687109
41370	28.8537874687107
41380	28.8537874687057
41386	28.8537874686890
41406	28.8537874686873
41426	28.8537874686682
41428	28.8537874686651
41430	28.8537874686237
41448	28.8537874686108
41450	28.8537874685831
41452	28.8537874685804
41470	28.8537874685742
41492	28.8537874685741
41494	28.8537874685658
41502	28.8537874685656
41508	28.8537874685577
41512	28.8537874685443
41526	28.8537874685442
41530	28.8537874685336
41542	28.8537874685335
41562	28.8537874685241
41584	28.8537874685075
41588	28.8537874684954
41610	28.8537874684692
41634	28.8537874684492
41648	28.8537874684411
41660	28.8537874684273
41692	28.8537874684082
41744	28.8537874684080
41752	28.8537874684044
41760	28.8537874683977
41770	28.8537874683953
41796	28.853787468393
41798	28.8537874683699
41830	28.8537874683664
41836	28.8537874683635
41838	28.8537874683565
41848	28.8537874683460
41860	28.8537874683443
41862	28.8537874683277
41866	28.8537874683134
41876	28.8537874683049
41890	28.8537874683036
41896	28.8537874682978
41898	28.8537874682973
41910	28.8537874682622
41950	28.8537874682616
41952	28.8537874682504
41966	28.8537874682417
41972	28.8537874682294
41992	28.8537874682241
42008	28.8537874682172
42014	28.8537874682104
42020	28.8537874681748
42034	28.8537874681657
42036	28.8537874681623
42046	28.8537874681114
42064	28.8537874680925
42080	28.8537874680864
42092	28.853787468082
42098	28.8537874680766
42106	28.8537874680443
42118	28.8537874680435
42126	28.8537874680360
42138	28.8537874680358
42140	28.8537874680344
42150	28.8537874680316
42152	28.8537874680200
42154	28.8537874680173
42160	28.8537874680029
42170	28.8537874679975
42172	28.8537874679827
42174	28.8537874679483
42180	28.8537874679425
42190	28.8537874679263
42204	28.8537874679124
42212	28.8537874679005
42216	28.8537874678983
42226	28.8537874678725
42262	28.8537874678702
42274	28.85378746786
42278	28.8537874678469
42286	28.8537874678464
42294	28.8537874678102
42320	28.8537874678053
42326	28.8537874677948
42338	28.8537874677495
42368	28.8537874677457
42382	28.8537874677316
42400	28.8537874677281
42402	28.8537874676902
42404	28.8537874676901
42408	28.8537874676273
42414	28.8537874676062
42428	28.8537874676052
42434	28.8537874675838
42450	28.8537874675799
42476	28.8537874675629
42488	28.8537874675591
42496	28.8537874675464
42498	28.853787467546
42506	28.853787467545
42512	28.8537874675416
42524	28.8537874675392
42526	28.8537874675392
42528	28.8537874675327
42544	28.8537874675286
42552	28.8537874675185
42560	28.8537874675039
42564	28.8537874674872
42586	28.8537874674549
42608	28.8537874674508
42616	28.8537874674473
42654	28.8537874674329
42668	28.8537874674272
42714	28.8537874674058
42734	28.8537874673965
42752	28.8537874673931
42758	28.853787467384
42770	28.8537874673661
42780	28.8537874673637
42788	28.8537874673563
42796	28.8537874673538
42798	28.8537874673400
42812	28.8537874673397
42814	28.8537874673288
42826	28.8537874673119
42830	28.8537874673070
42844	28.8537874672968
42858	28.853787467278
42882	28.8537874672658
42930	28.8537874672606
42934	28.8537874672515
42936	28.8537874672469
42942	28.8537874672301
42968	28.8537874672015
42990	28.8537874671989
43000	28.8537874671817
43018	28.8537874671581
43054	28.8537874671552
43060	28.8537874671524
43080	28.8537874671518
43092	28.8537874671507
43098	28.853787467141
43114	28.853787467138
43116	28.8537874671323
43144	28.8537874671320
43146	28.8537874671317
43148	28.8537874671299
43158	28.853787467126
43188	28.8537874671222
43208	28.8537874671206
43210	28.8537874671177
43226	28.8537874671169
43238	28.8537874671137
43242	28.8537874671130
43246	28.8537874671089
43248	28.8537874671071
43258	28.8537874671052
43260	28.8537874671048
43262	28.8537874670908
43288	28.8537874670822
43304	28.8537874670812
43310	28.853787467081
43320	28.8537874670808
43324	28.8537874670768
43336	28.8537874670643
43358	28.8537874670609
43364	28.8537874670582
43366	28.8537874670563
43370	28.8537874670550
43386	28.8537874670536
43388	28.8537874670511
43396	28.8537874670455
43408	28.8537874670361
43416	28.8537874670333
43436	28.8537874670299
43438	28.8537874670200
43466	28.8537874670183
43472	28.8537874670164
43476	28.8537874670131
43512	28.8537874670104
43530	28.8537874670101
43538	28.853787467009
43546	28.8537874670074
43550	28.853787467007
43558	28.8537874670035
43570	28.8537874669991
43590	28.8537874669974
43596	28.8537874669969
43600	28.8537874669967
43610	28.8537874669961
43614	28.8537874669922
43642	28.8537874669921
43644	28.8537874669862
43648	28.8537874669861
43660	28.8537874669845
43688	28.8537874669835
43694	28.8537874669827
43696	28.8537874669826
43700	28.8537874669823
43718	28.8537874669810
43740	28.8537874669804
43752	28.8537874669792
43764	28.8537874669789
43766	28.8537874669757
43788	28.8537874669747
43792	28.8537874669696
43804	28.8537874669667
43814	28.8537874669606
43836	28.8537874669587
43838	28.8537874669528
43840	28.8537874669521
43858	28.8537874669511
43870	28.853787466943
43894	28.8537874669422
43900	28.8537874669416
43906	28.8537874669358
43926	28.8537874669347
43928	28.8537874669306
43954	28.8537874669257
43956	28.8537874669246
43968	28.8537874669232
43980	28.8537874669188
43996	28.8537874669157
43998	28.8537874669135
44042	28.8537874669110
44044	28.8537874669044
44048	28.8537874668975
44068	28.8537874668972
44074	28.8537874668959
44076	28.8537874668916
44090	28.8537874668916
44110	28.8537874668898
44112	28.8537874668847
44114	28.8537874668827
44116	28.8537874668756
44118	28.8537874668744
44120	28.8537874668686
44156	28.8537874668681
44168	28.8537874668595
44190	28.8537874668576
44196	28.8537874668572
44200	28.853787466853
44202	28.8537874668524
44232	28.8537874668485
44238	28.8537874668447
44246	28.8537874668444
44248	28.8537874668425
44252	28.8537874668376
44258	28.8537874668365
44266	28.8537874668318
44268	28.8537874668297
44274	28.8537874668229
44288	28.8537874668157
44294	28.8537874668138
44304	28.8537874668135
44308	28.8537874668131
44314	28.8537874668085
44322	28.8537874668051
44340	28.8537874667979
44356	28.8537874667938
44384	28.8537874667907
44390	28.8537874667898
44422	28.8537874667823
44424	28.8537874667779
44436	28.8537874667735
44464	28.8537874667704
44470	28.8537874667696
44476	28.8537874667609
44512	28.8537874667567
44526	28.8537874667539
44528	28.8537874667513
44532	28.8537874667478
44540	28.8537874667398
44552	28.8537874667330
44618	28.8537874667305
44624	28.8537874667273
44626	28.8537874667241
44646	28.8537874667228
44650	28.8537874667225
44658	28.8537874667212
44670	28.8537874667201
44674	28.8537874667182
44696	28.8537874667166
44712	28.8537874667162
44724	28.853787466716
44734	28.8537874667159
44740	28.8537874667159
44778	28.8537874667146
44802	28.8537874667125
44804	28.8537874667120
44816	28.8537874667101
44854	28.8537874667091
44862	28.8537874667085
44864	28.8537874667084
44878	28.8537874667079
44890	28.8537874667072
44900	28.8537874667063
44932	28.8537874667059
44946	28.8537874667054
44950	28.853787466703
44974	28.8537874667012
44982	28.8537874667003
44994	28.8537874666995
45018	28.8537874666987
45036	28.8537874666983
45046	28.8537874666979
45054	28.8537874666977
45056	28.8537874666961
45058	28.853787466696
45060	28.8537874666948
45088	28.8537874666935
45100	28.8537874666913
45116	28.8537874666906
45132	28.8537874666897
45138	28.8537874666896
45146	28.8537874666874
45154	28.8537874666868
45162	28.8537874666854
45166	28.8537874666843
45178	28.8537874666821
45190	28.8537874666810
45218	28.8537874666809
45224	28.8537874666793
45244	28.8537874666792
45258	28.8537874666783
45266	28.8537874666772
45272	28.8537874666766
45296	28.8537874666762
45302	28.8537874666752
45310	28.8537874666749
45314	28.8537874666740
45324	28.8537874666734
45328	28.8537874666716
45340	28.8537874666711
45344	28.8537874666706
45354	28.8537874666692
45356	28.8537874666678
45360	28.8537874666673
45378	28.8537874666657
45382	28.8537874666637
45406	28.8537874666616
45434	28.8537874666614
45440	28.8537874666603
45442	28.8537874666578
45466	28.8537874666575
45468	28.8537874666569
45480	28.8537874666564
45486	28.8537874666563
45516	28.8537874666555
45530	28.853787466655
45544	28.8537874666549
45566	28.8537874666548
45574	28.8537874666535
45622	28.8537874666534
45634	28.8537874666529
45640	28.8537874666525
45648	28.8537874666524
45662	28.8537874666523
45664	28.8537874666503
45700	28.8537874666502
45708	28.85378746665
45714	28.8537874666488
45732	28.8537874666477
45744	28.8537874666471
45754	28.8537874666456
45784	28.8537874666455
45814	28.8537874666447
45832	28.8537874666442
45834	28.8537874666435
45848	28.8537874666434
45850	28.8537874666433
45870	28.8537874666431
45878	28.8537874666430
45888	28.8537874666429
45898	28.8537874666426
45908	28.8537874666423
45928	28.8537874666422
45930	28.8537874666413
45948	28.8537874666413
45950	28.8537874666411
45960	28.8537874666408
45992	28.8537874666394
45994	28.8537874666387
45996	28.8537874666374
46032	28.8537874666370
46036	28.853787466636
46042	28.8537874666356
46066	28.8537874666355
46080	28.8537874666353
46106	28.8537874666351
46118	28.8537874666351
46120	28.8537874666349
46150	28.8537874666348
46154	28.8537874666347
46166	28.8537874666344
46186	28.8537874666343
46192	28.8537874666342
46202	28.8537874666342
46228	28.8537874666341
46230	28.8537874666341
46242	28.8537874666337
46266	28.8537874666337
46274	28.8537874666336
46280	28.8537874666334
46282	28.8537874666333
46294	28.8537874666332
46300	28.8537874666332
46306	28.8537874666331
46312	28.8537874666328
46318	28.8537874666327
46336	28.8537874666327
46348	28.8537874666322
46380	28.8537874666321
46384	28.853787466632
46392	28.8537874666318
46414	28.8537874666316
46436	28.8537874666315
46448	28.8537874666309
46488	28.8537874666307
46498	28.8537874666305
46510	28.8537874666304
46522	28.8537874666303
46536	28.8537874666302
46558	28.8537874666301
46560	28.8537874666301
46570	28.8537874666301
46580	28.8537874666301
46592	28.85378746663
46606	28.85378746663
46610	28.8537874666299
46626	28.8537874666299
46636	28.8537874666298
46638	28.8537874666296
46640	28.8537874666296
46648	28.8537874666296
46652	28.8537874666292
46658	28.8537874666289
46676	28.8537874666289
46696	28.8537874666287
46706	28.8537874666287
46732	28.8537874666285
46742	28.8537874666285
46762	28.8537874666284
46764	28.8537874666283
46774	28.8537874666281
46782	28.8537874666279
46794	28.8537874666279
46798	28.8537874666279
46806	28.8537874666278
46826	28.8537874666278
46832	28.8537874666276
46856	28.8537874666276
46858	28.8537874666275
46862	28.8537874666274
46884	28.8537874666274
46890	28.8537874666273
46916	28.8537874666273
46932	28.8537874666272
46940	28.853787466627
46944	28.853787466627
46980	28.8537874666270
46982	28.8537874666270
46984	28.8537874666269
46990	28.8537874666269
46994	28.8537874666269
47002	28.8537874666268
47026	28.8537874666267
47030	28.8537874666267
47032	28.8537874666266
47036	28.8537874666266
47044	28.8537874666264
47054	28.8537874666264
47060	28.8537874666264
47062	28.8537874666263
47066	28.8537874666262
47072	28.8537874666262
47088	28.8537874666261
47090	28.8537874666259
47104	28.8537874666257
47116	28.8537874666257
47128	28.8537874666257
47138	28.8537874666255
47146	28.8537874666255
47154	28.8537874666254
47168	28.8537874666254
47174	28.8537874666254
47184	28.8537874666252
47188	28.8537874666252
47200	28.8537874666252
47204	28.8537874666252
47228	28.8537874666251
47230	28.8537874666251
47238	28.8537874666249
47270	28.8537874666247
47296	28.8537874666245
47300	28.8537874666244
47340	28.8537874666244
47354	28.8537874666243
47360	28.8537874666243
47362	28.853787466624
47392	28.8537874666239
47402	28.8537874666238
47426	28.8537874666238
47438	28.8537874666237
47446	28.8537874666236
47456	28.8537874666236
47458	28.8537874666235
47460	28.8537874666234
47462	28.8537874666232
47518	28.8537874666232
47544	28.8537874666231
47554	28.8537874666231
47560	28.8537874666230
47582	28.853787466623
47596	28.853787466623
47610	28.8537874666230
47620	28.8537874666229
47634	28.8537874666229
47638	28.8537874666229
47642	28.8537874666229
47648	28.8537874666229
47662	28.8537874666229
47672	28.8537874666228
47684	28.8537874666228
47714	28.8537874666228
47718	28.8537874666227
47728	28.8537874666227
47730	28.8537874666226
47740	28.8537874666226
47752	28.8537874666225
47754	28.8537874666225
47762	28.8537874666224
47770	28.8537874666222
47778	28.8537874666222
47792	28.8537874666221
47802	28.853787466622
47848	28.8537874666219
47868	28.8537874666219
47874	28.8537874666218
47892	28.8537874666218
47902	28.8537874666217
47908	28.8537874666215
47912	28.8537874666213
47918	28.8537874666213
47920	28.8537874666213
47928	28.8537874666212
47938	28.8537874666212
47948	28.853787466621
47992	28.8537874666209
48014	28.8537874666207
48048	28.8537874666207
48058	28.8537874666207
48062	28.8537874666206
48070	28.8537874666206
48076	28.8537874666204
48110	28.8537874666204
48114	28.8537874666203
48118	28.8537874666203
48140	28.8537874666202
48144	28.8537874666202
48166	28.8537874666201
48174	28.8537874666201
48178	28.8537874666201
48190	28.8537874666201
48196	28.8537874666201
48208	28.8537874666201
48216	28.85378746662
48224	28.8537874666199
48246	28.8537874666199
48256	28.8537874666199
48264	28.8537874666198
48272	28.8537874666198
48274	28.8537874666197
48282	28.8537874666197
48292	28.8537874666196
48296	28.8537874666196
48312	28.8537874666195
48320	28.8537874666195
48324	28.8537874666194
48334	28.8537874666193
48340	28.8537874666193
48350	28.8537874666192
48362	28.8537874666192
48380	28.8537874666191
48398	28.853787466619
48400	28.8537874666189
48406	28.8537874666189
48418	28.8537874666188
48438	28.8537874666188
48448	28.8537874666186
48472	28.8537874666186
48486	28.8537874666186
48488	28.8537874666185
48490	28.8537874666185
48502	28.8537874666184
48504	28.8537874666183
48514	28.8537874666183
48528	28.8537874666183
48552	28.8537874666182
48572	28.8537874666182
48580	28.8537874666181
48582	28.8537874666181
48590	28.8537874666180
48592	28.853787466618
48598	28.853787466618
48604	28.8537874666178
48616	28.8537874666178
48626	28.8537874666177
48632	28.8537874666177
48650	28.8537874666176
48654	28.8537874666176
48662	28.8537874666174
48682	28.8537874666173
48696	28.8537874666173
48718	28.8537874666172
48734	28.8537874666169
48766	28.8537874666167
48782	28.8537874666166
48796	28.8537874666166
48804	28.8537874666164
48806	28.8537874666163
48826	28.8537874666163
48834	28.8537874666161
48838	28.8537874666160
48872	28.8537874666158
48904	28.8537874666158
48912	28.8537874666157
48916	28.8537874666157
48956	28.8537874666156
48964	28.8537874666155
48966	28.8537874666154
49016	28.8537874666154
49020	28.8537874666153
49030	28.8537874666152
49044	28.8537874666152
49056	28.8537874666152
49066	28.8537874666151
49092	28.853787466615
49108	28.8537874666149
49126	28.8537874666149
49134	28.8537874666148
49188	28.8537874666148
49190	28.8537874666147
49202	28.8537874666146
49206	28.8537874666145
49230	28.8537874666144
49234	28.8537874666143
49248	28.8537874666142
49256	28.8537874666140
49270	28.853787466614
49274	28.8537874666139
49280	28.8537874666138
49290	28.8537874666138
49298	28.8537874666137
49316	28.8537874666136
49328	28.8537874666135
49340	28.8537874666134
49346	28.8537874666132
49354	28.8537874666131
49372	28.8537874666131
49378	28.8537874666129
49380	28.8537874666129
49392	28.8537874666129
49404	28.8537874666128
49408	28.8537874666128
49430	28.8537874666127
49454	28.8537874666127
49460	28.8537874666126
49464	28.8537874666125
49490	28.8537874666125
49510	28.8537874666125
49522	28.8537874666124
49536	28.8537874666124
49552	28.8537874666124
49554	28.8537874666123
49602	28.8537874666123
49610	28.8537874666122
49626	28.8537874666122
49642	28.8537874666122
49644	28.8537874666122
49668	28.8537874666122
49688	28.8537874666121
49702	28.8537874666121
49712	28.8537874666121
49726	28.8537874666121
49744	28.8537874666121
49760	28.8537874666120
49770	28.853787466612
49806	28.853787466612
49834	28.853787466612
49836	28.8537874666120
49862	28.8537874666120
49884	28.8537874666119
49888	28.8537874666119
49904	28.8537874666119
49908	28.8537874666119
49928	28.8537874666119
49950	28.8537874666119
49958	28.8537874666119
49972	28.8537874666118
49974	28.8537874666118
49984	28.8537874666118
50002	28.8537874666118
50046	28.8537874666118
50050	28.8537874666118
50060	28.8537874666118
50068	28.8537874666118
50104	28.8537874666118
50122	28.8537874666117
50186	28.8537874666117
50218	28.8537874666117
50220	28.8537874666117
50250	28.8537874666117
50350	28.8537874666117
50412	28.8537874666117
50422	28.8537874666117
50432	28.8537874666117
50574	28.8537874666117
50590	28.8537874666117
50596	28.8537874666117
50614	28.8537874666117
50616	28.8537874666117
50626	28.8537874666117
50660	28.8537874666116
50666	28.8537874666116
50688	28.8537874666116
50696	28.8537874666116
50796	28.8537874666116
50830	28.8537874666116
50930	28.8537874666116
50944	28.8537874666116
50964	28.8537874666116
50992	28.8537874666116
51006	28.8537874666116
51016	28.8537874666116
51026	28.8537874666116
51036	28.8537874666115
51042	28.8537874666115
51048	28.8537874666115
51086	28.8537874666115
51098	28.8537874666115
51138	28.8537874666115
51156	28.8537874666115
51164	28.8537874666115
51216	28.8537874666115
51222	28.8537874666115
51240	28.8537874666114
51258	28.8537874666114
51260	28.8537874666114
51266	28.8537874666114
51294	28.8537874666114
51310	28.8537874666114
51330	28.8537874666114
51356	28.8537874666114
51362	28.8537874666114
51404	28.8537874666114
51434	28.8537874666113
51476	28.8537874666113
51490	28.8537874666113
51498	28.8537874666113
51504	28.8537874666113
51582	28.8537874666113
51596	28.8537874666113
51612	28.8537874666113
51640	28.8537874666113
51642	28.8537874666113
51648	28.8537874666113
51652	28.8537874666113
51656	28.8537874666112
51682	28.8537874666112
51808	28.8537874666112
51828	28.8537874666112
51858	28.8537874666112
51862	28.8537874666112
51878	28.8537874666112
51930	28.8537874666112
51954	28.8537874666112
51984	28.8537874666111
52026	28.8537874666111
52038	28.8537874666111
52054	28.8537874666111
52106	28.8537874666111
52110	28.8537874666111
52134	28.8537874666111
52178	28.8537874666111
52192	28.8537874666111
52212	28.8537874666111
52220	28.8537874666111
52230	28.8537874666111
52238	28.8537874666110
52258	28.8537874666110
52260	28.853787466611
52286	28.853787466611
52292	28.853787466611
52296	28.853787466611
52298	28.8537874666110
52314	28.8537874666109
52332	28.8537874666109
52342	28.8537874666109
52348	28.8537874666109
52368	28.8537874666109
52370	28.8537874666109
52378	28.8537874666109
52400	28.8537874666108
52410	28.8537874666108
52412	28.8537874666108
52448	28.8537874666108
52452	28.8537874666108
52482	28.8537874666107
52488	28.8537874666107
52496	28.8537874666107
52500	28.8537874666107
52522	28.8537874666107
52556	28.8537874666107
52576	28.8537874666107
52578	28.8537874666107
52586	28.8537874666107
52664	28.8537874666106
52672	28.8537874666106
52702	28.8537874666106
52744	28.8537874666106
52764	28.8537874666106
52774	28.8537874666106
52816	28.8537874666106
52872	28.8537874666106
52898	28.8537874666106
52930	28.8537874666106
52974	28.8537874666106
52978	28.8537874666106
53010	28.8537874666106
53022	28.8537874666106
53078	28.8537874666106
53108	28.8537874666106
53146	28.8537874666106
53148	28.8537874666106
53198	28.8537874666106
53246	28.8537874666105
53350	28.8537874666105
53372	28.8537874666105
53490	28.8537874666105
53492	28.8537874666105
53510	28.8537874666105
53764	28.8537874666105
53808	28.8537874666105
53888	28.8537874666105
53922	28.8537874666105
53924	28.8537874666105
53948	28.8537874666105
54130	28.8537874666105
54310	28.8537874666105
54446	28.8537874666105
54890	28.8537874666105
55054	28.8537874666105
55328	28.8537874666105
55594	28.8537874666105
55606	28.8537874666105
55680	28.8537874666105
55884	28.8537874666105
55982	28.8537874666105
55984	28.8537874666105
56474	28.8537874666105
56638	28.8537874666105
56654	28.8537874666105
57608	28.8537874666104
57674	28.8537874666104
58014	28.8537874666104
58030	28.8537874666104
58114	28.8537874666104
58554	28.8537874666104
58664	28.8537874666104
58752	28.8537874666104
58802	28.8537874666104
58828	28.8537874666104
58834	28.8537874666104
58838	28.8537874666104
58844	28.8537874666104
58954	28.8537874666104
59204	28.8537874666104
59304	28.8537874666104
59364	28.8537874666104
59452	28.8537874666104
59454	28.8537874666103
59682	28.8537874666103
59684	28.8537874666103
59968	28.8537874666103
59970	28.8537874666103
60274	28.8537874666103
60356	28.8537874666103
60394	28.8537874666103
60450	28.8537874666103
60552	28.8537874666103
60560	28.8537874666103
60572	28.8537874666103
60654	28.8537874666103
60676	28.8537874666103
60690	28.8537874666103
60698	28.8537874666103
60730	28.8537874666103
60734	28.8537874666103
60782	28.8537874666103
60804	28.8537874666103
60818	28.8537874666102
60842	28.8537874666102
61074	28.8537874666102
61134	28.8537874666102
61258	28.8537874666102
61304	28.8537874666102
61340	28.8537874666102
61342	28.8537874666102
61406	28.8537874666102
61432	28.8537874666102
61476	28.8537874666102
61556	28.8537874666102
61782	28.8537874666102
61794	28.8537874666102
61812	28.8537874666102
62254	28.8537874666102
62330	28.8537874666102
63226	28.8537874666102
63366	28.8537874666102
63420	28.8537874666102
63430	28.8537874666102
63594	28.8537874666102
63834	28.8537874666102
64064	28.8537874666101
64200	28.8537874666101
64226	28.8537874666101
64686	28.8537874666101
64846	28.8537874666101
64858	28.8537874666101
64926	28.8537874666101
65046	28.8537874666101
65292	28.8537874666101
69248	28.8537874666101
71206	28.8537874666101
77168	28.8537874666101
80148	28.8537874666101
85208	28.8537874666101
86380	28.8537874666101
88734	28.8537874666101
101702	28.8537874666101
125942	28.8537874666101
126784	28.8537874666101
138428	28.8537874666101
300000	28.8537874666101
