52	481.276744454676
68	449.116237264286
80	439.582231658289
94	319.342124492885
146	255.779263093209
350	217.84778819486
896	217.013181087949
2162	190.743816308762
2206	187.186904179504
5088	173.836219812645
5238	163.250997722484
5370	158.307071665869
5446	150.317538871087
5468	148.576416156863
5510	147.862513261549
5518	136.492270282919
5522	134.039868381801
5526	133.997963419689
5540	126.985932467926
5596	117.328743377979
5610	117.149700387698
5612	115.895447826213
5618	102.657832952917
5624	96.9439976138681
5676	94.481478252623
5688	90.2599854745555
5710	89.6912917923076
5722	89.0219989053572
5730	86.350463556799
5760	85.9804555455498
5770	84.1955965091905
5782	83.746304477733
5792	81.2395164763811
5800	72.6183632344079
5822	70.2515106790701
5842	67.8980917534233
5854	63.6636702929345
5872	63.482111511309
5900	62.886834783244
5912	62.3295674857233
5922	61.1148692830573
5938	58.3930512790242
5960	55.887282147464
5984	54.8096152115124
5988	51.7350881529833
6030	51.2173800332303
6042	50.5747430930049
6074	50.4317896917363
6080	50.4238298642368
6084	49.6977457997422
6088	48.4272241731517
6090	47.5001107117298
6128	46.8440582383758
6144	46.6779271554614
6146	46.2240719919973
6148	45.117227328825
6174	44.1816672111945
6200	43.6020147977264
6226	42.8362002171516
6242	42.6143143801269
6244	42.3652900590947
6256	41.5037726284734
6266	40.6214091099493
6294	40.1769888339512
6310	40.1177900128096
6342	40.0882374024338
6346	39.9397602888859
6348	39.0431641231056
6400	38.8329906186172
6410	38.7970461349442
6426	38.1952753860496
6444	37.7665370613086
6494	37.7336933209018
6502	37.6919383733959
6506	37.6700774917855
6524	37.597184586433
6526	37.3369475390058
6548	37.2936344905757
6552	37.2794549222219
6560	37.1420157641979
6564	37.0907998109364
6588	37.044757782214
6598	37.0280174406172
6610	36.9039850653742
6640	36.8354121240432
6664	36.6030574280677
6670	36.4252324404251
6674	36.3191853240823
6692	36.0619025042651
6694	36.0352505034678
6706	35.9410766355966
6724	35.7578148442113
6726	35.3959278936102
6754	35.3407731977021
6764	35.0454535287393
6774	34.6503632233822
6776	34.3804264227775
6788	34.3034423998568
6802	34.2521075795895
6844	34.1230983981422
6846	34.081811087009
6850	33.7957681375333
6864	33.6470159583520
6886	33.5964643167083
6894	33.5761175604794
6900	33.3708765150262
6904	33.1519015523806
6944	32.4420956053867
6952	32.3783275814173
6968	32.3092974234091
6978	32.2235083651261
6992	32.0452510817376
7002	31.2867116594268
7008	31.1819743256612
7028	30.9992876266015
7030	30.8492720398605
7032	30.4565206386921
7050	30.2057313941503
7062	30.1758276875649
7072	29.9351061645128
7082	29.8524091500223
7090	29.5979696184011
7094	29.5406458522492
7118	29.2478545786890
7126	28.7921946411873
7172	28.2469654207195
7174	28.0624363593448
7214	27.8684750597132
7258	27.8511656398215
7262	27.8262829812738
7266	27.4325619173482
7296	27.4004018567665
7300	27.3945214430653
7320	27.3284443802184
7324	27.2828526101732
7330	27.2694457885992
7334	27.2569605339371
7356	27.0789318653203
7358	27.0544018250728
7384	27.0106341355345
7390	26.9647248924918
7408	26.8061345970327
7416	26.7777109809294
7430	26.7677987009826
7432	26.7434648417938
7434	26.6892853379254
7442	26.6674371575625
7460	26.6319156670250
7464	26.6100210557475
7486	26.6033321997027
7490	26.5164642660791
7502	26.4861790173833
7522	26.4808159333326
7534	26.4329202573595
7568	26.4147152548232
7578	26.404645396721
7588	26.3577163488348
7590	26.2485973432999
7600	26.2133291438258
7606	26.1941400722623
7628	26.1825791065801
7642	26.1311366483166
7664	26.1252426550367
7700	26.1166115260286
7716	26.0895809342343
7720	26.0867922668359
7726	26.0791694115687
7728	26.0704082343702
7738	26.0616964526076
7742	26.047618223339
7754	26.0450159775755
7758	26.0381188252108
7774	26.0362711246600
7776	26.0285653852930
7778	26.0271204914059
7792	26.0253294756804
7810	26.0131937718549
7818	26.0083198315124
7832	25.9963698794387
7852	25.9755220566509
7858	25.9624914840391
7866	25.9602305023202
7884	25.948921833489
7904	25.9473164920498
7920	25.9444466465493
7926	25.9411188963904
7928	25.930484549307
7948	25.9144612187270
7974	25.9112039432604
7986	25.9046135213469
7988	25.9014372303079
7990	25.8859713557730
7994	25.8718116092337
8024	25.8602937494298
8030	25.8398698097692
8034	25.8236647709697
8040	25.8162949267333
8042	25.8122111145628
8048	25.797124142684
8056	25.782194076477
8060	25.7637720757525
8068	25.7454527732782
8086	25.7211630491886
8110	25.6779760328395
8138	25.673652494961
8152	25.6623564915036
8160	25.6331011007311
8190	25.6265396932373
8204	25.6023385280227
8280	25.5889820201360
8288	25.5868344890318
8294	25.5825721048144
8296	25.5636045564957
8314	25.5594997195789
8324	25.5556020059645
8332	25.5422848226771
8348	25.524645342944
8374	25.5062144986499
8388	25.4992345817260
8394	25.4986993875488
8398	25.4759328837978
8424	25.4583159820411
8440	25.4578087756581
8446	25.4295854752392
8456	25.4180184748799
8476	25.400947299334
8484	25.3642780871346
8486	25.3464388428381
8502	25.3352050750030
8520	25.3342218100575
8540	25.3327741332015
8552	25.3242014372065
8560	25.3166549786054
8576	25.2866665791586
8590	25.2623124620893
8598	25.2535684749151
8604	25.2381459642818
8606	25.2211327391807
8624	25.2042761241160
8636	25.1988269766004
8638	25.1849867226278
8646	25.1843731637828
8654	25.1415643547078
8660	25.1172560440362
8690	25.1095756992814
8696	25.1021122593253
8698	25.0843871975155
8710	25.0528836988238
8726	25.0248685068108
8742	25.0064549890519
8756	24.9992277963427
8758	24.9923797502530
8780	24.9922675515152
8784	24.9687509781384
8800	24.9655465238380
8806	24.9465163705774
8818	24.8978102854009
8820	24.8868993449839
8832	24.8840522471496
8850	24.8775939405251
8854	24.8721117662414
8866	24.8367418278829
8880	24.8320225050297
8888	24.8293020562559
8898	24.8265629452492
8900	24.8260016445163
8908	24.820083378816
8910	24.7831289123141
8920	24.7629983525121
8944	24.7628964780136
8946	24.7455356243929
8956	24.7337457480051
8970	24.7169818154465
8982	24.6922971570308
9026	24.6844286590442
9032	24.6837518602738
9034	24.6745466215510
9036	24.6702361970164
9050	24.6554262583490
9056	24.6354878033632
9074	24.6262924429411
9084	24.6245661405704
9100	24.6228926037523
9102	24.603579257967
9114	24.6026113059492
9120	24.5994326066921
9126	24.5955664571370
9130	24.5755113531588
9162	24.5727072727348
9188	24.5711431824287
9190	24.5519373898076
9216	24.5465740386079
9224	24.5439413451146
9250	24.5342702874192
9252	24.5331137263519
9254	24.5273814559822
9264	24.5222899837842
9276	24.5156793615785
9288	24.5136928601458
9302	24.5044413065538
9324	24.5019538003780
9336	24.5008689307762
9346	24.4909567064031
9352	24.4781523425131
9366	24.4754918066899
9368	24.4714221137841
9376	24.4652644777278
9390	24.4634622527592
9392	24.4491870217132
9416	24.4458693253814
9428	24.4443715567062
9442	24.4443118012505
9444	24.438524492168
9454	24.435411357365
9460	24.4352404112128
9466	24.4299669877263
9478	24.4265172281596
9484	24.4224362095208
9488	24.4130850389723
9498	24.4055622589529
9500	24.4022915471677
9506	24.3984464190225
9528	24.3979107284942
9534	24.3925210745688
9536	24.3923058183793
9542	24.3907827165923
9552	24.3889139112238
9558	24.3702442227608
9562	24.3618363930889
9572	24.3594179388214
9574	24.3381944295223
9646	24.3278099844822
9648	24.3221604312750
9666	24.3156810894152
9684	24.3134330339937
9712	24.3125498023192
9716	24.3069656888965
9720	24.2996540158992
9722	24.2908932160059
9730	24.2869044869651
9752	24.2844961592240
9754	24.2826447514435
9758	24.2776892072437
9762	24.2767164497399
9770	24.2760138391285
9790	24.2686500310509
9792	24.2637297370531
9798	24.2579561094081
9800	24.2542408981870
9804	24.2522411449952
9810	24.2494301426670
9818	24.2428643374358
9826	24.2392090742288
9834	24.2349546622512
9836	24.2278120434391
9840	24.2209461349917
9876	24.2185679568074
9888	24.2040775275388
9902	24.202009029035
9904	24.1722480190563
9910	24.170990142751
9914	24.1645118569060
9926	24.163862296981
9946	24.1619776780755
9952	24.1565205773760
9954	24.1500357497891
9956	24.1427970059785
9978	24.1383282773835
9988	24.1336807629668
10002	24.1320411925601
10010	24.1291508639232
10016	24.1243598496712
10030	24.1191528241094
10044	24.1091596670772
10050	24.108717684742
10052	24.0978878486367
10066	24.0977582116676
10068	24.0917934118829
10072	24.0806298125889
10074	24.0579700500617
10080	24.0399192096732
10084	24.009011957964
10106	24.00866851103
10110	24.0035566113563
10112	23.9759767767269
10142	23.9283190959633
10164	23.928074758486
10172	23.9119013378749
10176	23.903437161309
10186	23.8970384544257
10212	23.8969338045400
10216	23.8925557046144
10224	23.887142910731
10232	23.8856934587952
10234	23.8593831112775
10242	23.8470295745574
10246	23.8460439895313
10268	23.8446865580352
10284	23.8424038770141
10288	23.8362985822178
10318	23.8337700317617
10332	23.8282304565951
10334	23.8231275025904
10348	23.8200563878869
10352	23.8159524907630
10358	23.8134035969531
10366	23.808976420285
10368	23.8045224042994
10370	23.8003440583427
10372	23.7912918386099
10386	23.7855989643971
10398	23.7712275870915
10408	23.7617749979718
10416	23.7589507205631
10420	23.7321144329752
10452	23.7140373761805
10464	23.7016885567445
10480	23.6981695582045
10490	23.6954840196778
10504	23.6948989198828
10506	23.6934990512652
10520	23.6895120878766
10534	23.6780085150629
10540	23.6726850638184
10552	23.6710175545055
10558	23.6637999055391
10580	23.6522811146155
10582	23.6478304832152
10592	23.6450589979694
10596	23.6220510900905
10610	23.6144959847723
10628	23.6091319077275
10630	23.6048481156544
10632	23.6038560130163
10634	23.6031179085723
10646	23.5711954122849
10676	23.5700926610911
10682	23.5591771218092
10712	23.5470286672077
10714	23.5361570363638
10754	23.5296031851177
10762	23.5289068683179
10766	23.5274593552704
10792	23.5241066819100
10800	23.5141895950599
10830	23.5097767165246
10832	23.5086790946032
10838	23.5053176569489
10852	23.5045125546627
10872	23.5021164538329
10878	23.49740531144
10882	23.4930092523705
10884	23.4874125624607
10898	23.4857396575467
10918	23.4793113941591
10924	23.4787322377663
10936	23.4784091228579
10940	23.4699879553361
10962	23.4699295838043
10964	23.4682905111279
10970	23.466376011937
10974	23.4656121983770
10990	23.4647300828830
10994	23.4623521597992
11006	23.4616912834342
11016	23.4545556576915
11020	23.4446429973277
11022	23.442874347629
11042	23.4349343011187
11054	23.4268096542198
11064	23.4257783149997
11066	23.4214786507084
11076	23.4212724050336
11096	23.4135510103356
11116	23.3971730026425
11138	23.3948775675492
11162	23.3929388304695
11184	23.3917033255681
11192	23.3820251834675
11208	23.3717443656768
11214	23.3635412436232
11218	23.3633110935142
11232	23.3593423638961
11242	23.3586544036865
11262	23.3571752225907
11264	23.3472945310073
11266	23.3451679770411
11290	23.344915520346
11306	23.3392608652903
11312	23.3356017637013
11336	23.3325500757088
11348	23.3301013223354
11358	23.3294311848709
11364	23.3263506674346
11392	23.3230214291633
11408	23.3224423344430
11410	23.3193794665584
11412	23.3150419263999
11436	23.3144475137124
11440	23.3128860167446
11446	23.3023442839775
11462	23.2949470011676
11472	23.2917491974451
11474	23.2844555176209
11486	23.2842183984595
11498	23.2758590463427
11506	23.2713359958936
11510	23.2682160068083
11524	23.2666984060820
11530	23.261017671325
11560	23.2597005222585
11568	23.2542077468883
11626	23.2472102336366
11632	23.2442365305510
11634	23.2422619032356
11650	23.24200197761
11664	23.2317794822490
11676	23.2301968482346
11680	23.2271630433683
11682	23.2219559583260
11722	23.2213425306757
11742	23.2209948109892
11750	23.2208825602313
11758	23.2204023953135
11762	23.2181078608899
11790	23.2141283400045
11800	23.2133947908187
11802	23.2129873101651
11816	23.2107650210925
11818	23.2068638584128
11828	23.2065172464931
11830	23.204951446019
11844	23.2029034736002
11852	23.2006688174706
11866	23.1972433511630
11878	23.1935060866411
11882	23.1926199003193
11886	23.1918535548358
11904	23.1867677788077
11910	23.1832907460154
11924	23.1774515153808
11934	23.1734974772839
11946	23.1696443807322
11956	23.1687856676496
11958	23.1676952574399
11964	23.1658977710900
11978	23.1637113866792
11980	23.1626647586819
11984	23.1596662729343
11990	23.1592738697437
12024	23.1561468759070
12032	23.1553412348562
12052	23.1544281095770
12058	23.1535443534720
12060	23.1529028073132
12066	23.1465689787069
12116	23.1459569450630
12122	23.1433540603383
12132	23.1431394972164
12140	23.1419836716709
12170	23.1413352571615
12176	23.1404918597151
12178	23.1383132475312
12180	23.1375740610126
12182	23.1367035512644
12188	23.1351866783069
12190	23.1347745417748
12214	23.1332684178542
12216	23.1304565365261
12226	23.1298652666880
12228	23.1290895273919
12234	23.1261697507495
12238	23.1256759131529
12254	23.1243968486569
12282	23.1232253397746
12294	23.1223590859895
12308	23.1215324960208
12310	23.1208252806389
12334	23.1193970280936
12366	23.119138149007
12372	23.1182382190729
12376	23.116464534301
12394	23.1158865856966
12400	23.1156060240817
12412	23.1121410038659
12428	23.1107205062693
12444	23.1105841078866
12462	23.1098269265725
12470	23.1086345071001
12488	23.1082736934615
12492	23.1080693988020
12496	23.1074222227683
12504	23.1071111636172
12506	23.1049933947184
12514	23.1040458784098
12528	23.10303923641
12530	23.10184079119
12552	23.1007858568447
12572	23.0998010599082
12582	23.0988892871704
12606	23.0985918321448
12610	23.0982727038803
12612	23.0978389803791
12638	23.0970888967042
12662	23.0962547976039
12664	23.0961776335826
12680	23.0959839925753
12686	23.0956367814941
12712	23.0951423574573
12724	23.0950259131867
12732	23.0950213362305
12748	23.0945920650074
12758	23.0943366940966
12774	23.0937912794444
12802	23.0932139410065
12810	23.0930398049367
12820	23.0928639770633
12822	23.0906853795724
12844	23.0901687712465
12870	23.0901581748881
12876	23.0898128303104
12878	23.0894357271803
12880	23.0893571404791
12884	23.0891372444948
12900	23.0891119277930
12906	23.0888280123211
12914	23.0883421475120
12924	23.0876413672612
12938	23.0869664044477
12940	23.0868158327995
12954	23.0861102334168
12980	23.0857855677761
12988	23.0851742316712
13014	23.0841487743389
13032	23.0838788078955
13034	23.0838521560952
13050	23.0835911490132
13052	23.0835781462197
13058	23.0833034779367
13060	23.0819604674706
13062	23.0816540956912
13078	23.0805072819163
13090	23.0803347700405
13098	23.0798538169002
13108	23.0791285666058
13110	23.0768267290979
13114	23.0761143611333
13118	23.0730745970424
13150	23.0717152321035
13162	23.0712163445018
13174	23.0711126979748
13176	23.0702654360679
13190	23.0685626541738
13194	23.068254133817
13232	23.0662037181828
13250	23.0654279086746
13262	23.0640917089258
13268	23.0624068549324
13290	23.0606769841637
13306	23.0599656714941
13322	23.0593078724993
13326	23.0555843210609
13328	23.0553359151729
13338	23.055130660438
13354	23.0542472343553
13368	23.0532707526073
13384	23.0526345416969
13386	23.0510598649316
13388	23.0509142377645
13390	23.0495793070770
13398	23.0492463698488
13400	23.0485413029699
13402	23.0471990159948
13406	23.0469142409735
13412	23.0459676970663
13422	23.0458076142286
13434	23.0439387626024
13444	23.0425306559106
13474	23.0417405336470
13476	23.0415701884951
13482	23.0400206339397
13490	23.0394093919744
13500	23.0383257265825
13518	23.0352649486519
13570	23.0343276695256
13578	23.0337565559188
13580	23.0331954339656
13584	23.0325386144235
13586	23.0323530191862
13590	23.0318392750743
13610	23.0317282809322
13612	23.0309397105120
13648	23.02893800719
13660	23.0274004929373
13664	23.0260997491136
13684	23.0249407136131
13688	23.0239200347647
13704	23.0228773593040
13724	23.022195513994
13752	23.0219222917167
13778	23.0213888580487
13786	23.0201756806256
13804	23.0193304920207
13810	23.0189083830340
13824	23.0186118432352
13854	23.0176823679749
13864	23.0170812186486
13868	23.0166513875941
13870	23.0158980643850
13872	23.0157177003501
13892	23.0150351002089
13894	23.0148746038444
13916	23.0141610436012
13922	23.0136877910920
13932	23.0136279770397
13938	23.0112817014091
13954	23.0109723751459
13968	23.0100692281291
13976	23.0093705981854
13978	23.0083411271054
13986	23.0073069726853
13994	23.0063085981238
14026	23.0061685217274
14034	23.00593711731
14038	23.0044925043635
14052	23.0044010294937
14058	23.0039266430490
14078	23.0032231748332
14092	23.0027354907698
14098	23.0025536016078
14104	23.0018469930822
14114	23.0000595574151
14122	22.9994977225073
14146	22.9965154679592
14160	22.9959820105028
14176	22.9942574455018
14196	22.9941877460716
14200	22.9937123196309
14208	22.9932522363582
14214	22.9918821178290
14222	22.9889710553996
14236	22.9882962048006
14256	22.9877414882263
14258	22.9864737935143
14260	22.9858243061439
14262	22.9850950496919
14264	22.9850566877787
14266	22.9850461289629
14274	22.9848077001499
14276	22.9839016206900
14308	22.9824783513572
14320	22.9803594647052
14326	22.9798888479312
14346	22.9780606110843
14362	22.9770024909657
14380	22.9750044430022
14402	22.9723652430346
14414	22.9707008559147
14442	22.9699893751623
14452	22.9672165223638
14468	22.9667685599659
14486	22.9666667413345
14488	22.9661033622849
14492	22.9649697105127
14506	22.9642065853999
14516	22.9632751762598
14544	22.9614102213318
14554	22.9600286487202
14562	22.9582958912519
14578	22.9567558609842
14582	22.9567109899649
14588	22.9550986596303
14594	22.9550206517652
14624	22.9544187511851
14630	22.9537972831232
14636	22.9521370027313
14654	22.9507924931276
14656	22.9507435413834
14666	22.9500821328922
14676	22.9489609561265
14684	22.9469821380822
14720	22.9466669943937
14722	22.9464781348211
14734	22.9461240108784
14736	22.9459594012894
14742	22.9455053606045
14750	22.9454462696634
14752	22.9432558691414
14782	22.9424292265559
14786	22.9401733978420
14852	22.9396092013062
14854	22.9381264737471
14864	22.9374137649970
14888	22.9369492377127
14896	22.9367356859391
14906	22.9364485998268
14910	22.9356902565362
14912	22.9353754014713
14918	22.9345716361392
14938	22.9341247421390
14944	22.9325661685105
14952	22.9317235903418
14964	22.9314296422614
14998	22.9312173624602
15012	22.9304639724267
15032	22.9304312562672
15034	22.9290166681902
15078	22.9289509074567
15084	22.9275550916752
15090	22.9271170774169
15106	22.9270721132911
15110	22.9265576804186
15118	22.9262901977306
15130	22.9259884817644
15140	22.9258717370141
15148	22.9256616462625
15152	22.9256105292660
15154	22.9254555837766
15156	22.9251483446828
15162	22.9249979258125
15170	22.9248094800140
15172	22.9244521239505
15188	22.923987316938
15190	22.9238433894901
15214	22.9229468102193
15218	22.9226250405481
15244	22.9215721644918
15260	22.9209885211521
15262	22.9206540504893
15268	22.9194686219176
15290	22.919334582378
15304	22.9182535646331
15316	22.9177897411724
15324	22.9174516331987
15328	22.9168541360446
15346	22.9166507850831
15356	22.9165681507196
15358	22.9152163144813
15398	22.9151627521061
15402	22.9149136556276
15410	22.9145148189961
15452	22.9139297821696
15480	22.9138076061913
15494	22.9137524471280
15502	22.9129892385007
15532	22.9128123316450
15560	22.9127475470451
15566	22.9123287386445
15582	22.9122545894748
15584	22.9121979793755
15600	22.9120026299046
15614	22.9119857473703
15626	22.9119328843275
15630	22.9118501021168
15652	22.9116368817368
15658	22.9114390480757
15678	22.9113392512314
15700	22.9113144147348
15708	22.9109944233474
15722	22.9107593399416
15748	22.9103958705915
15766	22.9103195410272
15778	22.9101463210335
15782	22.9101192579324
15802	22.9099705555656
15804	22.9099415615034
15814	22.9096180349084
15840	22.9095796856257
15846	22.9093443746956
15850	22.9092000873114
15860	22.9087207472343
15894	22.9086269209336
15904	22.9085506280258
15918	22.9082910704010
15948	22.9078185032317
15962	22.9076502738107
15984	22.9072097045618
16010	22.9069298055394
16012	22.9068126889543
16016	22.9067183023367
16026	22.9064989453374
16032	22.9064026157003
16038	22.9062393932494
16042	22.9062332507948
16046	22.905981882829
16050	22.9059668364759
16052	22.9059346778634
16054	22.9058341111401
16070	22.9055704448886
16072	22.9055057677035
16074	22.9054248198328
16090	22.9053879878212
16098	22.9050772672435
16106	22.9048198390522
16116	22.9047255775917
16136	22.9044006823771
16146	22.9042146860007
16170	22.903929810035
16190	22.9039176819324
16192	22.903842933068
16204	22.9033624245517
16212	22.9030470535408
16254	22.9030062500043
16268	22.9027525075627
16296	22.9024890759694
16336	22.9024161312816
16354	22.9023200754472
16362	22.9022727291425
16366	22.9022389189951
16380	22.9021891523273
16388	22.9021705237090
16406	22.9020486980347
16424	22.9020275551352
16440	22.9017926876138
16458	22.9017537954151
16460	22.9016288615754
16470	22.9015432567952
16488	22.9014479543715
16492	22.9013937524659
16506	22.9013382161248
16512	22.9013343597435
16526	22.9011581073848
16532	22.9010409466286
16556	22.9009265375203
16596	22.9008649798417
16598	22.9007847171508
16602	22.9005224652824
16628	22.9002879388778
16636	22.9002423852242
16654	22.9002123735148
16658	22.9000871740263
16678	22.8999678429050
16704	22.8998471458907
16734	22.8997808698816
16738	22.8997752414043
16744	22.8996619148747
16752	22.8995631804095
16782	22.8995614237769
16786	22.899472306341
16796	22.8994685289056
16800	22.8993989892456
16802	22.8993531419139
16810	22.8993402296132
16812	22.8991972639714
16826	22.8990882160601
16850	22.8988697360598
16856	22.8988646200357
16860	22.8988476899643
16884	22.8987421711113
16902	22.8986069724093
16926	22.8985114295104
16952	22.8984777333642
16958	22.8983668183909
16960	22.8983416558508
16962	22.898258642688
17014	22.8982024442899
17020	22.8982022207406
17024	22.8981183091727
17040	22.8980777126391
17048	22.8980710920669
17052	22.8980542587994
17058	22.8980161592329
17060	22.8980078500255
17070	22.897820705213
17100	22.8977743787285
17156	22.8977235377085
17170	22.8976563122741
17172	22.8976136257469
17180	22.8975488311977
17214	22.8975176045674
17224	22.8975130930523
17226	22.8974682778441
17242	22.897438047262
17262	22.8974269061463
17270	22.8973990733636
17282	22.8973946064262
17284	22.8972982760753
17308	22.8972418360493
17324	22.8971820653903
17330	22.8971802833818
17336	22.8970411448031
17340	22.8969768524915
17342	22.8969629397277
17354	22.8969528596603
17358	22.896950012789
17362	22.8968930648278
17378	22.8967296181131
17418	22.8965835755579
17448	22.8965530801488
17454	22.8964732876124
17472	22.8963916235644
17488	22.8963314477381
17492	22.8963186915499
17514	22.8961506365678
17524	22.8960832073254
17526	22.8960600435458
17532	22.8960522878326
17534	22.8958699916206
17564	22.8958044694598
17572	22.8957703224364
17596	22.8956055863833
17614	22.8955755034092
17618	22.8955558886669
17636	22.8955548397582
17646	22.8954998820771
17648	22.8953878797182
17650	22.8953501533816
17672	22.8952679709677
17676	22.8950800930671
17714	22.8950343734252
17726	22.8950323173101
17738	22.8949619772183
17742	22.8948588394954
17774	22.8947979681699
17778	22.8947896468144
17786	22.8947798995839
17790	22.8947192228363
17828	22.8946800025797
17836	22.8946722056328
17852	22.8946267946496
17872	22.8945924004847
17880	22.8945773475684
17886	22.8945618524304
17894	22.894543511261
17904	22.8945307073369
17940	22.8944750495748
17956	22.8944239730196
17962	22.8943988998932
17974	22.8943948311735
17978	22.8943735027016
18012	22.8943243613030
18024	22.894323107839
18028	22.8943174606883
18030	22.8942860093033
18034	22.8942451484561
18044	22.8942361983704
18046	22.8942105666409
18052	22.8941746986406
18058	22.8941542890116
18072	22.8941200717255
18092	22.8940815059054
18106	22.8940736643151
18108	22.8940019588385
18116	22.8939417827977
18124	22.893867862823
18136	22.8938580155062
18138	22.893823159355
18146	22.8938011487811
18158	22.8937835278608
18162	22.8937545954667
18180	22.8937523948793
18188	22.8936846110879
18190	22.8936836062589
18208	22.8936746505940
18218	22.8936561298625
18220	22.8936539912775
18222	22.8935403748965
18240	22.8934877205234
18260	22.8934520719498
18274	22.8933982501173
18276	22.8933678480607
18298	22.8933598734156
18314	22.8933432823715
18318	22.8933426630238
18322	22.8932970245377
18328	22.8932853368264
18336	22.8932445429487
18364	22.8932191853643
18372	22.8932099706647
18382	22.8931621934987
18390	22.8931275927542
18404	22.8930193893658
18422	22.8930021154063
18434	22.8929551692435
18446	22.8929218427078
18452	22.8929154741508
18462	22.8928954793946
18470	22.8928951638398
18472	22.8928487742302
18512	22.8928292782409
18516	22.8926924715247
18530	22.8925591118847
18566	22.8924981098366
18570	22.892275257685
18574	22.8921490725985
18580	22.8919525294833
18636	22.8918100534945
18640	22.8918097042309
18656	22.8917708154379
18666	22.8917547139498
18678	22.8917005372873
18686	22.8916385365050
18700	22.8915957875570
18716	22.8915592268671
18732	22.8915515915051
18736	22.8914648089901
18742	22.8913923388180
18754	22.8912801023634
18768	22.8912263017865
18796	22.8911627622612
18814	22.8910946494456
18822	22.8910777995209
18836	22.8910564881666
18838	22.8910382784278
18846	22.8909069193784
18856	22.8908887563050
18910	22.8908459306968
18926	22.8908152817787
18956	22.8908028859005
18972	22.8907960491083
18976	22.8907498066004
18990	22.8907363745573
18992	22.8907290144746
19008	22.8907171414393
19016	22.8906847331784
19056	22.8906623710261
19064	22.8906482224821
19072	22.8905540291581
19098	22.8905119232592
19118	22.8904627123444
19126	22.8904342283594
19154	22.8903803282165
19166	22.8903643765040
19176	22.8902897752557
19192	22.8902403604515
19194	22.8902389962801
19196	22.8901671193295
19206	22.8901366711936
19220	22.8901158825462
19226	22.8900974283277
19236	22.8900281825432
19258	22.8899615455822
19296	22.8899389232682
19302	22.8899120473570
19324	22.8898926015706
19326	22.8898616731627
19342	22.8898131619126
19374	22.8897433420743
19404	22.8897150957434
19406	22.8896892813274
19412	22.8896467568873
19416	22.8896454674030
19440	22.8896441509088
19442	22.8896057593297
19454	22.8895954593429
19456	22.8895846806000
19462	22.8895435996369
19470	22.8895314770878
19482	22.889469114289
19488	22.8894680506622
19496	22.8894665463972
19500	22.8894542233148
19524	22.8894414031888
19530	22.8893948438537
19532	22.8893884797321
19536	22.8893649040631
19568	22.8893433169245
19578	22.8893347581174
19586	22.8893243084790
19590	22.8893180310683
19600	22.8892696675692
19604	22.8892568984031
19606	22.8892555359684
19610	22.889208279232
19618	22.8891871665828
19636	22.8891559803157
19650	22.8891553581319
19656	22.8891440346259
19664	22.8891380302907
19670	22.8891256431451
19682	22.8891178551941
19696	22.8891169675375
19706	22.8891144113723
19708	22.8891091548555
19730	22.8891005381486
19734	22.8890669704933
19738	22.8890590728539
19750	22.8890219718916
19754	22.8890152596956
19782	22.8890117516801
19794	22.8890055231691
19802	22.8890000633661
19816	22.8889505950455
19828	22.8889500021992
19840	22.8889465464331
19842	22.8889332451246
19850	22.8889233733132
19860	22.8889217791427
19868	22.8889195617145
19872	22.8888766649938
19876	22.8888625233929
19880	22.8888514847301
19882	22.8888164090274
19910	22.8887937464658
19926	22.8887798479006
19932	22.8887451812697
19968	22.8887397673760
19972	22.888717042513
19984	22.8887067858629
19990	22.8886755894197
20012	22.8886553725663
20020	22.8886210426783
20024	22.8885993865279
20028	22.888567814039
20042	22.8885526100908
20066	22.8884742671200
20086	22.8884705754326
20096	22.8884453557306
20100	22.8884420127258
20102	22.8884277224492
20108	22.8884201438598
20114	22.8883868872139
20130	22.8883810637543
20138	22.8883522427654
20144	22.8883212651617
20146	22.8882735038681
20164	22.8882617110546
20166	22.8882244602367
20168	22.8882157132410
20178	22.8881895394039
20198	22.8881784600491
20210	22.8881630849611
20238	22.8881585683837
20248	22.8881205726368
20250	22.8881021048333
20266	22.8880756740516
20280	22.8880737466456
20282	22.8880666676985
20292	22.8880646080395
20296	22.8880425245791
20298	22.8880278108869
20300	22.8880267747929
20302	22.8879764771670
20304	22.8879381180301
20306	22.8879120054683
20336	22.8879065450986
20352	22.8878959516258
20356	22.8878948872429
20358	22.8878635057709
20364	22.8878455743216
20404	22.8877989496125
20410	22.8877927339764
20416	22.8877359069582
20442	22.8877172431021
20506	22.8877126529624
20508	22.8877098500613
20522	22.8876530055045
20532	22.8876488089752
20546	22.8876308255859
20552	22.8875962248537
20574	22.8875943266843
20580	22.8875357124999
20582	22.8875277338728
20588	22.8875011005017
20608	22.8874634956357
20614	22.8874441738803
20630	22.8874342126948
20634	22.8873915318605
20646	22.8873808998967
20648	22.8873355027750
20652	22.8873252472487
20656	22.8873100139291
20660	22.8872876857816
20666	22.8872321057974
20670	22.8871996550296
20698	22.8871244330642
20740	22.8870798198881
20746	22.8870537698611
20754	22.8870089934963
20764	22.8869881104434
20770	22.8869555287553
20792	22.8869221210365
20798	22.8868099841897
20820	22.8867897954108
20824	22.8867781347289
20838	22.8867661527422
20854	22.8866835696334
20874	22.886662481582
20896	22.8866206876432
20898	22.8865587133286
20942	22.8865161641619
20948	22.8864860830173
20962	22.8864385980708
20986	22.8864090788917
20992	22.8864072016157
21016	22.8863714131872
21036	22.8863547025754
21040	22.8863088971933
21080	22.8862809051188
21084	22.8862538647728
21098	22.8862251665046
21102	22.8862195980446
21110	22.8861900308972
21126	22.8861630822961
21130	22.8861275792262
21136	22.8861274007301
21138	22.8860818737619
21166	22.8860755304109
21168	22.8860286180379
21182	22.8860201189649
21192	22.8859865745375
21202	22.8859554078021
21222	22.8859278858930
21236	22.8859219095801
21240	22.8859081558483
21244	22.8858851685343
21250	22.8858835764882
21254	22.8858469701664
21266	22.8858149557506
21274	22.8857682784745
21276	22.8856960089522
21286	22.8856847417426
21306	22.8856810614222
21312	22.8856328432081
21322	22.8855722446974
21338	22.8855583908665
21348	22.8855365733498
21378	22.8855341554072
21400	22.8854932499286
21420	22.8854824403426
21428	22.8854767481976
21436	22.8854693970929
21438	22.8854446819335
21450	22.8854319604371
21460	22.8854292190463
21472	22.8853971548083
21476	22.8853489601879
21500	22.885318606332
21516	22.8853148640997
21528	22.8853074221661
21536	22.8852983573804
21544	22.8852968876849
21550	22.8852758133318
21556	22.8852744509993
21558	22.8852634646945
21566	22.8852527369141
21580	22.8852371173067
21584	22.8852361974366
21598	22.8852271100496
21602	22.8852203485052
21606	22.8852009031037
21618	22.8852008467362
21624	22.8851983462321
21642	22.8851349605140
21716	22.8851346280025
21728	22.8851048896987
21734	22.8850761136188
21750	22.8850591513325
21758	22.8850517486839
21768	22.8850393438722
21806	22.8850251548582
21828	22.8850209503921
21834	22.8850006059659
21856	22.8849955813048
21864	22.8849771275317
21866	22.8849490755634
21882	22.8849385687798
21884	22.8849250035178
21886	22.8849237271952
21892	22.8849004373812
21900	22.8848828072886
21918	22.8848780269374
21926	22.8848516896225
21940	22.8848416138081
21944	22.8848131813498
21956	22.8848000150549
21966	22.8847990949398
21968	22.8847805790793
21978	22.8847781033998
21980	22.8847770000439
21982	22.8847667460229
21984	22.8847594595516
21988	22.8847286005049
22014	22.8846992326914
22032	22.8846823889054
22068	22.8846796800704
22090	22.8846758147333
22108	22.8846745476238
22118	22.8846674420269
22148	22.8846457281455
22198	22.8846422775863
22210	22.8846376047826
22236	22.8846334279648
22248	22.8846308191447
22258	22.884622022176
22268	22.8846184781815
22278	22.8846146937149
22290	22.8846089002518
22314	22.8846011993088
22336	22.8845930290484
22354	22.884589232282
22362	22.8845880165891
22364	22.8845818329741
22372	22.8845725581069
22384	22.8845634792260
22396	22.8845617020848
22400	22.8845531558527
22404	22.8845435453167
22406	22.8845291105803
22434	22.8845238233372
22442	22.8845202668275
22468	22.8845050753052
22480	22.8844917323671
22500	22.8844875416349
22524	22.8844748796643
22534	22.8844710030633
22558	22.8844709355434
22560	22.8844653813689
22562	22.8844649686549
22572	22.8844517146706
22608	22.8844451735061
22612	22.884441592052
22634	22.8844381055821
22636	22.8844365803294
22640	22.8844356461321
22642	22.8844325978481
22658	22.8844295014094
22694	22.8844251873146
22706	22.8844251039352
22716	22.8844232172799
22720	22.8844215898616
22724	22.8844203247889
22728	22.8844163367232
22764	22.8844133958485
22766	22.8844091364061
22780	22.8844043385980
22802	22.8844040728603
22826	22.8843876733118
22836	22.8843871954535
22844	22.8843864001172
22848	22.8843809298154
22858	22.884380270163
22866	22.8843799138890
22874	22.8843752853282
22896	22.8843722060285
22904	22.8843718069126
22926	22.8843692981689
22940	22.8843617860450
22978	22.8843605939477
22984	22.8843597028792
23006	22.8843596307564
23014	22.8843586547969
23018	22.8843568700092
23036	22.8843531324003
23044	22.8843466727170
23074	22.8843464291052
23080	22.8843459988991
23086	22.8843456817561
23098	22.8843451865572
23120	22.8843441035417
23126	22.8843409653286
23140	22.8843400700964
23146	22.8843382530836
23154	22.8843340502072
23192	22.8843334272184
23210	22.8843320374037
23230	22.8843296415792
23238	22.8843290911832
23246	22.8843278361092
23252	22.8843271977911
23256	22.8843262147663
23264	22.8843233137519
23268	22.8843217488970
23282	22.8843204650091
23286	22.8843189806325
23296	22.8843182213212
23298	22.8843154023181
23306	22.8843142855387
23324	22.8843135325332
23328	22.8843104785933
23338	22.8843097423428
23342	22.8843049431164
23352	22.8843025808769
23356	22.8843015423812
23360	22.8843006974803
23376	22.8842944880391
23402	22.8842918058067
23404	22.8842913545142
23424	22.8842909199814
23434	22.8842882715079
23482	22.8842859412522
23504	22.8842848081392
23508	22.8842840487902
23512	22.8842830763509
23520	22.8842770452859
23548	22.8842751912144
23570	22.8842750704898
23576	22.8842746591232
23590	22.8842745086579
23598	22.8842719273902
23614	22.8842717572646
23616	22.8842693267081
23650	22.8842680221385
23666	22.8842677344226
23674	22.8842657087162
23704	22.8842649486817
23710	22.8842636594991
23714	22.8842594095075
23742	22.8842588377221
23744	22.884257789168
23752	22.8842536582999
23754	22.8842536329588
23756	22.8842534646069
23764	22.8842514228913
23766	22.8842500572613
23768	22.8842474791944
23792	22.8842447107223
23794	22.8842390168461
23822	22.8842366615247
23848	22.8842315504853
23850	22.8842304361473
23868	22.8842245359671
23922	22.8842238647343
23924	22.8842210599081
23962	22.8842186464395
23964	22.8842142906467
23992	22.8842118287612
24028	22.8842096141095
24032	22.8842084110446
24040	22.8842067792083
24054	22.8842067503308
24062	22.8842058812165
24070	22.88420435911
24088	22.8842020192008
24112	22.8842018621154
24132	22.8841994916263
24166	22.8841977697784
24184	22.8841972071304
24188	22.8841967940051
24208	22.8841952453579
24220	22.8841935519619
24232	22.8841935329026
24244	22.8841929420860
24248	22.8841917294145
24264	22.8841915071815
24286	22.8841889066266
24308	22.8841876435560
24342	22.8841864635834
24356	22.8841824969580
24386	22.8841820345769
24388	22.8841815191736
24402	22.8841802785474
24408	22.8841797139508
24412	22.8841783492137
24416	22.8841780206201
24426	22.8841778061249
24430	22.8841775269728
24434	22.8841775030582
24436	22.8841773719159
24448	22.8841768311288
24470	22.884175655476
24492	22.8841746980669
24496	22.8841739062219
24500	22.8841730674925
24538	22.8841722456687
24542	22.884171369527
24548	22.8841710847251
24550	22.8841703530579
24576	22.8841698341240
24600	22.8841697357569
24602	22.8841687290015
24624	22.8841681817080
24662	22.8841676996728
24678	22.8841674543293
24682	22.884167170869
24688	22.8841669147939
24702	22.8841658461548
24706	22.8841655491796
24714	22.8841653488265
24746	22.8841653054710
24754	22.8841651526591
24760	22.8841641623877
24766	22.8841639310441
24772	22.8841631619959
24778	22.8841620458178
24780	22.8841605194509
24792	22.8841602663313
24796	22.8841597499669
24836	22.8841597317217
24844	22.8841589867945
24848	22.8841587814137
24856	22.8841585843148
24858	22.8841581857688
24884	22.8841578100777
24886	22.8841576397572
24896	22.8841575894817
24898	22.8841569787353
24900	22.8841565011211
24904	22.8841548613041
24914	22.8841539004807
24928	22.8841538680605
24944	22.8841536017801
24976	22.8841534058246
24982	22.8841533820917
24984	22.8841529305353
24988	22.8841516858508
25012	22.8841514051202
25026	22.8841513621666
25028	22.8841511333249
25056	22.8841508718850
25058	22.8841504236127
25078	22.8841503899591
25084	22.8841501623218
25112	22.8841501311413
25116	22.8841499470829
25118	22.8841498778321
25124	22.8841497168774
25130	22.8841496611794
25136	22.8841490546822
25142	22.8841489890186
25146	22.8841489710790
25154	22.8841483366286
25160	22.8841482286235
25170	22.8841479866680
25174	22.8841463509654
25180	22.8841449714219
25184	22.8841447644144
25188	22.8841435340109
25204	22.8841419258476
25230	22.884139943137
25234	22.8841383755378
25264	22.8841368765496
25270	22.8841367873679
25290	22.884136620292
25302	22.8841340992687
25328	22.8841337257963
25330	22.8841333154912
25334	22.8841331844090
25336	22.8841326675143
25342	22.8841314562007
25388	22.8841313772961
25398	22.8841311443288
25404	22.8841311220198
25424	22.8841303129124
25426	22.8841302840899
25446	22.8841300589098
25448	22.8841298173862
25452	22.8841297436679
25462	22.8841290356789
25466	22.884128974136
25476	22.8841287854920
25486	22.8841284711537
25492	22.8841281609399
25510	22.8841278303531
25528	22.8841269195765
25534	22.8841268991368
25554	22.8841262009283
25564	22.8841253571135
25566	22.8841247278976
25576	22.8841246095279
25582	22.8841244527425
25586	22.8841243316675
25592	22.8841235877507
25598	22.8841227395629
25606	22.8841225131582
25614	22.8841210301120
25656	22.8841207994527
25658	22.8841193040648
25676	22.8841186586361
25702	22.8841178442787
25710	22.8841176551503
25714	22.8841173989021
25740	22.8841172682874
25760	22.8841171470153
25766	22.8841166587232
25798	22.8841163025646
25828	22.8841162878304
25832	22.8841162811222
25844	22.8841159696083
25852	22.8841156784037
25866	22.8841154951130
25880	22.8841152471946
25884	22.8841149539431
25888	22.8841148422203
25900	22.8841148054912
25906	22.8841147758121
25910	22.8841143375898
25912	22.8841142113815
25916	22.8841140008107
25942	22.884113026523
25984	22.8841125542799
25990	22.8841124938105
25998	22.8841122043503
26000	22.8841122029470
26006	22.8841108194445
26012	22.8841108176702
26038	22.8841105720890
26042	22.8841101054606
26044	22.8841095873409
26048	22.8841091328711
26052	22.8841090716811
26070	22.8841088256294
26086	22.8841085223068
26090	22.8841083754417
26094	22.8841082401418
26098	22.8841074247473
26136	22.8841073057723
26142	22.8841072879518
26148	22.8841069423172
26152	22.8841066426240
26182	22.8841065413915
26184	22.8841056401712
26198	22.8841050865156
26212	22.8841046783216
26216	22.8841045500975
26250	22.8841044249139
26252	22.8841042720624
26256	22.8841039058233
26270	22.8841036670416
26276	22.8841032282268
26294	22.8841028347426
26318	22.8841027158303
26328	22.8841024649249
26330	22.8841021848875
26334	22.8841020404362
26350	22.8841019392751
26352	22.8841015181228
26358	22.8841014750229
26370	22.8841013295448
26372	22.8841008313978
26378	22.8841002377637
26424	22.8840998618080
26428	22.8840998108203
26430	22.8840992301018
26462	22.884098960645
26470	22.8840989570799
26482	22.8840989551866
26486	22.8840984313718
26510	22.8840983512127
26540	22.8840977895873
26550	22.8840975351882
26552	22.8840971995070
26568	22.8840969098552
26594	22.8840963356676
26604	22.88409588669
26614	22.8840957008849
26636	22.8840955404535
26660	22.8840954267005
26664	22.8840951226758
26696	22.8840950168944
26698	22.8840948465857
26706	22.8840948273467
26708	22.8840948213973
26722	22.884094534615
26730	22.8840943949643
26740	22.8840937832705
26758	22.8840936448534
26792	22.8840935473590
26796	22.8840931736522
26802	22.8840926677348
26814	22.8840923766312
26850	22.8840916168261
26866	22.8840912364505
26872	22.884090974502
26884	22.8840904298599
26890	22.8840903576070
26898	22.8840896780316
26916	22.8840894563825
26928	22.8840894007792
26952	22.8840892979017
26956	22.8840892601442
26962	22.8840888753125
26964	22.8840888216035
26970	22.8840886724928
26984	22.884088347419
26988	22.8840877839219
26992	22.8840874793808
27006	22.8840868170522
27030	22.8840863916081
27038	22.8840863005587
27050	22.8840855545003
27056	22.8840852929718
27072	22.8840850983532
27076	22.8840850513048
27082	22.8840849308197
27094	22.8840848108377
27110	22.8840844027550
27116	22.8840841575067
27128	22.8840841209730
27142	22.8840838333746
27146	22.8840834992512
27148	22.8840834401543
27170	22.8840833309326
27178	22.8840830856187
27180	22.8840830614274
27194	22.8840830384544
27210	22.8840829912027
27214	22.8840828626424
27226	22.8840826339294
27234	22.8840825753966
27236	22.884082434266
27250	22.8840820279141
27258	22.8840817777184
27270	22.8840812876071
27274	22.8840810044971
27300	22.8840808940357
27314	22.8840808516069
27326	22.8840803904812
27348	22.8840803257908
27350	22.8840803065921
27368	22.8840799155782
27380	22.8840797684773
27384	22.8840795060291
27406	22.8840791669739
27408	22.8840789502693
27430	22.8840789319292
27436	22.8840789159669
27444	22.8840786703583
27450	22.8840786022347
27462	22.8840779861545
27464	22.8840777714033
27476	22.8840777273001
27506	22.8840775081547
27518	22.8840772148803
27520	22.8840770032607
27528	22.8840767913155
27552	22.8840763977571
27554	22.8840763390103
27562	22.8840759268921
27590	22.8840757614263
27604	22.8840756235225
27606	22.8840753734344
27614	22.8840753220465
27634	22.8840752021253
27638	22.8840750969149
27642	22.8840745314027
27664	22.8840733586720
27694	22.8840727061023
27726	22.8840724326667
27730	22.8840712800733
27756	22.884071177213
27770	22.8840708364726
27780	22.8840706091504
27796	22.8840704556713
27806	22.8840701846988
27812	22.8840698235829
27844	22.8840696664437
27854	22.8840695377572
27856	22.8840695032297
27862	22.8840692809452
27878	22.8840688064271
27902	22.8840686168055
27904	22.8840685002078
27912	22.8840684293257
27918	22.8840683697667
27922	22.8840680471940
27932	22.8840677819639
27940	22.8840677439855
27942	22.8840675170864
27956	22.8840672307398
27972	22.8840670574456
27986	22.8840666762234
28000	22.8840659065737
28024	22.8840655032734
28030	22.8840652915353
28032	22.8840647807272
28040	22.8840646191159
28058	22.8840641960910
28068	22.8840641616903
28078	22.884063690028
28084	22.8840625722767
28094	22.8840618128448
28106	22.8840607635035
28132	22.8840606924328
28154	22.8840602738995
28176	22.8840597424452
28210	22.8840596350949
28242	22.8840593865082
28256	22.8840589105709
28280	22.8840588738013
28290	22.8840587960202
28292	22.884058558558
28298	22.8840579442281
28306	22.884057577531
28338	22.8840573717402
28366	22.8840573469271
28368	22.8840572359264
28376	22.8840570118381
28382	22.8840567758786
28392	22.8840567261792
28410	22.8840566441872
28422	22.8840561971225
28434	22.8840559827742
28444	22.8840554924237
28464	22.8840553899824
28472	22.8840551385586
28476	22.8840548199927
28508	22.8840546565807
28526	22.8840541506070
28564	22.8840541023372
28574	22.8840538135614
28590	22.8840538121550
28596	22.8840535378506
28610	22.8840534157738
28612	22.8840531987773
28628	22.8840530611773
28636	22.8840530359208
28660	22.8840530182570
28666	22.8840529877385
28680	22.8840525130162
28712	22.8840524549361
28722	22.8840523540257
28732	22.8840521832497
28760	22.8840521245263
28766	22.8840519532526
28804	22.8840518765149
28814	22.8840516466861
28822	22.8840516367949
28852	22.8840513767944
28876	22.8840513113712
28880	22.8840511013265
28894	22.8840510448476
28900	22.8840508057374
28906	22.8840502999938
28942	22.8840501736089
28954	22.8840499599582
28968	22.8840499547219
28974	22.8840499340236
28978	22.8840498151345
28988	22.8840497429853
29022	22.8840496384910
29032	22.8840496150605
29034	22.8840495491819
29038	22.8840495027752
29040	22.8840494379860
29062	22.8840494314387
29066	22.8840493704670
29068	22.8840493073452
29084	22.8840492101988
29090	22.8840491158042
29106	22.8840490518993
29126	22.8840490249841
29136	22.8840489047905
29140	22.8840489003985
29158	22.8840488948944
29160	22.8840488882342
29170	22.8840488101555
29174	22.8840488086961
29176	22.8840487105977
29190	22.8840487094462
29196	22.8840486673243
29204	22.884048525361
29212	22.8840485168445
29216	22.8840484935812
29222	22.8840484683570
29226	22.8840484256008
29250	22.8840483937438
29270	22.8840483486972
29280	22.8840483428211
29286	22.8840483050682
29294	22.8840482760386
29316	22.8840482171175
29332	22.8840482099065
29334	22.8840481100151
29350	22.8840479035113
29380	22.8840478353644
29406	22.8840477632168
29428	22.8840477304827
29434	22.8840477302485
29446	22.8840476948795
29454	22.8840476318072
29466	22.8840476066221
29480	22.8840475852512
29486	22.8840475546749
29488	22.8840474599346
29496	22.8840474317492
29524	22.8840473635119
29532	22.8840471967866
29558	22.8840470248698
29564	22.8840469026862
29570	22.8840467749275
29628	22.8840467203771
29646	22.8840466771983
29650	22.8840465764776
29688	22.8840465044367
29690	22.8840464980715
29696	22.8840464374065
29712	22.8840464194630
29716	22.8840462730859
29738	22.8840462341861
29752	22.8840462269579
29756	22.8840462143201
29758	22.8840461741923
29774	22.8840461567269
29776	22.8840460962088
29782	22.8840460759351
29808	22.8840460561145
29810	22.8840459968634
29822	22.8840459592219
29842	22.8840459522202
29848	22.8840458671226
29878	22.8840458100049
29898	22.8840458096695
29910	22.8840457787067
29916	22.8840457174040
29930	22.8840457146378
29932	22.8840457050840
29936	22.8840456584832
29940	22.8840456117859
29944	22.8840455798956
29948	22.8840455777419
29954	22.8840455566874
29968	22.8840455478754
29972	22.884045431119
30006	22.8840454043389
30016	22.8840453975966
30044	22.8840453924259
30048	22.8840453919380
30052	22.8840453914310
30074	22.8840453723858
30076	22.8840452841366
30106	22.8840452399914
30120	22.8840452264078
30122	22.8840452168949
30132	22.8840450907442
30142	22.8840450606584
30144	22.8840449786180
30162	22.8840448882259
30164	22.8840448744881
30182	22.8840448699169
30186	22.8840448062025
30226	22.8840447956353
30234	22.8840447872274
30244	22.8840446843703
30310	22.8840446697183
30324	22.8840446653846
30338	22.8840446457861
30354	22.8840446232775
30392	22.8840446223553
30400	22.8840446135036
30410	22.8840445865354
30418	22.8840445685358
30434	22.8840445637287
30436	22.8840445580421
30474	22.8840445489399
30492	22.8840445332879
30528	22.8840445244784
30540	22.8840445172099
30548	22.8840445129256
30556	22.8840445048356
30586	22.8840445029575
30590	22.884044496979
30592	22.8840444856790
30618	22.8840444764772
30622	22.8840444763762
30624	22.8840444733261
30626	22.8840444733200
30628	22.8840444708696
30636	22.8840444697802
30642	22.8840444628763
30650	22.8840444521528
30656	22.8840444413093
30678	22.8840444233629
30688	22.8840444201397
30692	22.8840444109569
30710	22.8840444032633
30714	22.8840443837033
30726	22.8840443742157
30790	22.8840443721702
30798	22.8840443663242
30810	22.8840443656799
30826	22.8840443507843
30842	22.8840443435395
30848	22.8840443416168
30852	22.8840443297645
30864	22.8840443280270
30868	22.8840443271015
30870	22.8840443218274
30872	22.8840443165900
30890	22.8840443106019
30908	22.88404430795
30928	22.8840443069459
30936	22.8840443044575
30952	22.884044298965
30966	22.8840442959837
30968	22.8840442856558
30988	22.8840442762823
31006	22.8840442757914
31012	22.8840442756883
31018	22.8840442672236
31020	22.8840442576251
31030	22.8840442504774
31038	22.8840442477604
31088	22.8840442444017
31092	22.8840442439632
31116	22.8840442433208
31130	22.8840442392319
31134	22.8840442292928
31142	22.8840442280772
31148	22.8840442277682
31154	22.8840442257832
31170	22.8840442220452
31186	22.8840442207267
31188	22.8840442132317
31220	22.8840442126411
31226	22.8840442106394
31228	22.8840442059139
31288	22.8840442040477
31290	22.8840442039974
31292	22.8840442006673
31298	22.8840441862182
31308	22.8840441718661
31312	22.8840441718308
31334	22.8840441672705
31342	22.8840441639885
31350	22.8840441618252
31354	22.8840441439440
31378	22.8840441438029
31380	22.8840441405454
31392	22.8840441194946
31414	22.8840441163151
31416	22.8840441105247
31426	22.8840440916697
31458	22.8840440791203
31466	22.8840440552248
31482	22.8840440543614
31512	22.8840440478772
31526	22.8840440175557
31540	22.8840440124059
31556	22.8840440123585
31558	22.8840439989155
31580	22.8840439974527
31600	22.8840439955219
31610	22.8840439807187
31612	22.8840439743591
31622	22.8840439704378
31636	22.8840439615496
31646	22.8840439615024
31648	22.8840439609814
31656	22.8840439452536
31702	22.8840439330329
31740	22.8840439323483
31744	22.8840439316213
31750	22.8840439294430
31758	22.884043928807
31768	22.884043918814
31774	22.8840439179041
31786	22.884043913469
31798	22.8840439123339
31812	22.8840439118881
31818	22.8840439085530
31830	22.8840439047138
31846	22.8840439018568
31868	22.8840438972731
31878	22.8840438945417
31894	22.8840438920856
31906	22.8840438867003
31930	22.8840438801265
31932	22.8840438765201
31956	22.8840438730192
31966	22.8840438721217
31968	22.8840438671794
31970	22.884043855138
31974	22.8840438535668
31984	22.8840438515397
31986	22.8840438478883
31994	22.8840438377849
32000	22.8840438269093
32016	22.8840438228983
32038	22.8840438148463
32040	22.8840438008773
32062	22.8840437931026
32066	22.8840437790243
32078	22.8840437710584
32094	22.8840437634702
32126	22.8840437617573
32132	22.8840437568076
32144	22.8840437568047
32148	22.8840437559005
32150	22.8840437534993
32158	22.8840437515230
32164	22.8840437454621
32172	22.8840437443045
32184	22.8840437397495
32192	22.8840437295333
32196	22.8840437219295
32198	22.8840437175970
32204	22.8840436984439
32228	22.8840436958810
32230	22.8840436885406
32270	22.8840436877767
32280	22.8840436851357
32282	22.8840436817781
32284	22.8840436813708
32286	22.8840436780464
32310	22.8840436760741
32316	22.8840436738996
32342	22.8840436715193
32360	22.8840436688331
32362	22.8840436678979
32372	22.8840436620855
32400	22.8840436593046
32410	22.8840436558524
32428	22.8840436522061
32436	22.8840436515887
32440	22.8840436474054
32454	22.8840436437648
32466	22.8840436431370
32472	22.8840436416510
32478	22.8840436415892
32504	22.8840436406278
32512	22.8840436396294
32524	22.8840436374937
32532	22.8840436328145
32558	22.8840436300671
32578	22.8840436238997
32588	22.8840436222936
32594	22.8840436188877
32596	22.8840436083988
32614	22.8840436065981
32618	22.8840435987203
32638	22.8840435902116
32640	22.8840435856184
32648	22.8840435828160
32654	22.8840435825191
32660	22.8840435818696
32662	22.8840435698614
32670	22.8840435623374
32718	22.8840435594881
32740	22.88404355764
32746	22.8840435569889
32786	22.8840435563718
32788	22.8840435555544
32796	22.8840435530216
32798	22.884043552345
32808	22.8840435517828
32816	22.8840435488843
32844	22.8840435451616
32846	22.8840435411824
32886	22.8840435400912
32888	22.8840435374367
32910	22.8840435350085
32918	22.8840435333838
32924	22.8840435297545
32936	22.8840435264639
32958	22.8840435245922
32976	22.8840435231867
32984	22.8840435203883
32988	22.8840435190596
32994	22.8840435180394
33002	22.8840435171042
33006	22.8840435167951
33014	22.8840435140378
33018	22.8840435131925
33020	22.8840435088125
33060	22.8840435079332
33068	22.8840435035415
33070	22.88404349932
33076	22.8840434990745
33092	22.8840434965480
33096	22.8840434918233
33116	22.8840434916418
33120	22.8840434897287
33130	22.8840434859655
33136	22.8840434838576
33140	22.8840434830888
33146	22.8840434748015
33174	22.8840434713924
33178	22.8840434709881
33188	22.884043470107
33208	22.8840434686295
33218	22.8840434659542
33220	22.8840434618371
33256	22.8840434575221
33262	22.8840434572997
33270	22.884043456772
33280	22.8840434538766
33290	22.8840434535242
33298	22.8840434494968
33318	22.8840434481454
33326	22.8840434474027
33330	22.8840434469633
33334	22.8840434450298
33358	22.8840434420501
33360	22.8840434361054
33364	22.8840434308944
33378	22.8840434288539
33388	22.8840434250024
33398	22.8840434234067
33406	22.8840434230855
33408	22.8840434221769
33410	22.8840434216006
33422	22.8840434183844
33444	22.8840434158082
33466	22.8840434153416
33472	22.884043414406
33476	22.8840434128512
33500	22.884043412194
33526	22.8840434076530
33530	22.8840434032526
33536	22.8840434012302
33540	22.8840434011655
33550	22.8840434002891
33568	22.8840433999192
33570	22.8840433965018
33574	22.8840433964654
33584	22.8840433899829
33602	22.8840433872992
33610	22.8840433834206
33632	22.8840433821297
33644	22.8840433770360
33654	22.8840433757999
33688	22.8840433727501
33710	22.8840433727466
33728	22.8840433698195
33758	22.8840433678122
33766	22.8840433664451
33780	22.8840433657149
33808	22.8840433640866
33822	22.8840433628355
33836	22.8840433610072
33846	22.8840433595632
33864	22.8840433568049
33874	22.8840433561324
33886	22.8840433552587
33890	22.8840433512557
33896	22.8840433503986
33904	22.8840433474341
33944	22.8840433464176
33946	22.8840433454599
33964	22.8840433442173
33984	22.8840433426496
34002	22.8840433405545
34006	22.8840433396839
34018	22.8840433369448
34056	22.8840433349822
34080	22.8840433325560
34100	22.8840433325412
34106	22.8840433313823
34112	22.8840433309625
34118	22.8840433287752
34124	22.8840433284977
34140	22.8840433276693
34148	22.8840433271887
34150	22.8840433267863
34156	22.8840433249371
34162	22.8840433248344
34174	22.8840433193023
34204	22.8840433186041
34218	22.8840433179132
34226	22.8840433163850
34238	22.8840433146876
34244	22.8840433104857
34268	22.8840433096570
34272	22.8840433091943
34296	22.8840433091149
34302	22.8840433083709
34308	22.8840433069182
34312	22.8840433057138
34330	22.8840433042346
34356	22.8840433016729
34392	22.8840433015697
34406	22.8840433002606
34408	22.8840433001690
34416	22.8840432989866
34430	22.8840432985567
34436	22.8840432959223
34454	22.8840432951135
34460	22.8840432939032
34462	22.8840432928710
34474	22.8840432920347
34490	22.8840432919386
34498	22.8840432912636
34546	22.8840432906199
34558	22.8840432905479
34590	22.8840432903504
34592	22.8840432893398
34596	22.8840432887027
34620	22.8840432886575
34626	22.8840432877017
34658	22.8840432867934
34662	22.884043286751
34668	22.8840432866163
34672	22.8840432863239
34680	22.8840432857127
34682	22.8840432849816
34712	22.8840432835707
34752	22.8840432833054
34758	22.8840432832585
34760	22.8840432827861
34778	22.8840432826604
34784	22.8840432818328
34812	22.8840432815622
34818	22.8840432810794
34826	22.8840432804454
34828	22.8840432802533
34830	22.8840432798027
34836	22.8840432794629
34846	22.8840432793147
34850	22.8840432791867
34852	22.8840432789953
34862	22.884043278554
34864	22.8840432785371
34870	22.8840432782079
34880	22.8840432777137
34882	22.8840432760190
34908	22.8840432758333
34910	22.8840432753451
34918	22.8840432744332
34976	22.8840432742777
34982	22.88404327402
34986	22.8840432732964
34992	22.8840432730542
35002	22.8840432728797
35006	22.8840432725052
35012	22.8840432717129
35036	22.8840432696412
35068	22.884043269239
35078	22.8840432689460
35086	22.8840432686713
35094	22.8840432685024
35120	22.8840432672467
35144	22.8840432669512
35152	22.8840432665999
35178	22.8840432665894
35180	22.8840432654739
35204	22.8840432647785
35234	22.8840432641658
35246	22.8840432630156
35272	22.884043262529
35274	22.8840432617145
35282	22.8840432614713
35292	22.8840432606688
35316	22.8840432591292
35320	22.884043257729
35324	22.8840432577043
35336	22.8840432572553
35340	22.8840432572166
35352	22.8840432568124
35354	22.8840432565564
35358	22.8840432543661
35374	22.8840432541842
35378	22.8840432536880
35388	22.8840432534184
35418	22.8840432532568
35420	22.8840432517437
35444	22.8840432517197
35452	22.8840432516792
35462	22.8840432512533
35464	22.8840432511583
35478	22.8840432505224
35480	22.8840432500010
35488	22.8840432497986
35496	22.8840432497057
35498	22.8840432490392
35500	22.8840432488868
35506	22.8840432488521
35518	22.8840432469156
35522	22.8840432468915
35530	22.8840432468711
35532	22.884043245981
35556	22.8840432453321
35592	22.8840432451025
35602	22.8840432448287
35612	22.8840432443964
35632	22.8840432443536
35642	22.8840432442669
35648	22.8840432440220
35660	22.8840432439392
35666	22.8840432433799
35688	22.8840432430715
35698	22.8840432427996
35712	22.8840432427104
35714	22.8840432424717
35726	22.8840432416865
35744	22.8840432416269
35764	22.8840432410934
35774	22.8840432406078
35824	22.8840432397858
35832	22.8840432393790
35838	22.8840432391196
35842	22.8840432385373
35844	22.8840432376226
35852	22.8840432368115
35868	22.8840432366421
35880	22.8840432355445
35918	22.8840432355380
35920	22.8840432350564
35936	22.8840432350242
35944	22.8840432349917
35954	22.884043234457
35958	22.8840432341095
35982	22.884043233603
36008	22.8840432335285
36026	22.8840432330903
36064	22.8840432327347
36066	22.8840432326965
36088	22.8840432319065
36108	22.8840432318603
36130	22.8840432318598
36134	22.8840432313001
36150	22.8840432312435
36162	22.8840432312389
36164	22.8840432310855
36172	22.8840432309846
36176	22.8840432306499
36180	22.8840432304553
36182	22.8840432303862
36200	22.8840432301700
36230	22.8840432301566
36232	22.8840432301519
36234	22.8840432301258
36238	22.8840432298692
36246	22.8840432296764
36252	22.8840432296575
36268	22.8840432294351
36280	22.8840432292606
36294	22.8840432292079
36320	22.8840432291384
36334	22.8840432290395
36356	22.8840432289931
36358	22.8840432287912
36370	22.8840432287664
36384	22.8840432285013
36390	22.8840432284857
36408	22.8840432282121
36426	22.8840432280897
36440	22.8840432276898
36452	22.884043227592
36454	22.8840432274105
36466	22.8840432268021
36482	22.8840432267900
36494	22.8840432265643
36500	22.8840432263962
36512	22.8840432261144
36558	22.8840432258696
36566	22.8840432258021
36570	22.8840432255272
36588	22.8840432252769
36590	22.8840432250812
36594	22.8840432247243
36620	22.8840432246182
36632	22.8840432245589
36636	22.8840432245234
36638	22.8840432243472
36654	22.8840432242422
36666	22.8840432241089
36670	22.8840432240123
36680	22.8840432235306
36704	22.8840432227595
36714	22.8840432226977
36718	22.8840432221464
36740	22.8840432220689
36772	22.8840432220068
36796	22.8840432219475
36798	22.8840432216158
36802	22.8840432214286
36832	22.8840432213776
36834	22.8840432212118
36840	22.8840432211333
36846	22.8840432209263
36848	22.8840432207578
36856	22.8840432202282
36894	22.8840432198326
36912	22.88404321965
36920	22.8840432195741
36934	22.8840432193827
36946	22.8840432193463
36948	22.8840432189820
36950	22.8840432188276
36958	22.8840432187412
36974	22.8840432186132
36978	22.8840432181547
36982	22.8840432181144
36984	22.8840432180082
37006	22.8840432178973
37010	22.8840432177359
37014	22.8840432176181
37032	22.8840432173247
37062	22.8840432172215
37066	22.8840432170032
37070	22.884043216973
37078	22.8840432169139
37080	22.8840432168266
37094	22.8840432167851
37104	22.8840432165957
37106	22.8840432163102
37136	22.8840432162031
37140	22.8840432161791
37142	22.8840432157648
37168	22.8840432155665
37176	22.8840432150565
37220	22.8840432150376
37230	22.884043215
37234	22.8840432149878
37242	22.8840432148862
37252	22.8840432146463
37270	22.8840432145924
37282	22.8840432145416
37288	22.8840432144749
37298	22.8840432144739
37300	22.8840432143244
37304	22.8840432142270
37320	22.8840432141487
37324	22.884043214092
37328	22.8840432140849
37334	22.8840432139937
37338	22.8840432138180
37342	22.8840432133359
37344	22.8840432132112
37354	22.8840432126416
37362	22.8840432123819
37378	22.8840432123048
37394	22.8840432119108
37432	22.8840432116019
37434	22.8840432109670
37462	22.8840432108075
37470	22.8840432106889
37472	22.8840432104945
37482	22.8840432104399
37494	22.8840432096245
37510	22.8840432095326
37536	22.8840432093951
37544	22.8840432092918
37546	22.8840432092266
37550	22.884043209034
37566	22.884043208694
37580	22.8840432086091
37584	22.8840432082764
37594	22.8840432081687
37598	22.8840432079800
37622	22.8840432077884
37624	22.8840432076309
37626	22.8840432074926
37644	22.8840432072591
37654	22.8840432071564
37656	22.8840432070340
37660	22.8840432069573
37682	22.8840432069471
37692	22.8840432068868
37694	22.8840432068269
37696	22.8840432068006
37718	22.8840432067963
37720	22.8840432067548
37730	22.8840432066968
37762	22.8840432066577
37764	22.8840432065721
37768	22.8840432064804
37776	22.8840432064772
37780	22.8840432064283
37796	22.8840432063705
37806	22.8840432063337
37832	22.8840432063045
37836	22.8840432062116
37852	22.8840432061938
37860	22.884043206091
37902	22.8840432058992
37910	22.8840432058458
37924	22.8840432058415
37926	22.8840432058185
37942	22.8840432058013
37970	22.8840432057891
37980	22.8840432057788
37994	22.8840432057076
38028	22.8840432056388
38040	22.8840432056036
38042	22.8840432056006
38044	22.8840432055894
38048	22.8840432055576
38052	22.8840432055404
38054	22.8840432055190
38078	22.8840432054193
38088	22.8840432053903
38090	22.8840432053224
38126	22.8840432052861
38128	22.8840432052761
38144	22.8840432052316
38158	22.8840432051012
38164	22.8840432048716
38172	22.8840432048596
38220	22.8840432048546
38222	22.8840432048403
38240	22.8840432048106
38248	22.8840432047703
38278	22.8840432047389
38282	22.8840432047058
38292	22.8840432046422
38294	22.8840432045832
38296	22.8840432045624
38312	22.8840432045508
38314	22.8840432045408
38324	22.8840432045157
38344	22.8840432044657
38378	22.8840432044577
38382	22.8840432044069
38386	22.8840432043658
38392	22.8840432043473
38412	22.8840432043278
38418	22.8840432042633
38448	22.8840432042540
38450	22.8840432042401
38452	22.8840432042383
38460	22.8840432041368
38466	22.8840432041324
38468	22.8840432041158
38470	22.8840432040807
38486	22.8840432040149
38496	22.8840432039675
38508	22.8840432039536
38512	22.8840432039100
38524	22.8840432038860
38544	22.8840432038831
38546	22.8840432038461
38560	22.8840432038062
38604	22.8840432037809
38616	22.8840432037681
38620	22.8840432037577
38624	22.8840432037287
38632	22.8840432037262
38654	22.8840432036397
38668	22.8840432036024
38670	22.8840432036018
38674	22.8840432035751
38680	22.8840432035589
38684	22.8840432034751
38688	22.8840432034648
38702	22.8840432034566
38704	22.8840432034453
38720	22.8840432033934
38730	22.8840432033749
38736	22.8840432032978
38760	22.8840432032558
38780	22.8840432032106
38792	22.8840432031742
38810	22.8840432031653
38812	22.884043203088
38828	22.88404320308
38836	22.8840432030567
38850	22.8840432030375
38858	22.8840432030176
38872	22.8840432030090
38894	22.8840432029655
38908	22.8840432029545
38918	22.8840432029274
38922	22.8840432029243
38924	22.8840432029057
38926	22.8840432028758
38948	22.8840432028337
38960	22.8840432027833
38966	22.8840432027347
38994	22.8840432027327
39010	22.8840432027074
39020	22.8840432027073
39028	22.8840432026910
39032	22.8840432026779
39040	22.8840432026752
39044	22.8840432026736
39060	22.8840432026488
39092	22.8840432026424
39096	22.8840432026392
39100	22.8840432026001
39120	22.8840432025736
39140	22.8840432025144
39172	22.8840432025074
39186	22.8840432024934
39188	22.8840432024439
39214	22.88404320243
39230	22.8840432024209
39232	22.8840432024118
39238	22.8840432023949
39240	22.8840432023942
39246	22.8840432023826
39250	22.8840432023768
39252	22.8840432023533
39268	22.8840432023101
39294	22.8840432023013
39320	22.8840432022642
39334	22.8840432022507
39376	22.8840432022317
39382	22.8840432022275
39386	22.8840432022182
39390	22.8840432022112
39394	22.8840432021917
39404	22.8840432021687
39406	22.8840432021613
39410	22.8840432021582
39412	22.884043202062
39422	22.8840432020279
39426	22.884043202005
39442	22.8840432019842
39460	22.8840432019637
39462	22.8840432019454
39472	22.8840432019405
39476	22.8840432019371
39490	22.8840432019276
39496	22.8840432018827
39500	22.8840432018812
39508	22.8840432018468
39516	22.8840432018375
39530	22.8840432018146
39540	22.8840432017882
39560	22.8840432017783
39568	22.88404320176
39570	22.8840432017434
39572	22.8840432017221
39588	22.8840432017144
39606	22.8840432016754
39608	22.8840432016412
39624	22.8840432016281
39628	22.8840432016268
39638	22.8840432015824
39642	22.8840432015423
39660	22.8840432015148
39700	22.8840432015090
39702	22.8840432014888
39706	22.8840432014694
39728	22.8840432014536
39758	22.8840432014388
39772	22.8840432014045
39776	22.884043201401
39792	22.8840432013879
39800	22.8840432013796
39836	22.8840432013594
39850	22.8840432013502
39856	22.8840432013407
39874	22.8840432013338
39876	22.8840432013337
39880	22.8840432013167
39882	22.8840432013080
39892	22.8840432013052
39904	22.8840432012995
39926	22.8840432012859
39936	22.8840432012845
39938	22.8840432012621
39958	22.8840432012541
39964	22.8840432012480
39988	22.8840432012266
40002	22.8840432012239
40006	22.8840432012157
40038	22.8840432012006
40040	22.8840432011858
40050	22.884043201181
40054	22.8840432011687
40082	22.8840432011661
40086	22.8840432011582
40088	22.8840432011256
40102	22.8840432011088
40118	22.8840432010884
40120	22.8840432010657
40162	22.8840432010548
40174	22.8840432010362
40194	22.8840432009922
40210	22.8840432009812
40240	22.8840432009762
40248	22.8840432009626
40256	22.8840432009616
40266	22.8840432009531
40268	22.88404320095
40282	22.8840432009244
40284	22.8840432009224
40306	22.8840432008983
40334	22.8840432008916
40352	22.8840432008883
40368	22.8840432008810
40370	22.8840432008577
40392	22.8840432008503
40416	22.8840432008430
40436	22.8840432008428
40450	22.8840432008403
40452	22.8840432008332
40464	22.8840432008302
40466	22.8840432008263
40470	22.884043200818
40496	22.8840432008165
40502	22.8840432008075
40504	22.8840432008073
40506	22.8840432008018
40508	22.8840432007934
40518	22.8840432007863
40522	22.884043200786
40532	22.8840432007754
40542	22.8840432007547
40552	22.8840432007442
40560	22.8840432007021
40566	22.8840432007019
40580	22.8840432006871
40602	22.8840432006688
40612	22.8840432006596
40622	22.8840432006489
40632	22.8840432006377
40668	22.8840432006361
40676	22.8840432006323
40686	22.8840432006140
40734	22.8840432006080
40736	22.8840432006070
40750	22.8840432006057
40764	22.8840432005977
40770	22.884043200588
40778	22.8840432005863
40796	22.8840432005858
40798	22.8840432005751
40800	22.8840432005721
40818	22.8840432005542
40832	22.8840432005358
40862	22.8840432005337
40864	22.8840432005253
40870	22.8840432005120
40884	22.8840432005091
40892	22.8840432005028
40898	22.8840432005015
40904	22.8840432004874
40912	22.8840432004819
40932	22.8840432004790
40936	22.8840432004601
40940	22.8840432004466
40966	22.8840432004366
40982	22.8840432004300
40988	22.8840432004160
40992	22.8840432004134
41006	22.8840432003956
41046	22.8840432003939
41052	22.8840432003901
41054	22.8840432003769
41076	22.8840432003683
41092	22.8840432003614
41094	22.8840432003516
41096	22.8840432003504
41102	22.884043200346
41110	22.8840432003381
41130	22.8840432003375
41156	22.8840432003338
41164	22.8840432003281
41182	22.8840432003231
41204	22.8840432003181
41210	22.88404320031
41240	22.8840432003033
41244	22.8840432003009
41246	22.8840432003000
41248	22.8840432002991
41250	22.8840432002976
41256	22.8840432002966
41282	22.8840432002944
41286	22.8840432002908
41288	22.8840432002891
41300	22.8840432002876
41308	22.8840432002872
41318	22.8840432002856
41324	22.8840432002824
41342	22.8840432002803
41348	22.8840432002762
41374	22.8840432002697
41408	22.8840432002681
41414	22.8840432002620
41434	22.8840432002590
41438	22.884043200255
41450	22.8840432002513
41460	22.8840432002412
41476	22.8840432002326
41498	22.8840432002240
41518	22.8840432002176
41524	22.8840432002172
41558	22.8840432002087
41568	22.8840432002062
41572	22.8840432002033
41574	22.8840432002013
41592	22.8840432001877
41594	22.8840432001769
41606	22.8840432001722
41608	22.8840432001717
41624	22.8840432001715
41630	22.8840432001694
41658	22.8840432001684
41672	22.8840432001610
41678	22.8840432001475
41692	22.8840432001437
41694	22.8840432001423
41720	22.8840432001321
41726	22.8840432001289
41734	22.8840432001165
41754	22.8840432001154
41756	22.8840432001116
41768	22.8840432001112
41794	22.8840432001098
41800	22.8840432001038
41816	22.8840432001026
41822	22.884043200099
41828	22.8840432000843
41840	22.8840432000733
41858	22.8840432000723
41868	22.8840432000653
41878	22.8840432000608
41880	22.8840432000524
41896	22.8840432000507
41898	22.8840432000478
41900	22.8840432000398
41914	22.8840432000307
41926	22.8840432000286
41936	22.8840432000284
41944	22.8840432000218
41946	22.8840432000018
41960	22.8840431999878
41962	22.8840431999651
42018	22.8840431999561
42026	22.8840431999554
42032	22.8840431999508
42034	22.8840431999382
42042	22.8840431999355
42044	22.8840431999338
42070	22.8840431999338
42074	22.8840431999276
42084	22.8840431999269
42090	22.8840431999140
42130	22.8840431999073
42174	22.8840431999010
42184	22.8840431998989
42212	22.8840431998977
42220	22.8840431998924
42234	22.8840431998909
42238	22.8840431998881
42252	22.8840431998859
42260	22.8840431998824
42282	22.8840431998816
42288	22.8840431998813
42316	22.8840431998786
42346	22.8840431998767
42378	22.8840431998753
42384	22.8840431998717
42396	22.8840431998715
42412	22.8840431998691
42430	22.8840431998666
42448	22.8840431998656
42452	22.8840431998651
42492	22.8840431998638
42502	22.8840431998631
42516	22.8840431998631
42524	22.8840431998598
42532	22.8840431998589
42550	22.8840431998573
42554	22.8840431998564
42556	22.8840431998563
42564	22.884043199856
42570	22.8840431998550
42578	22.8840431998542
42584	22.8840431998537
42586	22.8840431998528
42600	22.8840431998501
42618	22.8840431998498
42620	22.8840431998474
42626	22.8840431998471
42632	22.8840431998456
42640	22.8840431998449
42650	22.8840431998422
42672	22.8840431998414
42688	22.8840431998392
42690	22.884043199837
42722	22.8840431998334
42750	22.8840431998328
42762	22.8840431998324
42764	22.8840431998309
42782	22.8840431998301
42796	22.8840431998297
42798	22.8840431998291
42800	22.8840431998279
42804	22.8840431998278
42816	22.8840431998278
42832	22.8840431998267
42854	22.8840431998259
42864	22.8840431998257
42880	22.8840431998241
42884	22.8840431998215
42906	22.8840431998205
42914	22.8840431998196
42918	22.8840431998178
42924	22.8840431998168
42938	22.8840431998166
42940	22.8840431998164
42946	22.8840431998146
42972	22.8840431998118
42986	22.8840431998115
42988	22.8840431998113
42994	22.8840431998106
43008	22.8840431998095
43016	22.8840431998081
43038	22.8840431998076
43040	22.8840431998067
43050	22.8840431998053
43068	22.8840431998040
43096	22.8840431998038
43098	22.8840431998032
43112	22.8840431998001
43114	22.8840431997989
43130	22.8840431997966
43146	22.8840431997947
43148	22.8840431997936
43164	22.8840431997926
43184	22.8840431997919
43186	22.8840431997902
43196	22.8840431997876
43198	22.8840431997873
43208	22.8840431997818
43226	22.8840431997813
43228	22.8840431997805
43248	22.8840431997797
43270	22.8840431997791
43276	22.8840431997790
43278	22.8840431997773
43306	22.8840431997771
43312	22.8840431997764
43314	22.8840431997762
43316	22.8840431997738
43324	22.8840431997737
43334	22.8840431997735
43362	22.8840431997726
43370	22.8840431997724
43382	22.8840431997714
43426	22.8840431997702
43442	22.8840431997700
43446	22.8840431997699
43460	22.8840431997692
43484	22.8840431997686
43492	22.8840431997681
43514	22.8840431997667
43526	22.8840431997663
43550	22.8840431997657
43570	22.8840431997656
43576	22.8840431997626
43586	22.8840431997626
43600	22.8840431997622
43602	22.8840431997615
43612	22.8840431997612
43618	22.8840431997612
43624	22.884043199761
43626	22.8840431997587
43646	22.8840431997586
43684	22.8840431997586
43686	22.8840431997576
43704	22.8840431997560
43716	22.8840431997552
43726	22.8840431997550
43736	22.8840431997541
43742	22.8840431997532
43766	22.8840431997529
43774	22.8840431997522
43800	22.8840431997518
43808	22.8840431997513
43816	22.8840431997512
43820	22.8840431997511
43826	22.8840431997503
43844	22.8840431997487
43850	22.8840431997478
43868	22.8840431997468
43888	22.8840431997462
43892	22.8840431997458
43900	22.8840431997455
43906	22.8840431997453
43912	22.8840431997453
43916	22.8840431997447
43920	22.8840431997441
43934	22.8840431997441
43940	22.8840431997437
43942	22.8840431997422
43966	22.8840431997415
43970	22.8840431997415
43984	22.8840431997411
43994	22.8840431997407
44022	22.88404319974
44030	22.8840431997395
44060	22.884043199739
44066	22.8840431997388
44082	22.8840431997385
44092	22.8840431997384
44100	22.8840431997384
44124	22.8840431997381
44128	22.8840431997380
44166	22.8840431997377
44178	22.8840431997366
44202	22.8840431997361
44218	22.8840431997361
44222	22.8840431997351
44254	22.8840431997351
44272	22.8840431997350
44280	22.8840431997349
44288	22.8840431997338
44304	22.8840431997329
44336	22.8840431997329
44342	22.8840431997328
44350	22.8840431997318
44374	22.8840431997317
44380	22.8840431997315
44390	22.8840431997313
44398	22.8840431997312
44404	22.8840431997310
44410	22.8840431997308
44412	22.8840431997300
44428	22.8840431997296
44430	22.8840431997287
44444	22.8840431997284
44466	22.8840431997279
44504	22.8840431997277
44508	22.8840431997276
44510	22.8840431997275
44532	22.8840431997271
44536	22.8840431997271
44546	22.8840431997266
44566	22.8840431997265
44574	22.8840431997264
44576	22.8840431997263
44580	22.8840431997262
44582	22.8840431997257
44588	22.8840431997252
44598	22.8840431997252
44608	22.8840431997251
44610	22.8840431997249
44626	22.8840431997247
44638	22.8840431997247
44656	22.8840431997243
44676	22.8840431997239
44680	22.8840431997237
44684	22.8840431997236
44690	22.8840431997235
44698	22.8840431997233
44708	22.8840431997231
44718	22.8840431997228
44720	22.8840431997221
44732	22.8840431997216
44736	22.8840431997208
44742	22.8840431997207
44754	22.8840431997204
44758	22.8840431997201
44776	22.8840431997199
44778	22.8840431997197
44830	22.8840431997193
44852	22.8840431997188
44894	22.8840431997188
44898	22.8840431997186
44904	22.8840431997185
44910	22.8840431997178
44918	22.8840431997174
44942	22.8840431997171
44944	22.8840431997171
44952	22.8840431997170
44958	22.8840431997166
44980	22.8840431997162
44990	22.8840431997159
45002	22.8840431997155
45032	22.8840431997154
45034	22.8840431997153
45038	22.8840431997152
45044	22.8840431997151
45048	22.8840431997151
45062	22.8840431997151
45064	22.8840431997148
45066	22.8840431997144
45084	22.8840431997144
45090	22.8840431997141
45112	22.8840431997139
45114	22.8840431997135
45136	22.8840431997130
45162	22.8840431997128
45170	22.8840431997121
45204	22.8840431997121
45238	22.8840431997118
45240	22.8840431997118
45272	22.8840431997117
45282	22.8840431997116
45286	22.8840431997115
45298	22.8840431997115
45316	22.8840431997112
45328	22.8840431997111
45346	22.884043199711
45348	22.8840431997109
45370	22.8840431997109
45378	22.8840431997107
45382	22.8840431997106
45398	22.8840431997102
45416	22.8840431997101
45418	22.8840431997101
45436	22.8840431997101
45438	22.8840431997098
45462	22.8840431997098
45504	22.8840431997096
45514	22.8840431997096
45516	22.8840431997095
45538	22.8840431997095
45542	22.8840431997095
45546	22.8840431997093
45548	22.8840431997093
45554	22.8840431997092
45558	22.8840431997090
45570	22.8840431997088
45586	22.8840431997086
45598	22.8840431997085
45608	22.8840431997083
45628	22.8840431997082
45632	22.8840431997082
45648	22.8840431997080
45662	22.8840431997080
45668	22.884043199708
45684	22.8840431997078
45704	22.8840431997078
45710	22.8840431997077
45724	22.8840431997076
45746	22.8840431997076
45758	22.8840431997074
45776	22.8840431997074
45794	22.8840431997072
45804	22.8840431997071
45818	22.8840431997070
45820	22.8840431997070
45836	22.8840431997068
45842	22.8840431997067
45850	22.8840431997065
45864	22.8840431997062
45888	22.8840431997062
45896	22.8840431997061
45912	22.8840431997061
45914	22.8840431997060
45930	22.8840431997059
45956	22.8840431997058
45964	22.8840431997057
45996	22.8840431997057
46012	22.8840431997057
46022	22.8840431997057
46026	22.8840431997056
46042	22.8840431997055
46050	22.8840431997055
46060	22.8840431997054
46064	22.8840431997054
46078	22.8840431997054
46092	22.8840431997054
46098	22.8840431997054
46100	22.8840431997052
46122	22.8840431997051
46126	22.8840431997051
46144	22.8840431997051
46150	22.8840431997050
46160	22.8840431997050
46164	22.8840431997049
46176	22.8840431997049
46184	22.8840431997048
46200	22.8840431997048
46216	22.8840431997047
46222	22.8840431997047
46234	22.8840431997045
46248	22.8840431997045
46270	22.8840431997045
46274	22.8840431997044
46278	22.8840431997044
46284	22.8840431997044
46296	22.8840431997043
46312	22.8840431997043
46322	22.8840431997042
46324	22.8840431997042
46334	22.8840431997042
46336	22.8840431997041
46338	22.8840431997041
46340	22.8840431997041
46354	22.8840431997040
46362	22.8840431997040
46374	22.8840431997039
46376	22.8840431997039
46382	22.8840431997039
46386	22.8840431997039
46398	22.8840431997039
46406	22.8840431997039
46408	22.8840431997038
46410	22.8840431997037
46424	22.8840431997037
46450	22.8840431997036
46466	22.8840431997036
46478	22.8840431997035
46482	22.8840431997035
46490	22.8840431997034
46510	22.8840431997034
46516	22.8840431997032
46536	22.8840431997031
46538	22.8840431997030
46542	22.8840431997029
46546	22.8840431997028
46548	22.8840431997028
46560	22.8840431997026
46562	22.8840431997026
46566	22.8840431997023
46596	22.8840431997021
46618	22.8840431997019
46620	22.8840431997019
46622	22.8840431997018
46630	22.8840431997017
46652	22.8840431997017
46660	22.8840431997015
46668	22.8840431997011
46678	22.8840431997006
46686	22.8840431997006
46704	22.8840431997003
46708	22.8840431997003
46734	22.8840431997002
46744	22.8840431997002
46746	22.8840431997
46774	22.8840431996998
46778	22.8840431996998
46812	22.8840431996997
46814	22.8840431996996
46850	22.8840431996994
46854	22.8840431996993
46856	22.8840431996993
46890	22.8840431996991
46894	22.8840431996991
46906	22.8840431996991
46908	22.8840431996988
46938	22.8840431996986
46950	22.8840431996985
46960	22.8840431996984
46962	22.8840431996984
46964	22.8840431996984
46978	22.8840431996983
46984	22.8840431996982
46994	22.8840431996981
47026	22.8840431996980
47032	22.8840431996979
47038	22.8840431996979
47052	22.8840431996978
47070	22.8840431996978
47074	22.8840431996977
47078	22.8840431996976
47080	22.8840431996975
47106	22.8840431996974
47112	22.8840431996974
47122	22.8840431996972
47142	22.8840431996970
47154	22.8840431996969
47170	22.8840431996968
47214	22.8840431996966
47236	22.8840431996966
47252	22.8840431996964
47260	22.8840431996963
47268	22.8840431996963
47282	22.8840431996963
47300	22.8840431996962
47318	22.8840431996962
47324	22.8840431996962
47348	22.8840431996961
47362	22.8840431996961
47372	22.8840431996961
47388	22.884043199696
47404	22.884043199696
47418	22.8840431996960
47422	22.8840431996960
47432	22.8840431996959
47458	22.8840431996959
47466	22.8840431996959
47496	22.8840431996959
47502	22.8840431996958
47504	22.8840431996958
47512	22.8840431996957
47534	22.8840431996957
47562	22.8840431996957
47566	22.8840431996956
47582	22.8840431996956
47608	22.8840431996955
47668	22.8840431996955
47682	22.8840431996955
47696	22.8840431996955
47702	22.8840431996954
47712	22.8840431996954
47742	22.8840431996954
47744	22.8840431996953
47754	22.8840431996953
47768	22.8840431996952
47776	22.8840431996952
47784	22.8840431996951
47798	22.8840431996951
47800	22.8840431996950
47808	22.884043199695
47812	22.884043199695
47818	22.8840431996949
47830	22.8840431996949
47844	22.8840431996949
47848	22.8840431996947
47864	22.8840431996947
47884	22.8840431996944
47908	22.8840431996943
47910	22.8840431996943
47916	22.8840431996943
47928	22.8840431996942
47940	22.8840431996940
47946	22.8840431996939
47962	22.8840431996939
47966	22.8840431996938
48000	22.8840431996937
48002	22.8840431996936
48024	22.8840431996935
48038	22.8840431996934
48074	22.8840431996933
48084	22.8840431996932
48104	22.8840431996932
48134	22.8840431996932
48144	22.8840431996931
48184	22.8840431996930
48208	22.8840431996930
48210	22.8840431996929
48216	22.8840431996928
48240	22.8840431996928
48248	22.8840431996928
48282	22.8840431996928
48286	22.8840431996927
48306	22.8840431996927
48314	22.8840431996926
48348	22.8840431996926
48352	22.8840431996926
48356	22.8840431996926
48362	22.8840431996925
48366	22.8840431996925
48380	22.8840431996925
48388	22.8840431996924
48394	22.8840431996924
48410	22.8840431996924
48416	22.8840431996924
48418	22.8840431996924
48450	22.8840431996923
48462	22.8840431996923
48482	22.8840431996923
48494	22.8840431996922
48504	22.8840431996922
48514	22.8840431996921
48526	22.8840431996921
48530	22.8840431996921
48534	22.8840431996920
48544	22.8840431996920
48548	22.8840431996920
48554	22.884043199692
48560	22.884043199692
48564	22.884043199692
48578	22.8840431996919
48582	22.8840431996919
48588	22.8840431996919
48622	22.8840431996919
48632	22.8840431996919
48638	22.8840431996918
48640	22.8840431996918
48650	22.8840431996918
48654	22.8840431996918
48656	22.8840431996917
48678	22.8840431996917
48680	22.8840431996917
48692	22.8840431996917
48698	22.8840431996916
48706	22.8840431996916
48708	22.8840431996916
48710	22.8840431996915
48718	22.8840431996915
48722	22.8840431996915
48740	22.8840431996915
48768	22.8840431996914
48772	22.8840431996914
48774	22.8840431996914
48778	22.8840431996913
48786	22.8840431996913
48814	22.8840431996913
48846	22.8840431996912
48870	22.8840431996912
48872	22.8840431996912
48890	22.8840431996911
48926	22.8840431996911
48930	22.8840431996910
48936	22.884043199691
48938	22.884043199691
48946	22.8840431996909
48986	22.8840431996909
48990	22.8840431996909
49010	22.8840431996908
49020	22.8840431996908
49022	22.8840431996908
49038	22.8840431996907
49064	22.8840431996907
49086	22.8840431996907
49088	22.8840431996907
49090	22.8840431996907
49112	22.8840431996907
49126	22.8840431996906
49182	22.8840431996906
49212	22.8840431996906
49226	22.8840431996906
49234	22.8840431996905
49242	22.8840431996905
49250	22.8840431996905
49252	22.8840431996905
49262	22.8840431996905
49268	22.8840431996905
49276	22.8840431996904
49288	22.8840431996904
49298	22.8840431996903
49322	22.8840431996903
49344	22.8840431996903
49356	22.8840431996903
49392	22.8840431996903
49396	22.8840431996903
49406	22.8840431996902
49436	22.8840431996902
49438	22.8840431996902
49442	22.8840431996902
49452	22.8840431996902
49464	22.8840431996902
49486	22.8840431996902
49492	22.8840431996902
49502	22.8840431996901
49512	22.8840431996901
49538	22.8840431996901
49550	22.8840431996901
49576	22.8840431996901
49578	22.8840431996901
49590	22.8840431996901
49600	22.8840431996901
49640	22.8840431996901
49678	22.8840431996901
49692	22.8840431996900
49704	22.8840431996900
49722	22.8840431996900
49738	22.88404319969
49798	22.88404319969
49800	22.88404319969
49834	22.88404319969
49848	22.88404319969
49862	22.8840431996900
49870	22.8840431996900
49906	22.8840431996899
49918	22.8840431996899
49938	22.8840431996899
50020	22.8840431996899
50040	22.8840431996899
50068	22.8840431996899
50074	22.8840431996899
50100	22.8840431996899
50106	22.8840431996899
50118	22.8840431996899
50144	22.8840431996898
50174	22.8840431996898
50184	22.8840431996898
50194	22.8840431996898
50204	22.8840431996898
50230	22.8840431996898
50250	22.8840431996898
50278	22.8840431996898
50302	22.8840431996898
50306	22.8840431996898
50316	22.8840431996897
50348	22.8840431996897
50352	22.8840431996897
50354	22.8840431996897
50364	22.8840431996897
50386	22.8840431996897
50400	22.8840431996897
50402	22.8840431996897
50404	22.8840431996897
50408	22.8840431996897
50416	22.8840431996897
50438	22.8840431996897
50454	22.8840431996897
50478	22.8840431996897
50488	22.8840431996896
50502	22.8840431996896
50532	22.8840431996896
50540	22.8840431996896
50558	22.8840431996896
50622	22.8840431996896
50630	22.8840431996896
50672	22.8840431996896
50692	22.8840431996896
50696	22.8840431996896
50740	22.8840431996896
50744	22.8840431996896
50766	22.8840431996896
50778	22.8840431996895
50790	22.8840431996895
50796	22.8840431996895
50802	22.8840431996895
50812	22.8840431996895
50816	22.8840431996895
50820	22.8840431996895
50850	22.8840431996895
50868	22.8840431996895
50870	22.8840431996895
50874	22.8840431996895
50898	22.8840431996894
50912	22.8840431996894
50920	22.8840431996894
50922	22.8840431996894
50926	22.8840431996894
50946	22.8840431996894
50984	22.8840431996894
50994	22.8840431996894
51010	22.8840431996894
51020	22.8840431996894
51072	22.8840431996893
51076	22.8840431996893
51080	22.8840431996893
51088	22.8840431996893
51096	22.8840431996893
51106	22.8840431996893
51114	22.8840431996893
51124	22.8840431996893
51176	22.8840431996892
51222	22.8840431996892
51248	22.8840431996892
51250	22.8840431996892
51254	22.8840431996892
51266	22.8840431996892
51292	22.8840431996892
51296	22.8840431996892
51318	22.8840431996892
51336	22.8840431996892
51370	22.8840431996891
51422	22.8840431996891
51424	22.8840431996891
51440	22.8840431996891
51450	22.8840431996891
51518	22.8840431996891
51524	22.8840431996891
51526	22.8840431996891
51556	22.8840431996891
51580	22.8840431996891
51620	22.8840431996891
51624	22.8840431996891
51646	22.8840431996891
51676	22.8840431996890
51692	22.8840431996890
51724	22.8840431996890
51756	22.8840431996890
51760	22.8840431996890
51786	22.884043199689
51814	22.884043199689
51830	22.884043199689
51874	22.884043199689
51888	22.884043199689
51920	22.8840431996890
51938	22.8840431996890
51954	22.8840431996889
51984	22.8840431996889
51998	22.8840431996889
52016	22.8840431996889
52026	22.8840431996889
52050	22.8840431996889
52074	22.8840431996889
52104	22.8840431996889
52164	22.8840431996889
52218	22.8840431996888
52230	22.8840431996888
52246	22.8840431996888
52292	22.8840431996888
52334	22.8840431996888
52422	22.8840431996888
52526	22.8840431996888
52570	22.8840431996888
52648	22.8840431996888
52712	22.8840431996888
52872	22.8840431996888
52896	22.8840431996888
52910	22.8840431996888
53176	22.8840431996888
53218	22.8840431996887
53242	22.8840431996887
53248	22.8840431996887
53286	22.8840431996887
53356	22.8840431996887
53384	22.8840431996887
53576	22.8840431996887
53586	22.8840431996887
53670	22.8840431996887
53770	22.8840431996887
53812	22.8840431996887
53862	22.8840431996887
53902	22.8840431996887
54060	22.8840431996887
54182	22.8840431996886
54224	22.8840431996886
54410	22.8840431996886
54500	22.8840431996886
54534	22.8840431996886
54612	22.8840431996886
54748	22.8840431996886
54830	22.8840431996886
54992	22.8840431996886
55084	22.8840431996886
55122	22.8840431996886
55430	22.8840431996886
56136	22.8840431996886
56452	22.8840431996886
57058	22.8840431996886
58234	22.8840431996885
60030	22.8840431996885
61122	22.8840431996885
62798	22.8840431996885
66240	22.8840431996885
68200	22.8840431996885
69790	22.8840431996885
97180	22.8840431996885
116940	22.8840431996885
162790	22.8840431996885
164046	22.8840431996885
165338	22.8840431996885
170150	22.8840431996885
196262	22.8840431996885
196334	22.8840431996885
199892	22.8840431996885
300000	22.8840431996885
