52	643.847735897535
54	638.055494841319
58	550.784964802227
60	442.356555455760
72	354.372264201461
140	346.604740886751
142	328.187013087558
160	313.063979380775
224	289.082928978102
238	283.562864120132
260	282.780404487065
466	281.700786721667
516	249.934775704147
636	238.797508422128
652	225.574704042144
708	223.081006816915
768	220.147197565153
996	192.750993423824
2456	191.313380592294
2672	189.350560151317
2948	179.002782451183
3188	177.852024666706
3652	173.693124310842
3814	159.863805933530
3922	158.377386250823
4064	152.910177278571
4516	151.814073560891
4546	146.611274011148
4746	127.042649790795
4854	124.652140850326
4866	122.305008436563
4890	114.269358231181
4926	110.359281321288
4942	100.321772811393
4964	99.3309037849263
4966	98.35786362141
4972	96.3506945195467
4990	95.4821348181211
5002	93.7458425445593
5006	90.5088309101028
5038	88.5436572532246
5078	88.4016510068794
5088	88.0819364020785
5094	85.6608691185248
5098	81.5492672876601
5102	79.332030842572
5118	79.0620845206788
5178	75.6367624032038
5218	75.0308890795779
5238	74.3475980825145
5242	73.34316219314
5270	73.2167635589783
5278	71.6076592049633
5300	70.1117334566119
5306	69.6041623098999
5314	69.5520498630744
5320	68.8742241206399
5336	68.3397802578955
5344	67.8370094504669
5366	67.3551539774864
5374	67.2343465649185
5392	67.0575425456388
5400	66.4001361320026
5406	65.1349596580068
5418	64.5631144901159
5440	64.0146285224105
5442	62.6988107761185
5456	61.9445752991105
5514	59.8411497812417
5538	59.3935641557662
5546	59.0964448509262
5566	59.0530096589486
5572	58.6232170569833
5576	58.3461729570418
5584	58.0764257567325
5586	57.3833588369135
5594	55.5961162045913
5616	55.4230504173978
5618	55.2836989308215
5632	55.0581712410097
5636	54.4768537958295
5640	54.3017438545215
5648	53.6561088422496
5650	53.1793354079387
5654	52.2128072144783
5670	52.1558916838328
5674	52.0732524758259
5680	51.5081663908065
5698	51.4717755260075
5708	50.9471607704563
5716	50.4795337569599
5738	50.1107792236867
5742	49.6640925283336
5744	49.4397257551855
5756	49.1494771324022
5766	48.9799023022114
5778	48.8424150297151
5796	48.834320873308
5816	48.7231080849937
5832	47.7687672907783
5866	47.4884883763511
5894	47.4504307814117
5896	47.2279724755825
5898	47.0706460281816
5902	46.8489758252427
5914	46.5950878324125
5920	46.5116611567912
5924	46.4806215573867
5928	45.62686318974
5930	45.14887534022
5974	45.1250475357803
5984	45.0658577072396
5986	44.8649857377552
6008	44.6256784354346
6020	44.4665043508884
6026	44.3691912305885
6066	44.3397571301951
6082	44.3108849017104
6094	44.2632604180108
6096	44.1951811341596
6108	43.9827444349328
6156	43.9739513410786
6174	43.9097730906569
6176	43.8251359576415
6188	43.7491246437842
6210	43.692501351736
6212	43.5772909071116
6218	43.4232748020921
6226	43.3787906754551
6228	43.2895659299235
6244	43.2842791766377
6248	43.2344526436152
6250	43.113284524554
6254	42.9866849360292
6266	42.969357941706
6282	42.9324251303173
6298	42.8729452769443
6302	42.7375603277793
6360	42.6687373951363
6374	42.5971633477017
6398	42.590620833472
6404	42.5763682833617
6422	42.5500020853493
6432	42.5288463016988
6436	42.4950090693967
6440	42.456427756275
6446	42.4403263419784
6480	42.4187357406749
6486	42.3455979305423
6514	42.3289802611521
6526	42.3178996085926
6530	42.3152097010348
6536	42.2767837076172
6550	42.2546010804205
6556	42.2167263949207
6590	42.1829802494294
6626	42.1106518757686
6632	42.0944892776675
6650	42.0643337880725
6676	42.0512461145093
6682	42.0304768903022
6704	42.0208501063843
6720	42.0062792367492
6726	41.9941395834387
6732	41.9858050517086
6776	41.9742595178359
6806	41.9449557597255
6826	41.9295332463741
6828	41.8938563844064
6830	41.8557163136120
6834	41.8408368963748
6858	41.8276050405837
6874	41.8241110915765
6876	41.8229160524940
6878	41.806902936494
6894	41.8001725371278
6900	41.7959351487189
6902	41.7898900997517
6908	41.7700886938892
6920	41.7513833154917
6944	41.7508333275252
6950	41.7414177365436
6954	41.7296118611293
6956	41.7238306731739
6958	41.7229387420727
6976	41.6968971282386
6984	41.6624236961691
7034	41.6573421669427
7046	41.6231801304108
7058	41.6108939047719
7060	41.6002178398801
7074	41.5406060470422
7076	41.485759881626
7078	41.4682516822071
7096	41.4652814863295
7118	41.4496342443627
7122	41.3702474823888
7126	41.287689059609
7128	41.2405842397053
7130	41.2336680745857
7158	41.2009643545704
7162	41.1888431048664
7166	41.1052628342101
7178	41.0041770973234
7190	40.9990141098368
7204	40.9318031144327
7222	40.9189908026555
7224	40.9051463573769
7240	40.857589110384
7252	40.8120008717815
7270	40.8060442904962
7280	40.8038878611795
7286	40.7683727367779
7296	40.7539849827724
7298	40.6361328517428
7338	40.5448668000026
7342	40.4376682859835
7364	40.3700588633144
7378	40.3591053125501
7390	40.3303497033643
7422	40.278683336717
7450	40.2651804263309
7462	40.2163447925339
7494	40.1882780729232
7498	40.1579083667186
7510	40.1494762612129
7512	40.1487415808259
7516	40.1443096290697
7524	40.1406050342706
7528	40.1215189880714
7530	40.0713941836023
7532	40.0394061989512
7540	40.0372939140681
7550	40.0257640801464
7554	39.9212751051148
7568	39.8218017875277
7580	39.7471598232895
7586	39.677290956816
7590	39.5915726949433
7602	39.5879187177808
7620	39.5638449072277
7628	39.5416017499210
7648	39.4431019340588
7666	39.4394412704624
7670	39.3438325841174
7676	39.3138906455623
7678	39.267200429256
7688	39.1702076155852
7700	39.0325624277781
7706	38.9287224378391
7716	38.9277862726841
7718	38.8319564225778
7722	38.7587423379094
7734	38.669110343669
7742	38.5865552522151
7766	38.5129342694834
7790	38.4797585179152
7804	38.4297274827007
7810	38.4035525797324
7812	38.3973726657811
7814	38.3526420266601
7818	38.3308626061811
7824	38.3118849942930
7826	38.282592547586
7828	38.268764720324
7836	38.2055608936585
7844	38.0672170905813
7864	38.0368289688128
7868	37.9308134515369
7884	37.8955748389102
7886	37.8325262237335
7916	37.8315892913249
7926	37.8015262620374
7928	37.7909767203311
7934	37.7861529934243
7940	37.7270694792404
7944	37.6970969884962
7948	37.6945903029598
7950	37.4793481280774
7968	37.3797023032946
7970	37.3249829567434
7988	37.3031343732137
8002	37.2808960170076
8016	37.2767700752376
8018	37.1829540390065
8028	37.1714190798734
8030	37.1289921724482
8042	37.1101069643508
8066	36.9876237706734
8076	36.9868602379399
8078	36.9799889015866
8080	36.8969912511278
8086	36.8206416552508
8118	36.7693653638806
8146	36.7144793932708
8148	36.6562931504623
8156	36.6261615257517
8160	36.6100290103375
8172	36.5823014221689
8174	36.5724006194218
8178	36.5279226145020
8180	36.4853547964964
8198	36.4473282470498
8200	36.3961599978927
8206	36.3624518293852
8226	36.2954346832190
8232	36.2705086578046
8268	36.1851160472929
8306	36.0807889754903
8310	36.0632198473353
8314	35.9792213577454
8324	35.8319731354725
8358	35.7835770225281
8360	35.7711456323411
8362	35.6062328003162
8366	35.6042813918154
8370	35.6019708516193
8382	35.5209271597797
8390	35.2882726705565
8412	35.2832327737331
8424	35.2447013178871
8426	35.1732211338601
8434	35.0975875713024
8458	35.0382457613502
8466	35.0112248191156
8468	34.9935585931361
8486	34.9821826609203
8490	34.8940571718313
8496	34.8846589203032
8512	34.8556839945348
8526	34.7607691191438
8542	34.7082217200037
8544	34.6494394234217
8570	34.5927139710617
8578	34.4776298574844
8580	34.4261813775952
8588	34.3623664404734
8628	34.2840226503111
8660	34.2136933321895
8678	34.1871363578676
8684	34.0960831407654
8712	34.0895812083786
8722	34.0833367425486
8726	34.0458843051892
8734	34.033716916336
8744	34.0326947763068
8746	34.0316981966896
8754	34.0135609839843
8764	33.9604892751319
8776	33.956647978917
8798	33.9219539406778
8806	33.8757049105588
8844	33.8707447355254
8846	33.8698260178446
8852	33.8548423591173
8856	33.8407809434393
8862	33.8034069741588
8874	33.7653806379819
8898	33.7625699084653
8918	33.7477705714920
8932	33.7312717603949
8948	33.7228858822922
8954	33.7126021601729
8962	33.6848873415891
8980	33.6797033461954
8990	33.6483251114435
8998	33.6300457053490
9018	33.6193022357758
9028	33.5944208116562
9046	33.5902921769406
9052	33.5872007939218
9062	33.5719118180659
9066	33.5610500896816
9090	33.5289870575273
9096	33.5106834138788
9106	33.4885415137702
9116	33.4703812720472
9130	33.4286075918766
9152	33.4212608640326
9158	33.3968727438881
9166	33.3562470377237
9182	33.3268441621723
9190	33.3117150746870
9212	33.2927688186107
9214	33.2192258021728
9224	33.1488995545793
9260	33.109932498444
9268	33.0804128466487
9274	32.9982189950853
9284	32.9460394406900
9290	32.9320798583571
9300	32.9159489535858
9304	32.8729594469435
9332	32.8154753102626
9348	32.770754678652
9374	32.7079433061611
9402	32.6944709012574
9404	32.6821058798532
9418	32.6782409745604
9420	32.6672285834626
9462	32.6572529034846
9470	32.6011597539094
9480	32.5490512469654
9502	32.5429231296766
9506	32.5410187614826
9508	32.5174019583981
9514	32.5149717628199
9534	32.5042281683574
9552	32.4954673298473
9566	32.4735635117841
9574	32.4600945097670
9588	32.4456606724789
9596	32.4426738136791
9602	32.4218810126661
9604	32.4035121864894
9610	32.3915726346822
9612	32.387195101058
9622	32.3714101369244
9626	32.3493606504699
9658	32.3381304411991
9666	32.3197041682085
9668	32.2909918096081
9690	32.2743917858012
9694	32.2156801044774
9748	32.2149094621770
9756	32.2126676461508
9764	32.1798153207424
9768	32.1425072512962
9784	32.1314067282141
9786	32.1229463054035
9794	32.1187018031978
9802	32.0973326058446
9810	32.0833391542605
9814	32.0464218135161
9820	32.0369174369257
9832	32.0241302766893
9836	32.014424618105
9860	32.0090810374965
9862	31.9499604592058
9874	31.9070628930966
9888	31.9021488089083
9890	31.8956150509371
9892	31.8844799009078
9902	31.8724804604263
9926	31.8408116302833
9942	31.7559142748227
9948	31.6814684413678
9968	31.674863796307
9970	31.6506968484315
9990	31.6277037146444
9996	31.5778309152126
10026	31.5657317915972
10036	31.5471964537245
10044	31.5443426345226
10058	31.5409608003778
10060	31.5180339607884
10098	31.4943221771187
10100	31.4867965655239
10116	31.4692294471042
10128	31.4401514067349
10130	31.4327536207028
10158	31.4236069088452
10160	31.4145437395146
10184	31.384724493861
10208	31.3712707739078
10230	31.3641056892936
10258	31.3503497667144
10288	31.3487813614989
10294	31.3457252496280
10302	31.3449386431625
10312	31.3377683433615
10314	31.3350124863718
10344	31.3321252532016
10348	31.3303171571057
10372	31.3268088646464
10382	31.3252602370614
10384	31.3191624933807
10386	31.3184080094798
10394	31.3161891601681
10396	31.3141061118349
10412	31.3138460309328
10418	31.3122476921125
10424	31.3078911477343
10432	31.3018229403999
10452	31.2978194312195
10472	31.2971708268841
10474	31.2949963570676
10482	31.2937635592905
10492	31.2902857399123
10496	31.2884417947020
10502	31.28530647244
10508	31.280425153422
10512	31.2742052238026
10516	31.2727542216922
10534	31.2630024276079
10584	31.254850671152
10610	31.2513757056911
10614	31.2492205395484
10646	31.2460081163151
10686	31.2458603475796
10698	31.2358185261063
10708	31.2328031259684
10710	31.2315485248392
10716	31.2301969092258
10732	31.2297146414487
10746	31.2280905898569
10780	31.2261376614548
10788	31.2246229185614
10792	31.2239196926345
10800	31.2236386943782
10814	31.2235590117775
10830	31.2227153303304
10834	31.2214762991669
10842	31.2166107146697
10860	31.2145062939214
10866	31.2142422472047
10880	31.212331144107
10888	31.2114283649027
10900	31.2035509927989
10908	31.1998046746444
10918	31.1994468569279
10926	31.1988761176723
10932	31.1952853823152
10936	31.1898565169925
10938	31.1898344403457
10952	31.1888888361567
10958	31.1860882523049
10980	31.1830950232503
10984	31.1816462799104
11002	31.1759775660810
11026	31.1742940962965
11036	31.1732916090129
11078	31.1731998088278
11080	31.170236973554
11098	31.1683066512726
11102	31.1672290783376
11110	31.1658515676989
11142	31.1657200669380
11146	31.1656953208288
11150	31.1655919427024
11152	31.1603690695037
11158	31.1584029743882
11174	31.1574817725337
11192	31.1562123432981
11194	31.1556202521525
11202	31.1543222312576
11222	31.1542155947196
11224	31.1538611475060
11234	31.1536417309662
11240	31.1508390310636
11258	31.1497380308416
11262	31.1451764949579
11294	31.1438556833544
11330	31.1435734006638
11336	31.1432506340910
11340	31.1429404121256
11350	31.141096612503
11392	31.1404520793302
11418	31.1403690949887
11434	31.1390625014901
11446	31.1386241330622
11460	31.1374695968912
11462	31.1365863025456
11488	31.1362940856085
11490	31.1335931774549
11516	31.1335631632149
11520	31.1332836591253
11528	31.1327210420732
11530	31.1319034819372
11542	31.1305593260051
11544	31.129822419765
11552	31.1297358568459
11572	31.1291630488453
11576	31.127843157242
11590	31.125872495287
11614	31.1245846423433
11616	31.1239618938925
11628	31.1205141335859
11630	31.1197358604050
11636	31.1192703703244
11642	31.1165354871634
11644	31.1161051539590
11654	31.1156828767786
11658	31.1114643537110
11682	31.1072197733718
11686	31.1071596245551
11708	31.1044645932364
11716	31.1039360437516
11720	31.1034896232795
11730	31.1003012088381
11744	31.097106031065
11758	31.0969771210661
11760	31.0950149228312
11786	31.0927727259928
11814	31.0918627545545
11818	31.0916213402352
11828	31.0892576474908
11836	31.0886756366318
11844	31.087010346525
11846	31.0860575071642
11858	31.0801939705734
11864	31.0799932964233
11890	31.0798737969670
11892	31.0778618670986
11894	31.0762766472483
11900	31.0725138426169
11904	31.0642011014919
11932	31.0566824327928
11938	31.0461471415097
11962	31.0444388981639
11986	31.0443721898407
11990	31.0378834495955
12016	31.0343011570421
12020	31.0274091247375
12030	31.0273528077687
12042	31.0248843668278
12046	31.0244822155736
12056	31.0233725222072
12060	31.0220198963167
12074	31.0217650189716
12078	31.0210383255148
12086	31.0153785096579
12096	31.0102583911966
12130	31.009239974104
12134	31.0072818236501
12142	31.0061148197154
12158	31.0033427449457
12172	31.0001943322294
12178	31.0001840151056
12188	30.9983447882585
12198	30.9974884419947
12204	30.9970925594987
12226	30.9968764223149
12232	30.9961264464961
12240	30.9951333808812
12242	30.9934207023469
12260	30.9922569522521
12268	30.9909549533477
12292	30.990521638996
12298	30.988124497391
12308	30.9880304503386
12310	30.9864535525279
12318	30.9860331120836
12330	30.9851644550121
12368	30.9850235906305
12376	30.9848781911075
12380	30.9847288902626
12398	30.9846244784998
12404	30.9840419795700
12422	30.9839659598850
12428	30.982988423009
12444	30.9828314192087
12450	30.9820101707658
12466	30.9817310780349
12474	30.9808293129859
12498	30.9798724200699
12502	30.9798389848495
12516	30.9792366617020
12520	30.9789855396191
12528	30.9775534059233
12532	30.9771547983772
12538	30.9764562479176
12544	30.9761195846642
12574	30.9759886066834
12582	30.9759115703394
12584	30.9740420541262
12586	30.9734967735771
12594	30.9734137129749
12604	30.9728569114821
12606	30.9721194493444
12608	30.9716876954032
12624	30.9694909805572
12652	30.968596711597
12656	30.9676333207813
12670	30.9671607743999
12674	30.9648381779711
12708	30.9642712978052
12710	30.9633067983551
12718	30.9621002167176
12722	30.9617105944417
12724	30.9610265366602
12732	30.9610160126791
12744	30.9603263392884
12752	30.9598368865134
12756	30.9576297437592
12758	30.9554379290536
12772	30.9549333871444
12786	30.9542197603828
12810	30.9535051380284
12830	30.9527782724462
12844	30.9526635571634
12848	30.9525121546759
12852	30.9514316788224
12856	30.9509699274605
12858	30.9508438611109
12864	30.9508105113153
12872	30.9500288953003
12892	30.9493042843663
12904	30.9483725064082
12906	30.9482777769428
12908	30.9471545232298
12922	30.9461668941125
12924	30.9450981217742
12932	30.9433078334692
12936	30.9416992424019
12938	30.9413779846891
12956	30.9397667076148
12976	30.9391752500495
12978	30.9370994207236
13000	30.9360040728308
13008	30.9327521077954
13014	30.9318831527268
13038	30.9295987070757
13050	30.9293512421701
13064	30.9263325383871
13126	30.9242474223667
13150	30.9232020188992
13156	30.9195388969806
13176	30.9187276189551
13186	30.9175818062125
13222	30.9165090371091
13248	30.9153519877075
13270	30.9144953506114
13274	30.9143409562243
13276	30.9138075909825
13284	30.9133134414961
13286	30.9129805780852
13310	30.9121404899707
13342	30.9117071814757
13344	30.9113711024099
13350	30.9102117135489
13366	30.9097147888013
13370	30.9087940533921
13380	30.9083708081713
13394	30.9074642013203
13400	30.9071124784921
13402	30.9067241186908
13410	30.9054002971194
13414	30.9047405026505
13430	30.9046818708304
13434	30.9046506183849
13436	30.9025314862104
13468	30.9017458435514
13472	30.9013809350507
13480	30.9005553042176
13490	30.9000107641885
13492	30.899106344622
13494	30.8987443081353
13512	30.8983332660835
13532	30.8974042909390
13540	30.8967349936236
13548	30.8961065708372
13558	30.8948738049439
13570	30.8946043002705
13584	30.8943707423215
13604	30.8941775117719
13606	30.8940533160666
13608	30.8934298968071
13648	30.8933403162347
13650	30.8932095384654
13654	30.8927820727629
13670	30.8924332463743
13690	30.8921466758497
13730	30.8920059627144
13732	30.8919466870236
13734	30.8915199737005
13738	30.8913221075698
13748	30.8911053722794
13750	30.8904039823321
13760	30.8902862508853
13762	30.8897863921867
13776	30.8896981828512
13788	30.8896657390552
13790	30.8896278216215
13800	30.8892330536479
13820	30.8881926295729
13842	30.8878109095025
13848	30.8874907300504
13860	30.8874188773399
13872	30.8873808652327
13892	30.8869323006979
13894	30.8869006167677
13904	30.8864780695556
13920	30.8864393149905
13926	30.8858226164721
13938	30.8858032376082
13944	30.8856877750359
13978	30.8854748844247
13984	30.8852244570658
14002	30.8850993434443
14040	30.8850406180489
14042	30.8847351865522
14046	30.8846176013961
14072	30.8846077985180
14078	30.8845060934907
14082	30.8843155003083
14084	30.8842869149189
14112	30.8836665587536
14132	30.8834643232513
14156	30.8834425423113
14172	30.8832223569626
14202	30.8831285107376
14204	30.8829189442485
14228	30.8826043497538
14238	30.8825933557838
14246	30.8824378728423
14248	30.88237142236
14262	30.8823625252573
14280	30.8822992302438
14292	30.8822861652614
14296	30.8820849584483
14318	30.8810220379887
14324	30.8809063586579
14330	30.8804867728821
14336	30.8801573819747
14344	30.8797907562022
14352	30.8797015995663
14358	30.8793664909145
14388	30.8790556697430
14404	30.8789829611625
14412	30.8788244348550
14422	30.8787784159991
14432	30.8787223194548
14438	30.878580002038
14450	30.8784854738529
14454	30.8783254462135
14494	30.8783059782498
14496	30.8782723337866
14498	30.8782663662209
14500	30.8781425632142
14508	30.8780213577855
14518	30.8778483001867
14520	30.8778134644564
14544	30.8777441168287
14566	30.877542628422
14580	30.8774505013477
14584	30.8773338140498
14602	30.8773327454049
14618	30.8772228240230
14622	30.8770333993075
14632	30.8770056189742
14634	30.8767724160034
14644	30.876408415109
14646	30.8762461241419
14666	30.8760460684275
14676	30.8757554439267
14704	30.8757096680610
14714	30.8754761489582
14742	30.8754681946514
14756	30.8754518471882
14758	30.8754167826627
14762	30.8752619597225
14780	30.8752532311061
14782	30.8751397184109
14824	30.8750880441760
14844	30.8750079670378
14846	30.8748883595395
14868	30.8747514345093
14878	30.8745998545286
14890	30.8745417677808
14894	30.8743645422528
14898	30.8741560073052
14916	30.8741008646164
14920	30.8739046956642
14926	30.8737870721312
14948	30.8733392144687
14974	30.8732494492722
14978	30.8725623105
14994	30.8723566186833
15000	30.8720823342740
15004	30.8717390643355
15050	30.8713687329577
15078	30.8713087601822
15082	30.8712105790348
15086	30.8711724583895
15094	30.8710763641789
15112	30.8710625869276
15120	30.8709931589552
15122	30.8709451903225
15126	30.8709311243954
15130	30.8704288382457
15142	30.8702442872078
15170	30.8700265284092
15232	30.8699651729957
15242	30.8698250525847
15248	30.8697158473038
15254	30.8697140173052
15256	30.8696459651656
15262	30.8695705288264
15274	30.8692607801123
15306	30.8689946687012
15308	30.8689352968602
15322	30.868903854393
15330	30.8688238105109
15334	30.8687394602822
15344	30.8686565869902
15362	30.8685882824082
15374	30.8685000680018
15376	30.8684938636731
15390	30.8684092899776
15410	30.8681340951052
15422	30.8681312909785
15442	30.8681019530052
15464	30.868029551335
15468	30.8680255955289
15470	30.8679383276161
15488	30.8678877281887
15490	30.8678011436181
15492	30.8677734626806
15498	30.8677246619099
15500	30.8676251139846
15512	30.8673867038229
15542	30.8671991918242
15556	30.8671616946615
15560	30.8671443519062
15576	30.8670903420478
15588	30.8669531811189
15594	30.8668828969532
15596	30.8667135802726
15624	30.8666893136172
15632	30.8665565906899
15658	30.8664810988336
15662	30.8664513218329
15720	30.8663880470146
15732	30.8662960450768
15750	30.8662898773188
15772	30.8662679655194
15776	30.8662670778959
15780	30.8661652371591
15782	30.8661290574196
15798	30.8660707351224
15812	30.865965293649
15836	30.8659086161316
15866	30.8658625996648
15884	30.8658150913370
15908	30.8658023755034
15912	30.8658008229128
15916	30.8657818127403
15936	30.8656982832172
15944	30.8656696851797
15946	30.8656298694201
15952	30.8655816621753
15968	30.8655571588538
15982	30.8654854896887
15990	30.8654616514845
15996	30.8653522340604
16016	30.8653265911846
16030	30.8653262258519
16042	30.8652940907778
16044	30.8652753692938
16048	30.8651913930834
16062	30.8651642476622
16070	30.8651343439417
16072	30.8650930196856
16090	30.8650698466567
16094	30.8649993157137
16098	30.8649731712161
16108	30.8649379272531
16128	30.8649021976256
16136	30.864883536502
16138	30.8647955202752
16154	30.864782553905
16162	30.8647747077132
16164	30.8647211821061
16172	30.8646747983159
16178	30.8646655496537
16182	30.8646480289063
16186	30.8646111484382
16188	30.8644957155378
16194	30.8644738497846
16212	30.8644219705434
16238	30.8644112424216
16252	30.864403434445
16258	30.8644010258862
16264	30.8643480784587
16280	30.8643085287747
16314	30.8642944748406
16328	30.8642436634161
16334	30.8642251984179
16336	30.8642187306179
16340	30.8641415328226
16364	30.8641097995256
16376	30.8640257194479
16392	30.8640041159361
16394	30.8638701441491
16402	30.8638470832998
16414	30.8637886455926
16422	30.8637641742647
16434	30.8637638306981
16442	30.8637336144234
16448	30.8636712780641
16462	30.8636329589795
16468	30.8635972292669
16488	30.8635686590064
16492	30.8635684361836
16494	30.8635400635732
16496	30.8635384561937
16502	30.8634706336616
16518	30.8634191526574
16538	30.8634176474144
16542	30.8634126820213
16546	30.8633780634512
16550	30.8633533009845
16554	30.8633477085226
16564	30.8633102112694
16570	30.8631654917930
16580	30.8631507226358
16582	30.8631285642095
16588	30.8630691106528
16616	30.8629912653098
16620	30.8628823521566
16632	30.8628583831408
16636	30.862834293429
16644	30.8627305253262
16662	30.8626185956187
16684	30.862605501557
16692	30.8625562600504
16698	30.8624728667887
16702	30.8624580535934
16712	30.8624175798765
16732	30.8622701884044
16750	30.8622345919705
16756	30.8622183081758
16760	30.8622017796691
16764	30.8621556194401
16792	30.8621410678845
16808	30.8621164683350
16812	30.8619937639387
16836	30.861984931901
16842	30.8619404303598
16852	30.8619198535472
16864	30.861916598559
16874	30.8618627683282
16886	30.8617752378818
16898	30.8617561723124
16942	30.8617365490287
16966	30.8616183486995
16982	30.8615736047727
16992	30.8615535640455
17006	30.8615436454414
17012	30.8615104293296
17018	30.8614850725715
17022	30.8613606312642
17028	30.8612816864647
17030	30.8611936455623
17032	30.8611288460269
17078	30.8610739934448
17084	30.8610506494424
17086	30.8608770821624
17088	30.8607707314135
17092	30.8607366784628
17132	30.8605921277737
17156	30.8605626797969
17160	30.8605057771281
17166	30.8604775548114
17188	30.8602720994769
17192	30.8602495208727
17204	30.8601620674074
17212	30.860160554075
17228	30.8601587591942
17238	30.8601030750788
17252	30.8600626551279
17262	30.8600592544113
17266	30.8599997571859
17270	30.8599513345844
17272	30.8599089865118
17278	30.8598089215487
17288	30.8597839152821
17314	30.8597743619033
17318	30.8596201643117
17326	30.8594671271387
17336	30.8594541348741
17364	30.8594123044016
17380	30.8593873878844
17392	30.8593678818869
17394	30.8592186814665
17396	30.8591528799667
17426	30.8589805928426
17432	30.8588268196016
17456	30.8586349101026
17464	30.8585528074051
17488	30.8585294853248
17492	30.8583679422667
17498	30.8583576660953
17504	30.8583477482292
17508	30.8582691223382
17518	30.8582335822194
17524	30.8581626687310
17530	30.8581417291102
17540	30.8580609048111
17548	30.8578763771404
17596	30.8578703653793
17598	30.8577965378609
17600	30.8577902310404
17604	30.8576141640311
17608	30.8575664240723
17616	30.8575375469783
17626	30.8574968844769
17634	30.8574284422835
17652	30.8573605055883
17672	30.8573418273186
17688	30.8571883078051
17716	30.8571281608408
17718	30.8570979134939
17732	30.8570712612652
17734	30.8570511569798
17738	30.8570244024264
17752	30.8569612323494
17772	30.8569482902242
17782	30.8569288997671
17784	30.8569152189263
17786	30.8568539953141
17796	30.8568127792182
17802	30.8566886493033
17808	30.8566557301240
17812	30.8566531867334
17824	30.8565425942647
17826	30.8565096674219
17828	30.8564506141700
17848	30.8563417868456
17850	30.8562968430930
17882	30.8562351612182
17908	30.8562218307572
17918	30.8561752008609
17920	30.8561371057388
17924	30.8560525714953
17942	30.8560305899267
17964	30.85597207002
17972	30.8558299333747
17982	30.8557193027178
17988	30.8556089363214
18016	30.8555609391049
18022	30.8555564054841
18028	30.8555277300657
18034	30.8555166270454
18046	30.8554719445727
18050	30.8554519312305
18052	30.8553774656689
18058	30.8553465463062
18070	30.8552705010142
18092	30.8551571777358
18094	30.8551166703744
18100	30.8551042419905
18102	30.8550838622325
18114	30.8550457648015
18128	30.8550319422586
18136	30.8550133944591
18162	30.8550118832669
18166	30.8549928035916
18176	30.8549866845024
18188	30.8549284066846
18212	30.8549249281673
18216	30.8548546567301
18240	30.8548278206058
18242	30.8548262602972
18244	30.8547603355765
18266	30.8547540341601
18272	30.8547351769475
18280	30.8547049312758
18286	30.8546452412673
18292	30.8545982570887
18326	30.8545980453776
18334	30.8545561282652
18342	30.8544827185588
18354	30.8544751575221
18356	30.8544284058015
18358	30.8543644541008
18364	30.8543026745746
18382	30.8542340509207
18388	30.8541244543469
18394	30.8540084073816
18424	30.8538578775259
18432	30.8538131690565
18438	30.8537142863930
18448	30.8536053704557
18456	30.8535489658163
18462	30.8535273468096
18476	30.8535248984589
18480	30.8535224617541
18494	30.8533712627318
18500	30.8532908979829
18508	30.853228206198
18522	30.853097901962
18558	30.8530414344089
18570	30.8529811715332
18586	30.8529044379472
18594	30.8528830725689
18596	30.8528170361378
18604	30.8526999867923
18612	30.8526066933043
18640	30.8525399632353
18650	30.852443745637
18652	30.8523214680083
18656	30.8523086038716
18666	30.8522872415741
18668	30.8522692919606
18688	30.8522587195009
18690	30.8522035200780
18700	30.8521069469327
18702	30.8519336306426
18706	30.8517745780042
18720	30.8517244083657
18728	30.8515054724430
18732	30.8514867901083
18738	30.8514833298853
18744	30.8514257871071
18752	30.8512370237639
18788	30.8511134520606
18806	30.8509215743969
18820	30.8508235795832
18840	30.8507526625156
18850	30.8507290571785
18868	30.8505248981573
18876	30.85044164094
18882	30.8504223302642
18904	30.8503921359891
18926	30.8503906707722
18932	30.8502576328300
18934	30.8501785350126
18936	30.8501540139141
18938	30.8500697076979
18956	30.8500579532736
18962	30.8498217889262
18974	30.8497777051482
18976	30.8496063131354
18984	30.8494902794432
18986	30.8492996462992
19014	30.8491849184611
19062	30.8491495592317
19080	30.8490680787375
19100	30.8490283624146
19108	30.8490148375421
19122	30.8489920445960
19126	30.8489909703273
19128	30.8486851821798
19160	30.8486773254683
19172	30.8486073037216
19206	30.8484414763752
19208	30.8483906321587
19218	30.8483623059713
19238	30.8483429821001
19250	30.8483053012281
19266	30.8482312126022
19284	30.8481672725885
19294	30.8481474556869
19298	30.8480769427542
19300	30.847994525947
19310	30.8478838860898
19326	30.8478642969358
19334	30.8477989917358
19338	30.8477149189776
19358	30.8476975699771
19362	30.8475905599078
19390	30.8475797368521
19396	30.8475068412098
19418	30.8473334746644
19420	30.8472622519201
19434	30.8472411684162
19438	30.8470783086879
19458	30.8469007555699
19460	30.8467989420867
19502	30.8467326736761
19516	30.8465984256777
19540	30.8465295300460
19554	30.846486929018
19566	30.8464426300715
19584	30.8464335351598
19596	30.8463910376559
19604	30.8463469229456
19618	30.8463188772921
19624	30.8462927327411
19626	30.8462590185720
19642	30.8462345252206
19644	30.8462088598903
19690	30.8461965861371
19694	30.8461431730674
19696	30.8461337614754
19700	30.8460554920467
19710	30.8460473941152
19716	30.8460360059674
19742	30.846009999738
19762	30.8459154782785
19792	30.8459114792042
19804	30.8458925605852
19818	30.8458641975072
19830	30.8458479680673
19856	30.8458003626196
19858	30.8457723597865
19868	30.8457539093998
19898	30.8457410275186
19906	30.845725143945
19912	30.8456810702968
19936	30.8456801546759
19942	30.845652432492
19970	30.8456295432839
19982	30.8456223303205
19992	30.8455803440228
20004	30.8455549901345
20028	30.8455503143681
20030	30.8455286411524
20046	30.8455146299786
20076	30.8454745644604
20088	30.8454719621612
20090	30.8454660810571
20096	30.8454292975275
20102	30.8454184953484
20120	30.8453740400334
20132	30.8453604189999
20160	30.8453553427070
20174	30.8453107225588
20184	30.8453001712124
20186	30.8452938668244
20214	30.8452762763533
20230	30.8452592187580
20244	30.8452416063985
20250	30.8452141677747
20280	30.8452098678418
20296	30.8451968001575
20306	30.8451879521154
20308	30.8451614451602
20316	30.8451189102619
20364	30.8451060520474
20370	30.8450716079366
20410	30.8450564464773
20428	30.8450507760773
20436	30.8450480846581
20440	30.8450379854608
20450	30.8450255684344
20460	30.8450138599244
20464	30.8450011807281
20466	30.8449981903542
20472	30.8449926152524
20480	30.8449866131042
20490	30.8449505586434
20532	30.8449168337718
20546	30.8449155625104
20566	30.8449023969886
20586	30.8448878537521
20606	30.8448811251877
20608	30.8448695084004
20614	30.84485998985
20624	30.844853960469
20636	30.8448251092910
20676	30.8448238862043
20698	30.8448140044764
20738	30.8448121834749
20742	30.8447972309886
20750	30.8447889959118
20768	30.8447743300987
20782	30.8447726000544
20804	30.8447599843406
20806	30.8447450186924
20834	30.8447363749108
20838	30.8447221806846
20842	30.8447215493763
20876	30.8447198033285
20884	30.8447094206173
20892	30.8447072107662
20912	30.844700535364
20920	30.8446977245161
20924	30.8446939746708
20926	30.8446764558759
20928	30.8446750272510
20932	30.8446721347519
20934	30.8446711889659
20938	30.8446657444363
20940	30.8446518285749
20976	30.8446446231067
20988	30.8446430549072
20998	30.8446321384601
21006	30.844628820656
21018	30.8446174754442
21026	30.8446103277854
21036	30.8446003782924
21056	30.8445985132183
21068	30.8445970815642
21086	30.8445865847927
21102	30.8445864534603
21124	30.8445846558249
21138	30.8445666899614
21172	30.8445603659952
21176	30.8445559710848
21188	30.8445455001552
21204	30.8445405559071
21226	30.8445345314487
21230	30.8445334492676
21252	30.8445305644386
21266	30.8445302966846
21290	30.8445291114311
21300	30.8445239671707
21334	30.8445130665384
21350	30.8445083560399
21360	30.8445064177491
21366	30.8444992662731
21368	30.8444882646269
21388	30.8444798961773
21396	30.8444752644101
21404	30.8444710649579
21408	30.8444699528538
21436	30.8444653657891
21440	30.8444651790684
21448	30.8444621266789
21456	30.8444427249706
21466	30.8444342706124
21470	30.8443986020072
21484	30.8443853239168
21502	30.8443826691615
21514	30.8443719511764
21526	30.8443707392500
21540	30.8443599193377
21556	30.8443433416193
21582	30.8443092617923
21598	30.8442766018644
21612	30.8442668273648
21618	30.8442469788712
21632	30.8442411570257
21634	30.8442381394648
21644	30.8442225025972
21650	30.8442134186506
21658	30.8441985241149
21662	30.8441975594917
21686	30.8441943386938
21696	30.844191176217
21700	30.8441719474035
21716	30.8441503857047
21734	30.8441493347403
21744	30.8441303459926
21762	30.8441276084632
21766	30.8441258558823
21774	30.8440951797698
21788	30.8440834253243
21798	30.8440694519249
21820	30.8440457154953
21842	30.8440436654008
21846	30.8440428248301
21872	30.8440311796648
21888	30.8440307212505
21896	30.8440284912832
21908	30.8440115567962
21918	30.844004268048
21924	30.8440041929218
21942	30.8439960401264
21956	30.8439937040258
21966	30.8439890209298
22016	30.8439883743118
22020	30.8439863810569
22038	30.8439800018575
22086	30.843975898258
22088	30.8439713957317
22110	30.8439699165830
22122	30.8439624217398
22128	30.8439605323947
22134	30.8439591240555
22148	30.8439551443686
22152	30.8439512624359
22176	30.843947729967
22184	30.8439440209025
22188	30.8439423935484
22216	30.8439397658087
22250	30.8439388259136
22254	30.8439353884795
22268	30.8439335651095
22274	30.8439320087797
22282	30.8439214293584
22312	30.8439213472388
22316	30.8439195817468
22320	30.8439151064498
22322	30.8439143854127
22326	30.8439115644644
22342	30.8439112128666
22344	30.8439087445089
22350	30.8439056471786
22352	30.8439046316934
22364	30.8439032070653
22378	30.8439012030365
22388	30.8439007315256
22390	30.8438966212493
22400	30.8438932751809
22414	30.8438862245373
22426	30.8438848839823
22430	30.8438828686336
22436	30.8438816514712
22476	30.8438797740508
22522	30.8438784736035
22538	30.8438770200019
22544	30.8438766964599
22560	30.8438763881673
22568	30.8438762667426
22570	30.8438754572215
22580	30.8438751591703
22588	30.8438748081845
22594	30.8438731366124
22604	30.8438707491683
22616	30.8438704982977
22618	30.8438692204521
22632	30.8438679758128
22640	30.8438667394039
22646	30.8438663119067
22682	30.8438652934429
22706	30.8438632414769
22720	30.8438631808771
22738	30.8438624700329
22740	30.8438611977746
22748	30.843859693853
22756	30.8438580722115
22768	30.8438561809171
22788	30.8438556621499
22792	30.8438545394432
22826	30.8438490556827
22874	30.8438490464371
22878	30.84384791378
22888	30.8438475532276
22892	30.8438475300079
22896	30.8438472020186
22904	30.843846964778
22910	30.8438442504945
22940	30.8438432428914
22948	30.8438429071327
22956	30.8438419131198
22966	30.8438389086146
22980	30.8438350814305
22982	30.8438344860341
23006	30.8438321703172
23016	30.8438321268108
23036	30.8438319216501
23040	30.8438316658133
23044	30.8438314768060
23046	30.8438312735125
23048	30.8438305342946
23052	30.8438295697575
23060	30.8438288283296
23072	30.8438272187093
23082	30.8438257768144
23096	30.8438250438992
23106	30.8438245504440
23112	30.8438235589256
23114	30.8438229225795
23116	30.8438219286134
23138	30.8438218907874
23140	30.8438211727882
23144	30.8438208244662
23152	30.8438206173178
23160	30.8438202133742
23184	30.8438195253247
23200	30.8438194252338
23204	30.8438187139579
23232	30.8438178309724
23254	30.8438172207376
23264	30.8438169084156
23272	30.843816606247
23274	30.8438149747904
23294	30.8438144623641
23300	30.8438137995367
23326	30.8438131552257
23342	30.8438110664150
23352	30.843811006889
23378	30.8438101280205
23382	30.8438090466875
23396	30.8438075593845
23432	30.8438073002514
23434	30.8438071166204
23460	30.8438071086772
23474	30.8438062309511
23478	30.8438059900633
23506	30.8438059621848
23516	30.8438059223136
23524	30.8438054781618
23538	30.8438054388432
23548	30.8438052220515
23580	30.8438047131148
23582	30.8438045978637
23600	30.8438042090528
23644	30.8438038937914
23648	30.8438037275512
23656	30.8438030265011
23680	30.8438029836756
23710	30.8438027739361
23712	30.8438026040386
23738	30.8438023793592
23752	30.84380226051
23770	30.8438020499386
23782	30.8438016997647
23824	30.8438014035398
23834	30.8438013432740
23848	30.8438011654070
23864	30.8438010663149
23868	30.8438008712535
23886	30.8438000248936
23902	30.8437998923168
23914	30.8437996594257
23916	30.8437994409144
23924	30.8437987577919
23936	30.8437985737141
23952	30.8437981545941
23956	30.8437980085825
23972	30.843796923836
23978	30.8437960521553
24004	30.8437955320525
24024	30.8437955115314
24026	30.8437949888828
24032	30.8437949198759
24040	30.8437949103057
24052	30.8437946976209
24054	30.8437943687181
24060	30.8437938346205
24074	30.8437934904269
24076	30.8437934598038
24092	30.8437932849942
24096	30.8437931974197
24108	30.8437929182805
24114	30.8437924304338
24158	30.8437918810021
24164	30.843791859196
24166	30.8437917864688
24174	30.8437916615084
24180	30.8437913848878
24186	30.8437912942089
24198	30.8437910581836
24202	30.8437910559175
24208	30.843790681831
24214	30.843790601627
24224	30.8437897199514
24248	30.8437896943103
24252	30.8437892726865
24264	30.8437891643052
24268	30.8437890842880
24288	30.8437888873782
24296	30.8437884430094
24310	30.8437882679158
24316	30.8437877119345
24332	30.843787310788
24340	30.8437871986689
24360	30.8437865384272
24406	30.8437865295887
24412	30.8437864029073
24420	30.8437862742641
24434	30.8437850776598
24442	30.8437847466527
24446	30.8437847446382
24462	30.843784090884
24476	30.8437834660311
24478	30.8437832264095
24502	30.8437829163510
24504	30.8437825244182
24542	30.8437823018201
24562	30.8437819085416
24588	30.8437809991308
24620	30.8437801205506
24624	30.8437795060065
24650	30.8437793427811
24656	30.8437793277531
24660	30.8437789182967
24664	30.8437784196841
24668	30.8437780663675
24674	30.8437769697153
24688	30.8437762995328
24712	30.8437760187028
24714	30.8437753752072
24730	30.8437745617584
24764	30.8437743046431
24776	30.8437742627652
24782	30.8437737728457
24790	30.843773256888
24818	30.8437731421803
24824	30.8437731162364
24828	30.8437725987348
24830	30.8437725366966
24836	30.8437716024121
24852	30.8437711883437
24854	30.8437704283643
24888	30.8437702723191
24902	30.8437702298013
24916	30.8437701118786
24918	30.8437698122961
24922	30.8437695471489
24928	30.8437690559939
24934	30.8437687916287
24942	30.8437679631565
24950	30.8437674653215
24990	30.8437668386775
24998	30.843766225733
25010	30.8437658199342
25028	30.8437657133665
25046	30.8437656622432
25048	30.843765650916
25052	30.8437656199274
25056	30.8437645885911
25058	30.8437642879361
25060	30.8437642014831
25078	30.8437638574297
25086	30.8437632901440
25092	30.8437622508943
25102	30.8437619815188
25116	30.8437618801108
25126	30.8437612516136
25152	30.8437611753017
25158	30.8437610755057
25180	30.8437609086612
25212	30.8437609007523
25218	30.8437608173694
25224	30.8437607796646
25238	30.8437603332557
25268	30.8437603297643
25288	30.8437602611212
25290	30.8437596511796
25292	30.8437593108664
25336	30.8437591649442
25350	30.8437588077588
25362	30.8437586698424
25372	30.8437584171837
25382	30.8437582643617
25384	30.8437582622074
25394	30.8437580275425
25418	30.8437579555144
25430	30.8437576049983
25446	30.8437572681558
25456	30.8437571587911
25486	30.8437569906684
25492	30.8437567797996
25544	30.8437567164894
25554	30.8437565153863
25566	30.8437564753444
25572	30.8437563744857
25578	30.8437562378490
25602	30.8437561123505
25620	30.8437557072272
25624	30.8437556829404
25632	30.8437552924422
25640	30.8437550015254
25660	30.8437545443961
25668	30.8437544751170
25670	30.8437542610805
25672	30.8437541334095
25678	30.8437540239714
25680	30.8437536053219
25684	30.8437534776642
25692	30.8437534521360
25708	30.8437528853989
25724	30.8437525746192
25728	30.8437525049599
25732	30.8437522677916
25756	30.8437521612885
25780	30.8437521379440
25782	30.8437519884826
25802	30.8437516835209
25836	30.8437513779632
25910	30.8437513648131
25916	30.8437513575321
25918	30.8437511447985
25924	30.8437510977091
25928	30.8437510672593
25940	30.8437508227049
25960	30.8437506914944
25980	30.8437505092481
25986	30.843750336992
25992	30.8437503049306
25998	30.8437502299669
26000	30.8437502200512
26006	30.8437502195545
26008	30.8437501447334
26024	30.843750117438
26036	30.8437500610488
26046	30.8437498864457
26058	30.8437498479118
26084	30.8437494470771
26086	30.8437494073296
26094	30.8437492707423
26102	30.8437489402792
26116	30.8437482903163
26138	30.8437482636172
26148	30.8437481080221
26162	30.8437480225984
26172	30.8437477219599
26182	30.8437474705699
26196	30.8437471204721
26206	30.8437470243817
26210	30.8437466062311
26214	30.8437464424107
26216	30.8437462198153
26244	30.8437461075906
26256	30.8437459569387
26262	30.8437454801112
26288	30.8437451675092
26310	30.8437449957702
26330	30.8437449669794
26334	30.8437444759069
26372	30.8437442767046
26376	30.8437439905467
26378	30.8437439815428
26380	30.8437436846740
26412	30.8437426538949
26438	30.8437421448511
26474	30.8437420484506
26484	30.8437419564825
26498	30.8437419215533
26514	30.8437417666418
26524	30.8437417347322
26530	30.8437408762749
26546	30.8437407318722
26556	30.8437405722202
26560	30.8437405646090
26588	30.8437403856071
26592	30.8437399525048
26614	30.8437399306673
26616	30.8437397953604
26620	30.8437397516628
26626	30.8437393710767
26642	30.8437392756048
26646	30.8437392480665
26650	30.8437388039926
26652	30.8437386673396
26656	30.8437385223390
26668	30.8437383509681
26680	30.8437379003657
26708	30.8437378385931
26716	30.8437376661283
26722	30.8437372554645
26730	30.8437368603729
26746	30.8437362596445
26760	30.8437362005254
26770	30.8437359722909
26772	30.8437357602844
26774	30.8437349964991
26788	30.8437345492019
26798	30.8437342039315
26800	30.8437341816934
26806	30.8437339608417
26814	30.8437339473593
26832	30.8437339283608
26834	30.8437339243719
26836	30.8437338482630
26838	30.8437336841003
26840	30.8437335783724
26854	30.8437330097676
26860	30.8437328543854
26862	30.8437322341002
26892	30.843731971709
26912	30.8437317719541
26914	30.8437312176090
26940	30.8437311281086
26942	30.8437309850754
26952	30.8437301962497
27002	30.8437295625549
27016	30.8437293443822
27022	30.8437291290846
27026	30.8437288861239
27032	30.8437287919263
27034	30.8437287517306
27038	30.8437286895673
27064	30.8437285055108
27082	30.8437283983101
27088	30.8437280751206
27090	30.8437280068471
27100	30.843727925663
27134	30.8437277102168
27136	30.8437275469305
27148	30.8437272311923
27188	30.843726943569
27206	30.8437266933631
27210	30.8437261884101
27226	30.8437261301425
27238	30.8437257947930
27268	30.8437256229034
27300	30.8437255816008
27336	30.8437255567052
27338	30.8437254993845
27342	30.8437252067711
27346	30.8437251597873
27348	30.8437251286616
27360	30.8437250397889
27370	30.8437250083653
27378	30.8437249224241
27382	30.8437249151484
27394	30.8437248344447
27406	30.8437248158154
27418	30.8437247399767
27430	30.8437245409265
27436	30.8437243752755
27464	30.8437242742822
27468	30.8437241641956
27488	30.8437240698542
27514	30.8437240697114
27516	30.8437239063429
27538	30.8437237965941
27560	30.8437237886617
27574	30.8437237225315
27588	30.8437235976284
27596	30.8437234283526
27644	30.8437233806188
27650	30.8437233661998
27652	30.8437233598837
27654	30.8437233420398
27662	30.8437233243629
27664	30.8437233229953
27672	30.8437232900824
27678	30.8437231801702
27680	30.8437231610031
27702	30.8437230729108
27712	30.8437230584224
27714	30.8437230057539
27740	30.8437227993901
27742	30.8437226613659
27748	30.8437226129961
27756	30.8437225837852
27770	30.8437223513659
27776	30.8437223090345
27790	30.8437222399796
27836	30.8437220661142
27864	30.8437219726968
27876	30.8437218910717
27886	30.8437215136889
27920	30.843721465715
27922	30.8437214176428
27926	30.8437213705991
27940	30.8437213554672
27972	30.8437210598949
27978	30.8437210568675
27984	30.8437209927877
28006	30.8437208203132
28008	30.8437206180600
28020	30.8437204108872
28042	30.8437204093976
28050	30.8437203448697
28064	30.8437202705785
28066	30.8437200744276
28084	30.8437200567428
28104	30.8437200289987
28122	30.8437199864265
28130	30.8437198192505
28132	30.8437197329715
28160	30.8437194540205
28170	30.8437194445805
28172	30.8437191999516
28196	30.8437190767955
28202	30.8437188410903
28212	30.8437187377304
28234	30.843718186599
28252	30.8437176481434
28276	30.8437164694577
28314	30.8437163697347
28324	30.8437163173116
28328	30.8437162517493
28336	30.8437161804567
28348	30.8437160732833
28356	30.8437158242123
28384	30.8437155294737
28416	30.8437153952513
28430	30.8437152690235
28442	30.8437151875640
28446	30.8437150470247
28458	30.8437148382075
28464	30.8437146027189
28486	30.8437144481706
28496	30.8437143869893
28518	30.8437143163464
28536	30.8437143153374
28540	30.8437142531434
28544	30.8437142305422
28552	30.8437139941205
28582	30.8437137601782
28618	30.8437136871073
28640	30.8437136801127
28654	30.8437136093224
28676	30.8437135772213
28682	30.8437135632152
28700	30.8437135001060
28710	30.8437134872668
28712	30.843713466384
28720	30.8437132436975
28726	30.84371322665
28730	30.8437131658939
28746	30.8437131030103
28748	30.8437129600841
28756	30.8437129242326
28764	30.8437129055457
28780	30.8437128563430
28786	30.843712799809
28806	30.8437126732257
28814	30.8437126724598
28816	30.8437125889018
28818	30.8437125465097
28822	30.8437123715673
28832	30.8437123592924
28834	30.8437123587040
28842	30.8437122859284
28846	30.8437122428817
28858	30.8437122248489
28864	30.8437121169886
28870	30.8437120775995
28884	30.8437119788748
28908	30.8437119145876
28916	30.8437118947782
28918	30.8437118905626
28930	30.8437118047992
28954	30.8437117288300
28968	30.8437116775795
28986	30.8437116646093
28998	30.8437115420755
29006	30.8437115298813
29012	30.8437115024589
29020	30.8437114893462
29028	30.8437114829695
29038	30.8437114453991
29040	30.8437113335876
29044	30.8437112766703
29052	30.8437112000358
29072	30.8437111878102
29090	30.8437110394769
29114	30.8437110186852
29118	30.8437109687501
29120	30.8437109255736
29126	30.8437109051285
29130	30.8437108514652
29146	30.8437107903313
29162	30.8437106594452
29192	30.8437106033976
29194	30.8437105581061
29214	30.8437105143094
29232	30.8437104601297
29238	30.8437104138849
29248	30.8437103843409
29262	30.8437103045627
29276	30.8437102897584
29282	30.8437102033199
29288	30.8437101568407
29292	30.843710150526
29294	30.8437100926673
29296	30.8437099280915
29302	30.8437098493888
29324	30.8437098114446
29346	30.8437097811779
29348	30.8437097185239
29360	30.8437096725957
29364	30.8437093453135
29402	30.8437093352218
29420	30.8437092223205
29422	30.8437091910761
29428	30.8437091547488
29438	30.8437091157207
29442	30.8437090262099
29448	30.8437089801103
29450	30.8437089663677
29452	30.8437089131986
29458	30.8437088264281
29466	30.8437087020100
29490	30.8437086808788
29504	30.8437086307058
29512	30.84370861704
29530	30.8437085103840
29540	30.8437084246657
29562	30.8437084031061
29572	30.8437083800749
29586	30.8437083720861
29592	30.8437083421094
29614	30.8437082904134
29622	30.8437082615815
29626	30.8437081965690
29632	30.8437081318943
29662	30.8437080517051
29706	30.8437080135603
29716	30.8437079752474
29726	30.8437079541864
29728	30.8437079249523
29768	30.8437079182858
29774	30.8437079072229
29782	30.8437078612772
29798	30.8437078559788
29806	30.8437078543958
29810	30.8437078362949
29814	30.8437078071864
29858	30.8437077866546
29868	30.8437077759305
29886	30.8437077699814
29910	30.8437077485366
29914	30.8437077073421
29934	30.8437077000160
29942	30.8437076981438
29946	30.8437076620696
29948	30.8437076603136
29980	30.8437076551158
29986	30.8437076457097
30000	30.8437075843961
30020	30.8437075686516
30026	30.8437075523439
30056	30.8437075341129
30074	30.8437075111204
30088	30.8437074982127
30092	30.8437074838449
30096	30.8437074737567
30102	30.8437074683679
30118	30.8437074395362
30132	30.8437074333604
30158	30.8437074249576
30172	30.8437074102004
30190	30.8437074086082
30198	30.8437073960063
30206	30.8437073945934
30220	30.8437073795402
30230	30.8437073707766
30242	30.8437073567624
30246	30.8437073399613
30276	30.8437073255431
30302	30.8437073199459
30310	30.8437073053578
30328	30.8437072704791
30334	30.8437072532432
30348	30.8437072528486
30350	30.8437072456408
30364	30.843707239134
30374	30.8437072376933
30378	30.8437072366013
30380	30.8437072261902
30384	30.8437071733207
30416	30.8437071730266
30422	30.8437071664182
30424	30.8437071539363
30426	30.8437071516632
30442	30.843707140959
30444	30.8437071340165
30454	30.8437071246893
30486	30.8437071230413
30504	30.8437071158485
30506	30.8437071033437
30516	30.8437070957116
30524	30.8437070904946
30540	30.8437070904028
30548	30.8437070894036
30554	30.8437070891203
30560	30.8437070885014
30566	30.8437070809934
30570	30.8437070673963
30572	30.8437070664719
30578	30.8437070660796
30582	30.8437070519288
30588	30.8437070499587
30596	30.8437070325444
30614	30.8437070280605
30620	30.84370701329
30636	30.8437070052571
30640	30.8437069859935
30680	30.8437069809423
30686	30.8437069702811
30700	30.8437069696083
30706	30.8437069632779
30716	30.8437069528030
30722	30.8437069519445
30724	30.8437069419736
30738	30.8437069131510
30756	30.8437069063189
30760	30.8437069058358
30762	30.8437069044251
30768	30.8437069041943
30770	30.8437068766542
30780	30.8437068750927
30782	30.8437068627890
30806	30.8437068405295
30828	30.8437068355361
30846	30.8437068239398
30860	30.843706800057
30874	30.8437067877085
30890	30.8437067785774
30892	30.8437067771077
30904	30.8437067677896
30906	30.8437067645065
30914	30.8437067500360
30918	30.8437067354394
30920	30.8437067315413
30934	30.8437067083045
30940	30.8437066768991
30976	30.8437066449538
30980	30.8437066359063
31002	30.843706604754
31040	30.8437065871874
31042	30.8437065818685
31050	30.8437065799719
31078	30.8437065721416
31084	30.8437065597822
31112	30.8437065418027
31138	30.8437065381206
31140	30.8437065167539
31146	30.8437064948102
31160	30.8437064914052
31172	30.8437064836165
31178	30.8437064689098
31198	30.8437064672091
31210	30.8437064575757
31236	30.8437064105038
31262	30.843706401286
31264	30.8437063802196
31274	30.8437063719500
31276	30.8437063669705
31286	30.8437063449083
31312	30.8437063096209
31316	30.8437062870512
31360	30.8437062790839
31362	30.8437062694048
31382	30.8437062647438
31414	30.8437062482433
31436	30.8437062466325
31454	30.8437062421682
31456	30.8437062387866
31458	30.8437062280489
31468	30.8437062224132
31494	30.8437062125465
31502	30.8437062053038
31526	30.8437062043513
31536	30.8437061908380
31550	30.8437061893173
31562	30.8437061722112
31576	30.8437061679267
31580	30.8437061545005
31590	30.843706137791
31604	30.8437061293806
31628	30.8437061261565
31632	30.8437061131976
31638	30.84370610499
31652	30.8437060970918
31658	30.8437060900649
31664	30.8437060800614
31704	30.8437060797736
31714	30.8437060733713
31716	30.8437060690109
31734	30.8437060611534
31740	30.8437060594911
31754	30.8437060585234
31776	30.8437060523344
31798	30.8437060497161
31800	30.8437060445984
31802	30.8437060417166
31828	30.8437060389933
31844	30.8437060372845
31846	30.8437060351587
31848	30.8437060338059
31856	30.8437060316866
31858	30.8437060257694
31862	30.8437060193718
31866	30.8437060182460
31880	30.8437060161674
31886	30.8437060101585
31888	30.8437060078346
31892	30.8437059989589
31900	30.8437059971728
31904	30.8437059848033
31912	30.8437059753377
31918	30.8437059697516
31926	30.8437059675712
31942	30.8437059596102
31946	30.8437059574772
31950	30.8437059431558
31986	30.8437059417572
31998	30.8437059395256
32006	30.8437059393457
32008	30.8437059358672
32020	30.8437059338637
32040	30.8437059327059
32056	30.8437059302352
32070	30.8437059243007
32098	30.8437059239558
32108	30.8437059181431
32150	30.8437059171947
32154	30.8437059160755
32156	30.8437059149825
32168	30.8437059135297
32176	30.8437059132760
32192	30.8437059102715
32208	30.8437059096023
32212	30.8437059081274
32222	30.8437059024113
32224	30.8437059019570
32236	30.8437058989884
32246	30.8437058956686
32266	30.8437058924316
32268	30.8437058910742
32270	30.8437058893117
32276	30.8437058877951
32290	30.8437058851309
32300	30.8437058757789
32304	30.8437058732277
32310	30.8437058723159
32332	30.8437058715742
32340	30.8437058608169
32368	30.8437058592899
32390	30.8437058576798
32406	30.8437058539822
32416	30.8437058531114
32422	30.8437058496984
32428	30.8437058465906
32448	30.8437058432873
32452	30.8437058402304
32474	30.8437058383348
32502	30.8437058334486
32512	30.8437058306340
32546	30.8437058291166
32578	30.8437058286992
32586	30.84370582655
32614	30.8437058248789
32628	30.8437058236787
32638	30.8437058232175
32664	30.8437058198178
32680	30.8437058184013
32690	30.8437058175034
32714	30.8437058174253
32726	30.8437058152326
32730	30.8437058132649
32800	30.8437058124967
32814	30.8437058115985
32816	30.8437058110799
32820	30.8437058109975
32830	30.8437058102891
32842	30.8437058102761
32846	30.8437058097741
32848	30.8437058084494
32876	30.8437058084039
32892	30.8437058082072
32898	30.8437058062216
32916	30.8437058060278
32924	30.8437058035726
32936	30.8437058035434
32940	30.8437058034517
32960	30.8437058032751
32968	30.8437058024284
32972	30.8437058014075
32982	30.8437057994783
32998	30.8437057987228
33012	30.8437057971621
33036	30.8437057968233
33040	30.8437057963346
33044	30.8437057941117
33054	30.843705792396
33056	30.8437057915247
33084	30.8437057892749
33108	30.8437057865024
33130	30.8437057862478
33156	30.8437057850560
33158	30.8437057827761
33176	30.8437057819194
33180	30.843705781701
33188	30.8437057816641
33196	30.8437057810818
33206	30.8437057797362
33238	30.8437057796923
33254	30.8437057780877
33274	30.8437057775050
33276	30.8437057767729
33290	30.8437057765440
33296	30.8437057760745
33298	30.8437057738947
33314	30.8437057719039
33334	30.8437057708273
33358	30.8437057694087
33362	30.8437057688341
33368	30.8437057686438
33378	30.8437057671666
33382	30.8437057671259
33392	30.8437057657522
33406	30.8437057635743
33418	30.8437057610825
33458	30.8437057609004
33468	30.8437057600096
33478	30.8437057595426
33484	30.8437057593618
33494	30.8437057589433
33496	30.8437057586455
33508	30.8437057560540
33526	30.8437057538481
33560	30.8437057509092
33562	30.8437057500621
33576	30.8437057493473
33584	30.8437057479121
33592	30.8437057465141
33606	30.8437057452686
33610	30.8437057437084
33618	30.8437057399206
33654	30.8437057392899
33672	30.8437057383824
33674	30.8437057364118
33682	30.8437057346869
33698	30.843705733798
33714	30.8437057326989
33726	30.8437057322990
33732	30.8437057304776
33736	30.8437057291322
33742	30.8437057288873
33754	30.8437057248925
33772	30.8437057247054
33774	30.8437057222698
33776	30.8437057203796
33780	30.8437057201909
33794	30.8437057193949
33800	30.8437057150487
33802	30.8437057093963
33804	30.8437057074453
33846	30.8437057071484
33850	30.8437057064623
33866	30.8437057046209
33892	30.8437057039
33900	30.843705703863
33902	30.8437057034647
33906	30.8437057031499
33918	30.8437057012666
33948	30.8437057010141
33950	30.8437057003196
33970	30.8437056998408
33972	30.8437056988737
33978	30.8437056977844
33984	30.8437056974066
34016	30.8437056972484
34020	30.8437056954492
34038	30.8437056948116
34054	30.8437056938652
34058	30.8437056927399
34078	30.8437056922890
34098	30.8437056910797
34126	30.8437056907971
34132	30.8437056890257
34146	30.8437056878012
34160	30.8437056839116
34178	30.8437056828046
34180	30.8437056803983
34194	30.8437056769718
34222	30.8437056762935
34236	30.8437056762613
34242	30.8437056755079
34264	30.8437056720579
34282	30.8437056711114
34290	30.8437056709106
34302	30.8437056655466
34378	30.8437056643703
34388	30.8437056625691
34422	30.8437056617311
34432	30.843705661064
34464	30.8437056600829
34472	30.8437056596476
34480	30.8437056584563
34492	30.8437056581488
34502	30.8437056576745
34516	30.8437056554571
34532	30.8437056541225
34542	30.8437056538007
34544	30.8437056528755
34556	30.8437056520707
34568	30.843705650754
34580	30.8437056498717
34582	30.8437056492209
34606	30.8437056482314
34612	30.8437056464974
34638	30.8437056460703
34660	30.8437056458109
34664	30.8437056455645
34674	30.8437056448961
34694	30.8437056445101
34706	30.8437056439878
34708	30.8437056417721
34752	30.8437056416928
34764	30.8437056413676
34776	30.8437056401755
34800	30.8437056396737
34816	30.8437056393789
34822	30.8437056391305
34832	30.8437056386349
34852	30.8437056386314
34856	30.8437056382755
34858	30.8437056379977
34864	30.8437056377105
34870	30.8437056376198
34876	30.8437056375628
34880	30.8437056371134
34902	30.8437056369115
34904	30.8437056368715
34906	30.8437056366643
34940	30.8437056366280
34950	30.8437056352878
34986	30.8437056343790
34992	30.8437056341021
35004	30.843705633894
35028	30.8437056337602
35030	30.8437056336484
35040	30.8437056331283
35092	30.8437056330514
35098	30.8437056330132
35102	30.8437056325269
35106	30.8437056322269
35110	30.8437056320879
35114	30.8437056319488
35120	30.8437056318862
35122	30.8437056318402
35128	30.8437056316663
35134	30.843705631634
35154	30.8437056311041
35172	30.8437056306324
35178	30.8437056301251
35204	30.8437056301147
35234	30.8437056298754
35250	30.8437056298011
35266	30.8437056296912
35300	30.8437056295527
35302	30.8437056290406
35318	30.8437056289196
35324	30.843705628854
35342	30.8437056287029
35346	30.8437056284107
35352	30.8437056282503
35384	30.8437056282487
35390	30.8437056281373
35394	30.8437056278033
35414	30.8437056273145
35436	30.8437056272237
35450	30.8437056265892
35464	30.8437056262979
35486	30.8437056261560
35492	30.843705625937
35498	30.8437056255889
35506	30.8437056250517
35536	30.8437056245848
35562	30.8437056242829
35570	30.8437056241053
35594	30.8437056236880
35598	30.8437056231655
35634	30.8437056230032
35636	30.8437056229949
35642	30.8437056229678
35646	30.8437056228355
35648	30.8437056226313
35658	30.8437056224363
35674	30.8437056221909
35696	30.8437056217632
35712	30.8437056214236
35718	30.8437056209331
35722	30.8437056207007
35726	30.8437056197459
35730	30.8437056194394
35746	30.8437056192611
35752	30.8437056191553
35756	30.8437056187777
35758	30.8437056187448
35764	30.8437056184833
35780	30.8437056184461
35788	30.8437056184052
35790	30.8437056179420
35796	30.8437056172919
35798	30.8437056159855
35814	30.8437056157918
35816	30.8437056148878
35820	30.8437056142327
35838	30.8437056129619
35842	30.8437056129070
35854	30.8437056114897
35864	30.8437056112502
35936	30.8437056109034
35950	30.8437056106705
35956	30.8437056099320
35972	30.8437056098147
35976	30.8437056096207
35980	30.8437056089681
35986	30.8437056086872
36018	30.8437056085474
36024	30.8437056083897
36028	30.8437056078521
36056	30.8437056074148
36058	30.8437056073173
36076	30.8437056070267
36086	30.8437056061572
36110	30.8437056057546
36128	30.8437056057231
36132	30.8437056057137
36136	30.8437056056464
36144	30.8437056054113
36148	30.8437056053697
36150	30.8437056030393
36164	30.8437056028983
36166	30.8437056022104
36198	30.8437056015322
36218	30.8437056015297
36220	30.8437056014536
36240	30.8437056013444
36272	30.8437056010797
36300	30.8437056008881
36314	30.8437056006843
36320	30.843705600388
36354	30.8437056001995
36362	30.8437055998103
36378	30.8437055997655
36386	30.8437055995895
36430	30.8437055995142
36432	30.8437055994741
36458	30.8437055993101
36474	30.8437055992909
36478	30.8437055992581
36486	30.8437055992478
36494	30.8437055991665
36500	30.8437055991241
36522	30.8437055987854
36536	30.8437055987467
36546	30.8437055985860
36584	30.8437055984927
36592	30.8437055984747
36608	30.8437055984671
36610	30.8437055984219
36614	30.8437055983468
36620	30.8437055982987
36628	30.843705598244
36644	30.843705598148
36650	30.8437055980918
36690	30.8437055980138
36696	30.8437055980126
36718	30.843705597985
36720	30.8437055977796
36754	30.8437055977097
36760	30.8437055976767
36764	30.8437055976082
36784	30.8437055973981
36798	30.8437055973037
36800	30.8437055972133
36810	30.8437055971919
36816	30.8437055970671
36822	30.8437055969686
36824	30.8437055969645
36826	30.8437055969004
36838	30.8437055968983
36850	30.8437055968122
36860	30.8437055967336
36866	30.8437055967279
36874	30.8437055966957
36878	30.8437055965546
36880	30.8437055964989
36888	30.8437055962021
36910	30.8437055960954
36930	30.8437055959283
36940	30.8437055958998
36952	30.8437055958088
36956	30.8437055952883
36962	30.8437055950600
36982	30.8437055947204
37000	30.8437055944488
37022	30.8437055944234
37032	30.8437055941073
37056	30.8437055939052
37066	30.8437055938974
37074	30.8437055938937
37080	30.8437055936407
37084	30.843705593602
37116	30.843705593584
37120	30.8437055934419
37130	30.8437055934056
37142	30.8437055933503
37152	30.8437055933023
37166	30.8437055930492
37178	30.8437055928774
37186	30.8437055928030
37206	30.8437055927133
37230	30.843705592694
37236	30.8437055926237
37240	30.8437055925811
37244	30.8437055925483
37250	30.8437055925055
37254	30.8437055923561
37264	30.8437055921216
37286	30.8437055920479
37316	30.8437055920140
37320	30.8437055919966
37324	30.8437055919786
37326	30.843705591934
37330	30.8437055915778
37352	30.8437055914985
37354	30.8437055912985
37368	30.8437055912717
37372	30.8437055912138
37376	30.8437055910659
37386	30.8437055909645
37388	30.8437055909327
37430	30.8437055908816
37444	30.8437055907384
37446	30.843705590719
37448	30.8437055907058
37462	30.8437055905995
37472	30.8437055902752
37496	30.843705590257
37500	30.8437055900349
37502	30.8437055899259
37518	30.8437055898580
37530	30.8437055897883
37540	30.8437055896731
37542	30.843705589581
37546	30.8437055894693
37566	30.8437055894121
37582	30.8437055894117
37594	30.8437055893006
37606	30.8437055892259
37610	30.8437055889421
37632	30.8437055888729
37652	30.8437055887836
37654	30.8437055886286
37662	30.8437055886150
37688	30.8437055885518
37690	30.8437055884777
37702	30.8437055882420
37716	30.8437055882258
37718	30.8437055881337
37732	30.8437055879484
37746	30.8437055877498
37754	30.8437055876766
37772	30.8437055875080
37798	30.8437055872298
37824	30.8437055871870
37848	30.8437055871583
37868	30.8437055870736
37882	30.8437055870076
37886	30.8437055869596
37890	30.8437055869412
37896	30.8437055867150
37912	30.843705586705
37928	30.8437055866309
37946	30.8437055865668
37966	30.8437055863323
37988	30.8437055863318
38004	30.8437055862766
38016	30.8437055861760
38036	30.8437055861290
38040	30.8437055860693
38042	30.8437055859375
38052	30.8437055858773
38068	30.8437055858092
38102	30.843705585768
38108	30.8437055857085
38150	30.8437055856351
38172	30.8437055856124
38210	30.8437055856011
38220	30.8437055855988
38222	30.8437055855544
38244	30.8437055855184
38254	30.8437055855085
38258	30.843705585449
38270	30.8437055854466
38276	30.8437055854451
38292	30.8437055853662
38316	30.8437055853557
38318	30.843705585321
38322	30.8437055852863
38350	30.8437055852749
38356	30.8437055852449
38362	30.8437055852398
38378	30.8437055852343
38390	30.8437055851822
38396	30.8437055851773
38410	30.8437055851292
38412	30.8437055850921
38434	30.84370558505
38446	30.8437055849770
38462	30.8437055849470
38466	30.8437055849441
38472	30.8437055848457
38484	30.8437055848421
38502	30.8437055848186
38512	30.8437055848160
38518	30.8437055847802
38536	30.8437055847798
38538	30.8437055847586
38542	30.8437055847475
38550	30.8437055846579
38556	30.8437055845085
38572	30.8437055845039
38582	30.843705584482
38586	30.8437055843763
38612	30.8437055843743
38618	30.8437055843305
38634	30.8437055843181
38644	30.8437055842346
38648	30.8437055841931
38658	30.8437055841771
38672	30.8437055841696
38674	30.8437055841691
38676	30.8437055841434
38686	30.8437055840744
38694	30.8437055840306
38700	30.8437055839447
38730	30.8437055839159
38734	30.8437055838933
38746	30.8437055838881
38752	30.8437055837996
38770	30.8437055837456
38790	30.8437055836413
38810	30.8437055835208
38832	30.8437055833339
38838	30.8437055833241
38842	30.8437055832999
38854	30.8437055832444
38862	30.8437055832079
38884	30.8437055830992
38916	30.8437055830892
38922	30.8437055830891
38928	30.8437055830701
38938	30.843705583042
38942	30.8437055830071
38948	30.8437055829598
38962	30.8437055829286
38992	30.8437055829183
39004	30.8437055829063
39006	30.8437055829039
39024	30.8437055828165
39048	30.8437055828021
39062	30.8437055827668
39074	30.8437055827667
39076	30.8437055827331
39100	30.8437055826883
39112	30.8437055826611
39126	30.8437055826404
39150	30.8437055826259
39172	30.8437055826182
39200	30.8437055826179
39208	30.8437055826132
39210	30.8437055825971
39216	30.8437055825671
39228	30.8437055825548
39262	30.8437055825128
39304	30.8437055824695
39328	30.8437055824511
39336	30.8437055824302
39346	30.8437055824060
39382	30.8437055823816
39386	30.8437055823627
39390	30.8437055823617
39402	30.8437055823418
39408	30.8437055823299
39424	30.8437055823274
39440	30.8437055822967
39456	30.8437055822873
39464	30.8437055822833
39470	30.8437055822778
39492	30.8437055822759
39496	30.8437055822616
39508	30.843705582241
39518	30.8437055822374
39522	30.8437055822370
39524	30.8437055822090
39556	30.8437055821994
39562	30.8437055821959
39568	30.8437055821736
39608	30.8437055821622
39634	30.8437055821573
39652	30.8437055821507
39658	30.8437055821374
39674	30.8437055821146
39682	30.8437055820785
39698	30.8437055820545
39712	30.8437055820215
39722	30.8437055820166
39730	30.8437055819806
39784	30.8437055819736
39800	30.8437055819689
39812	30.8437055819674
39814	30.8437055819534
39822	30.8437055819354
39826	30.8437055819212
39848	30.8437055819131
39854	30.8437055819111
39864	30.8437055819050
39888	30.8437055819046
39894	30.8437055818926
39918	30.8437055818858
39928	30.8437055818819
39930	30.8437055818818
39936	30.8437055818763
39948	30.8437055818695
39958	30.8437055818605
39992	30.8437055818527
40008	30.8437055818487
40018	30.8437055818332
40030	30.8437055818325
40036	30.8437055818297
40044	30.8437055818074
40050	30.8437055818044
40056	30.8437055817954
40068	30.8437055817923
40082	30.8437055817857
40108	30.8437055817831
40112	30.8437055817797
40120	30.8437055817722
40136	30.8437055817627
40146	30.8437055817567
40156	30.8437055817555
40166	30.8437055817539
40170	30.8437055817493
40186	30.8437055817440
40188	30.8437055817404
40198	30.8437055817261
40204	30.8437055817179
40222	30.8437055817143
40226	30.8437055817111
40228	30.8437055817026
40248	30.8437055816971
40252	30.8437055816882
40262	30.8437055816873
40282	30.8437055816836
40286	30.8437055816818
40292	30.8437055816787
40298	30.8437055816778
40308	30.8437055816764
40312	30.8437055816547
40316	30.8437055816528
40348	30.8437055816393
40352	30.843705581623
40386	30.8437055816124
40388	30.8437055816029
40394	30.8437055815912
40398	30.8437055815733
40408	30.843705581573
40420	30.8437055815548
40442	30.8437055815491
40452	30.8437055815269
40466	30.8437055815264
40470	30.8437055815221
40484	30.8437055815199
40490	30.8437055815183
40492	30.843705581518
40496	30.8437055814974
40512	30.8437055814864
40514	30.8437055814853
40516	30.8437055814839
40520	30.8437055814790
40534	30.8437055814619
40558	30.8437055814603
40560	30.8437055814573
40566	30.8437055814506
40568	30.8437055814449
40570	30.8437055814176
40616	30.8437055814148
40628	30.8437055814143
40652	30.8437055814102
40654	30.8437055814084
40658	30.8437055814055
40660	30.8437055813962
40668	30.8437055813954
40674	30.8437055813934
40680	30.8437055813846
40706	30.8437055813825
40718	30.8437055813761
40740	30.8437055813741
40746	30.8437055813651
40770	30.8437055813609
40784	30.8437055813506
40818	30.8437055813453
40832	30.8437055813443
40858	30.8437055813431
40866	30.8437055813407
40876	30.8437055813376
40884	30.8437055813357
40890	30.8437055813335
40900	30.8437055813301
40910	30.8437055813285
40930	30.8437055813277
40942	30.8437055813261
40948	30.8437055813214
40952	30.8437055813118
41032	30.8437055813115
41034	30.8437055813115
41038	30.8437055813103
41046	30.8437055813099
41048	30.8437055813074
41050	30.843705581304
41064	30.8437055813029
41068	30.8437055813004
41096	30.8437055812972
41102	30.8437055812971
41118	30.8437055812945
41124	30.8437055812909
41134	30.8437055812905
41136	30.8437055812901
41142	30.8437055812878
41150	30.8437055812822
41164	30.8437055812821
41166	30.8437055812792
41188	30.843705581275
41190	30.8437055812703
41196	30.8437055812696
41206	30.8437055812646
41224	30.8437055812612
41226	30.8437055812547
41246	30.8437055812536
41300	30.843705581251
41302	30.8437055812475
41312	30.8437055812437
41334	30.8437055812392
41354	30.8437055812357
41368	30.8437055812347
41374	30.8437055812334
41394	30.8437055812332
41396	30.8437055812304
41416	30.8437055812297
41422	30.8437055812262
41428	30.8437055812240
41436	30.8437055812234
41444	30.8437055812205
41454	30.8437055812183
41482	30.843705581216
41508	30.8437055812109
41526	30.843705581208
41534	30.8437055811973
41552	30.8437055811903
41562	30.8437055811888
41566	30.8437055811854
41574	30.8437055811844
41590	30.8437055811812
41592	30.8437055811794
41600	30.8437055811786
41610	30.8437055811782
41612	30.8437055811768
41616	30.8437055811758
41638	30.8437055811700
41650	30.8437055811658
41660	30.8437055811631
41668	30.8437055811626
41670	30.8437055811623
41676	30.8437055811618
41682	30.8437055811615
41696	30.8437055811589
41714	30.8437055811574
41716	30.8437055811548
41734	30.8437055811523
41740	30.8437055811477
41762	30.8437055811475
41764	30.8437055811419
41768	30.8437055811404
41778	30.8437055811365
41786	30.8437055811344
41796	30.8437055811319
41800	30.8437055811267
41838	30.8437055811241
41840	30.8437055811226
41842	30.8437055811162
41848	30.8437055811148
41854	30.8437055811144
41868	30.8437055811139
41872	30.8437055811097
41878	30.8437055811096
41882	30.8437055811056
41896	30.8437055811048
41902	30.8437055810982
41922	30.8437055810958
41950	30.8437055810925
41952	30.8437055810921
41982	30.8437055810902
41984	30.84370558109
41986	30.8437055810896
41990	30.843705581089
41992	30.8437055810878
41994	30.8437055810877
42000	30.8437055810876
42004	30.8437055810873
42016	30.8437055810856
42036	30.8437055810804
42062	30.8437055810786
42068	30.8437055810780
42086	30.8437055810749
42104	30.8437055810747
42120	30.8437055810739
42142	30.8437055810715
42162	30.8437055810696
42194	30.8437055810681
42216	30.8437055810658
42244	30.8437055810628
42252	30.8437055810625
42258	30.8437055810622
42278	30.8437055810612
42288	30.8437055810586
42308	30.8437055810578
42314	30.8437055810562
42324	30.8437055810524
42330	30.8437055810499
42350	30.8437055810455
42388	30.8437055810425
42396	30.8437055810414
42414	30.8437055810397
42424	30.8437055810373
42436	30.8437055810362
42440	30.8437055810320
42466	30.8437055810310
42482	30.8437055810303
42490	30.8437055810302
42494	30.8437055810281
42522	30.8437055810270
42524	30.8437055810233
42558	30.8437055810230
42568	30.8437055810189
42612	30.8437055810187
42620	30.8437055810182
42642	30.8437055810175
42644	30.843705581016
42648	30.8437055810159
42672	30.8437055810149
42676	30.8437055810148
42686	30.8437055810148
42708	30.8437055810145
42710	30.8437055810143
42712	30.8437055810140
42722	30.8437055810131
42726	30.8437055810120
42732	30.84370558101
42734	30.8437055810098
42752	30.8437055810095
42758	30.8437055810083
42776	30.8437055810079
42786	30.8437055810057
42810	30.8437055810048
42816	30.8437055810027
42836	30.8437055810000
42842	30.8437055809999
42848	30.8437055809997
42872	30.8437055809994
42874	30.8437055809988
42882	30.8437055809982
42898	30.8437055809973
42906	30.8437055809961
42922	30.8437055809955
42938	30.8437055809935
42960	30.8437055809922
42964	30.8437055809921
42972	30.843705580989
43030	30.8437055809890
43038	30.8437055809887
43054	30.8437055809883
43062	30.8437055809866
43076	30.8437055809862
43084	30.8437055809839
43090	30.8437055809834
43098	30.8437055809827
43104	30.8437055809823
43122	30.8437055809814
43136	30.8437055809792
43148	30.8437055809786
43156	30.8437055809782
43168	30.8437055809774
43174	30.8437055809766
43186	30.8437055809754
43196	30.8437055809754
43198	30.8437055809749
43202	30.8437055809748
43212	30.8437055809726
43226	30.8437055809699
43240	30.8437055809656
43248	30.8437055809650
43254	30.8437055809635
43264	30.8437055809609
43278	30.8437055809597
43298	30.8437055809581
43306	30.8437055809537
43346	30.8437055809533
43350	30.8437055809528
43370	30.8437055809522
43384	30.8437055809512
43400	30.8437055809510
43406	30.8437055809505
43410	30.8437055809499
43428	30.8437055809495
43434	30.8437055809494
43450	30.8437055809489
43460	30.8437055809488
43474	30.8437055809482
43488	30.8437055809480
43504	30.8437055809479
43508	30.8437055809477
43518	30.8437055809473
43550	30.8437055809473
43558	30.8437055809472
43574	30.8437055809461
43592	30.8437055809457
43594	30.8437055809451
43616	30.8437055809451
43626	30.8437055809444
43640	30.8437055809442
43646	30.8437055809435
43690	30.8437055809431
43700	30.8437055809428
43708	30.8437055809427
43710	30.8437055809422
43722	30.8437055809418
43728	30.8437055809417
43732	30.8437055809416
43740	30.8437055809407
43756	30.8437055809407
43758	30.8437055809406
43764	30.8437055809397
43802	30.8437055809394
43818	30.8437055809385
43824	30.8437055809383
43826	30.8437055809379
43832	30.8437055809379
43842	30.8437055809376
43846	30.8437055809375
43850	30.8437055809371
43856	30.8437055809368
43870	30.8437055809355
43884	30.8437055809354
43886	30.8437055809352
43888	30.8437055809349
43890	30.843705580934
43902	30.8437055809335
43912	30.8437055809319
43944	30.8437055809316
43994	30.8437055809302
43996	30.8437055809295
44004	30.8437055809291
44010	30.8437055809290
44018	30.8437055809289
44020	30.8437055809281
44036	30.8437055809280
44038	30.8437055809275
44052	30.8437055809274
44068	30.8437055809271
44070	30.8437055809267
44074	30.8437055809265
44078	30.8437055809260
44086	30.8437055809254
44096	30.8437055809244
44104	30.8437055809232
44110	30.8437055809225
44126	30.8437055809212
44132	30.8437055809211
44136	30.8437055809209
44140	30.8437055809188
44158	30.8437055809162
44174	30.8437055809142
44190	30.8437055809125
44208	30.8437055809125
44210	30.8437055809117
44228	30.8437055809107
44254	30.8437055809073
44260	30.8437055809039
44288	30.8437055809036
44294	30.8437055809032
44298	30.8437055809025
44308	30.8437055809021
44320	30.8437055808975
44328	30.8437055808961
44344	30.8437055808947
44382	30.8437055808937
44394	30.8437055808896
44398	30.8437055808883
44420	30.8437055808880
44428	30.8437055808871
44454	30.8437055808865
44460	30.8437055808856
44468	30.8437055808854
44486	30.843705580885
44500	30.8437055808841
44514	30.8437055808838
44516	30.843705580883
44524	30.8437055808822
44536	30.8437055808819
44566	30.8437055808804
44568	30.8437055808794
44582	30.843705580879
44598	30.8437055808784
44600	30.8437055808783
44610	30.8437055808777
44624	30.8437055808777
44632	30.8437055808758
44652	30.8437055808747
44668	30.8437055808736
44678	30.8437055808731
44688	30.8437055808713
44702	30.8437055808711
44724	30.8437055808703
44734	30.8437055808697
44754	30.8437055808691
44764	30.8437055808686
44772	30.8437055808681
44798	30.8437055808662
44808	30.8437055808657
44816	30.8437055808655
44844	30.8437055808653
44852	30.8437055808651
44860	30.8437055808648
44862	30.8437055808646
44868	30.843705580864
44882	30.843705580863
44894	30.8437055808611
44920	30.8437055808607
44946	30.8437055808607
44948	30.8437055808593
44966	30.8437055808590
44978	30.8437055808587
44980	30.8437055808587
44982	30.8437055808583
44986	30.8437055808582
44992	30.8437055808573
45032	30.8437055808563
45054	30.8437055808553
45070	30.8437055808549
45076	30.8437055808544
45088	30.8437055808539
45092	30.8437055808537
45096	30.8437055808528
45118	30.8437055808513
45132	30.8437055808508
45152	30.8437055808506
45172	30.8437055808504
45184	30.8437055808501
45186	30.8437055808480
45206	30.8437055808474
45228	30.8437055808459
45242	30.8437055808455
45258	30.8437055808449
45268	30.8437055808449
45278	30.8437055808437
45302	30.8437055808428
45308	30.8437055808418
45312	30.8437055808417
45318	30.8437055808414
45334	30.8437055808411
45344	30.8437055808404
45350	30.8437055808403
45356	30.8437055808402
45378	30.8437055808401
45382	30.8437055808397
45392	30.8437055808396
45398	30.8437055808393
45402	30.8437055808384
45408	30.8437055808383
45412	30.8437055808381
45426	30.8437055808379
45428	30.8437055808378
45442	30.8437055808373
45450	30.8437055808371
45454	30.8437055808353
45464	30.8437055808349
45470	30.8437055808339
45486	30.8437055808332
45506	30.8437055808331
45516	30.8437055808327
45534	30.8437055808325
45540	30.8437055808316
45554	30.8437055808312
45564	30.8437055808305
45586	30.8437055808304
45598	30.8437055808300
45614	30.8437055808296
45616	30.8437055808294
45642	30.8437055808291
45658	30.8437055808289
45662	30.8437055808284
45668	30.8437055808275
45682	30.8437055808264
45706	30.8437055808251
45768	30.8437055808248
45790	30.8437055808247
45802	30.8437055808245
45806	30.8437055808242
45818	30.8437055808241
45820	30.8437055808234
45840	30.8437055808222
45864	30.8437055808216
45866	30.8437055808209
45870	30.8437055808207
45880	30.8437055808204
45882	30.8437055808196
45908	30.8437055808193
45926	30.8437055808192
45928	30.8437055808189
45970	30.8437055808188
45980	30.8437055808187
45984	30.8437055808186
45994	30.8437055808184
46014	30.8437055808183
46034	30.8437055808179
46052	30.8437055808175
46054	30.8437055808173
46068	30.8437055808171
46072	30.8437055808170
46078	30.8437055808167
46084	30.8437055808166
46100	30.8437055808162
46102	30.843705580816
46116	30.8437055808159
46128	30.8437055808157
46148	30.8437055808156
46150	30.8437055808154
46164	30.843705580815
46166	30.8437055808146
46200	30.8437055808145
46202	30.8437055808145
46204	30.8437055808142
46206	30.8437055808142
46208	30.8437055808139
46214	30.8437055808137
46280	30.8437055808135
46282	30.8437055808135
46286	30.8437055808135
46288	30.8437055808133
46294	30.8437055808132
46320	30.843705580813
46326	30.8437055808129
46342	30.8437055808127
46354	30.8437055808127
46356	30.8437055808127
46360	30.8437055808125
46372	30.8437055808125
46374	30.8437055808124
46388	30.843705580812
46438	30.8437055808119
46448	30.8437055808119
46452	30.8437055808117
46464	30.8437055808117
46478	30.8437055808116
46492	30.8437055808116
46506	30.8437055808115
46510	30.8437055808114
46540	30.8437055808114
46550	30.8437055808114
46562	30.8437055808113
46590	30.8437055808113
46602	30.8437055808113
46614	30.8437055808113
46622	30.8437055808112
46634	30.8437055808112
46650	30.8437055808111
46654	30.8437055808111
46662	30.8437055808111
46670	30.843705580811
46692	30.8437055808109
46700	30.8437055808109
46708	30.8437055808109
46712	30.8437055808108
46716	30.8437055808108
46748	30.8437055808108
46766	30.8437055808107
46770	30.8437055808106
46784	30.8437055808106
46794	30.8437055808106
46806	30.8437055808106
46808	30.8437055808105
46830	30.8437055808104
46840	30.8437055808104
46846	30.8437055808104
46860	30.8437055808102
46866	30.8437055808102
46868	30.8437055808102
46874	30.8437055808101
46876	30.8437055808101
46896	30.8437055808100
46904	30.84370558081
46920	30.84370558081
46926	30.8437055808099
46942	30.8437055808097
46966	30.8437055808097
46970	30.8437055808096
46974	30.8437055808095
46978	30.8437055808094
47000	30.8437055808093
47014	30.8437055808093
47018	30.8437055808086
47044	30.8437055808084
47096	30.8437055808083
47102	30.8437055808083
47104	30.8437055808082
47126	30.8437055808081
47128	30.8437055808081
47130	30.8437055808080
47150	30.843705580808
47152	30.8437055808079
47168	30.8437055808078
47170	30.8437055808077
47176	30.8437055808077
47206	30.8437055808076
47210	30.8437055808075
47226	30.8437055808075
47252	30.8437055808075
47258	30.8437055808075
47266	30.8437055808073
47268	30.8437055808072
47276	30.8437055808072
47278	30.8437055808072
47284	30.8437055808072
47290	30.8437055808071
47296	30.843705580807
47316	30.8437055808069
47324	30.8437055808068
47340	30.8437055808066
47344	30.8437055808064
47350	30.8437055808064
47356	30.8437055808063
47372	30.8437055808062
47380	30.8437055808062
47386	30.8437055808061
47402	30.8437055808061
47412	30.843705580806
47420	30.8437055808058
47440	30.8437055808057
47472	30.8437055808057
47476	30.8437055808056
47498	30.8437055808056
47500	30.8437055808054
47534	30.8437055808054
47560	30.8437055808054
47566	30.8437055808054
47568	30.8437055808053
47572	30.8437055808053
47574	30.8437055808053
47586	30.8437055808053
47590	30.8437055808052
47594	30.8437055808052
47606	30.8437055808051
47634	30.8437055808051
47652	30.8437055808051
47660	30.8437055808051
47664	30.8437055808051
47666	30.8437055808050
47680	30.8437055808049
47686	30.8437055808049
47704	30.8437055808049
47706	30.8437055808049
47716	30.8437055808048
47720	30.8437055808047
47726	30.8437055808047
47750	30.8437055808047
47774	30.8437055808047
47790	30.8437055808046
47812	30.8437055808045
47830	30.8437055808045
47856	30.8437055808045
47860	30.8437055808045
47862	30.8437055808044
47892	30.8437055808044
47902	30.8437055808044
47918	30.8437055808044
47944	30.8437055808043
47946	30.8437055808043
47958	30.8437055808043
47960	30.8437055808042
47968	30.8437055808042
47976	30.8437055808041
48000	30.8437055808041
48004	30.8437055808040
48020	30.843705580804
48032	30.843705580804
48034	30.843705580804
48036	30.8437055808040
48042	30.8437055808039
48048	30.8437055808039
48064	30.8437055808038
48082	30.8437055808037
48092	30.8437055808037
48100	30.8437055808036
48106	30.8437055808036
48108	30.8437055808035
48140	30.8437055808035
48162	30.8437055808034
48208	30.8437055808034
48226	30.8437055808033
48252	30.8437055808032
48280	30.8437055808032
48284	30.8437055808032
48296	30.8437055808032
48298	30.8437055808031
48310	30.8437055808030
48320	30.843705580803
48332	30.8437055808029
48374	30.8437055808028
48396	30.8437055808028
48416	30.8437055808027
48422	30.8437055808027
48434	30.8437055808026
48442	30.8437055808026
48458	30.8437055808026
48468	30.8437055808026
48474	30.8437055808025
48476	30.8437055808025
48500	30.8437055808024
48510	30.8437055808024
48514	30.8437055808023
48516	30.8437055808022
48536	30.8437055808022
48554	30.8437055808021
48558	30.8437055808021
48568	30.843705580802
48574	30.8437055808019
48596	30.8437055808019
48616	30.8437055808019
48628	30.8437055808018
48632	30.8437055808018
48656	30.8437055808016
48670	30.8437055808015
48678	30.8437055808015
48696	30.8437055808014
48728	30.8437055808014
48740	30.8437055808014
48770	30.8437055808013
48790	30.8437055808011
48814	30.8437055808011
48836	30.8437055808010
48866	30.843705580801
48888	30.8437055808010
48916	30.8437055808009
48928	30.8437055808009
48946	30.8437055808009
48956	30.8437055808009
48982	30.8437055808009
49012	30.8437055808009
49016	30.8437055808008
49022	30.8437055808008
49024	30.8437055808008
49026	30.8437055808008
49036	30.8437055808007
49050	30.8437055808007
49052	30.8437055808007
49064	30.8437055808007
49070	30.8437055808007
49092	30.8437055808007
49104	30.8437055808006
49172	30.8437055808006
49176	30.8437055808006
49186	30.8437055808006
49194	30.8437055808006
49198	30.8437055808006
49212	30.8437055808005
49240	30.8437055808005
49244	30.8437055808005
49280	30.8437055808005
49282	30.8437055808005
49306	30.8437055808005
49308	30.8437055808005
49328	30.8437055808005
49342	30.8437055808004
49346	30.8437055808004
49350	30.8437055808004
49362	30.8437055808004
49404	30.8437055808004
49406	30.8437055808004
49408	30.8437055808004
49410	30.8437055808004
49426	30.8437055808003
49440	30.8437055808003
49446	30.8437055808003
49458	30.8437055808002
49466	30.8437055808002
49472	30.8437055808002
49476	30.8437055808002
49486	30.8437055808002
49506	30.8437055808001
49544	30.8437055808001
49546	30.8437055808001
49572	30.8437055808000
49592	30.8437055808
49608	30.8437055808
49626	30.8437055808
49630	30.8437055808
49636	30.8437055808
49644	30.8437055808000
49656	30.8437055808000
49680	30.8437055807999
49690	30.8437055807999
49694	30.8437055807999
49720	30.8437055807999
49722	30.8437055807999
49754	30.8437055807999
49758	30.8437055807998
49760	30.8437055807998
49776	30.8437055807998
49778	30.8437055807997
49794	30.8437055807997
49834	30.8437055807997
49840	30.8437055807997
49856	30.8437055807996
49878	30.8437055807996
49916	30.8437055807996
49920	30.8437055807996
49932	30.8437055807996
49938	30.8437055807995
49944	30.8437055807995
49954	30.8437055807995
49972	30.8437055807995
49988	30.8437055807995
49990	30.8437055807995
49992	30.8437055807994
50008	30.8437055807994
50036	30.8437055807994
50042	30.8437055807994
50044	30.8437055807993
50046	30.8437055807993
50050	30.8437055807993
50054	30.8437055807992
50068	30.8437055807992
50070	30.8437055807992
50076	30.8437055807992
50096	30.8437055807992
50106	30.8437055807992
50118	30.8437055807992
50128	30.8437055807991
50134	30.8437055807991
50144	30.8437055807991
50154	30.8437055807991
50182	30.8437055807991
50188	30.843705580799
50200	30.843705580799
50214	30.8437055807990
50234	30.8437055807989
50242	30.8437055807989
50274	30.8437055807989
50284	30.8437055807988
50296	30.8437055807988
50320	30.8437055807988
50330	30.8437055807988
50342	30.8437055807987
50350	30.8437055807987
50360	30.8437055807987
50378	30.8437055807987
50426	30.8437055807987
50430	30.8437055807986
50466	30.8437055807986
50496	30.8437055807986
50498	30.8437055807986
50508	30.8437055807986
50524	30.8437055807986
50532	30.8437055807986
50546	30.8437055807986
50550	30.8437055807985
50570	30.8437055807985
50610	30.8437055807985
50614	30.8437055807985
50616	30.8437055807985
50618	30.8437055807985
50622	30.8437055807985
50628	30.8437055807984
50636	30.8437055807984
50650	30.8437055807983
50672	30.8437055807983
50680	30.8437055807983
50720	30.8437055807983
50748	30.8437055807982
50754	30.8437055807982
50780	30.8437055807982
50796	30.8437055807982
50820	30.8437055807982
50826	30.8437055807982
50840	30.8437055807982
50844	30.8437055807982
50852	30.8437055807982
50902	30.8437055807982
50906	30.8437055807981
50932	30.8437055807981
50946	30.8437055807981
50998	30.8437055807981
51022	30.8437055807981
51032	30.8437055807981
51052	30.8437055807981
51058	30.8437055807981
51084	30.8437055807981
51100	30.8437055807981
51118	30.8437055807981
51136	30.8437055807981
51146	30.8437055807981
51216	30.8437055807981
51226	30.8437055807981
51240	30.8437055807981
51246	30.8437055807980
51302	30.8437055807980
51314	30.843705580798
51378	30.843705580798
51388	30.843705580798
51446	30.843705580798
51460	30.843705580798
51464	30.843705580798
51508	30.843705580798
51554	30.843705580798
51562	30.843705580798
51590	30.8437055807980
51602	30.8437055807979
51612	30.8437055807979
51628	30.8437055807979
51634	30.8437055807979
51656	30.8437055807979
51662	30.8437055807979
51684	30.8437055807979
51778	30.8437055807979
51794	30.8437055807979
51824	30.8437055807979
51826	30.8437055807979
51846	30.8437055807978
51872	30.8437055807978
51874	30.8437055807978
51882	30.8437055807978
51888	30.8437055807978
51906	30.8437055807978
51944	30.8437055807978
51960	30.8437055807978
51968	30.8437055807978
51970	30.8437055807978
51984	30.8437055807978
52028	30.8437055807978
52054	30.8437055807978
52088	30.8437055807978
52124	30.8437055807978
52136	30.8437055807978
52190	30.8437055807978
52212	30.8437055807978
52240	30.8437055807978
52274	30.8437055807978
52306	30.8437055807977
52398	30.8437055807977
52540	30.8437055807977
52602	30.8437055807977
52698	30.8437055807977
52722	30.8437055807977
52736	30.8437055807977
52768	30.8437055807977
52806	30.8437055807977
52866	30.8437055807977
52928	30.8437055807977
52944	30.8437055807977
52968	30.8437055807977
53030	30.8437055807977
53084	30.8437055807976
53114	30.8437055807976
53140	30.8437055807976
53170	30.8437055807976
53188	30.8437055807976
53202	30.8437055807976
53208	30.8437055807976
53240	30.8437055807976
53272	30.8437055807976
53300	30.8437055807976
53334	30.8437055807976
53352	30.8437055807976
53402	30.8437055807975
53480	30.8437055807975
53486	30.8437055807975
53496	30.8437055807975
53522	30.8437055807975
53592	30.8437055807975
53616	30.8437055807975
53624	30.8437055807975
53662	30.8437055807975
53696	30.8437055807975
53734	30.8437055807975
53738	30.8437055807975
53774	30.8437055807975
53834	30.8437055807975
53844	30.8437055807975
53936	30.8437055807975
53950	30.8437055807975
54100	30.8437055807974
54328	30.8437055807974
54460	30.8437055807974
54490	30.8437055807974
54602	30.8437055807974
54672	30.8437055807974
54716	30.8437055807974
54746	30.8437055807974
54914	30.8437055807974
54946	30.8437055807974
54974	30.8437055807974
54992	30.8437055807974
55012	30.8437055807974
55062	30.8437055807974
55114	30.8437055807973
55172	30.8437055807973
55178	30.8437055807973
55216	30.8437055807973
55226	30.8437055807973
55240	30.8437055807973
55250	30.8437055807973
55304	30.8437055807973
55322	30.8437055807973
55390	30.8437055807973
55440	30.8437055807973
55506	30.8437055807973
55544	30.8437055807973
55578	30.8437055807973
55652	30.8437055807973
55684	30.8437055807973
55686	30.8437055807972
55690	30.8437055807972
55698	30.8437055807972
55706	30.8437055807972
55736	30.8437055807972
55746	30.8437055807972
55784	30.8437055807972
55792	30.8437055807972
55836	30.8437055807972
55874	30.8437055807972
55896	30.8437055807972
55928	30.8437055807972
55934	30.8437055807971
55940	30.8437055807971
55948	30.8437055807971
55954	30.8437055807971
55962	30.8437055807971
55964	30.8437055807971
55966	30.8437055807971
55982	30.8437055807971
56008	30.8437055807970
56076	30.843705580797
56116	30.843705580797
56146	30.843705580797
56176	30.843705580797
56182	30.843705580797
56224	30.843705580797
56230	30.843705580797
56240	30.843705580797
56314	30.843705580797
56320	30.843705580797
56362	30.8437055807970
56416	30.8437055807970
56526	30.8437055807969
56548	30.8437055807969
56558	30.8437055807969
56562	30.8437055807969
56588	30.8437055807969
56600	30.8437055807969
56674	30.8437055807969
56850	30.8437055807969
56914	30.8437055807969
57016	30.8437055807969
57030	30.8437055807969
57624	30.8437055807969
57764	30.8437055807969
58016	30.8437055807969
58156	30.8437055807969
58314	30.8437055807968
58670	30.8437055807968
58930	30.8437055807968
59008	30.8437055807968
59016	30.8437055807968
59060	30.8437055807968
59162	30.8437055807968
59410	30.8437055807968
59564	30.8437055807968
59818	30.8437055807968
60400	30.8437055807968
60574	30.8437055807968
60680	30.8437055807968
60714	30.8437055807967
60724	30.8437055807967
60734	30.8437055807967
60814	30.8437055807967
60846	30.8437055807967
60916	30.8437055807967
60988	30.8437055807967
61072	30.8437055807967
61392	30.8437055807967
62510	30.8437055807967
64250	30.8437055807967
64738	30.8437055807967
65026	30.8437055807967
68376	30.8437055807967
69946	30.8437055807967
71304	30.8437055807967
71666	30.8437055807966
73422	30.8437055807966
102428	30.8437055807966
300000	30.8437055807966
