52	489.138623652206
54	344.86249530336
142	329.496312293195
172	315.651199891683
192	282.863443747811
260	276.593895166412
336	275.954623431680
420	273.233117534463
468	261.044717621783
552	230.188605910987
1150	226.122413334451
1574	223.087859241784
1908	219.920821605386
2038	218.354546646734
2142	198.668597067109
2256	191.833017667451
2296	171.959430806233
2528	146.138378421953
2536	130.830214636632
2592	127.369826465128
2634	122.233180182947
2640	110.101660997948
2654	105.244889191403
2666	105.208849133041
2714	103.154455780087
2722	96.541430629552
2780	95.2443268277126
2794	92.50719227865
2820	91.135847143584
2822	90.8741776288592
2854	90.1463221813449
2862	90.0350128436393
2878	87.8293593124321
2884	87.7321548684533
2890	85.5811927095757
2914	84.679153604954
2930	84.3599923295948
2966	84.185022206568
2980	83.3925835669165
2982	82.448593006036
2994	81.9902428454757
3012	81.7488129721914
3024	80.8569553152745
3042	78.5699701775049
3046	78.1999357389689
3064	76.5336697125487
3072	76.407344165705
3086	76.301424665625
3088	76.2211739854051
3090	75.6414796528441
3108	75.5081206638489
3110	74.9706668788412
3116	74.750922093413
3118	74.2718902711735
3130	72.9513045539308
3156	72.2847071521953
3174	71.9451353442616
3182	71.930434984997
3188	71.3436802935223
3190	71.1763098376473
3206	71.0747344692127
3210	71.0328297662019
3214	70.4987432721923
3218	70.3431260734167
3234	70.0194169961714
3276	69.8005324006337
3280	69.2688990084175
3322	69.0466680660307
3324	68.8654214673263
3328	68.5004589948155
3360	68.1714671826556
3364	67.852302112192
3366	67.2492836343173
3382	67.0758103822089
3402	66.8182085609768
3416	66.7994676875053
3418	66.7646195291757
3420	66.5940806405877
3424	66.3410920156336
3436	66.1931283293965
3438	66.1429236024543
3456	65.6944766220377
3464	65.6447581657425
3468	65.4773073719535
3476	65.4198604490432
3492	65.2366453407182
3498	65.1377500716227
3512	64.83204943298
3524	64.8236618918431
3526	64.6743615633715
3540	64.3649593918581
3546	64.1679849763467
3572	63.9920350039638
3602	63.9406591567654
3614	63.8691748166472
3628	63.8339940276796
3632	63.5182537681697
3640	63.3868144835764
3652	62.5328596296817
3674	62.1534641698793
3680	62.118515860817
3694	61.9861024115534
3706	61.7897026978756
3726	61.4612773743018
3758	61.1440586807148
3760	61.0239080309031
3766	60.8061897469115
3768	60.6016461689062
3784	60.5976549707358
3786	60.2742626331302
3796	60.1707178502383
3798	60.0413062056531
3818	59.5447170663056
3844	59.3061794837532
3854	59.0296551286503
3866	58.7412682291404
3878	58.620734493273
3888	58.5706130957379
3896	58.2619839049912
3906	58.1960074494959
3910	57.9130801732393
3916	57.6061009304845
3920	57.4169534472443
3932	57.0896683934625
3940	57.0626163854141
3942	56.2041882732933
3952	55.9447504395022
3966	55.8724691130242
3980	55.3230385695446
4004	55.2652997858346
4028	55.1657672298831
4030	55.0552100588517
4032	54.9178182085377
4036	54.8916386342687
4046	54.8167201053358
4050	54.4874238935786
4074	54.4692436326398
4080	54.0128817595412
4084	53.9103235608349
4088	53.8042786875147
4090	53.4710354282256
4092	53.0129158836368
4104	52.5988566670559
4110	52.2927805299495
4128	51.9731173616584
4130	51.286995991016
4154	51.2358521589821
4162	51.0671144029636
4172	50.0715398999202
4178	49.3428502266826
4200	49.0198196779189
4208	48.5746608504529
4216	48.4116161202208
4220	48.2846588767646
4234	48.1145629501714
4240	48.1061993882006
4244	47.4806113847614
4262	47.2600506132225
4266	47.1656224345491
4278	46.3031783263245
4294	46.2596384176471
4322	45.7626924024355
4334	45.6809056973297
4336	45.0893210756681
4356	44.4525547854429
4376	44.1519656467571
4388	43.9192935502054
4392	43.8068440456622
4406	43.7222898755742
4426	43.4466503352301
4446	43.3103466644976
4448	42.5709135243453
4466	42.3413618019853
4470	42.1591782787373
4482	42.0310987297582
4488	41.9011873518407
4490	41.8609856309523
4516	41.8178634868773
4520	41.7191708205051
4524	41.0285375107249
4540	41.0010362115095
4562	40.8060581006442
4592	40.4800428232081
4602	40.2341204746453
4616	40.1208158753986
4626	39.8085296005141
4632	39.684064603793
4642	39.5786764809838
4644	39.531010898685
4650	39.4190262210544
4652	39.3861949679678
4654	38.9557511350963
4676	38.7702883670878
4678	38.6650830673501
4700	38.63509129832
4708	38.6315182297293
4720	38.5679869416385
4732	38.5240154667658
4736	38.1817611641676
4748	38.0392306218585
4768	37.9503174637406
4802	37.8285864592064
4816	37.6145393180237
4826	37.5162389169181
4832	37.4819396956704
4844	37.4567874862358
4850	37.4364438279048
4856	37.3695005926244
4858	37.3328793255052
4884	37.3208051806967
4886	37.282372765033
4902	37.2409657819223
4906	37.1909881831677
4928	37.1551950535415
4930	37.0273278850471
4936	37.023446242768
4938	36.9214886907343
4962	36.8563130605196
4992	36.8005110846313
4994	36.6464608982103
4998	36.5321182054273
5006	36.4488651908091
5022	36.3344170680309
5026	36.3150830361811
5034	36.2918449060936
5036	36.2170275617559
5038	36.2043013929939
5054	36.1367473489521
5060	36.0805166680379
5072	36.0054098395274
5074	35.7607117828762
5108	35.7346186415178
5120	35.6602930885709
5140	35.4909271958601
5160	35.4228199394139
5164	35.3088918883365
5174	35.2190072584496
5184	35.1855214209184
5192	35.1116294431092
5198	35.0728364565046
5218	34.8217987384478
5220	34.8016312211891
5222	34.5254331360597
5232	34.4218239382491
5260	34.3534745491274
5262	34.2907354570129
5268	34.2727149088303
5284	34.1764204469958
5298	33.9942357395315
5324	33.9621423393511
5336	33.8045681683558
5346	33.7829271237369
5352	33.7646395039289
5364	33.7112159659295
5366	33.6768798657531
5368	33.6031525683656
5376	33.4657366181137
5382	33.3450324286969
5398	33.2444552210412
5414	33.2301163818924
5418	33.1344281272264
5442	33.039997360703
5450	32.9540550358560
5492	32.9346875156179
5504	32.88009522477
5508	32.8751478539095
5528	32.8693670926645
5562	32.8677301822126
5570	32.8211940246493
5582	32.7972334376316
5596	32.7706247546024
5604	32.7680205610441
5612	32.7622321793827
5616	32.7581252727804
5624	32.7128639848479
5634	32.6499451232312
5636	32.6433170176588
5638	32.5020333542673
5646	32.4923299229518
5666	32.4307874301903
5694	32.3884057621793
5700	32.2733754991167
5706	32.2615894599953
5708	32.1988729875214
5724	32.1301735375931
5734	32.0669182886221
5748	31.9918912377665
5754	31.8756791137830
5764	31.8143853974186
5780	31.5869577142985
5788	31.3913611392671
5850	31.3687968433765
5872	31.220743595405
5884	31.1951396794261
5890	31.1552214500926
5910	31.1371866472601
5912	31.1170851233411
5932	31.0924562396249
5938	31.0414399948961
5968	31.0361833182090
5970	30.9682283094431
5980	30.9460600938746
6002	30.9192660632910
6024	30.8872635783216
6028	30.8760051684599
6050	30.8471683920891
6058	30.8433699968525
6064	30.8343506123304
6076	30.8255495149532
6082	30.8251918862434
6094	30.7397635806636
6100	30.6507398686537
6102	30.6440940613376
6132	30.621711950941
6156	30.5672549774170
6182	30.5215081506799
6186	30.4858493897224
6198	30.4780846775195
6204	30.4650661711255
6208	30.4314918878902
6216	30.3940192666492
6220	30.354859996525
6234	30.3261130527032
6240	30.2105470836625
6272	30.1907719553680
6286	30.1824093788465
6296	30.1661901904049
6302	30.1462694625876
6318	30.1330567041847
6326	30.1140543028613
6338	30.0490316441185
6346	30.0192480855913
6380	29.9927686070533
6384	29.9819543670181
6386	29.9630054211731
6408	29.9501441941995
6428	29.9455911912497
6440	29.9224377875968
6442	29.8718512111034
6450	29.8577075446692
6460	29.8432097256388
6468	29.8245784920187
6490	29.7881298063030
6496	29.7639906187848
6500	29.7342857141484
6514	29.7272961677726
6524	29.7174201315063
6558	29.7161197603174
6586	29.7117331411559
6590	29.6993966409195
6598	29.6546602107505
6614	29.6497481157226
6628	29.6255205703667
6638	29.5879745142206
6660	29.5682409965676
6674	29.5467589152122
6692	29.5320644087891
6700	29.5269622219058
6702	29.5095005999868
6706	29.4968325597468
6718	29.4458814002578
6730	29.3957233636496
6742	29.3892064120490
6748	29.3650627997537
6752	29.3445825628144
6784	29.3079139076394
6798	29.3026963885283
6810	29.2378173439503
6812	29.1864843032234
6816	29.1856538535176
6824	29.1758486433967
6840	29.1597685554754
6860	29.1407078175472
6866	29.1340381565943
6870	29.1074941792463
6872	29.1072726820934
6876	29.0910505166777
6902	29.0849026161541
6904	29.0747985806903
6910	29.0182173856836
6926	29.005359755667
6930	28.9611911007088
6940	28.9320991021472
6974	28.8540168259996
6978	28.8211128135744
6980	28.8135246489505
6986	28.7924032773026
6992	28.7785660114205
6998	28.7624240390682
7004	28.7511648590755
7024	28.7500093735656
7028	28.7435430869449
7038	28.6972754259892
7058	28.683855480824
7062	28.669347268182
7078	28.6634521086520
7080	28.6531049611894
7086	28.6378801006555
7090	28.5658007519444
7110	28.5165426595505
7130	28.5136367516792
7138	28.5110842443610
7140	28.4882679463635
7144	28.4839564210009
7154	28.4797153814334
7168	28.4223389795324
7190	28.4064285559652
7192	28.3652467735179
7208	28.2473755226784
7222	28.2346095118143
7234	28.2156205904958
7254	28.1852293877246
7256	28.1345685999281
7284	28.0543776655683
7328	28.0007195860162
7352	27.9614758789011
7356	27.9349329385764
7360	27.9165916715310
7376	27.9131178212787
7378	27.8943200089281
7424	27.8732104698907
7450	27.8604731514732
7480	27.8200701491096
7482	27.7681212129535
7502	27.7590657007747
7524	27.6663776266194
7528	27.6555064412302
7536	27.6086180097821
7544	27.4816137642517
7562	27.4663310980949
7564	27.4198489778761
7582	27.3355455973403
7606	27.3089835212630
7608	27.2960772888161
7610	27.2951236508448
7614	27.2768304686497
7630	27.2492004868063
7634	27.2323654383057
7656	27.2185583822044
7658	27.2129548076258
7684	27.1991183193958
7690	27.1865949105867
7716	27.1777849940736
7728	27.1734428080649
7752	27.1166888897541
7762	27.0941231722522
7786	27.0759589807787
7790	27.0447253660133
7818	27.03959124509
7840	26.9784355651251
7842	26.960228336241
7846	26.9586117080994
7848	26.9372078581273
7888	26.9370682280674
7894	26.9287174886883
7898	26.9204524022807
7906	26.8907123467118
7932	26.8822744125833
7936	26.8556749910191
7962	26.8551286133564
7974	26.8300633541425
7978	26.7890515010703
8006	26.7802835087153
8014	26.7654026753841
8016	26.76471522777
8018	26.7504787535331
8042	26.7374926933385
8048	26.7021745431343
8050	26.6816847473848
8060	26.6102374383426
8066	26.6015292479723
8074	26.5788959113842
8112	26.5571126843396
8126	26.5362349176573
8130	26.5338695485829
8150	26.5218047564161
8152	26.5083458590681
8162	26.4704316083546
8176	26.4613195170124
8198	26.4603615215392
8202	26.4473224066024
8214	26.4019703406485
8238	26.3840136968684
8240	26.3822302166411
8244	26.3799650983452
8246	26.3669089054780
8248	26.3448197776925
8254	26.3430878228075
8262	26.3156863396137
8276	26.2920452759837
8308	26.2824089238204
8326	26.2759364517378
8342	26.2609639649993
8348	26.2609095204018
8350	26.2518851891795
8370	26.245548921152
8382	26.231270872248
8384	26.2278969335453
8398	26.2168169606873
8412	26.2140153550514
8416	26.2090718531030
8432	26.2088825657760
8436	26.1979740675507
8440	26.1899537720454
8454	26.1863980890551
8462	26.1339178681322
8478	26.1285206025443
8484	26.1003721148158
8514	26.0982197216459
8534	26.0946477407884
8546	26.0727397101478
8554	26.0702419747520
8580	26.028218094541
8610	26.0142048208332
8622	26.0125122295256
8624	25.9967332388182
8636	25.9768899367969
8642	25.9729771238095
8670	25.9688031620085
8682	25.9563564520394
8686	25.9470572091549
8696	25.9369600633471
8698	25.9269733563506
8732	25.9237100586512
8740	25.9199639059129
8744	25.9167752203682
8752	25.9039195201766
8778	25.9002183599452
8782	25.8905299619833
8798	25.8837423935226
8814	25.8813438369874
8818	25.8776021489631
8832	25.8679907798444
8836	25.864650628597
8842	25.8550121244435
8848	25.8487390480151
8852	25.8369165385946
8858	25.8234864953544
8892	25.8225381438222
8910	25.8197505498708
8920	25.8118339010185
8926	25.8114378052189
8930	25.8074969646594
8938	25.8067111146566
8968	25.8032219422045
8970	25.8020411955216
8978	25.8006824312257
8982	25.7973013105762
9000	25.7889412565587
9008	25.7869877041952
9016	25.7699399910778
9020	25.7592965276320
9052	25.7586114497859
9066	25.7460987414699
9076	25.7389529505774
9094	25.7299618101109
9120	25.7170194252620
9124	25.7167225356396
9140	25.7041925530126
9146	25.6915471502775
9158	25.6904004952856
9168	25.6824402031477
9176	25.6650582458055
9178	25.6399053190412
9224	25.6294475815252
9242	25.6288158815075
9246	25.6276126045059
9248	25.6151119749901
9262	25.5981895444358
9308	25.5942368026492
9320	25.5781792313112
9340	25.5769193396285
9342	25.5758906421662
9344	25.5725954206569
9346	25.5719196987292
9382	25.568662396861
9392	25.5643937039729
9404	25.562829754964
9412	25.5521034913953
9418	25.5424592035546
9436	25.5408623493636
9438	25.5398868699309
9448	25.5276251237907
9452	25.5263880697764
9470	25.5224804463882
9476	25.5222797638582
9496	25.5213855387731
9498	25.5130393195071
9504	25.5130017361759
9520	25.5024001195612
9566	25.4937032630407
9576	25.4916726877338
9578	25.4821338098342
9580	25.4695363126581
9604	25.4626326930664
9624	25.4382661018148
9628	25.4355765614907
9642	25.4343112836664
9644	25.4264912266523
9684	25.4208937154428
9708	25.4185328822109
9718	25.4152844912507
9732	25.4127840195368
9740	25.4042954451954
9764	25.4018439298521
9766	25.401100066693
9770	25.4002067001808
9800	25.3963219896542
9820	25.3938856773708
9826	25.3921860730752
9832	25.3903072958819
9834	25.3885779002431
9836	25.3858906644555
9844	25.3825589924278
9848	25.3770511328619
9870	25.3698509507074
9882	25.3660989890164
9892	25.3627044973046
9922	25.3626752132988
9930	25.3611024690246
9940	25.3609435208836
9952	25.3599435073657
9954	25.3586902564393
9958	25.3572095152316
9966	25.3519738870213
9972	25.3489203071501
10008	25.3470398594366
10010	25.3457759567117
10040	25.3424603731815
10044	25.3376369704006
10046	25.3348618876452
10048	25.3306706952138
10054	25.327429598615
10078	25.3210868785128
10082	25.3198854245388
10084	25.3158657943283
10098	25.3147577789938
10106	25.3106238167792
10114	25.3072661502164
10132	25.3034263493947
10142	25.3017855500874
10158	25.2994785903279
10164	25.2985690653423
10170	25.2932239617341
10202	25.2908830455715
10204	25.2898641713150
10212	25.284211193456
10248	25.2827034275923
10252	25.2767059870886
10260	25.2759203929405
10270	25.2744075645992
10280	25.2735783591979
10284	25.2724762346690
10294	25.2690554891993
10318	25.2646714143726
10326	25.2642576485790
10332	25.2620989519333
10336	25.2607446525193
10356	25.2480668169952
10368	25.2318234017685
10382	25.2282934399141
10386	25.2261751590217
10396	25.226025996322
10400	25.2223291741945
10446	25.2139117676406
10464	25.2125292695362
10478	25.2033622954128
10488	25.1963655001614
10514	25.1931351151317
10524	25.1907566228383
10536	25.188343793712
10554	25.1830455089680
10556	25.1775649295511
10570	25.1754428497086
10576	25.1617347063151
10628	25.1612905678370
10642	25.1587957190768
10656	25.1560793122269
10662	25.1529130485246
10666	25.150672870862
10674	25.1461512121402
10696	25.1427956488192
10716	25.1420636906965
10722	25.1348469939853
10734	25.1299071814280
10744	25.129635707445
10754	25.1270610231399
10770	25.1213432562064
10796	25.1206297464136
10806	25.117720136811
10824	25.1167418906361
10832	25.1141751086202
10834	25.1135469437931
10836	25.1099254622558
10852	25.1052802090746
10868	25.1046416250996
10878	25.0993902425528
10892	25.0840269813875
10928	25.0834741030819
10932	25.0800153287575
10938	25.0790625977628
10960	25.0788298391972
10980	25.0738163411710
10990	25.0736566106645
10992	25.0664704983802
11014	25.0655012303845
11016	25.0654883734287
11024	25.0654568678921
11026	25.0619529535394
11038	25.0607147993895
11040	25.0554094193773
11046	25.0534435277222
11056	25.0494557114309
11058	25.0485412860727
11072	25.0470208812806
11080	25.0457669681885
11094	25.0441896910338
11110	25.0437529662139
11118	25.0385624137076
11138	25.0365184625070
11152	25.0364690508229
11154	25.0358587816171
11158	25.0333088652777
11180	25.0293514373905
11200	25.0288048287564
11204	25.0276652442467
11210	25.0256032348983
11214	25.0237489262182
11242	25.0233878293089
11280	25.0226350749787
11290	25.0222065773535
11294	25.0211896420209
11302	25.0211835525448
11306	25.0207215778814
11320	25.0183904020145
11336	25.0163692125454
11344	25.0159526259157
11364	25.0127996287484
11410	25.0112908104396
11414	25.0096394041861
11420	25.0088386989934
11424	25.0072145726876
11426	25.0060688873281
11430	25.0049478080163
11440	25.0030843182129
11446	25.002638743054
11474	25.0014184998712
11482	24.9995552639554
11498	24.9991909236456
11500	24.9990642290254
11502	24.9964044994683
11524	24.9963960431735
11528	24.9956278478224
11532	24.9946010716572
11536	24.9943944217712
11544	24.9935935425504
11558	24.9920910313289
11572	24.9918335616093
11582	24.9898474485808
11606	24.9894172036463
11614	24.9878455688320
11636	24.9869221492254
11640	24.9861241137653
11642	24.9841874978065
11690	24.9836378173430
11700	24.9835309747164
11706	24.9829968486086
11714	24.9827466142169
11738	24.980804088153
11778	24.9806588589448
11798	24.9803127442883
11826	24.9802074747935
11828	24.979864713565
11838	24.9797755269978
11840	24.9792195144977
11844	24.9787241955663
11858	24.9784633598449
11860	24.9775707361219
11868	24.9772280778055
11870	24.9771926774859
11882	24.9768361567387
11892	24.9767086279862
11900	24.9760125711097
11906	24.9758030244047
11908	24.9750170120934
11916	24.9748577246146
11924	24.9747268469865
11938	24.9743621232819
11942	24.9735283503525
11958	24.9729945149324
11972	24.9729535839105
11980	24.9723894124698
11982	24.9723857534272
11986	24.9715954035443
12010	24.9715572587339
12030	24.9706463884949
12052	24.9704431479003
12078	24.9702185855317
12082	24.9698107681527
12084	24.9691936734659
12102	24.9668953598789
12130	24.9665349973078
12132	24.9663510236187
12140	24.9662467113442
12152	24.9655217968289
12170	24.9642021559194
12174	24.963589988832
12176	24.9627618626562
12200	24.9621452140404
12216	24.9614363989247
12266	24.9611793418398
12292	24.9607766152094
12298	24.9604679867318
12314	24.9603759950199
12316	24.9601950015769
12320	24.9598252511957
12324	24.9596238988635
12334	24.9593039452662
12352	24.9590709616758
12358	24.9586283750552
12384	24.9578277129006
12394	24.9576121844361
12408	24.9568485291382
12422	24.9563296503719
12430	24.9556881547243
12434	24.9553015481262
12436	24.9551930985347
12466	24.9549141710240
12468	24.9547818867031
12474	24.9545939888993
12492	24.9541085540016
12508	24.9536869727618
12510	24.9534809196382
12512	24.9533931217769
12526	24.9533685210918
12534	24.9523671246358
12536	24.9520299450777
12560	24.9515916454588
12570	24.9514138059049
12580	24.9502663738297
12606	24.950206368467
12630	24.9480586637478
12640	24.947862414021
12644	24.9475140711081
12650	24.9464121937754
12674	24.9460944736449
12676	24.9456766286127
12680	24.9449756836130
12694	24.9438953743884
12728	24.9435732850896
12734	24.9433355330221
12742	24.9410379232745
12752	24.9410195031484
12768	24.9399484266442
12774	24.9390509683327
12780	24.9384658720608
12786	24.9372392378582
12806	24.9339396093871
12826	24.9335785807396
12834	24.9324197689499
12850	24.9321807913688
12870	24.9315529468098
12878	24.9315271774865
12882	24.9314450587175
12890	24.9308450663461
12896	24.9306953024898
12904	24.9303286119042
12910	24.927734055836
12930	24.9265409716942
12950	24.9264722458853
12960	24.9256526083428
12972	24.9255951702647
12974	24.9251232212987
12996	24.9241417614671
13014	24.9238628200078
13026	24.9236211685723
13036	24.9235976864997
13048	24.9229614989678
13084	24.9223656288637
13086	24.9215567306648
13124	24.9210411906901
13136	24.9206280402247
13140	24.9203634821103
13154	24.9198891716209
13170	24.9193258735951
13172	24.9188951467642
13178	24.9184040850591
13196	24.9179458016748
13208	24.9175642430486
13216	24.9174776756309
13222	24.9165732062674
13248	24.9164075602784
13254	24.9163045160371
13256	24.9159782742139
13264	24.9157905385075
13278	24.9150978236562
13282	24.9147526632891
13290	24.9144528399496
13302	24.9137713749988
13310	24.9135861118336
13320	24.9131877824517
13336	24.9127075440557
13386	24.9122421038322
13400	24.9120997784591
13418	24.9108070190141
13424	24.9105377891124
13448	24.9099701417886
13468	24.9097658683739
13474	24.9091342400889
13490	24.9086404185172
13526	24.9084543483362
13532	24.9081474979549
13546	24.9077581340456
13580	24.9076090861016
13598	24.9074375442985
13604	24.906846023165
13608	24.9068392151925
13616	24.9067910421615
13620	24.9049820489508
13654	24.9046473439543
13674	24.9045671323046
13678	24.9039601018134
13682	24.9037620918856
13686	24.903382660589
13690	24.9033511399272
13704	24.9032683221162
13712	24.9031297694051
13730	24.9028660337661
13750	24.9028573343345
13752	24.9024396540432
13782	24.9024228903221
13792	24.9024117914021
13794	24.9022629302837
13800	24.902154264445
13810	24.9021368431123
13812	24.901276936516
13830	24.9010253308328
13854	24.9005959846980
13882	24.9005190032794
13886	24.9004315312365
13912	24.8999539351914
13916	24.8997278868368
13928	24.8996529287626
13954	24.8995203928603
13958	24.8988319853754
13980	24.8986342416075
13988	24.8985543901996
13994	24.8984586363097
14000	24.8981936164598
14006	24.898129739083
14008	24.8980606524783
14010	24.8980023912575
14030	24.8978707662820
14060	24.8978027812892
14068	24.8973893339078
14074	24.8973666309319
14082	24.8972329935679
14088	24.8970947187052
14104	24.8968442054795
14110	24.8967500490056
14130	24.8964363953926
14148	24.8963493633184
14160	24.8963482149219
14162	24.8962899046421
14166	24.8962231498661
14170	24.8959996788662
14176	24.8959300301641
14182	24.8955733873802
14204	24.8955629783730
14218	24.8953712598302
14220	24.8950919693342
14228	24.8950554741013
14232	24.8945784732273
14236	24.8945177598367
14272	24.8944689139443
14280	24.8943843355183
14286	24.8943833488954
14298	24.8943418879747
14302	24.8940191725679
14314	24.8940013714631
14324	24.8939707594415
14328	24.8937885846472
14330	24.8936086454253
14356	24.8935530224538
14386	24.8932525392698
14406	24.8931742994583
14442	24.8930737821953
14448	24.8929328755781
14462	24.8927150316434
14470	24.8925646513496
14500	24.8920345617702
14522	24.8917076971806
14536	24.8916576776852
14554	24.8914863537661
14556	24.8911665763419
14560	24.8911241201643
14562	24.8909708555149
14584	24.8907453419003
14594	24.8905908041373
14598	24.8903896278332
14604	24.8903387519566
14626	24.8901890461895
14630	24.8901319980744
14646	24.8900656151356
14648	24.8898951929753
14650	24.8892972638048
14654	24.8891940580718
14656	24.8891643683622
14662	24.8890604401755
14668	24.8890492575148
14682	24.8888252016997
14692	24.8886648758531
14704	24.8877537567402
14728	24.8877455720303
14734	24.8876723307524
14736	24.8871379408711
14784	24.8869216453279
14790	24.8869116407221
14792	24.8869046494188
14806	24.8868859543831
14818	24.8865894657817
14828	24.8859748310707
14840	24.8858424507513
14848	24.8857709893979
14882	24.8855778252208
14890	24.8853658558137
14900	24.8849560511571
14920	24.8849204985409
14942	24.8847547987501
14954	24.8847316755512
14956	24.8846311358906
14978	24.8846244655436
15010	24.8845470611322
15014	24.8843175522315
15040	24.8841411964922
15044	24.8841105421764
15056	24.8839426533788
15058	24.8838978554053
15068	24.8837942619547
15084	24.8837207407626
15114	24.8837009898672
15116	24.8836176499109
15128	24.8834248341437
15156	24.8833003447422
15160	24.8832562935656
15170	24.8831528388532
15202	24.8831430221993
15204	24.883092854539
15208	24.8828538933486
15212	24.882649730639
15260	24.8823200842475
15296	24.8822999953739
15306	24.8822089860256
15318	24.8821890911584
15326	24.8820122568425
15336	24.8819490770902
15344	24.8818198357331
15354	24.8817879235065
15370	24.8817710182438
15372	24.8817615555412
15388	24.8815730958271
15412	24.8813193534334
15440	24.8812614195166
15482	24.8811939660135
15492	24.8810641909112
15516	24.8810564232816
15528	24.8809836759179
15540	24.8809573685388
15546	24.8808733638954
15550	24.8808086328779
15570	24.8807764814955
15574	24.8807396378882
15600	24.8807379159454
15606	24.8807167373806
15622	24.8806761118186
15634	24.8805341609125
15638	24.8804966992567
15662	24.8804834810494
15668	24.8803700826830
15694	24.8803550851850
15698	24.8803455067731
15718	24.8803167586362
15728	24.8803104227095
15730	24.8802935857046
15736	24.8802273571814
15746	24.8801638910260
15762	24.8801230796615
15766	24.8800680696924
15774	24.8800445805866
15784	24.8799996762529
15818	24.8799348017160
15822	24.8798849263209
15846	24.8798092753849
15850	24.8797862020003
15864	24.8797759211777
15866	24.8797460347792
15878	24.8797342076392
15892	24.8797193631382
15894	24.8796848067431
15904	24.8796302979333
15928	24.879555651842
15944	24.8795463296147
15948	24.8795078772618
15952	24.8794500055733
15958	24.8794339397592
15960	24.8793311796929
15978	24.8792976452428
15988	24.879268532681
15994	24.8792385179497
15996	24.8792291859965
16002	24.8791581564367
16024	24.8791156088736
16028	24.8790612407657
16030	24.8789681593571
16040	24.8789527046459
16052	24.8789180352837
16060	24.8789106875859
16062	24.8788907065207
16074	24.8788795157150
16098	24.8788029945183
16116	24.8787754352468
16130	24.8787491021999
16134	24.8787400074608
16140	24.8786997673927
16168	24.8786938298123
16188	24.8786829873287
16190	24.8786457749970
16200	24.8786258004366
16212	24.8785918780821
16220	24.8785895097386
16224	24.8785296726705
16232	24.8784971164809
16234	24.8784925150402
16238	24.8784823552463
16252	24.8784717082729
16264	24.8784671015346
16268	24.8784661685766
16280	24.87842820185
16284	24.8784248984067
16294	24.8784064078045
16300	24.8783730035478
16310	24.8783575115273
16314	24.8783551533650
16318	24.8783167628928
16330	24.8783164593870
16336	24.8783125938937
16340	24.8782845521375
16342	24.8782581097685
16354	24.8782544775344
16364	24.8782251273520
16394	24.8781767531175
16402	24.8781728867496
16412	24.8780839321373
16466	24.8780754691012
16470	24.8780688942516
16478	24.8780547516227
16480	24.8780545265914
16484	24.8780436742292
16494	24.8780391281438
16496	24.8780369206942
16502	24.8780296970754
16504	24.878022609576
16508	24.8780209275307
16514	24.8779965264968
16530	24.8779807102183
16534	24.8779619036044
16540	24.8779525667561
16544	24.8779375747919
16556	24.8779367916955
16564	24.8779305755876
16574	24.8778695712871
16594	24.8778437716603
16610	24.87783628701
16612	24.8778051194393
16624	24.8777919488276
16628	24.8777526761686
16652	24.8777055890034
16666	24.8776970158734
16672	24.8776672732196
16678	24.8776176401794
16680	24.8775942336113
16688	24.8775831464831
16692	24.8775618852556
16742	24.8775409001271
16746	24.8775379584817
16754	24.8774843874826
16794	24.8774339978586
16800	24.8774129312691
16814	24.8773987615813
16820	24.8773842091563
16834	24.8773703654456
16842	24.8773689458995
16858	24.8773635307315
16864	24.8773567849413
16876	24.8773566271671
16886	24.8773276375729
16896	24.877315226871
16900	24.8773136068627
16926	24.8772901140292
16944	24.8772862779060
16960	24.8772810889889
16968	24.8772799107905
16972	24.8772797616215
16984	24.8772707802137
17006	24.8772617034349
17016	24.8772522685462
17050	24.8772478261604
17052	24.8772412374836
17070	24.8772303291910
17074	24.8772233284694
17092	24.8772114617734
17116	24.8772080585476
17122	24.8771966876637
17128	24.8771871741146
17134	24.8771765641317
17166	24.8771732950961
17168	24.8771700572988
17172	24.8771565491958
17188	24.8771558079809
17192	24.8771548203572
17222	24.8771301738886
17252	24.8771219798900
17258	24.8771112113783
17270	24.8771042793362
17280	24.8770951656220
17286	24.8770833002443
17292	24.8770800899528
17308	24.8770454210167
17312	24.8770235049091
17314	24.8770234928042
17318	24.8770049561046
17362	24.8769832765907
17366	24.8769639173676
17380	24.8769621806908
17396	24.8769529839326
17406	24.8769339246422
17408	24.8769035753969
17422	24.8768778758432
17428	24.8767766568067
17430	24.8767701439737
17438	24.8767672033107
17442	24.8767554701749
17444	24.8767515185078
17446	24.8767428181258
17450	24.8767358550232
17452	24.8767160944059
17454	24.8766885176204
17472	24.8766780268001
17526	24.8766632876801
17530	24.8766467777816
17556	24.8766367165334
17562	24.8766151258091
17576	24.8766113818167
17588	24.8766024987778
17592	24.8765669697675
17612	24.8765444922005
17618	24.8765377359944
17630	24.8765330679896
17644	24.8765014689309
17668	24.8764770315999
17674	24.8764719756380
17676	24.8764662426294
17680	24.8764509178962
17690	24.8764146228756
17706	24.8763986343867
17708	24.8763774029846
17726	24.8763636684112
17746	24.8763430997612
17748	24.8762887813833
17766	24.8762222101194
17776	24.8762192733715
17778	24.8762057346500
17796	24.8762016527445
17818	24.8761803555866
17820	24.8760375688533
17836	24.8760296353919
17838	24.8760040708858
17860	24.8759671927424
17888	24.8759452245758
17908	24.8759297569647
17912	24.8759193459533
17940	24.8759102559285
17956	24.8758851657843
17974	24.8758847005273
17980	24.8758478237862
18012	24.8758422352953
18016	24.8758399444917
18020	24.8758112005505
18034	24.875808448834
18038	24.8757864399066
18054	24.87578343954
18056	24.8757702067983
18062	24.8757671352524
18068	24.8757408003315
18074	24.8757382346195
18080	24.8757326414177
18100	24.8757271917692
18124	24.8757052962291
18146	24.8757049090779
18160	24.8756952084856
18166	24.8756934908116
18168	24.8756805025690
18174	24.8756734955082
18184	24.8756702741677
18204	24.8756670830660
18208	24.8756374644149
18228	24.8756215736907
18240	24.8756046392831
18252	24.8756019091691
18260	24.8755914174027
18262	24.8755731884875
18328	24.8755728385986
18332	24.8755636755112
18338	24.8755567478904
18344	24.8755538072482
18352	24.8755357590136
18354	24.8755260546722
18372	24.8755249218466
18374	24.8755174569820
18388	24.8755154617583
18404	24.8754888617413
18412	24.8754640417336
18418	24.8754180480938
18426	24.8753654380431
18436	24.8752806047818
18468	24.8752628637882
18490	24.8752451047037
18492	24.8752059876375
18528	24.8751798271142
18538	24.8751741816099
18564	24.8751637516512
18586	24.8751515144474
18598	24.8751255157292
18634	24.8751065015892
18646	24.8751060669339
18650	24.8751025131687
18652	24.8750878306624
18660	24.8750844852405
18664	24.8750636474994
18676	24.8750354657489
18698	24.875019227587
18722	24.8750027600199
18730	24.8750003955600
18750	24.8749904453401
18766	24.8749813152150
18768	24.8749640640345
18778	24.8749335465565
18796	24.8749269910803
18810	24.8749244547776
18826	24.8749158251206
18844	24.8749137981686
18856	24.8748995906248
18872	24.8748959544328
18876	24.8748958812575
18884	24.8748911775155
18896	24.8748909087248
18898	24.8748833527466
18910	24.8748818194999
18918	24.8748685996436
18938	24.8748544684976
18960	24.8748525186093
18994	24.8748497906315
18998	24.8748485422095
19018	24.8748406712267
19024	24.8748366215399
19034	24.8748348737982
19036	24.8748310590965
19052	24.8748231368020
19060	24.874812267423
19120	24.8748075523939
19134	24.8748068374815
19162	24.8748044225452
19166	24.8747957517045
19168	24.8747932884374
19174	24.8747828562067
19182	24.8747825814072
19184	24.8747814584222
19190	24.8747803441211
19196	24.8747729678444
19206	24.8747719128568
19216	24.8747718877393
19226	24.8747704621221
19228	24.8747704209383
19230	24.8747602822192
19246	24.8747539494935
19262	24.8747537448413
19266	24.8747479483108
19272	24.8747478328503
19276	24.8747477359237
19282	24.8747452945025
19288	24.8747407340071
19296	24.8747387563955
19300	24.8747364710046
19320	24.8747257182872
19326	24.8747145143356
19338	24.8747132718572
19370	24.874711990902
19372	24.8747048250087
19380	24.8746985346341
19386	24.8746908401527
19404	24.8746902931987
19410	24.8746875009262
19414	24.8746783903439
19428	24.8746752528672
19440	24.8746749692114
19450	24.8746735047042
19454	24.8746709601704
19458	24.8746701771529
19466	24.8746692674019
19482	24.8746549968665
19490	24.8746546113925
19492	24.8746469817263
19498	24.8746332673118
19506	24.8746320931071
19522	24.8746268919688
19526	24.8746262523028
19544	24.8746200343624
19546	24.8746184027341
19554	24.8746144849462
19558	24.8746100443993
19562	24.8746099678765
19564	24.8746037562383
19570	24.8745920195339
19576	24.8745912651166
19582	24.8745791977633
19612	24.8745733404347
19620	24.8745719420357
19622	24.8745711897778
19630	24.874568530586
19636	24.8745603001009
19650	24.8745580009027
19666	24.8745529966705
19696	24.8745491883958
19706	24.8745465231408
19718	24.8745447983506
19728	24.8745431065668
19760	24.8745417653416
19762	24.874538995811
19778	24.8745374047274
19824	24.8745314676631
19836	24.8745307644134
19854	24.8745247558309
19878	24.8745218007788
19882	24.8745177559731
19894	24.8745171065142
19900	24.8745153692747
19912	24.874507322889
19926	24.8745055822789
19936	24.8745054570288
19940	24.8745009255328
19974	24.8745006539204
20012	24.8744981505781
20018	24.8744947986715
20022	24.8744909667889
20054	24.8744889553208
20064	24.8744880920661
20092	24.8744877685834
20110	24.8744848886021
20128	24.8744846928257
20132	24.8744818442465
20156	24.8744816695459
20160	24.8744769829493
20188	24.874475136009
20190	24.8744718933937
20192	24.8744709858649
20200	24.8744644802821
20208	24.8744632591881
20222	24.8744625896925
20226	24.874460960255
20232	24.874457888989
20242	24.8744528673354
20248	24.8744525677918
20268	24.8744450268179
20294	24.8744422181930
20324	24.8744371725926
20326	24.8744324681714
20346	24.8744322812574
20348	24.8744322129723
20356	24.8744310140575
20360	24.8744271563495
20394	24.8744247949479
20400	24.8744234846812
20402	24.8744227647364
20408	24.8744195903547
20412	24.8744174197158
20428	24.8744143617466
20430	24.8744129900770
20444	24.8744091596476
20448	24.8744078959
20450	24.8744023684021
20496	24.8744020326560
20500	24.8743996344064
20502	24.8743977764827
20526	24.8743954319642
20530	24.8743948678435
20542	24.8743928048892
20548	24.8743913594247
20552	24.8743911949111
20556	24.8743883787411
20558	24.8743848133225
20564	24.8743840071377
20576	24.8743789121016
20588	24.8743752383697
20590	24.874365599814
20608	24.8743634689376
20628	24.8743601945044
20668	24.8743597172482
20672	24.8743585367583
20674	24.8743582864770
20678	24.8743575781513
20686	24.8743568455184
20692	24.8743550339327
20700	24.8743505435463
20708	24.874347645369
20728	24.8743470564906
20732	24.8743417269814
20746	24.8743400801415
20752	24.8743381361423
20766	24.8743343190370
20774	24.8743327588075
20816	24.8743244918864
20836	24.8743210919069
20858	24.8743183999222
20860	24.8743165671233
20878	24.8743148867713
20884	24.8743140359428
20886	24.8743136619732
20898	24.8743102061177
20914	24.8743078348753
20930	24.8743001039404
20962	24.8742907050017
20982	24.8742878959673
20990	24.8742822578639
20998	24.8742816588736
21004	24.8742801667755
21006	24.8742763476941
21048	24.8742717793659
21066	24.8742668404266
21080	24.8742661505799
21100	24.8742622438659
21112	24.8742618459015
21154	24.8742616507492
21164	24.8742592271085
21174	24.8742556763336
21184	24.8742530156805
21204	24.874251399288
21208	24.8742486953837
21224	24.8742481880871
21232	24.8742463893284
21240	24.8742449207083
21246	24.8742435310839
21264	24.8742430803153
21266	24.8742422877844
21280	24.8742407579566
21284	24.8742376562643
21294	24.8742368024546
21308	24.8742365421897
21312	24.8742345138876
21314	24.8742334878384
21318	24.8742329846462
21340	24.8742321267187
21344	24.8742279129742
21352	24.8742257650868
21354	24.8742248588586
21358	24.8742247813031
21366	24.8742243129006
21368	24.8742200608819
21370	24.8742195919542
21384	24.8742188664482
21406	24.8742177607840
21430	24.8742161598273
21432	24.8742154960825
21442	24.8742143139363
21446	24.8742094303222
21454	24.8742089529444
21458	24.8742084868593
21472	24.874206647764
21480	24.8742059779466
21488	24.8742002304122
21504	24.8741996981981
21514	24.8741986365377
21518	24.8741981580245
21520	24.8741964906638
21544	24.8741941657950
21548	24.8741921660495
21570	24.8741919069769
21574	24.8741909876922
21598	24.8741903500419
21604	24.8741894840162
21614	24.8741885561957
21620	24.8741855850791
21654	24.8741854666797
21656	24.8741836977562
21670	24.8741808382304
21684	24.8741797528811
21700	24.8741791165235
21704	24.8741783995327
21710	24.8741747752005
21746	24.8741719118487
21760	24.8741689177714
21784	24.8741683635645
21786	24.8741683298379
21794	24.8741674069293
21796	24.8741665263926
21816	24.8741651884461
21846	24.8741647280171
21860	24.8741629182569
21876	24.87416167726
21878	24.8741588470291
21898	24.8741551369923
21920	24.8741540378512
21932	24.8741534425707
21946	24.8741520616965
21954	24.8741510797363
21964	24.8741508650942
21970	24.8741495275617
21978	24.8741480187671
21988	24.8741440672707
21998	24.8741425611193
22020	24.8741415745362
22028	24.8741402898085
22034	24.8741389934291
22042	24.8741379524687
22070	24.8741371613013
22080	24.8741329599102
22108	24.8741327155703
22118	24.8741299984278
22138	24.874127668478
22158	24.8741252120303
22162	24.8741246225601
22174	24.8741213795433
22188	24.8741202932236
22192	24.8741176264133
22204	24.874116589617
22226	24.8741159786811
22234	24.8741151307861
22236	24.8741139941826
22252	24.8741121667924
22274	24.8741113482048
22276	24.8741099382435
22290	24.8741083982656
22300	24.8741077061103
22314	24.8741066084639
22330	24.8741053823497
22340	24.8741049399109
22350	24.8741040401458
22352	24.8741037732596
22354	24.8741012777580
22384	24.8741002257002
22408	24.8740976621915
22426	24.8740967527805
22430	24.8740953109063
22446	24.8740952016816
22450	24.8740941126515
22466	24.8740940789688
22478	24.8740929467434
22490	24.8740906614217
22502	24.8740878147796
22522	24.8740876841203
22532	24.8740870950553
22540	24.8740867449056
22546	24.8740863148463
22548	24.8740850501406
22554	24.8740831440336
22586	24.8740807011238
22612	24.8740784450935
22634	24.8740772834442
22654	24.8740729876301
22684	24.8740704831287
22690	24.8740703192318
22704	24.8740685914280
22706	24.8740682861385
22714	24.8740672976654
22716	24.874062550878
22730	24.8740598953814
22750	24.8740585075134
22754	24.8740580243555
22758	24.8740569088477
22810	24.8740568305204
22814	24.8740561023859
22834	24.8740549530815
22858	24.8740530804894
22870	24.8740521889005
22896	24.8740499480271
22922	24.8740491627354
22954	24.8740490936390
22956	24.8740488861643
22958	24.8740488426673
22960	24.8740485233563
22970	24.8740484170349
22972	24.8740483303145
22982	24.8740480839694
22988	24.8740470877534
23004	24.8740470874098
23008	24.8740468081769
23012	24.87404590671
23028	24.8740449420255
23042	24.8740436885579
23046	24.8740435066614
23072	24.8740432341199
23082	24.8740423200243
23090	24.8740416352817
23130	24.8740414542411
23138	24.8740411606939
23142	24.8740407288072
23152	24.8740402784113
23174	24.8740390054605
23184	24.8740388039267
23186	24.874038070284
23210	24.8740371353795
23214	24.8740365575665
23234	24.8740362437668
23236	24.8740361112449
23260	24.8740356771269
23290	24.8740343375109
23304	24.8740336489224
23308	24.8740330722170
23336	24.8740328911471
23372	24.8740320709032
23380	24.8740314902072
23404	24.8740309850064
23406	24.8740298921253
23414	24.8740297224039
23426	24.8740283449739
23430	24.8740271399590
23434	24.8740269034080
23472	24.8740267543282
23488	24.8740267159102
23496	24.8740266534805
23504	24.8740262004769
23506	24.8740260835445
23508	24.8740248632755
23520	24.8740246590634
23544	24.8740236593417
23548	24.8740230226471
23550	24.8740220146591
23554	24.8740217712845
23564	24.8740213039902
23568	24.8740211230588
23574	24.8740205322578
23580	24.8740191211757
23592	24.8740189449981
23604	24.8740173243094
23610	24.8740163859477
23612	24.8740161106968
23616	24.8740155061994
23620	24.8740154794419
23628	24.8740153743238
23644	24.8740139443246
23658	24.8740111405263
23684	24.8740106102388
23728	24.8740097113956
23744	24.874009232226
23768	24.8740086931705
23782	24.8740082973219
23808	24.8740082887011
23812	24.8740078179491
23816	24.8740074076197
23846	24.8740065684014
23850	24.8740065546705
23860	24.8740055175953
23866	24.8740053714143
23880	24.8740052779624
23914	24.8740047496245
23920	24.8740041253792
23922	24.8740037808942
23950	24.8740028990332
23990	24.8740025635186
23992	24.8740025435858
23996	24.8740025208480
24008	24.8740024128277
24012	24.8740020306199
24032	24.8740016684463
24054	24.8740010310258
24104	24.8740006452934
24110	24.8740005429262
24136	24.8739999927673
24152	24.8739996538081
24176	24.8739995645091
24178	24.8739995019986
24184	24.8739993322438
24218	24.8739988255199
24234	24.8739985029484
24240	24.8739982380093
24258	24.8739981738763
24264	24.8739981539793
24272	24.8739973227209
24282	24.8739965770978
24302	24.8739954015914
24306	24.8739952075136
24348	24.8739934478256
24368	24.8739929532625
24400	24.8739927482257
24410	24.8739925594413
24414	24.8739922934066
24424	24.8739922377593
24436	24.8739916720114
24468	24.8739914660264
24472	24.8739907977847
24476	24.8739907460647
24482	24.8739906066472
24490	24.8739902314801
24512	24.8739896557155
24522	24.873989274984
24530	24.8739891834461
24554	24.8739889989697
24556	24.8739888176988
24560	24.8739886726397
24572	24.8739886030049
24578	24.8739879846921
24594	24.8739877266184
24602	24.8739875197003
24614	24.8739874904821
24622	24.8739868926786
24628	24.8739868867436
24632	24.8739858826021
24676	24.8739851998471
24710	24.8739850983502
24758	24.8739846988332
24766	24.873984195075
24790	24.8739841854669
24796	24.8739837668055
24802	24.8739829547727
24806	24.8739825625872
24824	24.8739822165128
24850	24.8739822074145
24872	24.8739820668371
24876	24.8739813946588
24890	24.8739808698775
24902	24.8739806830073
24922	24.8739804295574
24926	24.8739802105848
24930	24.8739794562661
24936	24.8739793851008
24940	24.8739788245527
24944	24.8739786715797
24948	24.8739783291002
24976	24.8739779301421
25006	24.8739778972374
25018	24.8739775236916
25074	24.8739774222009
25076	24.8739771496996
25098	24.8739767926801
25100	24.8739767525237
25120	24.8739761540164
25136	24.8739758441727
25156	24.8739755678308
25164	24.8739752553910
25198	24.8739752509027
25212	24.8739749748246
25218	24.8739747867475
25230	24.8739743069666
25286	24.8739742563911
25292	24.873974232829
25308	24.8739739768683
25312	24.8739739153182
25332	24.8739739039442
25336	24.8739738775359
25342	24.8739738080321
25350	24.8739737752881
25352	24.8739736927720
25360	24.8739735813634
25364	24.8739735528310
25370	24.8739734322526
25384	24.8739731093156
25398	24.8739730608028
25408	24.8739729130980
25416	24.8739728952557
25426	24.8739728779630
25432	24.8739727874537
25434	24.8739727853322
25456	24.8739725818856
25480	24.8739723769656
25498	24.8739723080433
25508	24.8739721921387
25526	24.8739720676203
25550	24.8739719870927
25556	24.8739719704967
25580	24.8739717976577
25594	24.8739717155299
25612	24.8739716734458
25614	24.8739715323136
25626	24.8739714264772
25632	24.8739713802988
25650	24.8739713090807
25668	24.8739712163285
25694	24.8739712087168
25696	24.8739710419007
25726	24.8739710218561
25734	24.8739710109951
25738	24.8739708993243
25752	24.8739708873925
25754	24.8739708237964
25762	24.8739707753384
25766	24.8739707183757
25788	24.8739706206184
25804	24.8739704516712
25820	24.8739704449509
25822	24.8739702944989
25840	24.8739702377054
25854	24.8739697999368
25860	24.8739697385795
25872	24.8739695781443
25884	24.873969434919
25888	24.8739692725175
25892	24.8739689472165
25900	24.8739687978980
25902	24.8739685235611
25924	24.8739684810097
25932	24.8739683565215
25964	24.8739682764712
25978	24.8739682280486
25986	24.8739680154821
26018	24.8739679601526
26050	24.8739679308566
26054	24.8739679119015
26060	24.8739678573372
26074	24.8739678160988
26078	24.8739678009579
26090	24.8739677152018
26094	24.8739677134321
26100	24.8739676331911
26108	24.8739675877892
26128	24.8739675835346
26130	24.8739675345555
26138	24.8739674553672
26156	24.8739673967163
26164	24.8739671771007
26192	24.8739671715443
26206	24.8739671591236
26208	24.8739671309062
26212	24.8739670200869
26216	24.8739669372533
26234	24.8739669278019
26260	24.8739668447739
26266	24.8739668397273
26272	24.8739667498475
26288	24.8739667482198
26290	24.8739667103461
26292	24.8739666902198
26302	24.8739666867349
26306	24.8739666662609
26336	24.8739666461809
26356	24.8739666111919
26358	24.8739666007263
26366	24.8739664845734
26414	24.8739664778608
26416	24.8739664719332
26436	24.8739664318666
26440	24.873966393776
26452	24.8739663863602
26460	24.8739663825402
26464	24.8739663606194
26466	24.8739663327513
26468	24.8739662628266
26484	24.8739660972893
26510	24.8739660333318
26536	24.8739660276081
26542	24.873965974976
26544	24.8739659628083
26548	24.8739659609492
26550	24.873965894995
26562	24.8739656159009
26608	24.8739655592832
26614	24.8739655553976
26622	24.8739655162160
26624	24.8739653759721
26644	24.8739653226503
26648	24.8739652875350
26654	24.873965171198
26656	24.8739651626256
26688	24.8739650202486
26706	24.8739649927551
26716	24.873964989576
26722	24.8739649602855
26734	24.873964930854
26744	24.8739648871248
26774	24.8739648538022
26782	24.8739648341343
26798	24.8739648191178
26802	24.8739648172421
26806	24.8739647437907
26820	24.8739647409528
26834	24.8739646806655
26842	24.8739646686895
26852	24.8739646507780
26860	24.8739646321738
26882	24.8739645622345
26914	24.8739645482319
26920	24.8739645413631
26926	24.8739645184384
26928	24.8739644537805
26946	24.8739644445864
26962	24.8739643827407
26968	24.8739643098037
26992	24.873964302961
27002	24.8739642881461
27020	24.8739642684776
27024	24.8739642101696
27042	24.8739641890037
27058	24.8739641695823
27068	24.8739641292774
27104	24.8739641243816
27114	24.8739640544759
27116	24.8739640539662
27126	24.8739640261783
27134	24.8739640128748
27136	24.8739639814124
27158	24.8739639740433
27172	24.8739639590494
27182	24.8739638845078
27212	24.8739638839367
27218	24.8739638751049
27222	24.8739638548567
27224	24.8739638545405
27234	24.8739637916145
27266	24.8739637677365
27272	24.8739637517799
27278	24.87396370529
27284	24.8739637052002
27290	24.8739636516885
27310	24.8739636077979
27332	24.8739635805136
27358	24.8739635615980
27362	24.8739635615665
27372	24.8739635175120
27374	24.8739635149312
27406	24.8739634883616
27432	24.8739634747148
27446	24.8739634663604
27454	24.8739634365336
27470	24.8739634106811
27482	24.8739633483968
27492	24.8739633465962
27498	24.873963343248
27502	24.8739633001505
27508	24.8739632932088
27514	24.8739632546016
27552	24.8739632388803
27568	24.8739632363735
27572	24.8739632215244
27598	24.8739631558088
27616	24.8739631228207
27652	24.8739630987945
27666	24.8739630786383
27686	24.8739630433584
27720	24.8739630408437
27726	24.8739630274443
27746	24.8739630220203
27750	24.8739630032102
27770	24.8739629978575
27778	24.8739629931571
27790	24.8739629862768
27800	24.8739629795229
27802	24.8739629780088
27812	24.8739629675001
27842	24.8739629618278
27852	24.8739629580214
27854	24.8739629548790
27864	24.8739629432903
27884	24.8739629356856
27886	24.8739629322330
27904	24.8739629126683
27922	24.8739628761556
27964	24.8739628757373
27968	24.8739628743755
27976	24.8739628563874
27982	24.8739628547064
28010	24.8739628494939
28024	24.8739628494328
28028	24.8739628437738
28040	24.8739628341605
28042	24.8739628182782
28054	24.8739628154498
28064	24.8739628062354
28074	24.8739627817106
28088	24.8739627789732
28100	24.8739627786919
28102	24.8739627776961
28120	24.8739627738039
28130	24.8739627636331
28132	24.8739627628884
28144	24.8739627568402
28148	24.873962744394
28160	24.8739627430624
28162	24.8739627338426
28174	24.8739627193454
28186	24.8739627186211
28188	24.8739626944642
28214	24.8739626925107
28228	24.8739626853293
28246	24.8739626784942
28260	24.8739626730645
28272	24.8739626679956
28276	24.8739626546052
28296	24.8739626446519
28324	24.8739626340078
28340	24.873962629191
28352	24.873962617445
28360	24.8739626138646
28368	24.8739626066913
28378	24.8739626041833
28382	24.8739626004665
28402	24.8739625902833
28404	24.8739625829751
28410	24.8739625807406
28418	24.8739625771393
28422	24.8739625681535
28432	24.873962568094
28436	24.8739625583348
28444	24.8739625309216
28446	24.8739625247697
28456	24.8739625213409
28458	24.8739625067027
28476	24.8739625028863
28484	24.873962499813
28502	24.873962494372
28512	24.8739624876838
28528	24.8739624823595
28532	24.8739624773043
28552	24.8739624759597
28562	24.8739624739937
28566	24.8739624676644
28602	24.8739624614484
28608	24.8739624285787
28626	24.8739624242067
28654	24.8739624193614
28660	24.8739624193289
28666	24.8739624041127
28688	24.8739624002532
28706	24.8739623983188
28734	24.8739623974599
28738	24.8739623963158
28750	24.8739623770849
28770	24.8739623633609
28798	24.8739623621113
28806	24.8739623535776
28818	24.8739623454335
28820	24.8739623412519
28842	24.8739623255585
28856	24.8739623229392
28860	24.8739623211859
28864	24.8739623147794
28866	24.8739623144721
28872	24.8739622961349
28878	24.8739622861393
28886	24.8739622732121
28920	24.8739622728350
28926	24.8739622672781
28940	24.8739622583567
28952	24.8739622576845
28956	24.8739622552574
28960	24.8739622482271
28966	24.8739622479259
28972	24.8739622414856
28986	24.8739622391444
28988	24.8739622315060
28998	24.8739622292950
29002	24.8739622279587
29008	24.8739622206558
29014	24.8739622200631
29016	24.8739622098186
29036	24.8739622061070
29040	24.8739622059419
29042	24.873962194451
29052	24.8739621674033
29072	24.8739621652702
29082	24.8739621645318
29086	24.8739621467248
29114	24.8739621407475
29116	24.8739621393436
29120	24.8739621384258
29126	24.8739621368954
29134	24.8739621244982
29190	24.8739621209597
29212	24.8739621201124
29230	24.8739621145323
29242	24.8739621065177
29298	24.8739621019474
29328	24.8739620996852
29330	24.8739620923303
29344	24.8739620914051
29364	24.8739620838823
29398	24.8739620815128
29404	24.8739620802257
29408	24.8739620786398
29410	24.8739620735379
29438	24.8739620711582
29458	24.8739620711461
29460	24.8739620672867
29474	24.8739620661637
29498	24.8739620629235
29504	24.8739620613858
29516	24.8739620593956
29518	24.8739620556213
29522	24.8739620535976
29526	24.8739620444422
29554	24.8739620361351
29558	24.8739620322170
29572	24.8739620312951
29574	24.8739620308852
29576	24.8739620248288
29594	24.8739620197688
29646	24.8739620193694
29654	24.8739620176268
29658	24.8739620124694
29674	24.8739620116763
29678	24.8739620107129
29698	24.8739620091749
29702	24.8739620010029
29710	24.8739619988548
29734	24.8739619945704
29754	24.8739619945242
29764	24.8739619923067
29766	24.8739619922351
29774	24.8739619889151
29796	24.8739619865852
29802	24.8739619838889
29824	24.8739619778683
29836	24.8739619748499
29858	24.8739619735687
29862	24.8739619729912
29864	24.8739619712101
29868	24.8739619669438
29886	24.8739619665198
29898	24.8739619604191
29912	24.8739619600797
29920	24.8739619592644
29944	24.8739619384661
30002	24.8739619356738
30006	24.8739619336402
30028	24.8739619273154
30040	24.8739619261171
30048	24.8739619251648
30064	24.8739619219011
30076	24.8739619206777
30086	24.8739619205023
30088	24.8739619179359
30096	24.8739619143321
30098	24.8739619072902
30104	24.8739619034431
30118	24.8739618994671
30122	24.8739618967657
30126	24.8739618896432
30128	24.8739618890314
30134	24.87396188785
30152	24.8739618835727
30160	24.8739618822138
30162	24.8739618801776
30166	24.8739618782433
30180	24.8739618756302
30182	24.8739618744611
30184	24.8739618693257
30208	24.8739618646865
30220	24.8739618635707
30224	24.8739618583864
30226	24.8739618506636
30240	24.8739618486064
30266	24.8739618477537
30268	24.8739618428256
30270	24.8739618408129
30272	24.8739618392874
30298	24.8739618317108
30306	24.8739618308732
30316	24.8739618211543
30320	24.8739618199881
30340	24.8739618083023
30376	24.8739618014226
30392	24.8739617980281
30410	24.8739617973917
30432	24.873961796372
30438	24.8739617921795
30452	24.8739617913985
30456	24.8739617897955
30468	24.8739617868878
30478	24.8739617845418
30482	24.8739617840136
30484	24.8739617813086
30502	24.8739617794766
30504	24.8739617731097
30514	24.8739617660448
30518	24.87396176496
30522	24.8739617627702
30532	24.8739617602120
30552	24.873961758
30558	24.8739617544208
30598	24.8739617517778
30600	24.8739617514086
30612	24.8739617504241
30636	24.8739617406680
30638	24.8739617365436
30654	24.8739617355802
30672	24.8739617326665
30680	24.8739617325134
30690	24.8739617314880
30696	24.8739617266022
30710	24.8739617264122
30722	24.8739617244589
30724	24.8739617131991
30746	24.8739617114102
30758	24.8739617066254
30764	24.8739617019189
30778	24.8739617011297
30780	24.8739616990831
30788	24.8739616969297
30798	24.8739616848512
30806	24.8739616785692
30820	24.8739616767127
30826	24.8739616678614
30846	24.8739616660584
30852	24.8739616587667
30870	24.8739616522525
30896	24.8739616423038
30904	24.8739616328565
30920	24.8739616254631
30960	24.8739616246114
30964	24.8739616234637
30970	24.8739616181588
30974	24.8739616118736
30990	24.8739616077067
30994	24.8739616042351
31002	24.8739615984071
31030	24.8739615962286
31038	24.8739615947468
31046	24.8739615921413
31074	24.8739615916658
31080	24.8739615891861
31098	24.8739615886021
31128	24.8739615837379
31166	24.8739615783653
31178	24.8739615757142
31194	24.8739615740280
31206	24.8739615637186
31216	24.8739615580947
31218	24.8739615518522
31246	24.8739615464748
31248	24.8739615391639
31278	24.8739615360937
31296	24.8739615339388
31302	24.8739615335767
31306	24.8739615281565
31314	24.8739615239871
31326	24.8739615228463
31336	24.8739615221171
31344	24.8739615220388
31348	24.8739615156243
31350	24.8739615152086
31358	24.8739615140475
31368	24.8739615071940
31394	24.8739615033514
31398	24.8739615006573
31416	24.8739614986237
31422	24.8739614952635
31428	24.8739614939070
31432	24.8739614864152
31470	24.8739614863956
31506	24.8739614837728
31514	24.8739614832847
31526	24.8739614818182
31534	24.8739614806844
31536	24.873961479474
31566	24.8739614768024
31596	24.873961476181
31602	24.8739614761726
31618	24.873961475036
31620	24.873961474278
31624	24.8739614740510
31628	24.8739614728154
31678	24.8739614728029
31684	24.8739614725068
31704	24.8739614713698
31716	24.8739614694505
31738	24.8739614673329
31770	24.8739614672961
31772	24.8739614656578
31774	24.8739614641923
31776	24.8739614635454
31782	24.8739614631205
31806	24.8739614617924
31854	24.8739614615942
31856	24.8739614614819
31860	24.8739614575396
31866	24.8739614571035
31870	24.8739614553937
31874	24.8739614538065
31878	24.8739614523315
31900	24.8739614489974
31906	24.8739614484894
31912	24.8739614478683
31914	24.8739614478532
31916	24.8739614461801
31924	24.8739614460141
31928	24.8739614448838
31972	24.8739614419918
31976	24.8739614412802
31982	24.8739614382828
31990	24.8739614368518
32030	24.8739614361320
32040	24.8739614341508
32048	24.8739614327129
32096	24.8739614320896
32108	24.8739614320872
32118	24.8739614320630
32120	24.8739614316404
32128	24.8739614316096
32144	24.8739614285108
32190	24.8739614270357
32198	24.8739614255878
32210	24.8739614234203
32212	24.8739614231471
32222	24.8739614222207
32236	24.8739614215654
32238	24.8739614203306
32268	24.8739614193784
32286	24.8739614180087
32288	24.873961417566
32308	24.8739614159438
32330	24.8739614155070
32336	24.8739614149818
32338	24.8739614139584
32342	24.8739614138298
32346	24.8739614132684
32348	24.8739614123201
32366	24.8739614116193
32398	24.8739614115688
32408	24.8739614097706
32414	24.8739614096161
32418	24.873961408336
32422	24.8739614075701
32424	24.8739614069711
32436	24.8739614067523
32450	24.8739614049395
32466	24.8739614047156
32468	24.8739614043945
32476	24.8739614036358
32480	24.8739614029811
32486	24.8739614002
32506	24.8739613996466
32516	24.8739613994058
32524	24.8739613988246
32536	24.8739613980647
32546	24.8739613960518
32572	24.8739613946022
32574	24.8739613939858
32582	24.8739613919835
32638	24.8739613915804
32648	24.8739613907881
32676	24.8739613906709
32678	24.8739613898101
32684	24.8739613898029
32686	24.8739613890078
32692	24.8739613889407
32694	24.8739613882798
32700	24.8739613876947
32712	24.8739613865110
32734	24.8739613853958
32748	24.8739613843451
32760	24.8739613836346
32778	24.8739613825787
32790	24.8739613822516
32796	24.873961381364
32816	24.8739613813088
32818	24.8739613811780
32828	24.8739613804668
32852	24.8739613786194
32876	24.8739613785855
32886	24.8739613777082
32892	24.8739613762074
32910	24.8739613761322
32914	24.8739613751995
32926	24.8739613751658
32932	24.8739613748995
32938	24.8739613735379
32944	24.8739613731281
32956	24.8739613729633
32958	24.8739613728343
32970	24.8739613725013
32986	24.8739613723939
32996	24.8739613723369
33006	24.8739613720845
33010	24.8739613704097
33012	24.873961370119
33032	24.8739613691311
33046	24.8739613690416
33048	24.8739613686502
33050	24.8739613684332
33052	24.8739613679002
33056	24.8739613678939
33068	24.8739613672466
33076	24.8739613668502
33094	24.8739613659264
33118	24.8739613659106
33126	24.8739613654511
33128	24.8739613653538
33152	24.8739613651315
33154	24.8739613650339
33156	24.8739613641976
33166	24.873961364043
33176	24.8739613636658
33182	24.8739613634333
33184	24.8739613623889
33222	24.8739613621049
33232	24.8739613614918
33242	24.8739613612195
33256	24.8739613609722
33272	24.8739613605048
33286	24.8739613604471
33288	24.8739613601486
33290	24.8739613600446
33302	24.8739613596151
33312	24.8739613593263
33320	24.8739613590266
33326	24.873961358827
33338	24.8739613586999
33346	24.8739613581357
33354	24.8739613580876
33362	24.8739613577741
33366	24.8739613572810
33386	24.8739613572634
33398	24.873961357195
33404	24.873961356136
33452	24.8739613560895
33460	24.8739613557102
33476	24.8739613557022
33478	24.8739613549907
33496	24.8739613548634
33500	24.8739613548066
33506	24.8739613548012
33514	24.8739613542712
33552	24.8739613539788
33574	24.873961353911
33580	24.8739613537025
33582	24.8739613536214
33586	24.8739613534373
33592	24.8739613534003
33594	24.8739613532333
33606	24.8739613530298
33612	24.8739613528623
33614	24.8739613526492
33652	24.8739613522773
33664	24.8739613519237
33666	24.8739613516908
33672	24.8739613514214
33676	24.8739613502835
33688	24.8739613496159
33734	24.8739613493100
33746	24.8739613489277
33762	24.8739613488531
33778	24.8739613485995
33796	24.8739613485719
33802	24.8739613482956
33806	24.8739613479900
33814	24.8739613479651
33840	24.8739613471554
33862	24.8739613471398
33864	24.8739613471029
33882	24.8739613469467
33886	24.8739613467617
33894	24.8739613466661
33904	24.8739613465982
33914	24.8739613462997
33946	24.8739613459677
33958	24.8739613455566
33962	24.8739613450561
33986	24.873961344925
34004	24.8739613448802
34008	24.8739613447334
34022	24.8739613443949
34024	24.8739613441624
34042	24.8739613438632
34066	24.8739613436577
34074	24.8739613434297
34096	24.8739613432755
34100	24.8739613431247
34102	24.8739613428394
34130	24.8739613425802
34138	24.8739613416245
34148	24.8739613409632
34160	24.8739613408188
34164	24.8739613401380
34186	24.8739613400542
34196	24.873961339584
34210	24.8739613392332
34232	24.8739613390955
34238	24.8739613387953
34246	24.8739613387728
34278	24.8739613386977
34292	24.8739613379029
34310	24.8739613376315
34312	24.8739613369483
34314	24.8739613367128
34338	24.8739613366327
34340	24.8739613356835
34346	24.8739613351629
34376	24.8739613350611
34380	24.8739613343642
34388	24.8739613342657
34396	24.8739613334215
34414	24.8739613328778
34436	24.8739613327470
34456	24.8739613324602
34464	24.8739613321457
34470	24.8739613316964
34472	24.8739613314028
34474	24.8739613312222
34508	24.8739613305819
34520	24.8739613303402
34538	24.8739613300008
34566	24.8739613297583
34580	24.8739613294217
34584	24.8739613292024
34588	24.8739613292014
34612	24.8739613291348
34614	24.8739613290861
34626	24.8739613286958
34632	24.8739613285144
34644	24.8739613281878
34656	24.8739613278972
34662	24.8739613276102
34674	24.8739613274955
34690	24.8739613272336
34708	24.8739613269472
34712	24.8739613269265
34714	24.8739613265171
34722	24.8739613263681
34732	24.8739613261170
34740	24.8739613258433
34764	24.8739613253432
34794	24.8739613252264
34812	24.8739613251258
34816	24.8739613249767
34818	24.8739613249598
34820	24.8739613244647
34842	24.8739613239272
34864	24.8739613238631
34870	24.8739613237475
34880	24.8739613237445
34886	24.8739613235721
34888	24.8739613233251
34908	24.8739613231874
34922	24.8739613229263
34924	24.8739613229230
34940	24.8739613227313
34946	24.8739613227142
34948	24.8739613224085
34964	24.8739613223247
34974	24.8739613221524
34978	24.8739613220715
34986	24.8739613219959
34994	24.873961321666
35008	24.8739613215953
35024	24.8739613214032
35036	24.8739613213910
35040	24.8739613209987
35052	24.8739613209451
35054	24.8739613207051
35060	24.8739613204652
35076	24.8739613204612
35080	24.8739613203285
35098	24.8739613201894
35120	24.8739613201246
35122	24.8739613201189
35138	24.8739613200771
35144	24.873961320029
35148	24.8739613199631
35154	24.8739613199469
35174	24.8739613198127
35194	24.8739613196949
35224	24.8739613195992
35228	24.8739613195331
35252	24.8739613194464
35262	24.8739613194093
35284	24.8739613193599
35288	24.8739613192865
35330	24.8739613192495
35350	24.8739613192456
35352	24.8739613192432
35366	24.8739613192354
35368	24.8739613192219
35370	24.8739613191101
35376	24.8739613190949
35378	24.8739613190773
35382	24.8739613190711
35384	24.8739613190474
35386	24.8739613189916
35410	24.8739613189109
35416	24.8739613188611
35440	24.8739613188594
35452	24.8739613187737
35466	24.8739613187531
35484	24.8739613187406
35502	24.8739613187022
35508	24.8739613187
35520	24.8739613186759
35528	24.8739613186567
35544	24.8739613186535
35554	24.8739613186385
35556	24.8739613186146
35562	24.8739613186116
35570	24.8739613185848
35590	24.8739613185459
35606	24.8739613185398
35632	24.8739613185365
35640	24.8739613184958
35658	24.8739613184622
35664	24.873961318441
35672	24.8739613184214
35698	24.8739613183874
35700	24.8739613183860
35710	24.8739613183684
35712	24.8739613183609
35718	24.8739613183511
35722	24.8739613183404
35724	24.8739613183178
35740	24.8739613182883
35746	24.8739613182648
35754	24.8739613182488
35756	24.8739613182465
35760	24.8739613182308
35774	24.8739613182238
35788	24.8739613181494
35790	24.8739613181255
35794	24.8739613180821
35828	24.8739613180573
35856	24.873961318039
35862	24.8739613180369
35868	24.8739613180216
35874	24.8739613179867
35882	24.8739613179577
35900	24.8739613179458
35902	24.8739613179406
35910	24.8739613179335
35914	24.8739613179304
35926	24.8739613179118
35938	24.8739613178969
35950	24.8739613178758
35970	24.8739613178709
35972	24.8739613178611
35982	24.8739613178230
35994	24.8739613178226
36032	24.8739613177985
36046	24.8739613177656
36074	24.8739613177602
36078	24.8739613177376
36096	24.873961317708
36100	24.8739613177012
36112	24.8739613176978
36120	24.8739613176869
36122	24.8739613176703
36140	24.8739613176628
36142	24.8739613176323
36166	24.8739613176289
36168	24.8739613176113
36182	24.8739613176025
36186	24.8739613176017
36192	24.8739613175979
36198	24.8739613175760
36212	24.8739613175308
36234	24.8739613174627
36252	24.8739613174208
36270	24.8739613174044
36288	24.8739613173409
36292	24.8739613172636
36298	24.8739613170973
36306	24.8739613170165
36342	24.8739613170071
36358	24.8739613170026
36362	24.8739613169921
36374	24.8739613169829
36382	24.8739613169821
36386	24.8739613169346
36388	24.8739613169252
36406	24.8739613168895
36434	24.8739613168638
36436	24.8739613168586
36440	24.8739613168566
36456	24.8739613168393
36460	24.8739613168222
36472	24.8739613168034
36480	24.873961316783
36496	24.8739613167777
36500	24.8739613167294
36516	24.873961316714
36520	24.8739613166535
36540	24.8739613166463
36542	24.8739613166312
36552	24.8739613166312
36558	24.8739613165629
36566	24.8739613165491
36576	24.873961316521
36578	24.8739613164991
36608	24.8739613164975
36638	24.8739613164869
36652	24.8739613164844
36658	24.8739613164827
36662	24.8739613164409
36696	24.8739613164209
36702	24.8739613163999
36706	24.8739613163674
36730	24.8739613163537
36748	24.8739613163348
36760	24.8739613163039
36776	24.873961316291
36788	24.8739613162656
36796	24.8739613162506
36820	24.8739613162451
36822	24.8739613162199
36858	24.8739613162096
36866	24.8739613162050
36874	24.8739613161912
36878	24.8739613161836
36910	24.8739613161644
36932	24.8739613161536
36934	24.8739613161513
36940	24.8739613161335
36944	24.8739613161286
36956	24.8739613161062
36970	24.8739613160852
36978	24.8739613160789
36982	24.873961316061
36994	24.8739613160500
37040	24.8739613160277
37044	24.8739613160075
37070	24.873961316001
37114	24.8739613159956
37120	24.8739613159898
37126	24.8739613159881
37136	24.8739613159867
37140	24.8739613159773
37166	24.8739613159765
37184	24.8739613159659
37194	24.8739613159558
37212	24.8739613159510
37230	24.8739613159496
37234	24.8739613159317
37250	24.8739613159247
37254	24.8739613159156
37256	24.8739613159026
37266	24.8739613158894
37282	24.8739613158498
37290	24.873961315831
37304	24.8739613158278
37306	24.8739613158112
37332	24.8739613158046
37352	24.8739613157955
37368	24.8739613157944
37392	24.8739613157824
37408	24.8739613157713
37422	24.8739613157681
37432	24.8739613157652
37438	24.8739613157639
37442	24.8739613157543
37444	24.8739613157441
37468	24.873961315743
37484	24.8739613157275
37506	24.8739613157194
37516	24.8739613157103
37538	24.8739613157079
37556	24.8739613156838
37560	24.8739613156686
37574	24.8739613156463
37582	24.8739613156285
37598	24.8739613156267
37622	24.8739613156071
37654	24.8739613156
37662	24.8739613155884
37674	24.8739613155708
37710	24.8739613155525
37716	24.8739613155513
37718	24.8739613155467
37724	24.8739613155465
37736	24.8739613155455
37748	24.8739613155372
37756	24.8739613155098
37784	24.8739613155061
37796	24.8739613155028
37798	24.8739613154925
37804	24.8739613154882
37806	24.8739613154856
37812	24.8739613154819
37816	24.8739613154709
37830	24.8739613154571
37842	24.8739613154520
37850	24.8739613154421
37852	24.8739613154348
37856	24.8739613154275
37874	24.8739613154202
37916	24.8739613154124
37926	24.8739613154085
37944	24.8739613153892
37980	24.8739613153730
37988	24.8739613153701
37992	24.8739613153662
38032	24.8739613153552
38034	24.8739613153542
38048	24.8739613153475
38050	24.8739613153424
38072	24.8739613153098
38082	24.8739613152954
38090	24.8739613152948
38094	24.8739613152897
38098	24.8739613152805
38132	24.8739613152703
38138	24.8739613152604
38142	24.8739613152561
38148	24.8739613152511
38158	24.873961315246
38182	24.8739613152348
38186	24.8739613152337
38202	24.8739613152267
38204	24.8739613152255
38230	24.8739613152183
38244	24.8739613152149
38278	24.8739613152018
38292	24.8739613151968
38300	24.8739613151934
38304	24.8739613151899
38308	24.8739613151805
38312	24.8739613151774
38316	24.8739613151714
38324	24.8739613151494
38342	24.8739613151381
38348	24.8739613151212
38358	24.8739613151129
38372	24.8739613151104
38384	24.8739613151073
38386	24.8739613151067
38418	24.8739613150886
38422	24.8739613150772
38444	24.8739613150688
38454	24.8739613150613
38460	24.8739613150528
38476	24.8739613150438
38500	24.8739613150417
38508	24.8739613150384
38516	24.8739613150371
38536	24.8739613150314
38546	24.8739613150266
38550	24.8739613150249
38554	24.8739613149893
38580	24.8739613149891
38598	24.8739613149817
38600	24.873961314961
38606	24.8739613149522
38628	24.873961314922
38660	24.8739613148936
38680	24.8739613148918
38682	24.873961314874
38710	24.8739613148670
38712	24.873961314828
38720	24.8739613148266
38734	24.8739613148221
38760	24.8739613148192
38776	24.8739613148001
38796	24.8739613147872
38812	24.8739613147731
38828	24.8739613147582
38830	24.8739613147417
38862	24.8739613147316
38882	24.8739613147161
38886	24.8739613147156
38894	24.8739613147049
38926	24.8739613146971
38934	24.8739613146901
38954	24.873961314684
38970	24.8739613146674
38978	24.8739613146654
38984	24.8739613146510
39004	24.8739613146502
39012	24.8739613146348
39060	24.8739613146237
39086	24.8739613146187
39088	24.8739613146129
39094	24.8739613146107
39116	24.8739613146083
39122	24.8739613146032
39132	24.8739613145995
39136	24.8739613145788
39144	24.8739613145637
39146	24.8739613145407
39170	24.8739613145327
39188	24.8739613145305
39200	24.8739613145294
39212	24.8739613145249
39222	24.8739613145201
39230	24.8739613145186
39240	24.8739613145089
39242	24.8739613145088
39280	24.8739613144988
39286	24.8739613144950
39338	24.8739613144818
39344	24.8739613144809
39358	24.8739613144712
39372	24.8739613144692
39388	24.8739613144687
39406	24.8739613144614
39408	24.8739613144586
39434	24.8739613144554
39442	24.8739613144521
39482	24.8739613144498
39492	24.8739613144486
39500	24.8739613144438
39502	24.8739613144435
39518	24.8739613144402
39538	24.8739613144321
39546	24.8739613144257
39570	24.8739613144251
39580	24.8739613144247
39586	24.8739613144215
39598	24.8739613144200
39602	24.8739613144183
39616	24.8739613144177
39630	24.8739613144163
39634	24.8739613144142
39642	24.8739613144124
39660	24.8739613144075
39670	24.8739613144027
39680	24.8739613144008
39692	24.8739613144002
39706	24.8739613143993
39718	24.8739613143986
39726	24.8739613143958
39728	24.8739613143955
39732	24.8739613143903
39734	24.8739613143829
39744	24.8739613143820
39758	24.8739613143767
39760	24.8739613143755
39774	24.8739613143678
39788	24.8739613143670
39798	24.8739613143665
39800	24.8739613143603
39816	24.8739613143585
39820	24.8739613143575
39832	24.8739613143528
39876	24.8739613143486
39892	24.8739613143483
39902	24.8739613143445
39928	24.8739613143411
39938	24.8739613143388
39946	24.8739613143314
39950	24.8739613143288
39954	24.8739613143237
39956	24.8739613143221
39968	24.8739613143216
39986	24.8739613143184
39998	24.8739613143126
40012	24.8739613143125
40018	24.8739613143105
40026	24.8739613142995
40048	24.8739613142922
40064	24.8739613142865
40116	24.8739613142858
40118	24.8739613142855
40120	24.8739613142827
40126	24.8739613142795
40138	24.8739613142762
40148	24.8739613142725
40170	24.8739613142703
40186	24.8739613142698
40214	24.8739613142691
40224	24.8739613142673
40236	24.8739613142655
40250	24.8739613142642
40252	24.8739613142639
40260	24.8739613142637
40270	24.8739613142620
40278	24.8739613142610
40280	24.8739613142602
40282	24.8739613142577
40290	24.8739613142571
40310	24.8739613142564
40312	24.8739613142540
40316	24.8739613142538
40318	24.8739613142505
40348	24.8739613142505
40350	24.8739613142492
40364	24.8739613142467
40382	24.8739613142457
40396	24.8739613142453
40408	24.8739613142411
40410	24.8739613142392
40412	24.8739613142357
40440	24.8739613142347
40442	24.8739613142312
40464	24.8739613142297
40472	24.8739613142285
40474	24.8739613142280
40482	24.8739613142256
40490	24.8739613142245
40494	24.8739613142225
40496	24.8739613142155
40498	24.8739613142080
40516	24.8739613142037
40518	24.8739613141950
40568	24.8739613141942
40570	24.8739613141938
40578	24.8739613141935
40596	24.8739613141904
40606	24.8739613141878
40612	24.8739613141859
40630	24.8739613141843
40638	24.8739613141837
40642	24.8739613141829
40652	24.873961314179
40658	24.8739613141768
40686	24.8739613141747
40710	24.873961314174
40726	24.8739613141713
40728	24.8739613141706
40732	24.8739613141685
40738	24.873961314167
40744	24.8739613141667
40752	24.8739613141636
40766	24.8739613141597
40800	24.8739613141592
40802	24.8739613141581
40808	24.8739613141579
40812	24.8739613141554
40818	24.8739613141541
40838	24.8739613141520
40850	24.8739613141491
40866	24.8739613141465
40890	24.8739613141462
40900	24.8739613141459
40910	24.8739613141425
40916	24.8739613141425
40928	24.8739613141403
40930	24.8739613141377
40954	24.8739613141344
41014	24.8739613141337
41022	24.8739613141329
41026	24.8739613141301
41054	24.8739613141296
41060	24.8739613141290
41066	24.8739613141279
41074	24.873961314127
41082	24.8739613141249
41092	24.8739613141240
41104	24.8739613141219
41130	24.8739613141218
41136	24.8739613141207
41138	24.8739613141184
41168	24.8739613141182
41180	24.8739613141171
41194	24.8739613141155
41198	24.8739613141152
41210	24.8739613141152
41216	24.8739613141121
41220	24.8739613141117
41240	24.8739613141111
41250	24.8739613141069
41286	24.8739613141053
41288	24.8739613141049
41292	24.873961314103
41312	24.8739613141015
41356	24.8739613141000
41358	24.8739613140999
41364	24.8739613140999
41386	24.8739613140986
41390	24.8739613140978
41392	24.8739613140959
41394	24.8739613140958
41396	24.8739613140958
41414	24.8739613140942
41420	24.8739613140940
41436	24.8739613140911
41444	24.8739613140907
41472	24.8739613140903
41486	24.87396131409
41490	24.8739613140890
41498	24.8739613140887
41504	24.8739613140866
41510	24.8739613140859
41520	24.8739613140849
41538	24.8739613140835
41548	24.8739613140829
41562	24.8739613140819
41566	24.8739613140806
41590	24.8739613140783
41610	24.8739613140772
41614	24.8739613140764
41620	24.8739613140763
41626	24.8739613140744
41646	24.8739613140734
41652	24.8739613140725
41660	24.8739613140707
41680	24.8739613140699
41710	24.8739613140684
41724	24.8739613140674
41726	24.8739613140673
41728	24.8739613140638
41734	24.8739613140631
41738	24.8739613140627
41740	24.8739613140626
41748	24.8739613140621
41754	24.8739613140613
41756	24.8739613140605
41762	24.8739613140605
41764	24.8739613140600
41774	24.8739613140595
41778	24.873961314057
41786	24.8739613140552
41812	24.8739613140530
41840	24.8739613140509
41856	24.8739613140461
41860	24.8739613140429
41908	24.8739613140415
41922	24.8739613140403
41936	24.8739613140373
41962	24.8739613140357
41970	24.8739613140333
41982	24.8739613140326
41986	24.8739613140293
42010	24.8739613140260
42036	24.8739613140238
42066	24.8739613140212
42092	24.8739613140204
42120	24.8739613140201
42136	24.8739613140197
42142	24.8739613140183
42154	24.8739613140182
42168	24.8739613140182
42172	24.8739613140165
42174	24.8739613140152
42180	24.8739613140118
42202	24.8739613140109
42204	24.8739613140094
42220	24.8739613140066
42226	24.8739613140065
42244	24.8739613140055
42248	24.8739613140053
42276	24.8739613140014
42300	24.8739613140005
42316	24.8739613139973
42346	24.8739613139973
42354	24.8739613139959
42374	24.8739613139950
42384	24.8739613139949
42386	24.8739613139936
42392	24.8739613139931
42398	24.8739613139931
42408	24.8739613139923
42430	24.8739613139906
42446	24.8739613139895
42474	24.8739613139883
42488	24.8739613139868
42498	24.8739613139866
42522	24.8739613139863
42526	24.8739613139848
42530	24.8739613139844
42534	24.8739613139841
42546	24.8739613139837
42562	24.8739613139837
42564	24.8739613139831
42570	24.8739613139817
42572	24.8739613139808
42596	24.8739613139807
42598	24.8739613139798
42614	24.8739613139794
42616	24.8739613139794
42642	24.8739613139777
42658	24.873961313977
42686	24.8739613139769
42688	24.8739613139761
42702	24.8739613139755
42708	24.8739613139751
42728	24.8739613139749
42766	24.8739613139742
42776	24.8739613139739
42792	24.8739613139728
42804	24.8739613139726
42812	24.873961313972
42834	24.8739613139719
42838	24.8739613139718
42846	24.8739613139717
42850	24.8739613139713
42866	24.873961313971
42868	24.8739613139703
42880	24.8739613139702
42890	24.8739613139701
42896	24.8739613139695
42906	24.8739613139685
42916	24.8739613139677
42918	24.8739613139672
42930	24.8739613139667
42932	24.8739613139662
42942	24.8739613139660
42948	24.8739613139659
42952	24.8739613139646
42954	24.8739613139633
42978	24.8739613139628
42998	24.8739613139617
43000	24.8739613139615
43008	24.8739613139611
43032	24.8739613139597
43050	24.8739613139577
43096	24.8739613139576
43098	24.8739613139569
43102	24.8739613139567
43104	24.8739613139555
43110	24.8739613139551
43114	24.8739613139541
43116	24.8739613139533
43134	24.873961313953
43136	24.8739613139523
43138	24.8739613139518
43146	24.8739613139505
43174	24.8739613139485
43206	24.8739613139483
43250	24.8739613139469
43260	24.8739613139463
43282	24.873961313946
43294	24.8739613139456
43304	24.8739613139448
43310	24.8739613139448
43332	24.8739613139445
43340	24.8739613139441
43346	24.8739613139437
43348	24.8739613139431
43366	24.8739613139427
43384	24.8739613139426
43388	24.8739613139423
43408	24.8739613139421
43412	24.8739613139420
43418	24.873961313942
43420	24.8739613139413
43472	24.8739613139407
43484	24.8739613139404
43500	24.8739613139403
43512	24.8739613139397
43530	24.8739613139389
43542	24.8739613139388
43544	24.8739613139388
43546	24.8739613139387
43548	24.8739613139385
43560	24.8739613139385
43568	24.8739613139377
43576	24.8739613139377
43598	24.8739613139372
43600	24.8739613139368
43608	24.8739613139364
43624	24.8739613139362
43628	24.873961313935
43630	24.8739613139348
43632	24.8739613139348
43662	24.8739613139348
43664	24.8739613139344
43690	24.8739613139338
43714	24.8739613139335
43720	24.8739613139331
43744	24.8739613139329
43748	24.8739613139324
43766	24.8739613139316
43792	24.8739613139312
43802	24.8739613139307
43806	24.8739613139305
43812	24.8739613139305
43822	24.87396131393
43860	24.8739613139293
43866	24.8739613139293
43868	24.8739613139289
43878	24.8739613139288
43882	24.8739613139287
43890	24.8739613139277
43900	24.8739613139275
43908	24.8739613139273
43918	24.873961313926
43954	24.8739613139255
43984	24.8739613139254
43988	24.8739613139249
43990	24.8739613139246
43998	24.8739613139241
44006	24.8739613139236
44010	24.8739613139235
44024	24.8739613139218
44028	24.8739613139210
44060	24.8739613139205
44072	24.8739613139202
44116	24.8739613139200
44120	24.8739613139198
44174	24.8739613139196
44196	24.8739613139195
44220	24.8739613139194
44228	24.8739613139193
44240	24.8739613139188
44278	24.8739613139186
44290	24.8739613139183
44324	24.8739613139183
44326	24.8739613139181
44332	24.8739613139179
44336	24.8739613139178
44360	24.8739613139178
44362	24.8739613139175
44378	24.8739613139169
44386	24.8739613139168
44426	24.8739613139168
44428	24.8739613139163
44434	24.873961313916
44436	24.8739613139159
44442	24.8739613139159
44460	24.8739613139158
44470	24.8739613139157
44472	24.8739613139154
44480	24.8739613139153
44488	24.8739613139153
44490	24.8739613139153
44492	24.8739613139152
44498	24.8739613139152
44502	24.8739613139147
44504	24.8739613139147
44524	24.8739613139142
44536	24.8739613139142
44558	24.8739613139141
44560	24.8739613139141
44570	24.8739613139136
44604	24.8739613139133
44610	24.8739613139133
44612	24.8739613139132
44628	24.8739613139131
44650	24.8739613139129
44654	24.8739613139127
44666	24.8739613139126
44686	24.8739613139126
44688	24.8739613139121
44722	24.8739613139121
44766	24.8739613139121
44768	24.8739613139119
44786	24.8739613139118
44804	24.8739613139117
44838	24.8739613139116
44844	24.8739613139115
44862	24.8739613139115
44864	24.8739613139113
44868	24.8739613139113
44894	24.8739613139113
44900	24.8739613139112
44914	24.8739613139111
44916	24.873961313911
44922	24.8739613139109
44926	24.8739613139107
44938	24.8739613139107
44946	24.8739613139107
44950	24.8739613139105
44968	24.8739613139104
44996	24.8739613139104
45004	24.8739613139102
45018	24.8739613139102
45032	24.8739613139101
45038	24.8739613139098
45060	24.8739613139095
45086	24.8739613139095
45100	24.8739613139092
45108	24.8739613139092
45118	24.873961313909
45152	24.8739613139089
45156	24.8739613139089
45170	24.8739613139088
45174	24.8739613139086
45178	24.8739613139086
45180	24.8739613139085
45200	24.8739613139083
45218	24.8739613139082
45220	24.8739613139082
45238	24.8739613139081
45250	24.8739613139081
45272	24.8739613139081
45292	24.873961313908
45298	24.8739613139079
45304	24.8739613139079
45310	24.8739613139078
45312	24.8739613139076
45314	24.8739613139076
45316	24.8739613139076
45324	24.8739613139076
45350	24.8739613139075
45352	24.8739613139071
45354	24.873961313907
45372	24.8739613139069
45380	24.8739613139069
45386	24.8739613139068
45398	24.8739613139067
45404	24.8739613139067
45412	24.8739613139066
45446	24.8739613139066
45454	24.8739613139066
45456	24.8739613139065
45462	24.8739613139064
45466	24.8739613139063
45498	24.8739613139063
45504	24.8739613139059
45562	24.8739613139059
45564	24.8739613139058
45568	24.8739613139058
45586	24.8739613139057
45598	24.8739613139056
45608	24.8739613139054
45612	24.8739613139054
45634	24.8739613139054
45654	24.8739613139052
45664	24.8739613139052
45678	24.8739613139051
45682	24.8739613139051
45696	24.873961313905
45702	24.8739613139050
45706	24.8739613139050
45730	24.8739613139049
45732	24.8739613139049
45742	24.8739613139049
45748	24.8739613139048
45756	24.8739613139047
45764	24.8739613139047
45768	24.8739613139046
45780	24.8739613139046
45786	24.8739613139043
45816	24.8739613139042
45820	24.8739613139041
45824	24.8739613139041
45836	24.8739613139040
45848	24.8739613139037
45858	24.8739613139035
45864	24.8739613139032
45882	24.8739613139032
45892	24.8739613139031
45894	24.8739613139029
45904	24.8739613139029
45910	24.8739613139028
45914	24.8739613139028
45944	24.8739613139026
45946	24.8739613139025
45948	24.8739613139024
45962	24.8739613139023
45992	24.8739613139022
45996	24.8739613139022
46012	24.8739613139022
46018	24.8739613139022
46030	24.8739613139021
46036	24.8739613139016
46048	24.8739613139012
46058	24.8739613139008
46066	24.8739613139003
46072	24.8739613138991
46074	24.8739613138989
46076	24.8739613138989
46096	24.8739613138984
46100	24.8739613138983
46116	24.8739613138982
46118	24.8739613138979
46136	24.8739613138977
46160	24.8739613138976
46186	24.8739613138975
46188	24.8739613138975
46190	24.8739613138975
46196	24.8739613138974
46200	24.8739613138972
46202	24.8739613138971
46204	24.873961313897
46240	24.8739613138968
46252	24.8739613138967
46260	24.8739613138964
46274	24.8739613138961
46290	24.8739613138961
46292	24.8739613138959
46334	24.8739613138959
46336	24.8739613138958
46338	24.8739613138958
46340	24.8739613138958
46356	24.8739613138956
46392	24.8739613138955
46396	24.8739613138954
46426	24.8739613138953
46438	24.8739613138953
46444	24.8739613138952
46446	24.873961313895
46470	24.8739613138949
46494	24.8739613138948
46496	24.8739613138948
46504	24.8739613138946
46510	24.8739613138946
46538	24.8739613138944
46542	24.8739613138943
46544	24.8739613138943
46554	24.8739613138942
46598	24.8739613138942
46610	24.8739613138941
46628	24.8739613138940
46634	24.8739613138939
46662	24.8739613138938
46666	24.8739613138937
46668	24.8739613138937
46672	24.8739613138935
46682	24.8739613138935
46694	24.8739613138934
46698	24.8739613138934
46710	24.8739613138933
46716	24.8739613138932
46724	24.8739613138932
46728	24.8739613138932
46738	24.8739613138931
46756	24.8739613138929
46774	24.8739613138929
46786	24.8739613138927
46802	24.8739613138927
46804	24.8739613138926
46808	24.8739613138926
46820	24.8739613138925
46832	24.8739613138924
46836	24.8739613138923
46878	24.8739613138921
46896	24.8739613138921
46898	24.873961313892
46906	24.873961313892
46908	24.8739613138920
46922	24.8739613138919
46932	24.8739613138919
46936	24.8739613138918
46940	24.8739613138918
46950	24.8739613138918
46952	24.8739613138917
46968	24.8739613138917
46976	24.8739613138917
46978	24.8739613138917
46986	24.8739613138916
46988	24.8739613138916
47000	24.8739613138915
47010	24.8739613138915
47032	24.8739613138915
47048	24.8739613138914
47056	24.8739613138914
47058	24.8739613138913
47082	24.8739613138912
47094	24.8739613138911
47120	24.8739613138909
47150	24.8739613138908
47168	24.8739613138907
47172	24.8739613138907
47204	24.8739613138907
47208	24.8739613138906
47214	24.8739613138904
47232	24.8739613138904
47236	24.8739613138904
47238	24.8739613138903
47240	24.8739613138902
47248	24.8739613138901
47270	24.8739613138901
47274	24.8739613138899
47290	24.8739613138898
47306	24.8739613138898
47310	24.8739613138898
47320	24.8739613138897
47338	24.8739613138895
47364	24.8739613138894
47370	24.8739613138894
47386	24.8739613138893
47390	24.8739613138893
47406	24.8739613138893
47414	24.8739613138892
47424	24.8739613138891
47442	24.8739613138891
47460	24.8739613138891
47462	24.8739613138890
47482	24.873961313889
47486	24.873961313889
47490	24.8739613138889
47506	24.8739613138889
47510	24.8739613138889
47540	24.8739613138888
47556	24.8739613138888
47564	24.8739613138887
47572	24.8739613138887
47588	24.8739613138886
47594	24.8739613138886
47602	24.8739613138885
47606	24.8739613138885
47628	24.8739613138884
47632	24.8739613138884
47634	24.8739613138884
47644	24.8739613138883
47660	24.8739613138883
47662	24.8739613138882
47670	24.8739613138882
47688	24.8739613138881
47704	24.8739613138881
47710	24.8739613138879
47730	24.8739613138877
47742	24.8739613138877
47744	24.8739613138877
47756	24.8739613138876
47760	24.8739613138876
47762	24.8739613138875
47766	24.8739613138874
47768	24.8739613138873
47770	24.8739613138872
47772	24.8739613138872
47776	24.8739613138871
47784	24.873961313887
47790	24.8739613138869
47812	24.8739613138868
47822	24.8739613138867
47834	24.8739613138867
47848	24.8739613138866
47860	24.8739613138865
47878	24.8739613138863
47906	24.8739613138862
47940	24.8739613138860
47942	24.8739613138858
47952	24.8739613138858
47966	24.8739613138857
47976	24.8739613138856
47982	24.8739613138855
47990	24.8739613138855
47994	24.8739613138855
48000	24.8739613138854
48004	24.8739613138853
48006	24.8739613138852
48018	24.8739613138851
48024	24.8739613138850
48036	24.8739613138850
48042	24.8739613138850
48056	24.8739613138849
48064	24.8739613138848
48066	24.8739613138848
48082	24.8739613138846
48100	24.8739613138844
48102	24.8739613138843
48120	24.8739613138843
48136	24.8739613138842
48168	24.8739613138841
48182	24.8739613138841
48184	24.873961313884
48218	24.8739613138838
48226	24.8739613138838
48254	24.8739613138837
48256	24.8739613138836
48290	24.8739613138835
48296	24.8739613138834
48358	24.8739613138832
48376	24.8739613138831
48384	24.8739613138831
48416	24.873961313883
48422	24.8739613138829
48442	24.8739613138829
48456	24.8739613138828
48464	24.8739613138827
48482	24.8739613138827
48494	24.8739613138826
48496	24.8739613138826
48520	24.8739613138826
48532	24.8739613138825
48550	24.8739613138825
48568	24.8739613138825
48572	24.8739613138825
48588	24.8739613138824
48600	24.8739613138824
48608	24.8739613138824
48616	24.8739613138823
48618	24.8739613138823
48620	24.8739613138823
48630	24.8739613138822
48648	24.8739613138822
48664	24.8739613138821
48666	24.8739613138821
48672	24.8739613138821
48676	24.8739613138821
48690	24.8739613138820
48694	24.873961313882
48702	24.873961313882
48724	24.8739613138820
48728	24.8739613138820
48736	24.8739613138819
48758	24.8739613138818
48762	24.8739613138818
48776	24.8739613138817
48788	24.8739613138817
48796	24.8739613138817
48802	24.8739613138817
48804	24.8739613138817
48814	24.8739613138816
48838	24.8739613138816
48872	24.8739613138816
48882	24.8739613138815
48884	24.8739613138815
48902	24.8739613138815
48910	24.8739613138814
48914	24.8739613138813
48924	24.8739613138813
48932	24.8739613138812
48934	24.8739613138812
48954	24.8739613138812
48966	24.8739613138811
48980	24.8739613138811
49002	24.8739613138811
49028	24.8739613138809
49056	24.8739613138809
49060	24.8739613138809
49084	24.8739613138808
49086	24.8739613138807
49092	24.8739613138805
49100	24.8739613138805
49104	24.8739613138804
49114	24.8739613138803
49132	24.8739613138803
49148	24.8739613138801
49152	24.87396131388
49162	24.87396131388
49176	24.8739613138798
49182	24.8739613138798
49184	24.8739613138798
49186	24.8739613138797
49196	24.8739613138797
49218	24.8739613138797
49226	24.8739613138797
49236	24.8739613138796
49276	24.8739613138795
49308	24.8739613138795
49324	24.8739613138795
49338	24.8739613138794
49340	24.8739613138794
49368	24.8739613138794
49382	24.8739613138794
49406	24.8739613138794
49412	24.8739613138793
49418	24.8739613138793
49436	24.8739613138793
49462	24.8739613138793
49482	24.8739613138792
49484	24.8739613138792
49494	24.8739613138792
49498	24.8739613138792
49514	24.8739613138792
49516	24.8739613138791
49570	24.8739613138791
49580	24.8739613138791
49592	24.8739613138791
49598	24.8739613138791
49604	24.8739613138791
49608	24.8739613138791
49648	24.8739613138790
49670	24.8739613138790
49680	24.873961313879
49702	24.873961313879
49724	24.8739613138790
49726	24.8739613138790
49736	24.8739613138790
49746	24.8739613138790
49752	24.8739613138789
49756	24.8739613138789
49764	24.8739613138789
49784	24.8739613138789
49792	24.8739613138789
49820	24.8739613138789
49848	24.8739613138789
49850	24.8739613138789
49856	24.8739613138788
49882	24.8739613138788
49884	24.8739613138788
49888	24.8739613138788
49910	24.8739613138788
49954	24.8739613138788
49964	24.8739613138788
49984	24.8739613138788
49988	24.8739613138788
49992	24.8739613138787
50058	24.8739613138787
50066	24.8739613138787
50070	24.8739613138787
50072	24.8739613138787
50080	24.8739613138786
50084	24.8739613138786
50100	24.8739613138786
50112	24.8739613138785
50114	24.8739613138785
50116	24.8739613138785
50120	24.8739613138784
50140	24.8739613138784
50152	24.8739613138784
50164	24.8739613138784
50168	24.8739613138783
50176	24.8739613138783
50188	24.8739613138782
50192	24.8739613138782
50196	24.8739613138782
50206	24.8739613138782
50238	24.8739613138781
50244	24.8739613138781
50268	24.8739613138780
50282	24.873961313878
50290	24.873961313878
50292	24.8739613138779
50302	24.8739613138779
50304	24.8739613138779
50324	24.8739613138778
50368	24.8739613138777
50388	24.8739613138777
50392	24.8739613138777
50422	24.8739613138776
50442	24.8739613138776
50444	24.8739613138776
50454	24.8739613138776
50468	24.8739613138775
50486	24.8739613138775
50490	24.8739613138775
50502	24.8739613138775
50518	24.8739613138774
50542	24.8739613138774
50554	24.8739613138774
50560	24.8739613138774
50564	24.8739613138774
50566	24.8739613138774
50570	24.8739613138774
50584	24.8739613138774
50616	24.8739613138773
50618	24.8739613138773
50620	24.8739613138773
50628	24.8739613138773
50644	24.8739613138773
50672	24.8739613138772
50688	24.8739613138772
50690	24.8739613138771
50714	24.8739613138771
50728	24.8739613138771
50762	24.8739613138771
50800	24.8739613138771
50804	24.8739613138771
50810	24.8739613138770
50814	24.8739613138770
50840	24.8739613138770
50850	24.873961313877
50892	24.873961313877
50936	24.8739613138770
50940	24.8739613138770
50978	24.8739613138769
50994	24.8739613138769
51006	24.8739613138769
51012	24.8739613138769
51036	24.8739613138769
51054	24.8739613138769
51078	24.8739613138769
51098	24.8739613138769
51112	24.8739613138769
51118	24.8739613138769
51128	24.8739613138769
51144	24.8739613138769
51170	24.8739613138769
51184	24.8739613138769
51186	24.8739613138769
51220	24.8739613138768
51236	24.8739613138768
51280	24.8739613138768
51292	24.8739613138768
51302	24.8739613138768
51314	24.8739613138768
51354	24.8739613138768
51362	24.8739613138768
51364	24.8739613138767
51400	24.8739613138767
51404	24.8739613138767
51408	24.8739613138767
51460	24.8739613138767
51466	24.8739613138767
51484	24.8739613138767
51494	24.8739613138767
51506	24.8739613138767
51526	24.8739613138767
51544	24.8739613138767
51548	24.8739613138766
51550	24.8739613138766
51572	24.8739613138766
51578	24.8739613138766
51586	24.8739613138766
51598	24.8739613138766
51600	24.8739613138766
51618	24.8739613138765
51634	24.8739613138765
51642	24.8739613138765
51650	24.8739613138765
51676	24.8739613138765
51686	24.8739613138764
51694	24.8739613138764
51744	24.8739613138764
51764	24.8739613138764
51776	24.8739613138764
51784	24.8739613138764
51804	24.8739613138764
51830	24.8739613138764
51846	24.8739613138764
51850	24.8739613138764
51866	24.8739613138764
51902	24.8739613138764
51904	24.8739613138764
51910	24.8739613138763
51914	24.8739613138763
51928	24.8739613138763
51960	24.8739613138763
51968	24.8739613138763
51984	24.8739613138763
51992	24.8739613138763
52022	24.8739613138763
52040	24.8739613138763
52062	24.8739613138763
52070	24.8739613138763
52080	24.8739613138763
52096	24.8739613138763
52098	24.8739613138762
52128	24.8739613138762
52142	24.8739613138762
52174	24.8739613138762
52182	24.8739613138762
52206	24.8739613138762
52214	24.8739613138762
52218	24.8739613138761
52238	24.8739613138761
52240	24.8739613138761
52248	24.8739613138761
52268	24.8739613138761
52280	24.8739613138761
52298	24.8739613138761
52366	24.8739613138761
52398	24.8739613138761
52404	24.8739613138761
52472	24.8739613138760
52496	24.8739613138760
52504	24.8739613138760
52518	24.8739613138760
52528	24.873961313876
52534	24.873961313876
52554	24.873961313876
52574	24.873961313876
52584	24.873961313876
52598	24.8739613138760
52606	24.8739613138760
52618	24.8739613138760
52662	24.8739613138760
52678	24.8739613138760
52688	24.8739613138759
52706	24.8739613138759
52766	24.8739613138759
52784	24.8739613138759
52804	24.8739613138759
52824	24.8739613138759
52850	24.8739613138759
52872	24.8739613138759
52932	24.8739613138759
52942	24.8739613138759
52950	24.8739613138758
52994	24.8739613138758
53004	24.8739613138758
53014	24.8739613138758
53016	24.8739613138758
53018	24.8739613138758
53026	24.8739613138758
53032	24.8739613138758
53034	24.8739613138758
53060	24.8739613138758
53062	24.8739613138758
53080	24.8739613138757
53084	24.8739613138757
53122	24.8739613138757
53130	24.8739613138757
53138	24.8739613138757
53144	24.8739613138757
53146	24.8739613138757
53148	24.8739613138756
53158	24.8739613138756
53162	24.8739613138756
53164	24.8739613138756
53214	24.8739613138756
53220	24.8739613138755
53226	24.8739613138755
53236	24.8739613138755
53242	24.8739613138755
53250	24.8739613138755
53330	24.8739613138755
53340	24.8739613138754
53342	24.8739613138754
53362	24.8739613138754
53378	24.8739613138754
53384	24.8739613138754
53390	24.8739613138754
53404	24.8739613138754
53418	24.8739613138754
53426	24.8739613138754
53456	24.8739613138753
53486	24.8739613138753
53496	24.8739613138753
53518	24.8739613138753
53552	24.8739613138753
53616	24.8739613138753
53702	24.8739613138753
53758	24.8739613138753
53850	24.8739613138753
53904	24.8739613138753
53944	24.8739613138753
53974	24.8739613138753
53986	24.8739613138753
54034	24.8739613138753
54074	24.8739613138753
54126	24.8739613138752
54164	24.8739613138752
54258	24.8739613138752
54264	24.8739613138752
54356	24.8739613138752
54418	24.8739613138752
54422	24.8739613138752
54440	24.8739613138752
54464	24.8739613138752
54554	24.8739613138752
54574	24.8739613138752
54588	24.8739613138752
54628	24.8739613138752
54650	24.8739613138752
54666	24.8739613138752
54752	24.8739613138752
54778	24.8739613138752
54786	24.8739613138752
54852	24.8739613138752
54946	24.8739613138752
54994	24.8739613138751
55130	24.8739613138751
55156	24.8739613138751
55606	24.8739613138751
55832	24.8739613138751
56254	24.8739613138751
56804	24.8739613138751
57444	24.8739613138751
57874	24.8739613138751
57922	24.8739613138751
58168	24.8739613138751
58540	24.8739613138751
60210	24.8739613138751
73194	24.8739613138751
74484	24.8739613138751
82752	24.8739613138751
83240	24.8739613138751
85934	24.8739613138751
86366	24.8739613138751
87086	24.8739613138750
89990	24.8739613138750
116012	24.8739613138750
300000	24.8739613138750
