52	532.867315373139
66	513.779365746359
70	424.117490152675
82	366.402373375813
180	304.926258189421
258	298.561752101616
346	296.822556366108
394	268.155132425357
460	241.501087113868
698	230.169927459259
1152	216.533790611357
2118	212.561204158351
2950	210.801269332125
3096	203.643976271525
3746	192.381810807900
4248	189.964022519208
4258	161.176006318307
4294	146.683562941134
4386	141.487776402072
4516	139.517767618946
4534	132.282915413844
4562	119.982920913638
4588	115.146577106619
4648	107.630909903432
4664	106.552242930798
4682	106.170545277768
4684	100.286086735524
4710	100.082619722890
4718	95.189297950108
4730	94.868893632939
4748	94.2460597333345
4756	91.7035125382516
4768	91.0432569201425
4772	90.8439036450817
4790	90.4870487916725
4814	88.243903970843
4826	87.9704769488153
4848	86.536409402509
4898	86.1543694129377
4906	85.5783542884664
4908	85.044103434286
4918	83.1318917994978
4944	81.9576468215306
4954	81.7695381656432
5006	81.7048038848754
5008	81.1286125355642
5062	80.256935638562
5084	79.8758763775691
5094	79.66835168066
5114	79.0819805965684
5132	78.4554211771877
5140	77.31420539704
5210	76.955631676104
5224	76.8850630882498
5232	76.6347963410822
5260	76.4268379177163
5264	76.4225330851237
5268	76.3732194914451
5272	76.2020510942385
5300	75.6324342209517
5318	75.180253990579
5346	75.0606657973107
5348	74.4852629042328
5394	73.9179518750068
5420	73.5217683509389
5424	72.7158433583525
5436	72.3728241695246
5440	71.9805135213104
5486	71.5727990023616
5500	71.1975418285652
5532	70.946651481816
5538	70.8162048002612
5542	70.5404958615372
5574	70.3915757248582
5584	70.3572797988073
5588	70.2437225429025
5612	70.150425913136
5614	69.9912723348332
5618	69.7085145208233
5634	69.3309979865271
5646	69.3118393278828
5652	69.2565865823925
5658	68.4895060847178
5670	68.4837571426297
5676	68.4496404261851
5680	68.1419812077148
5682	67.7913779000662
5688	67.6689430777439
5700	67.4349947849092
5736	67.4319321291797
5744	67.2460612004284
5760	66.9299713538169
5762	66.7618583110688
5768	66.4229095334786
5774	66.3769726825001
5784	66.2813397194212
5794	66.2285591571405
5798	66.1772105372398
5800	66.0115397299382
5804	66.0087385876942
5812	65.959359431187
5820	65.913537863589
5824	65.7243709186573
5826	65.652041250979
5834	65.6478936810373
5838	65.4208764141608
5844	65.236526905717
5864	64.828645260636
5870	64.4957449992255
5880	64.128594639727
5900	64.0630872565273
5902	63.9396776530996
5908	63.7408769492752
5922	63.119303586838
5940	62.5373258732521
5970	62.4823268325996
5978	62.4816266462086
5984	62.4270988013179
5996	62.0946415326872
5998	61.7731326770198
6016	61.6687717745979
6022	61.6264383314334
6046	61.6263331362386
6058	61.3402361896831
6062	61.2383311184319
6076	61.1066611680515
6082	61.0981482465136
6090	61.0636593616975
6106	60.7593121581012
6114	60.3931603761289
6118	60.3671600082398
6130	59.8937076248257
6140	59.5206229771532
6154	59.3643301377749
6166	59.0575118388637
6168	59.0115917331801
6176	58.9107646799108
6178	58.8799419677819
6180	58.6126143249465
6196	58.1621760442756
6202	58.0260627507718
6222	57.439956851918
6254	57.425236561893
6262	57.1344910230299
6302	56.9567351338867
6310	56.7867500409752
6316	56.467073479759
6318	56.3943754594881
6342	56.2594723159583
6346	55.9268155570474
6348	55.7188280154777
6366	55.6105894793967
6374	55.5956795067353
6384	55.593443480722
6394	55.1249923923471
6400	55.1176362156744
6428	54.9829224971551
6430	54.9166588158698
6432	54.879265679743
6434	54.620180574817
6450	54.3196664194589
6460	54.1429469290816
6466	53.9001224296951
6474	53.637151908024
6492	53.566417560326
6500	53.5244689808528
6506	53.4589278756261
6508	53.2523976197616
6522	53.0506727435943
6552	52.8409948147658
6564	52.5793123073416
6570	52.5567543502286
6576	52.0119905562702
6628	51.722902816933
6650	51.6293782523308
6664	51.5032168430071
6672	51.4842702913676
6674	51.4825294682121
6688	51.4107845168562
6690	51.3923583534859
6700	51.2849914746985
6704	51.2480275610809
6706	51.2192896581099
6708	51.1121098340761
6716	50.8382540960729
6726	50.8304063391208
6728	50.711884669227
6734	50.2061898609335
6750	49.9627272284952
6754	49.7957268140374
6760	49.7425293621497
6788	49.3468754562652
6818	49.302252252273
6844	49.2066110531438
6850	49.0958266570973
6856	48.883596233477
6866	48.8221884492523
6870	48.5787085751785
6876	48.4449151360478
6912	48.3114640546911
6914	48.20448047915
6942	48.2025315978599
6956	48.0924851269942
6984	48.0847201921558
6988	48.0400463739896
7018	47.9052690191831
7024	47.7941185275347
7044	47.6784257986256
7054	47.6534361230617
7056	47.6179351653715
7076	47.5705174222974
7082	47.5143980697193
7096	47.3926657539745
7102	47.3490785925197
7108	47.274532935601
7116	47.2330982374914
7126	47.186955277684
7128	47.1522480458379
7136	47.1350118591466
7154	47.1290226808138
7158	47.0003250444606
7166	46.9605992084562
7170	46.7888391006719
7182	46.7258264405926
7184	46.5330210479344
7190	46.4407001804773
7202	46.4351408818259
7244	46.3907772004333
7264	46.1762856595404
7284	46.1191242583274
7292	46.0510786185168
7298	45.9679752846049
7320	45.943891062718
7326	45.8711365938381
7350	45.8529357672904
7362	45.7920639562235
7376	45.73573241937
7418	45.7268779128620
7422	45.7052157594993
7434	45.6796097521708
7440	45.6570759935222
7442	45.5812438802288
7490	45.5206559601899
7518	45.5078930723163
7520	45.4152962566232
7542	45.3636119963222
7554	45.3523311663725
7556	45.3412608700957
7564	45.1834467962165
7578	45.0768036642123
7594	45.0332309561499
7628	45.0097840368573
7630	44.9219454230175
7632	44.803547506165
7646	44.7911011127773
7678	44.7906355861295
7684	44.7792697168453
7692	44.7467775139506
7704	44.726404494376
7712	44.6395232831854
7728	44.5714195543796
7744	44.5332785811542
7770	44.4539374418101
7802	44.3562879869523
7806	44.3044619030047
7838	44.2871051965629
7840	43.9718473940389
7880	43.9537143220395
7914	43.9150820317526
7918	43.8716034392465
7928	43.8547867821596
7952	43.80924538373
7970	43.7751419975665
7982	43.7037570806959
7986	43.6942759140724
8016	43.6568953131332
8018	43.5920706863783
8022	43.5553908567764
8036	43.501311809334
8064	43.3714244150228
8078	43.3028251428463
8100	43.2942699642465
8108	43.2740854001717
8114	43.2129672401724
8124	43.1466195350013
8142	43.0507428215705
8148	43.0407696714458
8154	43.0235014909434
8166	43.0200306790625
8178	42.9803396197893
8212	42.9324403363011
8218	42.8756710204569
8230	42.8681455635953
8236	42.8352089793921
8262	42.7894074769865
8264	42.7772519138635
8266	42.7219823593782
8274	42.7030005047337
8280	42.6965159764238
8290	42.6621246063321
8310	42.6265653861334
8344	42.6262162024122
8358	42.5940347222113
8374	42.5843426029629
8378	42.5416164733379
8394	42.5406234111607
8406	42.5094146174843
8416	42.4875504528639
8422	42.4814182641751
8426	42.4735674288371
8430	42.4561151744163
8438	42.4347258149082
8442	42.4005373403758
8454	42.3768940084773
8456	42.3580784904821
8470	42.3104003463669
8476	42.2755061569091
8492	42.275158471221
8494	42.2004053033734
8508	42.1363989551428
8512	42.110661567701
8524	42.0623602418176
8550	42.0257437014173
8578	42.0002960097071
8580	41.9445947104618
8588	41.9427082856924
8600	41.914329593581
8602	41.9090671280752
8604	41.9011899538626
8614	41.8270129200661
8618	41.7537506260907
8626	41.7114533422722
8652	41.7039994941163
8670	41.6905240434237
8674	41.6813467894858
8678	41.6549314083361
8682	41.6091867254373
8716	41.474420475046
8722	41.3650755572927
8726	41.3504951759343
8730	41.336804619265
8752	41.104736786134
8762	40.9367261040405
8764	40.9278165193672
8788	40.893504432966
8792	40.7685008361319
8796	40.6569869992932
8840	40.5299604867401
8860	40.3666552704105
8874	40.2614752226989
8886	40.1090758771569
8920	40.0010035557068
8932	39.8034018996034
8956	39.7555345097837
8970	39.6204237986457
8974	39.5622893647690
8994	39.4124063585774
8996	39.0642443186223
9046	39.0534578945643
9048	39.0202611204405
9050	38.4703818527627
9084	38.4516876735584
9086	38.4142441875502
9094	38.3807264203210
9096	38.3571184046019
9098	38.2906165626325
9124	38.1066678618065
9154	38.0820538109836
9174	38.0783192064597
9176	38.0071028936077
9196	37.9304742389527
9202	37.9050330681881
9204	37.8633104984538
9226	37.8557505451035
9234	37.8381766066351
9236	37.7797255576633
9244	37.7776938863403
9264	37.7717559164597
9272	37.7044281870996
9284	37.6969364022977
9286	37.6212374060537
9296	37.4809090019397
9346	37.4400668497227
9348	37.4380731631446
9360	37.3652085918302
9376	37.3167968281688
9394	37.3116888688928
9402	37.3037792185957
9406	37.2990161887615
9410	37.2969270527225
9412	37.2482930888412
9424	37.238143604922
9426	37.2315293107208
9440	37.2139526804729
9448	37.1326626404814
9456	37.1254147440631
9464	37.0959533743398
9478	37.0780786932213
9482	37.0608111406454
9486	37.0192579166749
9512	37.0056103363146
9516	36.9850919171047
9520	36.9052334725041
9600	36.8847977087323
9620	36.8769738484325
9626	36.874785874219
9632	36.8609579184233
9638	36.8547289824254
9642	36.8265922619622
9658	36.7995619350666
9666	36.7915961177678
9670	36.7733127678217
9712	36.7689974433216
9716	36.7594435136131
9722	36.7583867460482
9724	36.7572028359107
9726	36.7527870945637
9750	36.7451381615677
9768	36.7423704057718
9788	36.7359334325478
9796	36.7277218705399
9802	36.7273368818513
9804	36.7251393694097
9816	36.7094708549021
9840	36.707512587298
9844	36.7066754623842
9846	36.7059153814347
9850	36.6954224852735
9870	36.6943478802307
9882	36.6913943977519
9884	36.6907377390958
9886	36.6905518010193
9888	36.6838660932348
9896	36.6804593173921
9904	36.6716969465402
9926	36.6662928265726
9928	36.6553587291982
9930	36.6418689065897
9962	36.6213247295883
9966	36.6191476773316
9968	36.6094207644453
9978	36.6094140809742
9982	36.6058395339736
9992	36.59569139755
9994	36.5940238114602
9998	36.5786126493910
10014	36.5723800189457
10024	36.5699101639399
10032	36.5602157627351
10036	36.5562541064393
10048	36.5528083790586
10068	36.5372283941263
10090	36.5249868375192
10100	36.5156792417914
10108	36.5151110577839
10112	36.5017484549191
10114	36.4873221609196
10118	36.4807956898898
10120	36.4530299877136
10130	36.4401267779177
10134	36.4079002265425
10148	36.396866928942
10154	36.3954601607343
10168	36.3947812209397
10178	36.3944453628460
10190	36.377353684297
10200	36.3715275349684
10216	36.3564793131485
10224	36.3395798079096
10236	36.3150539097654
10260	36.2888776766273
10274	36.2850675814401
10280	36.2800750737531
10298	36.2738726412151
10300	36.2491796331157
10330	36.2300730144376
10360	36.2099300821804
10364	36.1980522637954
10370	36.1960822492938
10376	36.1868754505281
10390	36.1723039296269
10398	36.1538378256679
10402	36.1537518788804
10408	36.1360513255509
10442	36.1274122421504
10448	36.1222189661389
10452	36.1158604400869
10474	36.1108050338842
10484	36.1101149933979
10486	36.1043976850282
10488	36.0819947780733
10528	36.0659559555823
10530	36.0313116701420
10538	36.0160151757494
10544	35.9839099300365
10556	35.9602596530396
10576	35.9596167698303
10594	35.9521121803284
10610	35.940230939856
10616	35.938801288267
10618	35.9322742573389
10620	35.9213489714373
10636	35.9019212991877
10658	35.8955090832053
10660	35.8695267330949
10690	35.8377717752592
10706	35.8311278924242
10714	35.8058852960908
10734	35.7878676291201
10756	35.7842413648332
10770	35.7726087529672
10778	35.7706333376512
10782	35.7703478644206
10792	35.7688934566524
10812	35.7480208126952
10846	35.740293570991
10894	35.7353582031578
10904	35.7341723071673
10930	35.7329198323461
10938	35.7221473022133
10980	35.7175108391862
10986	35.7148435756284
10988	35.7040733610496
10998	35.6945572426483
11024	35.6924953875234
11054	35.6870938815186
11076	35.6869089128267
11080	35.6817218478287
11096	35.673510112715
11110	35.6727054281107
11114	35.6722468772234
11128	35.6606355728215
11142	35.6601585879729
11156	35.6584142376655
11164	35.6582581177014
11172	35.6565220346695
11176	35.6524593139018
11178	35.6490946570700
11182	35.6463621713618
11184	35.6437758960857
11186	35.6337445077194
11196	35.6300491163855
11216	35.6280439142319
11224	35.6278399908919
11228	35.6265291001045
11236	35.6260698762717
11248	35.6121536327955
11254	35.6019516945652
11286	35.6007263161557
11292	35.5895004583578
11296	35.5883886058017
11300	35.5872191193031
11314	35.5711004914763
11332	35.5684641453741
11340	35.559480455348
11346	35.5545483745245
11362	35.5391029142959
11378	35.5292099830993
11392	35.5232146014014
11394	35.5143405189456
11396	35.5044210441409
11416	35.5033038019845
11432	35.5021798831567
11436	35.4807953128801
11478	35.452291858133
11514	35.4370120432618
11538	35.4292350703372
11540	35.4255965285899
11564	35.4184169878305
11570	35.4163865175662
11578	35.4142189403744
11588	35.4122153053044
11590	35.4073542493406
11608	35.4051462897793
11624	35.4008156669248
11636	35.3923052418084
11648	35.3873522016321
11650	35.3835923907547
11660	35.3805606982126
11684	35.3795388049418
11688	35.3766014689328
11704	35.3764487162472
11710	35.3672780873223
11754	35.3628199281692
11760	35.3616092710929
11764	35.3595312594694
11778	35.3567292298397
11784	35.3561938392288
11790	35.3559090981940
11804	35.3557640343376
11816	35.3523174464893
11828	35.3519144933574
11830	35.349960586337
11834	35.3438864844824
11842	35.3418397965157
11856	35.3414586751166
11862	35.3405314322756
11864	35.3316588364228
11880	35.3184500355917
11888	35.3174689938882
11894	35.3060293479557
11914	35.3041002376138
11936	35.3002531653197
11966	35.2990589904170
11978	35.2972506828603
11996	35.2966126209768
12004	35.2929762545132
12030	35.2877550975555
12040	35.2839100632149
12058	35.2805427234927
12070	35.2796812777749
12078	35.2771112448765
12096	35.2766273798661
12112	35.2749072538553
12122	35.2727033163525
12146	35.2716643014116
12152	35.2711466261365
12156	35.2700238404541
12174	35.2680858832142
12186	35.2679729567205
12210	35.2678524480376
12216	35.2653658745134
12226	35.2647194441341
12238	35.2643258013542
12248	35.2642985648998
12252	35.2621515439843
12262	35.2616727111237
12264	35.2596992613706
12280	35.2588064287623
12284	35.2577112390802
12292	35.2553832658651
12306	35.255352694117
12318	35.2547214888918
12378	35.2528216472489
12390	35.2507833375353
12396	35.2502205423234
12402	35.2500979189792
12408	35.2492774907768
12420	35.2484855002065
12432	35.2474067139572
12458	35.2469841824601
12462	35.2462253121278
12488	35.245831516374
12494	35.2446808848574
12512	35.2433589552350
12514	35.2418683887508
12526	35.2390129853155
12556	35.2378642722392
12576	35.2373807451631
12578	35.2360879731385
12592	35.2346141632886
12602	35.2340533333682
12606	35.2330961689229
12614	35.2324740291476
12616	35.2291869183203
12626	35.2249309607724
12646	35.2240952579573
12652	35.2207216026841
12654	35.2180948985112
12664	35.2172084025160
12672	35.2168993215903
12676	35.2156553861730
12680	35.2146986102296
12684	35.2142817911262
12686	35.2126544094793
12690	35.21130685474
12694	35.2103339513213
12704	35.2093162524363
12706	35.2059984351199
12728	35.2040650509236
12730	35.1995578326351
12732	35.1976141842320
12734	35.1971283788823
12736	35.1969251673814
12740	35.1952674649877
12750	35.1927879859152
12768	35.1872482306014
12772	35.18356425042
12784	35.1827983657978
12796	35.1817714065807
12798	35.1793083013986
12808	35.178246003315
12810	35.1722361410013
12818	35.1703215362907
12824	35.1663526141838
12854	35.1599902172811
12860	35.1592586855526
12862	35.1578216125684
12866	35.1557309930638
12872	35.1543264034855
12878	35.1477085292731
12884	35.1420263791206
12902	35.1413862007823
12908	35.1382648399184
12938	35.137961933038
12950	35.1367027776930
12956	35.1317031106031
12960	35.1250150858135
12996	35.1243088508809
13004	35.1188916375346
13014	35.1186473462455
13026	35.1166005047149
13028	35.1153812366251
13040	35.1116644149587
13056	35.1108983660711
13066	35.1100612008559
13078	35.1078674110589
13092	35.1065745061856
13096	35.1042250812099
13098	35.0996090143102
13100	35.09917262606
13104	35.0988388854460
13112	35.0982116214505
13118	35.0979049723385
13132	35.0918417260668
13172	35.0871899681057
13184	35.0863321723707
13190	35.0858827237407
13194	35.0853841208102
13204	35.0817259867815
13222	35.0808796358712
13224	35.0799328661715
13228	35.0790059561853
13232	35.077869562558
13244	35.0777835165742
13246	35.0751983324792
13264	35.0750751250344
13266	35.0732845443008
13278	35.0710320497564
13288	35.0696831685301
13304	35.0682103111929
13318	35.0647601409507
13334	35.0601916789061
13350	35.0567528396682
13358	35.0553338382656
13366	35.053671049906
13402	35.0512177304899
13406	35.0497891836196
13434	35.0460338419722
13448	35.0453735963307
13458	35.0427453964219
13470	35.041855449222
13488	35.0403805114242
13496	35.0402561402775
13502	35.0401817321723
13512	35.0393975662669
13516	35.0378660884236
13540	35.0363828693317
13544	35.0353216855954
13550	35.0344888413041
13552	35.034343850159
13554	35.0340898568607
13566	35.0333859538384
13568	35.033376816649
13576	35.0329446498884
13578	35.0321145099679
13588	35.0317976507063
13592	35.0317700372301
13596	35.0302517789674
13606	35.0300361488529
13612	35.0292630369730
13624	35.0292507210649
13632	35.0281743317612
13636	35.0271970613394
13638	35.026755971629
13640	35.0266197859724
13642	35.0265963603286
13644	35.0254529362110
13650	35.0241247447551
13654	35.0217623377526
13668	35.0214483755693
13686	35.0209004175502
13696	35.0195043032673
13702	35.0193370309388
13704	35.0175307319888
13742	35.0149802557318
13760	35.0142393417603
13762	35.0134671486745
13772	35.0121030267928
13784	35.0112148826371
13792	35.0102619989839
13794	35.0083402531601
13814	35.0053008109992
13818	35.0041984078156
13874	35.0040238906243
13878	35.0039333186649
13880	35.0035435899952
13890	35.0022156471991
13908	35.0015434952571
13922	35.0010763779226
13934	35.0010738057249
13942	35.0004610115347
13944	34.9993265799609
13954	34.9988668341790
13978	34.9973729821274
13980	34.9969694355464
13982	34.996366344102
13994	34.9956246016383
14018	34.9935348555412
14022	34.9930512387332
14028	34.9923995102542
14040	34.9913712817943
14044	34.9907324415846
14060	34.9906536305073
14064	34.9904538783596
14066	34.9878415199077
14068	34.9877432150096
14080	34.9872638887409
14088	34.9865151367525
14090	34.9860161417184
14102	34.9855680243355
14122	34.9854319293971
14126	34.9842595751092
14142	34.9832894870946
14160	34.9817457951931
14164	34.9809153139388
14172	34.9803218720106
14200	34.9799615301150
14210	34.9777083353600
14242	34.9775854167156
14248	34.9774353688722
14254	34.9745268871295
14258	34.9742760302849
14278	34.9738948028668
14286	34.9734995118754
14288	34.9718139716366
14298	34.9717889433939
14302	34.9701867744123
14308	34.9668005964737
14334	34.9650210438969
14342	34.9649841469256
14360	34.9643675133808
14366	34.9638884400833
14370	34.9610097922635
14404	34.9585900939024
14416	34.9582613644221
14418	34.9580870844534
14424	34.9570320248298
14438	34.9566829106971
14440	34.9566203255882
14446	34.9564968333836
14458	34.9563282934016
14462	34.9558463409349
14488	34.955240441933
14490	34.9550966191163
14494	34.9550451101626
14504	34.9546836383115
14530	34.9545006021782
14536	34.9536866017524
14548	34.9535862246776
14556	34.9515329736107
14574	34.950833741646
14588	34.9507898636109
14602	34.9502473999907
14604	34.9491240565568
14620	34.9489263509655
14650	34.9474452628458
14658	34.9470707466481
14670	34.9466644057802
14698	34.9465243161324
14712	34.9448438709977
14714	34.9447976094188
14728	34.9447083120173
14732	34.9445485749036
14744	34.9440633365242
14766	34.9440608152936
14772	34.9435131860613
14778	34.9434576427657
14780	34.9430224098384
14784	34.9429641557354
14788	34.9423405722026
14800	34.9423185972685
14806	34.9420109079656
14810	34.9418158262168
14816	34.941535132112
14840	34.9409600696496
14850	34.9401973592529
14876	34.9400278196545
14890	34.9394635063165
14896	34.9383355862981
14904	34.9378960510129
14920	34.9375655953542
14922	34.9363549497198
14962	34.9360463944845
14978	34.9349545394602
14996	34.9347850915964
15010	34.9333742159086
15040	34.9330838031046
15056	34.9321947631676
15080	34.9315025732253
15106	34.9314116422739
15110	34.9313416533375
15118	34.9305119004795
15126	34.9298859801527
15128	34.9293654638287
15152	34.9290470219693
15168	34.9278033614971
15178	34.9271619264214
15188	34.9271383579309
15190	34.9269509718438
15198	34.9246250941324
15220	34.924454444315
15238	34.9239375668124
15244	34.9234101306605
15258	34.9224112771262
15264	34.9212089497845
15282	34.9207026729768
15290	34.9195833980284
15318	34.9193367996201
15320	34.9188801020304
15328	34.9183754429223
15330	34.9181697957214
15346	34.9181394109444
15352	34.9174426065920
15354	34.9169469963990
15360	34.9168933534005
15364	34.9137685819691
15378	34.9118758129489
15380	34.9109942575266
15386	34.9102368939460
15420	34.9099421878363
15422	34.9098150012359
15436	34.9097064161238
15450	34.9093660223031
15458	34.90874106773
15472	34.9081402468499
15476	34.9067658444302
15478	34.9065518698225
15482	34.90630521082
15492	34.9062815546257
15498	34.9046202368356
15556	34.9042182369222
15578	34.9035619769718
15592	34.9030060179643
15600	34.9029200260442
15606	34.9022109287253
15618	34.9019839092391
15630	34.9006973085967
15632	34.9005008609882
15656	34.8999099303471
15686	34.8997239089189
15696	34.8996389578052
15698	34.8995766849309
15700	34.8994834607624
15708	34.8988348883141
15732	34.8986795535341
15738	34.8981540321256
15752	34.8979458240767
15756	34.8976599326142
15768	34.8973376514454
15784	34.8970609388151
15788	34.8970037630596
15804	34.8969379092238
15810	34.8965658015111
15812	34.8958879288109
15822	34.8957548400273
15828	34.8955896589012
15830	34.8955574957050
15836	34.8941183400882
15846	34.8930101704751
15860	34.8924621932001
15870	34.8923379809132
15874	34.8919094985504
15904	34.8912752950226
15914	34.8911051780833
15920	34.8909956709198
15922	34.8907261225659
15926	34.8905940545586
15934	34.890450864704
15936	34.8892334983222
15966	34.8887866477184
15970	34.8883763672974
15990	34.8880596044504
15994	34.8873877922838
16000	34.8872953322040
16028	34.886963793628
16042	34.8867925995766
16058	34.8860403078711
16088	34.8857980887004
16094	34.8857283663646
16108	34.8853288984634
16112	34.8849347513636
16168	34.8848795215463
16176	34.8841333272857
16178	34.8836014192425
16206	34.8835659983545
16212	34.8835352933864
16230	34.8834200746184
16240	34.8830423374202
16254	34.8827791798914
16272	34.8824776422779
16328	34.8824301991014
16338	34.8823585157881
16342	34.8821403945589
16348	34.8821244152529
16364	34.8820937102386
16366	34.8820272997731
16380	34.881973066675
16392	34.8818985326083
16404	34.8817816177745
16406	34.8817315340437
16414	34.8816820310871
16418	34.8815114877829
16424	34.881452095027
16432	34.8810646534585
16484	34.8810610063926
16486	34.8810047682477
16494	34.8809277018402
16502	34.8807856442339
16508	34.8806049961490
16516	34.88028334405
16546	34.8801694247304
16548	34.8797422313118
16556	34.8793561950983
16558	34.8792191530549
16570	34.8790479399556
16574	34.8790283095075
16584	34.8790123705588
16592	34.8781682168888
16630	34.8777856471006
16652	34.8777624713681
16662	34.8775434558007
16682	34.8775349638845
16692	34.8772868291807
16714	34.8771400841293
16716	34.8768284244282
16726	34.8765378343504
16736	34.8764742071979
16750	34.8763742646259
16766	34.8760609626484
16794	34.8756306529369
16798	34.8753993799036
16820	34.8748167901553
16832	34.8746886159114
16838	34.8744198411981
16840	34.8742165480405
16842	34.8741894011909
16844	34.8735265174988
16846	34.8731390374843
16902	34.8728316259222
16914	34.8724729805354
16922	34.8723836669489
16926	34.8722874897452
16934	34.8716817895468
16938	34.8716484945986
16940	34.870908632106
16948	34.8705600823691
16954	34.8703105919368
16956	34.8700083595755
16960	34.869813658648
16970	34.8697020687824
16978	34.8696372624599
16990	34.8694309456238
16992	34.8691742046608
16996	34.8682034971870
17000	34.8675634494433
17024	34.8668540932952
17028	34.8668498739589
17036	34.8665864148992
17044	34.865494182617
17048	34.8642270578641
17088	34.8631331505020
17118	34.8625544643532
17134	34.8624894251851
17136	34.8615859623317
17138	34.8613407020942
17142	34.8606149705764
17160	34.8604510759041
17174	34.8601178889282
17186	34.8601088256752
17188	34.8594966936049
17206	34.8586316186404
17228	34.8579685328154
17254	34.8577526893058
17256	34.8574744435818
17258	34.8574237463558
17268	34.8573627450038
17272	34.8570830904628
17288	34.856766530509
17312	34.8561345129331
17330	34.8560113794705
17332	34.8560060837198
17336	34.8558461019351
17342	34.8556689088782
17350	34.8556282126973
17352	34.8554834680633
17364	34.8551029424311
17380	34.8550573455993
17410	34.8542602412339
17414	34.8541813190598
17426	34.8541273636585
17440	34.8534914612565
17464	34.8529248817435
17482	34.8527956172719
17500	34.8527787977060
17502	34.8522063864145
17540	34.8517738285103
17554	34.8517540603778
17556	34.8517274182857
17560	34.8516709053431
17578	34.8515029057497
17590	34.8514043370247
17592	34.8512434590881
17602	34.8508465275098
17606	34.8501485914591
17650	34.8501245780361
17656	34.8501232732934
17680	34.8498685648835
17688	34.8496775178318
17700	34.8495148680153
17704	34.8494892277223
17716	34.8494622178283
17722	34.8491943769129
17734	34.8491155381112
17742	34.8490886827013
17760	34.8489391387067
17780	34.8489151435841
17786	34.8489042961943
17802	34.8488131490426
17806	34.8487728816415
17824	34.8486878530387
17836	34.8486566687748
17866	34.8486040545275
17870	34.8484003271711
17876	34.8482846701598
17880	34.8482497352051
17886	34.8480155556316
17892	34.8479209596307
17908	34.8478945598752
17922	34.8478654526048
17924	34.8476225952901
17936	34.8475212156214
17940	34.8474848871199
17948	34.8472529316498
17972	34.8471874323849
17984	34.8470867814369
18008	34.8469498609791
18012	34.8468594882230
18014	34.8467908054095
18016	34.8467789331804
18018	34.8465816989149
18024	34.8465511617909
18036	34.8464180909507
18038	34.8464159725122
18054	34.8460247618780
18062	34.8457325357642
18088	34.8457268531647
18098	34.8457252425861
18110	34.8456110273483
18112	34.8455069536103
18134	34.8453581419460
18144	34.8452291986218
18150	34.8451597719352
18174	34.8449851383679
18178	34.8449790435516
18182	34.8449270885843
18184	34.8445906815302
18190	34.8441585820613
18216	34.8440213379507
18232	34.8439751736218
18248	34.8439014338355
18262	34.8437528026387
18282	34.8436945893238
18290	34.8436072725090
18294	34.8435772907173
18298	34.8435524319736
18306	34.8433894529085
18324	34.8433447488131
18340	34.8433177573155
18342	34.8432473388481
18348	34.8432293378266
18356	34.8431088472563
18364	34.8430666852928
18372	34.842944028313
18408	34.8428360040049
18414	34.8428166468846
18424	34.8427848313575
18426	34.8426830125355
18436	34.8426503895452
18450	34.8426382400594
18452	34.8423594432427
18460	34.8422568545741
18496	34.8420422936774
18524	34.8415750560486
18526	34.8414535043410
18552	34.8414151070186
18554	34.8413331660116
18560	34.8412713265891
18572	34.8411722722513
18576	34.8411685559336
18580	34.8411212495689
18588	34.8410449602761
18618	34.8409797211045
18636	34.8409477557968
18654	34.8409325090472
18660	34.8408415610031
18664	34.8405712430622
18678	34.8405502534921
18692	34.8403819108091
18700	34.840335777893
18712	34.840163684698
18768	34.84009291582
18778	34.8399894832075
18782	34.8398100130090
18790	34.8395729867554
18810	34.8394871055141
18818	34.8393395749367
18842	34.8392943211779
18854	34.8391386561047
18860	34.8390877389294
18870	34.8390098880533
18876	34.8388099549088
18888	34.8387638987534
18894	34.8386829410095
18900	34.8384176390281
18922	34.8383511997008
18924	34.8383423621545
18928	34.837945413842
18962	34.837715685288
18966	34.8375928033352
18968	34.8375491607899
18986	34.8373645889143
18988	34.8372353990501
19006	34.8370964402592
19016	34.8370943984386
19018	34.8370893582681
19032	34.8369759596687
19034	34.8369696146038
19036	34.8365201428654
19048	34.8362746203723
19074	34.8359332963239
19082	34.8354740202147
19102	34.8353403906609
19136	34.8352574874121
19148	34.8352182984655
19154	34.8351346704863
19166	34.8351178843105
19200	34.8350172564738
19210	34.8348330407695
19222	34.8346733029347
19226	34.8345943644321
19230	34.8345046277127
19234	34.8342118381705
19238	34.8338664548314
19262	34.8335958088466
19294	34.8335162780222
19298	34.8334228315817
19300	34.8333569982712
19330	34.8332924994098
19334	34.8332361933471
19338	34.8331675959824
19344	34.8331516079998
19362	34.8331273524018
19376	34.833058795506
19390	34.8330268516397
19396	34.8329819969694
19400	34.8329334157271
19404	34.8328324708365
19410	34.8327903912096
19416	34.8327532823021
19430	34.8327497263514
19434	34.8325533595608
19442	34.8324857480276
19460	34.8324536140038
19464	34.832420091169
19472	34.8323172242782
19478	34.8323003741602
19492	34.8322208888967
19514	34.8321970166274
19524	34.8321859674822
19534	34.8320834871611
19536	34.8320699958364
19560	34.8320179574194
19568	34.8318928297555
19572	34.8318701345794
19582	34.8318042902878
19584	34.8317117421646
19594	34.8316456911802
19614	34.8316426586796
19616	34.8315100264572
19626	34.8311928569314
19636	34.8311515343947
19678	34.8311195103254
19692	34.8309789552054
19712	34.8308730395089
19714	34.8307749935658
19732	34.8307708759252
19742	34.8306150206754
19744	34.8305845031791
19766	34.830450140415
19770	34.8304476941607
19790	34.8303726610186
19798	34.830325628483
19802	34.8303098863633
19810	34.8302144703373
19812	34.8300788154357
19826	34.8300781568797
19834	34.8299915600894
19858	34.8298710785822
19878	34.8297975250059
19892	34.8297386586370
19898	34.8297335544604
19900	34.8295748123017
19920	34.8293643416136
19938	34.8293006736250
19962	34.8291533971767
19968	34.8290777499394
19980	34.8289075410540
19998	34.8288470857813
20020	34.8288431154370
20048	34.8288323628664
20050	34.8287504554943
20056	34.8287338226613
20072	34.8286672845737
20078	34.8286068912479
20080	34.8285556897055
20092	34.8284816514204
20100	34.8283736514653
20126	34.8283567123742
20132	34.8282304601205
20154	34.828194698266
20170	34.828038313753
20186	34.8280217441499
20188	34.8280154895251
20198	34.8279643588146
20206	34.8278684860298
20220	34.8276911218718
20238	34.8275470684388
20252	34.8275185424083
20260	34.827403392478
20270	34.8274032867013
20286	34.8273825634722
20290	34.8273645279738
20296	34.8273147278154
20308	34.8272888875032
20314	34.8272861108473
20332	34.827257521008
20348	34.8270921838464
20378	34.8270734264132
20386	34.8270660863674
20402	34.8270502506163
20410	34.8269857271383
20424	34.8269275382512
20428	34.8269029318435
20460	34.8268398063392
20510	34.8268245933852
20526	34.826770533112
20550	34.8267621849465
20566	34.8267362561465
20576	34.826725537429
20582	34.8266859798873
20584	34.8266813043052
20586	34.8266803155263
20596	34.8266325504777
20612	34.8266260268941
20618	34.8266136074788
20620	34.8265936529532
20628	34.8265547018897
20640	34.8265223292815
20656	34.8265031585461
20658	34.8264701833267
20692	34.8264694051510
20700	34.8264573417853
20714	34.8263943792518
20740	34.8263931676701
20750	34.8263684408683
20752	34.8263272054446
20754	34.8263228977047
20794	34.8263177050822
20812	34.8263151048746
20820	34.8263033906056
20824	34.8262948267991
20834	34.8262916159677
20836	34.8262667129678
20848	34.8262638034256
20862	34.8262617104348
20868	34.8262383618286
20884	34.8262233277566
20914	34.8261968638936
20928	34.8261788641455
20940	34.8261558427171
20952	34.8261485914587
20960	34.8261425375599
20962	34.826136376118
20978	34.8261067313937
21012	34.8260914127817
21014	34.8260601415171
21042	34.8260598515825
21050	34.8260582003367
21054	34.8260556134909
21064	34.8260466193139
21066	34.8260452235316
21068	34.826025305331
21096	34.8259963851697
21100	34.8259806818110
21126	34.8259529197108
21132	34.825912183458
21150	34.8258617646488
21154	34.8258289780885
21160	34.8258272795923
21164	34.8258244259295
21174	34.8258197747323
21190	34.8257989762061
21206	34.8257802124917
21212	34.8257472665007
21246	34.8257462146229
21248	34.8257441161980
21256	34.8257199115327
21276	34.8257134912525
21304	34.8256869603662
21316	34.8256493798459
21342	34.8256302235105
21352	34.8255666053932
21388	34.8255571542823
21410	34.8255319136429
21412	34.825508636634
21414	34.8254831704983
21434	34.8254830390525
21440	34.8254461117345
21454	34.8254417081745
21456	34.8254244746579
21460	34.8254132546992
21464	34.8253879895027
21468	34.8253764230499
21470	34.8253733746438
21472	34.8253464605742
21476	34.8253273175977
21484	34.8252741469664
21492	34.8252721079154
21508	34.8252369622704
21512	34.8252179638883
21526	34.8251685700666
21532	34.8251552947969
21536	34.8251543148186
21546	34.8251044636803
21550	34.8250903523208
21570	34.8250640360994
21588	34.8249730092492
21592	34.8249442985332
21608	34.8249357496331
21614	34.8249326037049
21616	34.8248938711427
21636	34.8248791747987
21644	34.8248786156979
21660	34.8248590079424
21676	34.8248517601129
21678	34.8248249948148
21714	34.8248018432307
21730	34.8247718031421
21732	34.8247211230150
21738	34.8247095461377
21762	34.8247058703752
21768	34.8246606827808
21770	34.8246374384577
21828	34.8246254996219
21830	34.8246202722929
21838	34.8245732120053
21860	34.8245484336385
21878	34.8245429899398
21888	34.8245385373044
21896	34.824485882971
21916	34.8244378289378
21928	34.8244322567178
21934	34.8244312125494
21938	34.8243982922864
21946	34.8243243052708
21950	34.8243221852329
21952	34.8243031614354
21954	34.8242760502494
21978	34.8242485445755
22014	34.8242383942162
22046	34.8242211543399
22052	34.8242204555983
22056	34.8242026367237
22064	34.824198319405
22074	34.8241971871835
22096	34.8241965114591
22098	34.8241728969402
22116	34.8241649848328
22144	34.8241525593566
22150	34.8241476721086
22158	34.8241463838849
22160	34.8241419959388
22172	34.8241333172257
22180	34.8241261763136
22182	34.8241196802059
22208	34.8241105689011
22222	34.8241004369426
22230	34.8241000565732
22232	34.8240937906028
22256	34.8240928297622
22260	34.8240927581543
22276	34.8240813550504
22278	34.8240694977173
22294	34.8240637283997
22320	34.8240596129549
22338	34.8240582286574
22344	34.8240489800443
22358	34.8240403054715
22382	34.8240339242957
22390	34.8240244936313
22404	34.8240241580623
22408	34.8240225290317
22410	34.8240173155236
22432	34.8240063666028
22476	34.8240014382722
22478	34.8239998750740
22484	34.8239991162576
22488	34.8239919627536
22492	34.8239869412286
22494	34.8239762699097
22508	34.8239661241794
22520	34.8239576010455
22540	34.8239514149516
22556	34.8239390810127
22580	34.8239365856131
22590	34.8239307582183
22594	34.8239215518977
22598	34.8239085909303
22628	34.8239080320813
22646	34.8239013139288
22650	34.8239000095391
22662	34.8238972285536
22668	34.8238797097317
22694	34.8238771267794
22714	34.8238575905746
22736	34.8238556919233
22750	34.8238533242749
22752	34.8238462331901
22766	34.8238450763139
22770	34.823842605006
22772	34.8238416403607
22808	34.8238385391459
22824	34.8238312787119
22872	34.8238295083960
22878	34.8238288147895
22884	34.8238267389322
22912	34.8238261185053
22922	34.8238248407529
22932	34.8238225220397
22934	34.8238201554211
22944	34.8238192780680
22970	34.8238167449458
22980	34.8238130275391
22988	34.8238111348745
22994	34.8238098943948
23014	34.8238061582324
23032	34.8238038247343
23046	34.8238036030262
23050	34.8238027984479
23052	34.8238001653029
23062	34.823798197287
23074	34.8237965448006
23108	34.8237941470035
23116	34.8237929483274
23118	34.823792003107
23150	34.8237898989371
23158	34.8237889149386
23162	34.823788639626
23166	34.8237854771264
23212	34.8237846712596
23230	34.8237811955955
23238	34.8237808027694
23264	34.8237806673835
23266	34.8237803811768
23270	34.8237793475725
23272	34.8237770724720
23294	34.8237762930512
23296	34.8237756372185
23300	34.8237752482363
23316	34.8237733624627
23320	34.8237715196924
23336	34.823769497874
23352	34.8237676657315
23360	34.8237672376074
23376	34.8237654252516
23396	34.8237650773608
23424	34.8237640237115
23426	34.823762799778
23430	34.823761102763
23464	34.8237601075848
23466	34.8237584046098
23472	34.8237565138128
23498	34.8237548277275
23518	34.8237536497531
23520	34.8237524860715
23540	34.8237507581236
23542	34.8237493516633
23558	34.8237478872885
23568	34.8237453817005
23594	34.8237449528892
23602	34.8237437428648
23606	34.8237417532068
23614	34.8237413595530
23618	34.8237386954631
23632	34.823737481413
23638	34.8237374226107
23646	34.8237348598228
23664	34.8237344822039
23668	34.8237342603724
23674	34.8237335848196
23684	34.8237325222610
23720	34.823731760954
23728	34.8237312168141
23738	34.8237310673899
23750	34.8237297784296
23756	34.8237297064645
23762	34.8237287742145
23776	34.8237271795226
23800	34.8237259649543
23818	34.823724480025
23852	34.8237241243425
23860	34.8237221378552
23884	34.82372088457
23896	34.8237170451024
23900	34.8237154884598
23906	34.82371440357
23912	34.8237138225014
23944	34.8237131380448
23970	34.8237123707991
23972	34.8237120502874
23982	34.8237105193629
23984	34.8237100782804
23992	34.8237086956758
24026	34.8237080856879
24044	34.8237076812671
24048	34.8237059335886
24064	34.8237048661361
24070	34.8237043003379
24080	34.8237033702026
24090	34.823702759812
24092	34.823701735657
24102	34.8237014252227
24106	34.8236999728869
24120	34.8236984035309
24196	34.8236981787659
24214	34.8236979172761
24216	34.8236975368108
24222	34.8236962962167
24232	34.8236962241868
24242	34.8236960191257
24248	34.8236955853332
24276	34.8236942478399
24278	34.8236939018725
24294	34.8236934635209
24316	34.8236931746653
24328	34.8236928759675
24336	34.8236921373945
24342	34.8236919483795
24344	34.8236896271838
24382	34.8236889468472
24394	34.8236888967881
24396	34.8236877078124
24402	34.8236866080439
24404	34.8236853526748
24414	34.823684011917
24432	34.8236831534964
24440	34.8236826602842
24444	34.8236822902671
24470	34.8236819348071
24482	34.823680966484
24508	34.8236806488391
24510	34.8236791153764
24516	34.8236784026022
24520	34.8236778886113
24536	34.8236760496488
24552	34.8236742198614
24556	34.8236741467585
24570	34.8236729581006
24574	34.8236718686856
24606	34.8236713241407
24612	34.8236694011944
24652	34.8236687337354
24654	34.8236673164932
24680	34.8236659940221
24696	34.8236659454867
24718	34.8236653675319
24726	34.823665091972
24728	34.823665006818
24730	34.8236642260972
24742	34.8236638310945
24744	34.8236612284589
24748	34.8236608851063
24784	34.8236606760832
24788	34.8236595535628
24794	34.8236582910766
24824	34.823657929951
24836	34.8236565417826
24838	34.8236547622610
24852	34.8236542045924
24858	34.8236538833449
24866	34.8236531266114
24888	34.8236524391247
24898	34.8236505835825
24950	34.8236500706062
24956	34.8236497641838
24962	34.8236495113921
24978	34.8236487684934
24986	34.8236482377369
24988	34.8236481402642
24992	34.8236471696548
25002	34.8236464571231
25026	34.8236460185886
25032	34.8236458183416
25034	34.8236455617703
25038	34.8236442295735
25060	34.8236425358508
25074	34.8236417310816
25100	34.8236399622041
25130	34.8236386954479
25132	34.8236385903236
25136	34.8236362437467
25142	34.8236329866931
25186	34.8236327773082
25188	34.823630974618
25202	34.8236301758713
25208	34.8236299004642
25222	34.8236297091434
25226	34.8236289870215
25228	34.823628830257
25234	34.8236285656069
25242	34.8236269248483
25244	34.8236268981043
25248	34.823626451057
25254	34.8236253780079
25288	34.8236245132147
25296	34.8236241788422
25302	34.823623940052
25310	34.8236232247284
25346	34.8236229565505
25358	34.823622313938
25378	34.8236221057956
25384	34.8236213067634
25400	34.8236210099478
25402	34.823620235451
25430	34.8236199428499
25458	34.8236189383977
25470	34.8236187494062
25472	34.8236179516273
25482	34.8236166369365
25500	34.8236161729589
25518	34.8236157978321
25520	34.8236155290886
25530	34.8236153563754
25538	34.8236144501227
25586	34.8236140199893
25614	34.8236134149388
25616	34.8236132150001
25622	34.8236128381341
25630	34.8236125287509
25638	34.8236125172505
25644	34.8236119809640
25650	34.8236119802131
25656	34.8236119073582
25662	34.8236112660839
25692	34.8236111027501
25726	34.8236110078987
25742	34.8236106101161
25774	34.823610429575
25776	34.823610406898
25792	34.8236102494381
25794	34.8236101304004
25798	34.8236097487605
25808	34.8236094598352
25810	34.8236093440774
25812	34.8236088038011
25816	34.8236083722909
25844	34.8236083024586
25862	34.8236081659818
25866	34.8236076659378
25904	34.8236074443929
25910	34.8236070662569
25936	34.8236067616036
25950	34.8236067244766
25962	34.8236066525324
25972	34.8236063983469
25984	34.8236063527643
25992	34.8236062798474
25994	34.8236062172451
26008	34.8236061101923
26018	34.8236058011555
26026	34.8236055033767
26040	34.8236050250946
26042	34.8236045782643
26074	34.8236044994638
26076	34.8236044507645
26088	34.8236041007613
26104	34.8236039206765
26118	34.8236033199829
26126	34.8236030413171
26134	34.8236025063855
26152	34.8236023297415
26170	34.8236021209067
26180	34.8236020013087
26198	34.8236019026156
26212	34.8236015426268
26238	34.8236015077149
26240	34.8236013760922
26248	34.8236012752285
26266	34.8236009651692
26268	34.8236007538522
26336	34.8236006824019
26340	34.823600631131
26348	34.8236006303786
26350	34.8236005926519
26352	34.8236001805491
26370	34.8236000434481
26378	34.823599958921
26380	34.8235998224739
26404	34.82359976629
26408	34.8235996480014
26418	34.8235995822197
26424	34.8235995299995
26432	34.8235990830113
26450	34.8235987990172
26474	34.8235983508698
26492	34.8235982759225
26502	34.8235982029812
26506	34.8235980368736
26516	34.823597923611
26520	34.8235978554759
26530	34.8235976910034
26540	34.823597494338
26564	34.8235974942836
26576	34.823597430605
26584	34.823597353541
26590	34.823597283004
26592	34.823597184233
26598	34.8235971360818
26610	34.8235969841655
26624	34.8235969312667
26636	34.8235968611142
26646	34.8235964356131
26652	34.8235961420144
26664	34.823595683882
26676	34.8235953287392
26680	34.823595282357
26706	34.8235950052856
26722	34.8235946706384
26726	34.823594220441
26740	34.8235931187269
26784	34.8235929180983
26788	34.8235928755546
26796	34.8235928650000
26798	34.8235926206216
26800	34.8235922281834
26812	34.8235919335014
26864	34.8235915376853
26878	34.8235913636343
26888	34.8235910505148
26890	34.8235908300986
26896	34.8235907866017
26900	34.823590529115
26918	34.8235901910378
26922	34.8235901794835
26924	34.8235901116638
26932	34.8235900494284
26948	34.8235899450756
26952	34.8235896669554
26958	34.8235894755932
26964	34.8235888234024
26972	34.8235887962258
26998	34.8235882165873
27014	34.8235882110077
27042	34.8235880461721
27050	34.8235877384850
27052	34.8235874651502
27084	34.8235874012655
27086	34.8235873423594
27106	34.8235873231671
27108	34.8235872615195
27114	34.8235869550610
27118	34.8235869170932
27138	34.8235866590665
27146	34.8235865908165
27170	34.8235863149717
27204	34.8235862644422
27206	34.8235860921102
27216	34.8235859109816
27230	34.8235856325423
27248	34.8235856274292
27250	34.8235854149564
27264	34.8235852342617
27268	34.8235849175732
27290	34.8235847494989
27294	34.8235847371364
27302	34.8235846422209
27312	34.8235843980033
27346	34.8235840301592
27392	34.8235840215734
27398	34.8235840179956
27414	34.8235838665032
27420	34.8235834647652
27438	34.8235834081953
27440	34.8235833609452
27458	34.8235833386480
27468	34.8235830807238
27490	34.823583058692
27492	34.8235830105242
27498	34.8235828006238
27518	34.8235827689936
27524	34.8235824842702
27536	34.8235819970306
27556	34.823581848259
27596	34.8235817881927
27620	34.8235816334603
27640	34.8235816321646
27642	34.8235815909720
27650	34.8235815628463
27652	34.823581512609
27654	34.8235813531533
27658	34.8235813073882
27660	34.8235810910402
27664	34.8235804578129
27688	34.8235803367466
27704	34.8235800885057
27714	34.8235800409851
27718	34.8235799137121
27720	34.8235797374650
27724	34.8235797202014
27732	34.8235796326139
27734	34.8235795463135
27744	34.8235792934944
27774	34.8235790643988
27776	34.8235789446888
27778	34.8235785842651
27828	34.8235785575426
27860	34.8235782928157
27910	34.8235781632438
27912	34.8235781183879
27926	34.8235780811199
27930	34.8235778700699
27936	34.8235775721266
27942	34.8235774793032
27952	34.8235772591130
27960	34.8235772270017
27964	34.8235770957059
27974	34.8235768307279
27998	34.8235768042705
28004	34.8235762980464
28014	34.8235762392050
28018	34.8235761772104
28026	34.8235761063241
28034	34.8235758682114
28058	34.8235757685712
28072	34.8235757036381
28074	34.8235756687164
28076	34.8235756398782
28080	34.8235754500424
28088	34.8235754296168
28098	34.8235752322703
28106	34.8235751906654
28112	34.8235751237682
28116	34.8235750490589
28122	34.8235750221209
28132	34.8235749965419
28148	34.8235749307615
28150	34.8235747842684
28162	34.8235746122108
28178	34.8235744389443
28180	34.8235741132441
28190	34.8235739938163
28202	34.8235739402772
28226	34.8235736132562
28240	34.8235735747429
28270	34.8235735290467
28292	34.8235734137205
28316	34.8235734058316
28320	34.8235733352883
28336	34.8235733037651
28340	34.8235732371157
28346	34.8235732209015
28350	34.8235728661802
28354	34.8235723815419
28366	34.8235721960185
28374	34.8235720205952
28382	34.8235718664242
28384	34.8235718393672
28388	34.8235717855169
28392	34.8235717244744
28396	34.8235710122830
28400	34.8235709107420
28410	34.8235706255877
28422	34.8235706232587
28428	34.8235704912208
28430	34.8235704572324
28448	34.8235703557168
28454	34.8235703085536
28468	34.8235702859408
28486	34.8235698835870
28492	34.823569685721
28498	34.8235696671396
28500	34.8235692272905
28526	34.8235690495622
28528	34.8235688907224
28534	34.8235686258708
28548	34.8235684033804
28556	34.8235679445167
28608	34.8235678516777
28610	34.8235677007962
28624	34.8235672776876
28628	34.8235669811112
28648	34.8235668658591
28652	34.8235665808922
28676	34.8235662907986
28682	34.8235661550056
28696	34.8235660101650
28714	34.8235654648851
28742	34.8235654012259
28744	34.8235651982995
28752	34.8235646694284
28780	34.823564632505
28794	34.8235644680466
28822	34.8235642532185
28870	34.8235639464597
28884	34.8235639260837
28886	34.8235637125734
28908	34.8235635883206
28914	34.823563202085
28918	34.8235628719082
28922	34.8235626758487
28938	34.8235626516361
28942	34.8235620250071
28950	34.8235619789627
28952	34.8235619370294
28960	34.8235619114103
28974	34.8235618436795
28980	34.8235617045399
28998	34.8235615983485
29014	34.8235615006028
29030	34.8235611583200
29048	34.8235609442001
29070	34.8235608078897
29074	34.8235603610153
29120	34.8235602827651
29152	34.8235602611871
29164	34.8235601367123
29168	34.8235600393395
29174	34.8235600233062
29182	34.8235598383776
29210	34.8235597028639
29248	34.8235596649502
29258	34.8235595454859
29260	34.8235595294488
29274	34.8235595074674
29282	34.8235594990834
29286	34.8235594912913
29288	34.823559447007
29298	34.8235594293597
29302	34.8235593881986
29306	34.8235593841247
29324	34.8235593310689
29336	34.8235592630999
29344	34.8235592610945
29352	34.8235592256325
29354	34.8235592133779
29356	34.8235592035986
29358	34.8235591786178
29362	34.8235591034495
29372	34.8235590971277
29398	34.8235589712399
29410	34.8235589660046
29422	34.8235589640286
29430	34.8235589480817
29442	34.8235587921846
29456	34.8235585858324
29474	34.8235585168961
29478	34.8235584061519
29494	34.8235583678691
29496	34.8235583253087
29500	34.8235583141401
29504	34.823558314018
29512	34.8235582089513
29536	34.8235581709586
29538	34.823558150274
29552	34.8235581246137
29562	34.8235580598081
29570	34.823558004126
29578	34.8235579758759
29602	34.8235579684176
29606	34.8235578743341
29626	34.823557789522
29628	34.8235577375919
29632	34.8235576625371
29640	34.823557659535
29646	34.8235574623075
29648	34.8235574116075
29652	34.8235573621867
29656	34.823557309453
29662	34.8235572929514
29678	34.8235572652841
29684	34.823557225834
29700	34.823557162218
29704	34.8235571011853
29712	34.8235570754804
29714	34.8235570594878
29718	34.8235568904742
29746	34.8235568201832
29750	34.8235567748374
29768	34.823556755305
29770	34.8235566855595
29774	34.8235566620666
29786	34.8235565839629
29806	34.8235565791405
29814	34.82355652676
29822	34.8235563677968
29842	34.8235562832609
29866	34.8235562706148
29872	34.8235562539692
29874	34.8235561875038
29880	34.8235561203571
29884	34.8235561023857
29908	34.8235559908171
29932	34.8235559794916
29936	34.8235559739009
29942	34.8235559551758
29946	34.8235559526985
29950	34.8235558278904
29954	34.8235557713100
29956	34.8235556351269
29958	34.8235556350322
29968	34.8235556235473
29982	34.8235555682779
30000	34.8235554442378
30012	34.8235554160194
30016	34.8235553153037
30036	34.8235552836883
30048	34.8235552250123
30054	34.8235552223263
30058	34.8235552063003
30068	34.8235552044259
30092	34.8235551548678
30100	34.8235551326995
30116	34.8235551188673
30122	34.8235551021962
30126	34.8235550704545
30142	34.8235549897367
30148	34.8235548673073
30154	34.8235547787077
30180	34.8235547673983
30212	34.8235547299487
30238	34.8235545917948
30248	34.8235545632330
30250	34.8235545059896
30262	34.8235543958229
30294	34.8235543557058
30296	34.8235543518105
30298	34.8235543021798
30304	34.8235542668493
30310	34.823554211956
30322	34.8235542043221
30344	34.8235540966862
30348	34.8235540661996
30376	34.8235540421335
30388	34.823554029513
30396	34.8235539747391
30400	34.8235539269449
30410	34.8235539084444
30424	34.8235538790096
30426	34.8235538635557
30438	34.8235538443758
30444	34.8235538301726
30446	34.8235538251832
30448	34.823553790672
30450	34.8235537889663
30468	34.8235537216965
30472	34.8235536749991
30486	34.8235536688254
30502	34.8235536222489
30510	34.8235535883423
30534	34.8235535581889
30544	34.8235534947491
30582	34.8235534819126
30590	34.8235533757605
30610	34.8235533677009
30630	34.8235533502613
30642	34.8235532952723
30664	34.8235532945836
30666	34.8235532627758
30694	34.8235532605467
30698	34.8235532547674
30702	34.8235532488866
30704	34.8235532479827
30714	34.8235532439652
30720	34.8235532385031
30724	34.8235532342756
30726	34.823553200662
30728	34.8235531949685
30742	34.8235531901068
30764	34.8235531666386
30768	34.8235531285737
30778	34.8235531071432
30798	34.8235530646366
30822	34.8235530026369
30850	34.8235529156643
30864	34.823552905474
30876	34.8235528470982
30880	34.8235528182030
30902	34.8235528047239
30904	34.8235527921148
30918	34.8235527808561
30930	34.8235527782483
30932	34.8235526854062
30948	34.8235526173406
30970	34.8235525126235
30978	34.8235524099426
30998	34.8235522974613
31008	34.8235522510278
31014	34.8235522361717
31018	34.8235522319664
31020	34.8235521782137
31034	34.823552130155
31066	34.8235521166072
31070	34.823552085291
31082	34.8235520580539
31084	34.8235520374553
31094	34.8235520182996
31108	34.8235520178799
31118	34.823552003475
31130	34.8235519760839
31138	34.8235519724082
31140	34.8235519363169
31154	34.8235519328643
31170	34.8235518509768
31188	34.8235518164035
31200	34.8235518150270
31204	34.8235518122807
31206	34.8235517473422
31208	34.8235517433404
31228	34.8235517333997
31230	34.8235517302094
31232	34.8235516982978
31236	34.8235516664483
31254	34.8235516594703
31266	34.8235516416724
31286	34.8235516056117
31326	34.8235515292564
31352	34.8235514913662
31360	34.8235514776704
31362	34.8235514408806
31388	34.8235514298615
31398	34.8235513438981
31406	34.8235513255861
31424	34.8235512993468
31432	34.8235512900244
31440	34.82355128332
31464	34.8235512473480
31466	34.8235512373312
31468	34.8235511628562
31476	34.823551158969
31478	34.8235510956992
31484	34.8235510447117
31486	34.8235510377882
31490	34.8235508212135
31502	34.8235508140799
31514	34.8235507951584
31520	34.8235507095971
31544	34.8235505423238
31548	34.8235505137162
31568	34.8235504935927
31572	34.8235503705091
31586	34.8235503317521
31610	34.823550331578
31622	34.8235502646958
31648	34.8235502589301
31650	34.8235501974711
31664	34.8235501797205
31694	34.8235501018508
31704	34.8235500870709
31720	34.8235500128081
31758	34.8235500071384
31764	34.8235499771620
31776	34.8235499363472
31780	34.8235499247754
31784	34.8235498906691
31802	34.823549874046
31806	34.8235498558313
31816	34.8235497630216
31848	34.8235497391917
31870	34.8235497387798
31890	34.8235497182609
31902	34.8235497046726
31934	34.8235496741783
31948	34.8235496632789
31960	34.8235496540951
31972	34.823549646415
31980	34.8235496363755
31984	34.8235496329683
31988	34.8235495594627
31996	34.8235495247471
32002	34.8235494626668
32004	34.8235494095845
32070	34.8235493760817
32094	34.823549371807
32104	34.8235493679015
32112	34.8235493641223
32114	34.8235493279943
32116	34.8235493221021
32118	34.8235493181544
32130	34.8235493009736
32160	34.823549231809
32176	34.8235492312788
32180	34.8235492247702
32184	34.8235492163931
32186	34.8235491822776
32208	34.8235491440074
32214	34.8235491368758
32234	34.8235490729119
32296	34.8235490429349
32310	34.8235490423311
32314	34.8235490112091
32330	34.8235490069149
32334	34.8235490050595
32360	34.8235489872121
32376	34.8235489810837
32386	34.8235489744133
32392	34.8235489620651
32396	34.8235489595644
32398	34.8235489201282
32412	34.8235488942164
32456	34.8235488613323
32464	34.8235488271403
32480	34.8235487850688
32488	34.8235487461086
32498	34.8235487444614
32516	34.8235487326297
32520	34.8235486448405
32584	34.8235485986996
32620	34.8235485903454
32638	34.8235485884544
32642	34.8235485707052
32658	34.8235485507788
32680	34.8235485497091
32702	34.8235485173065
32710	34.8235484971803
32740	34.8235484970375
32760	34.8235484887817
32764	34.8235484887593
32782	34.8235484813509
32790	34.8235484738033
32794	34.8235484622538
32818	34.8235484546918
32826	34.8235484505934
32850	34.8235484502194
32852	34.8235484497068
32860	34.8235484211455
32878	34.8235484208186
32886	34.8235484028144
32888	34.8235483817039
32898	34.8235483796170
32914	34.8235483796096
32922	34.8235483428782
32924	34.8235483376021
32926	34.8235483102608
32934	34.8235482827033
32964	34.8235482518911
32978	34.8235482394319
32984	34.8235482080817
33020	34.8235481814063
33030	34.8235481790929
33040	34.8235481411644
33062	34.8235481307069
33076	34.8235480805030
33102	34.8235480731628
33104	34.8235480536282
33116	34.8235480474794
33126	34.8235480473579
33130	34.8235480331651
33132	34.8235480279249
33148	34.8235480192402
33168	34.8235480142768
33192	34.8235480067293
33198	34.8235480052212
33210	34.8235480006693
33220	34.8235479976422
33244	34.8235479950056
33246	34.8235479934547
33250	34.8235479916635
33252	34.8235479853813
33256	34.8235479780632
33266	34.8235479760659
33270	34.8235479667964
33276	34.8235479624934
33282	34.8235479570136
33290	34.823547954205
33294	34.82354795002
33298	34.8235479413226
33326	34.8235479412039
33328	34.8235479388143
33338	34.8235479311319
33356	34.8235479191769
33366	34.8235479086595
33372	34.8235479037880
33374	34.8235479025969
33378	34.8235478900728
33390	34.8235478818385
33404	34.8235478794771
33408	34.8235478771485
33420	34.8235478771089
33426	34.8235478679282
33444	34.8235478641576
33446	34.8235478528689
33456	34.8235478524578
33460	34.8235478382216
33464	34.8235478220735
33472	34.8235478115039
33490	34.8235478092599
33494	34.8235478087798
33516	34.8235478023231
33542	34.8235478022246
33578	34.8235477939637
33584	34.8235477923538
33586	34.8235477897452
33598	34.8235477845989
33614	34.8235477834076
33638	34.8235477770487
33672	34.8235477750653
33680	34.8235477681462
33692	34.8235477659244
33714	34.8235477626585
33730	34.8235477613384
33744	34.8235477582031
33758	34.8235477569784
33764	34.8235477553634
33768	34.8235477543863
33772	34.8235477540596
33774	34.8235477491497
33800	34.8235477466116
33806	34.823547742632
33840	34.8235477424013
33846	34.8235477367402
33872	34.8235477355901
33876	34.8235477337309
33884	34.8235477326419
33888	34.8235477322090
33908	34.8235477307861
33932	34.8235477300529
33944	34.8235477293713
33946	34.8235477291041
33958	34.8235477290684
33960	34.8235477258307
33968	34.8235477241762
33982	34.8235477215924
34000	34.8235477198578
34008	34.8235477191107
34018	34.8235477187994
34020	34.8235477154173
34028	34.8235477125462
34056	34.8235477115061
34068	34.8235477107949
34070	34.8235477006895
34074	34.8235476954386
34104	34.8235476933574
34136	34.823547692906
34148	34.8235476914072
34150	34.8235476903641
34178	34.8235476842614
34202	34.8235476840149
34218	34.8235476821855
34224	34.8235476791940
34230	34.8235476787306
34232	34.8235476777488
34238	34.8235476777411
34248	34.8235476777243
34250	34.8235476768691
34256	34.8235476768276
34260	34.8235476762145
34278	34.8235476720731
34288	34.8235476637068
34306	34.823547661085
34318	34.8235476568536
34336	34.8235476489414
34352	34.8235476394561
34354	34.8235476357754
34358	34.8235476209429
34370	34.8235476065316
34388	34.8235476060082
34410	34.8235475948458
34418	34.823547591693
34426	34.8235475889443
34434	34.8235475869393
34446	34.8235475789423
34448	34.8235475780161
34464	34.823547574792
34470	34.8235475681522
34476	34.8235475654839
34500	34.8235475601753
34512	34.8235475588402
34518	34.8235475563403
34538	34.8235475483974
34540	34.823547547635
34552	34.8235475467105
34558	34.8235475442836
34570	34.8235475423402
34584	34.8235475413383
34586	34.8235475386444
34598	34.8235475385553
34600	34.8235475341367
34608	34.8235475304945
34626	34.8235475289017
34640	34.8235475262709
34650	34.8235475262584
34652	34.823547521893
34676	34.8235475191226
34694	34.8235475158734
34700	34.8235475148697
34702	34.8235475147316
34714	34.8235475120924
34728	34.8235475116572
34744	34.8235475103887
34748	34.8235475103472
34750	34.8235475084718
34752	34.8235475065556
34758	34.8235475032959
34776	34.8235475005751
34788	34.8235474950281
34798	34.8235474948708
34816	34.8235474926153
34818	34.8235474921031
34836	34.8235474911122
34850	34.823547489293
34858	34.8235474869238
34866	34.8235474849483
34880	34.8235474822107
34884	34.8235474815925
34888	34.8235474808286
34908	34.8235474804203
34912	34.8235474790972
34918	34.8235474769889
34924	34.8235474765226
34928	34.8235474764894
34930	34.8235474736765
34934	34.8235474589514
34944	34.8235474543421
34954	34.8235474541002
34958	34.8235474540653
34974	34.823547453278
34986	34.823547450695
34994	34.8235474478778
35000	34.8235474459806
35002	34.823547440977
35016	34.8235474392233
35018	34.8235474357586
35026	34.8235474357284
35030	34.8235474354410
35042	34.8235474271376
35054	34.8235474103167
35056	34.8235473991892
35060	34.8235473935289
35084	34.8235473848999
35106	34.8235473793396
35122	34.8235473643672
35152	34.8235473577224
35158	34.8235473445787
35182	34.8235473406582
35194	34.8235473329757
35210	34.8235473278301
35220	34.8235473237888
35246	34.8235473097942
35260	34.823547307121
35276	34.823547306245
35298	34.8235473048314
35300	34.8235473005050
35308	34.8235472969229
35336	34.8235472945830
35340	34.8235472935247
35354	34.8235472903586
35372	34.8235472868243
35376	34.8235472841177
35388	34.8235472837292
35396	34.8235472834721
35398	34.8235472747097
35424	34.8235472674157
35450	34.8235472661469
35452	34.8235472612492
35456	34.823547247263
35492	34.8235472427112
35514	34.8235472412657
35516	34.8235472402868
35520	34.8235472381897
35528	34.8235472371602
35536	34.8235472321723
35560	34.8235472257725
35578	34.8235472255602
35580	34.8235472250098
35584	34.8235472186477
35594	34.823547215959
35614	34.8235472150237
35618	34.8235472088221
35624	34.8235472052353
35640	34.8235472023863
35654	34.8235471989315
35664	34.8235471971633
35708	34.8235471969094
35714	34.8235471929188
35726	34.8235471912542
35734	34.8235471908983
35740	34.8235471901718
35752	34.8235471867846
35762	34.8235471828938
35812	34.8235471804378
35818	34.8235471784786
35832	34.8235471778943
35854	34.823547177016
35864	34.8235471755684
35876	34.8235471728506
35906	34.8235471727630
35908	34.8235471725253
35912	34.8235471711758
35936	34.8235471699602
35938	34.8235471694524
35944	34.8235471677440
35966	34.8235471669483
35992	34.8235471668795
35994	34.8235471656359
36002	34.8235471638128
36026	34.8235471615904
36068	34.8235471600570
36072	34.8235471561160
36080	34.8235471555422
36090	34.8235471551398
36104	34.8235471547238
36120	34.8235471538024
36122	34.8235471516902
36124	34.8235471515692
36134	34.8235471511583
36136	34.8235471508694
36142	34.8235471493933
36148	34.8235471478629
36172	34.8235471468381
36188	34.8235471467242
36192	34.8235471454201
36216	34.823547144822
36234	34.8235471412162
36240	34.8235471407881
36262	34.8235471383121
36290	34.8235471363848
36336	34.8235471305143
36352	34.8235471271687
36356	34.8235471215044
36374	34.8235471191582
36380	34.8235471191027
36406	34.8235471185994
36410	34.8235471178572
36418	34.8235471176039
36422	34.8235471163795
36448	34.8235471134720
36456	34.8235471108089
36464	34.8235471074504
36468	34.8235471034560
36500	34.8235471014840
36502	34.8235470998646
36504	34.8235470968153
36526	34.8235470946624
36534	34.8235470921216
36536	34.8235470882684
36550	34.8235470866185
36560	34.8235470840641
36572	34.8235470741412
36580	34.8235470671698
36600	34.8235470645134
36630	34.8235470605579
36632	34.8235470586936
36642	34.8235470570700
36660	34.8235470521981
36678	34.8235470494306
36688	34.8235470493193
36698	34.8235470478727
36704	34.8235470466098
36716	34.8235470435317
36728	34.8235470414899
36756	34.8235470410091
36760	34.8235470404130
36762	34.8235470398235
36798	34.8235470383038
36820	34.8235470316865
36832	34.8235470303855
36846	34.8235470284327
36848	34.8235470276471
36866	34.8235470262982
36868	34.8235470232158
36876	34.8235470192049
36902	34.8235470138535
36962	34.8235470118878
36968	34.8235470107253
36982	34.8235470083355
37012	34.8235470067607
37028	34.8235470049697
37044	34.8235470037123
37056	34.8235470007563
37080	34.8235469970353
37124	34.8235469954545
37148	34.8235469945866
37162	34.8235469938469
37168	34.8235469933571
37172	34.8235469928837
37188	34.8235469925793
37200	34.8235469917475
37216	34.8235469912331
37232	34.8235469910015
37244	34.8235469908985
37246	34.8235469908853
37254	34.8235469901484
37314	34.8235469897899
37326	34.8235469896956
37328	34.8235469894575
37330	34.8235469885005
37348	34.8235469884709
37360	34.8235469882845
37368	34.8235469872872
37382	34.8235469871832
37398	34.823546986211
37400	34.8235469847902
37416	34.82354698424
37462	34.8235469840541
37466	34.8235469839952
37472	34.8235469839203
37488	34.823546983115
37504	34.8235469830230
37520	34.8235469827909
37528	34.8235469827506
37534	34.8235469826178
37538	34.823546982498
37544	34.8235469819754
37554	34.8235469814615
37556	34.8235469813836
37580	34.8235469808218
37586	34.8235469797348
37596	34.8235469780129
37604	34.8235469754991
37618	34.8235469752461
37626	34.8235469738684
37636	34.8235469735048
37638	34.8235469720562
37652	34.8235469693758
37674	34.8235469682556
37682	34.8235469670121
37700	34.82354696692
37704	34.8235469664634
37712	34.8235469648837
37714	34.8235469635424
37722	34.8235469632369
37738	34.8235469628453
37740	34.8235469617267
37746	34.8235469607045
37758	34.8235469590363
37764	34.8235469581382
37778	34.8235469573966
37782	34.8235469551472
37798	34.8235469520417
37836	34.8235469519146
37844	34.8235469511081
37846	34.8235469508988
37852	34.8235469499084
37866	34.8235469494971
37884	34.823546948577
37888	34.8235469470599
37914	34.8235469466988
37932	34.8235469463066
37940	34.8235469460593
37942	34.8235469460444
37956	34.8235469450637
37972	34.8235469434243
37976	34.8235469427719
37980	34.8235469425055
37984	34.823546941728
37994	34.8235469402353
38004	34.8235469401693
38012	34.8235469394960
38048	34.823546938456
38054	34.823546938164
38064	34.8235469377590
38074	34.823546936546
38088	34.8235469360443
38102	34.8235469327367
38110	34.823546932141
38128	34.8235469319620
38134	34.8235469300519
38142	34.8235469298671
38152	34.8235469291334
38156	34.8235469276808
38162	34.8235469268499
38170	34.8235469247936
38178	34.8235469236268
38184	34.823546923478
38186	34.8235469217817
38200	34.8235469207753
38224	34.8235469192262
38246	34.8235469176474
38250	34.8235469147121
38254	34.8235469145251
38266	34.8235469115027
38280	34.8235469064045
38290	34.823546904361
38300	34.8235469035671
38302	34.8235469026119
38306	34.8235469018566
38320	34.8235469018542
38322	34.8235469012763
38350	34.8235469001562
38358	34.8235468999207
38362	34.8235468964305
38370	34.8235468954217
38388	34.8235468936874
38416	34.8235468936332
38424	34.8235468926301
38446	34.823546892178
38462	34.8235468907064
38472	34.8235468901439
38478	34.8235468894038
38496	34.8235468890732
38498	34.8235468887177
38518	34.8235468884555
38530	34.823546888368
38542	34.8235468871211
38552	34.8235468868163
38570	34.8235468866308
38578	34.8235468852839
38592	34.8235468852666
38594	34.8235468850871
38596	34.8235468835065
38622	34.8235468825142
38646	34.8235468822296
38668	34.8235468819313
38690	34.8235468819224
38692	34.8235468816599
38714	34.8235468816021
38720	34.8235468813276
38734	34.8235468801242
38758	34.8235468797447
38760	34.8235468779842
38776	34.8235468777619
38816	34.8235468776922
38836	34.8235468769734
38854	34.8235468768951
38858	34.8235468761689
38890	34.8235468759521
38892	34.823546875683
38896	34.8235468754451
38902	34.8235468750346
38908	34.8235468749843
38916	34.8235468739493
38984	34.8235468739175
38988	34.8235468738969
38990	34.8235468737347
38992	34.823546873708
38994	34.8235468727346
38996	34.8235468722993
39000	34.8235468722663
39016	34.8235468713936
39044	34.8235468708594
39056	34.8235468708358
39074	34.82354687057
39078	34.8235468704316
39084	34.8235468704273
39102	34.8235468702052
39124	34.8235468696303
39152	34.8235468690974
39156	34.8235468685992
39168	34.8235468682873
39170	34.8235468682029
39188	34.82354686781
39194	34.8235468674186
39198	34.8235468670093
39200	34.8235468669056
39204	34.8235468667434
39214	34.8235468663045
39220	34.8235468662164
39222	34.8235468659283
39224	34.8235468658667
39230	34.823546865132
39268	34.8235468648673
39282	34.8235468647402
39304	34.8235468647237
39306	34.8235468646296
39310	34.8235468644491
39312	34.8235468640596
39330	34.8235468637211
39332	34.823546862736
39350	34.823546861968
39376	34.8235468616349
39394	34.8235468613626
39410	34.8235468610708
39420	34.8235468609640
39432	34.8235468607004
39440	34.8235468601623
39450	34.8235468599819
39470	34.8235468599680
39478	34.8235468599562
39482	34.8235468595801
39490	34.8235468593534
39504	34.823546859138
39508	34.8235468589105
39510	34.8235468585367
39518	34.8235468580726
39520	34.8235468575377
39536	34.8235468572896
39562	34.8235468572135
39566	34.8235468569215
39574	34.8235468563406
39602	34.8235468562643
39628	34.823546855782
39650	34.8235468556491
39702	34.8235468555000
39706	34.8235468554797
39726	34.8235468553815
39732	34.8235468553771
39738	34.823546855148
39770	34.8235468551467
39776	34.8235468551125
39782	34.8235468549628
39808	34.8235468549566
39810	34.8235468547085
39834	34.8235468546981
39836	34.8235468546821
39840	34.8235468544879
39850	34.8235468544628
39870	34.8235468544329
39886	34.8235468543684
39900	34.8235468542979
39916	34.8235468541182
39940	34.8235468540961
39948	34.8235468540714
39956	34.8235468539172
39962	34.823546853876
39964	34.8235468538651
39968	34.82354685378
39978	34.8235468536879
39998	34.8235468536190
40032	34.8235468533943
40058	34.8235468532631
40062	34.8235468530929
40088	34.8235468529723
40118	34.8235468529594
40134	34.8235468529091
40142	34.8235468528135
40148	34.8235468525858
40206	34.8235468525835
40210	34.8235468524827
40226	34.8235468523941
40252	34.8235468523571
40274	34.8235468522990
40302	34.8235468520960
40304	34.8235468520842
40324	34.8235468520491
40338	34.8235468520156
40346	34.8235468520098
40372	34.8235468519688
40380	34.8235468519645
40398	34.8235468519453
40402	34.8235468518881
40412	34.8235468518850
40424	34.8235468518478
40426	34.8235468518038
40438	34.8235468517943
40454	34.8235468517658
40468	34.8235468517422
40494	34.8235468517292
40498	34.8235468517110
40508	34.8235468517069
40510	34.8235468516719
40532	34.823546851599
40534	34.8235468515754
40538	34.8235468515292
40544	34.8235468515148
40546	34.8235468515008
40550	34.8235468514763
40554	34.8235468514658
40556	34.8235468514346
40564	34.8235468513390
40578	34.8235468512758
40602	34.8235468512058
40622	34.8235468511068
40646	34.823546851102
40668	34.8235468510873
40672	34.823546851058
40676	34.823546851017
40690	34.8235468509944
40702	34.8235468509802
40706	34.8235468509244
40718	34.8235468508636
40728	34.8235468508598
40740	34.8235468507259
40750	34.8235468506966
40764	34.8235468504881
40766	34.8235468503827
40812	34.8235468503753
40814	34.8235468502907
40850	34.8235468502733
40862	34.8235468502499
40874	34.823546850224
40900	34.8235468502133
40934	34.8235468502103
40944	34.8235468501941
40948	34.8235468501821
40952	34.8235468501657
40972	34.8235468501286
40996	34.8235468500948
41026	34.8235468500908
41032	34.8235468500895
41038	34.8235468500817
41046	34.8235468500659
41060	34.823546850016
41070	34.8235468500030
41088	34.8235468500008
41098	34.8235468499828
41102	34.8235468499452
41122	34.8235468499145
41126	34.8235468498891
41146	34.8235468498478
41148	34.8235468498024
41152	34.8235468497046
41156	34.8235468496139
41174	34.8235468496031
41176	34.8235468495245
41214	34.8235468495053
41230	34.8235468494950
41236	34.823546849485
41242	34.8235468494618
41262	34.8235468494593
41274	34.8235468494370
41280	34.8235468494364
41294	34.8235468494289
41310	34.8235468494149
41344	34.8235468494131
41362	34.8235468494044
41376	34.8235468493955
41380	34.8235468493713
41382	34.8235468493599
41404	34.8235468493518
41418	34.8235468493372
41428	34.8235468493211
41448	34.8235468492989
41454	34.8235468492911
41456	34.8235468492699
41466	34.8235468492571
41470	34.8235468492285
41472	34.8235468492282
41478	34.8235468492049
41492	34.8235468491931
41498	34.8235468491914
41524	34.8235468491900
41530	34.8235468491877
41544	34.8235468491556
41560	34.8235468491548
41564	34.8235468491417
41572	34.8235468491416
41576	34.8235468491219
41578	34.8235468491185
41582	34.8235468490712
41586	34.8235468490503
41602	34.8235468490212
41614	34.8235468489980
41626	34.8235468489943
41628	34.8235468489937
41634	34.8235468489765
41642	34.8235468489669
41654	34.8235468489161
41670	34.8235468489153
41694	34.8235468488906
41710	34.823546848888
41716	34.8235468488865
41720	34.8235468488708
41758	34.8235468488615
41774	34.8235468488468
41786	34.8235468488349
41810	34.8235468488325
41826	34.8235468488242
41854	34.8235468488129
41872	34.8235468488065
41898	34.8235468487880
41928	34.8235468487801
41938	34.8235468487642
41978	34.8235468487638
41982	34.8235468487533
42004	34.8235468487466
42024	34.8235468487430
42032	34.8235468487306
42042	34.8235468487277
42062	34.8235468487256
42066	34.8235468487243
42070	34.8235468487166
42080	34.8235468487074
42082	34.8235468487034
42100	34.823546848701
42102	34.8235468486764
42114	34.8235468486759
42136	34.8235468486711
42140	34.8235468486528
42142	34.8235468486511
42156	34.8235468486479
42172	34.8235468486163
42176	34.8235468485839
42188	34.8235468485816
42198	34.8235468485705
42206	34.8235468485504
42212	34.8235468485480
42228	34.8235468485018
42242	34.8235468484889
42252	34.8235468484663
42254	34.823546848449
42276	34.8235468484403
42282	34.8235468484167
42284	34.8235468483890
42294	34.8235468483777
42332	34.8235468483610
42354	34.8235468483579
42364	34.8235468483422
42404	34.8235468483387
42406	34.8235468483361
42410	34.8235468483256
42414	34.8235468483241
42418	34.8235468483083
42424	34.8235468483017
42430	34.8235468482958
42438	34.8235468482526
42452	34.8235468482349
42456	34.8235468482205
42516	34.8235468482144
42518	34.8235468482120
42534	34.8235468482084
42546	34.8235468482069
42558	34.8235468482052
42568	34.8235468481759
42590	34.8235468481615
42592	34.8235468481479
42616	34.8235468481463
42624	34.8235468481337
42638	34.8235468481276
42664	34.8235468481249
42670	34.8235468481189
42674	34.8235468481147
42686	34.8235468481091
42704	34.8235468480922
42712	34.8235468480884
42730	34.8235468480855
42738	34.823546848084
42742	34.8235468480806
42756	34.8235468480741
42760	34.8235468480712
42764	34.8235468480623
42784	34.8235468480551
42796	34.8235468480481
42812	34.8235468480434
42818	34.8235468480373
42828	34.8235468480314
42844	34.8235468480276
42850	34.8235468480128
42868	34.8235468480083
42872	34.823546848001
42884	34.8235468479980
42888	34.8235468479802
42910	34.8235468479764
42946	34.8235468479638
42972	34.8235468479577
42982	34.8235468479508
43002	34.8235468479500
43004	34.8235468479388
43016	34.8235468479255
43024	34.8235468479171
43034	34.8235468479076
43038	34.823546847901
43046	34.8235468478836
43048	34.8235468478594
43064	34.8235468478551
43068	34.8235468478473
43080	34.8235468478428
43102	34.8235468478273
43130	34.8235468478241
43132	34.8235468478236
43136	34.8235468478147
43144	34.8235468478111
43154	34.8235468478099
43162	34.8235468478041
43170	34.8235468477944
43192	34.8235468477795
43206	34.8235468477726
43212	34.8235468477664
43224	34.8235468477639
43232	34.8235468477611
43234	34.8235468477505
43260	34.8235468477430
43264	34.8235468477110
43290	34.8235468477096
43306	34.823546847707
43314	34.823546847692
43318	34.8235468476864
43348	34.8235468476661
43366	34.8235468476567
43402	34.8235468476522
43420	34.8235468476476
43426	34.8235468476318
43432	34.8235468476092
43436	34.8235468475947
43450	34.8235468475891
43452	34.8235468475609
43484	34.8235468475515
43494	34.8235468475458
43498	34.8235468475442
43510	34.8235468475423
43516	34.8235468475377
43528	34.8235468475297
43530	34.8235468475128
43562	34.82354684751
43576	34.8235468475023
43578	34.8235468474939
43590	34.8235468474919
43596	34.8235468474902
43620	34.8235468474875
43628	34.823546847484
43634	34.8235468474772
43640	34.8235468474770
43644	34.8235468474726
43660	34.8235468474705
43684	34.8235468474674
43696	34.8235468474619
43718	34.8235468474594
43728	34.8235468474539
43748	34.8235468474486
43752	34.8235468474438
43770	34.8235468474434
43778	34.8235468474410
43780	34.8235468474395
43788	34.8235468474376
43790	34.8235468474369
43798	34.8235468474276
43806	34.8235468474265
43808	34.8235468474208
43816	34.8235468474179
43828	34.8235468474178
43844	34.8235468474152
43866	34.8235468474138
43874	34.8235468474123
43878	34.8235468474075
43894	34.8235468474064
43898	34.8235468473994
43908	34.8235468473974
43916	34.8235468473965
43926	34.8235468473942
43934	34.8235468473806
43938	34.8235468473684
43992	34.8235468473596
44026	34.8235468473576
44030	34.8235468473550
44042	34.8235468473499
44070	34.8235468473497
44084	34.8235468473461
44090	34.8235468473454
44102	34.8235468473385
44118	34.8235468473373
44128	34.8235468473368
44136	34.8235468473306
44140	34.8235468473249
44186	34.8235468473246
44190	34.8235468473130
44192	34.8235468473108
44206	34.8235468473097
44216	34.8235468473094
44220	34.8235468473092
44222	34.8235468473044
44260	34.8235468472971
44292	34.8235468472957
44298	34.8235468472949
44308	34.8235468472908
44320	34.8235468472898
44334	34.8235468472897
44340	34.8235468472881
44346	34.8235468472851
44350	34.8235468472846
44358	34.8235468472825
44366	34.8235468472816
44382	34.8235468472803
44386	34.8235468472768
44388	34.8235468472746
44390	34.8235468472739
44394	34.8235468472735
44400	34.8235468472714
44416	34.8235468472643
44440	34.8235468472639
44442	34.8235468472625
44444	34.8235468472557
44468	34.8235468472536
44482	34.8235468472525
44486	34.8235468472444
44490	34.8235468472382
44524	34.8235468472317
44570	34.8235468472221
44600	34.8235468472217
44602	34.8235468472155
44624	34.8235468472123
44670	34.8235468472118
44678	34.8235468472079
44690	34.8235468472066
44702	34.8235468472048
44726	34.8235468472034
44748	34.8235468471976
44776	34.8235468471907
44790	34.8235468471893
44794	34.8235468471879
44812	34.8235468471836
44814	34.8235468471798
44826	34.8235468471701
44842	34.8235468471689
44852	34.823546847165
44856	34.8235468471631
44860	34.8235468471618
44876	34.8235468471587
44904	34.8235468471579
44908	34.8235468471559
44910	34.8235468471556
44914	34.823546847143
44918	34.8235468471421
44926	34.8235468471348
44988	34.8235468471303
45030	34.8235468471298
45048	34.8235468471272
45068	34.8235468471254
45086	34.8235468471248
45104	34.8235468471233
45110	34.8235468471222
45120	34.8235468471217
45130	34.8235468471187
45138	34.8235468471157
45152	34.8235468471135
45164	34.823546847113
45192	34.8235468471126
45194	34.8235468471118
45210	34.8235468471111
45218	34.8235468471077
45224	34.8235468471077
45234	34.8235468471063
45236	34.8235468471058
45242	34.8235468471016
45244	34.8235468470995
45264	34.8235468470992
45276	34.8235468470959
45290	34.8235468470944
45312	34.8235468470936
45324	34.8235468470932
45334	34.8235468470917
45360	34.8235468470913
45374	34.8235468470902
45384	34.8235468470887
45394	34.8235468470887
45398	34.8235468470874
45404	34.8235468470869
45406	34.8235468470848
45414	34.8235468470834
45434	34.8235468470830
45442	34.8235468470828
45452	34.8235468470826
45454	34.8235468470823
45462	34.8235468470816
45480	34.8235468470813
45482	34.8235468470803
45548	34.8235468470802
45562	34.8235468470791
45564	34.8235468470784
45576	34.8235468470765
45578	34.8235468470761
45582	34.8235468470761
45612	34.8235468470759
45614	34.8235468470743
45632	34.823546847073
45658	34.8235468470728
45684	34.8235468470726
45688	34.8235468470726
45712	34.8235468470726
45714	34.8235468470724
45718	34.8235468470722
45722	34.8235468470718
45744	34.8235468470713
45764	34.8235468470712
45768	34.8235468470706
45778	34.8235468470702
45790	34.8235468470699
45792	34.8235468470692
45796	34.823546847069
45800	34.8235468470688
45822	34.8235468470686
45824	34.8235468470686
45834	34.823546847068
45842	34.8235468470679
45850	34.8235468470676
45868	34.8235468470673
45870	34.8235468470673
45872	34.8235468470668
45882	34.8235468470665
45888	34.8235468470660
45892	34.8235468470659
45904	34.8235468470645
45910	34.8235468470639
45928	34.8235468470634
45934	34.8235468470632
45938	34.8235468470629
45944	34.8235468470626
45978	34.8235468470617
46012	34.8235468470606
46014	34.8235468470605
46018	34.8235468470589
46036	34.8235468470585
46038	34.8235468470578
46052	34.8235468470570
46060	34.8235468470554
46074	34.8235468470542
46078	34.8235468470541
46080	34.8235468470534
46094	34.8235468470532
46100	34.823546847053
46110	34.8235468470529
46112	34.8235468470526
46116	34.8235468470523
46122	34.823546847052
46140	34.8235468470515
46144	34.8235468470509
46158	34.8235468470499
46162	34.8235468470488
46222	34.8235468470483
46224	34.8235468470475
46228	34.8235468470468
46250	34.8235468470457
46260	34.8235468470456
46276	34.8235468470454
46280	34.8235468470447
46296	34.8235468470447
46300	34.8235468470443
46314	34.8235468470439
46318	34.8235468470435
46346	34.8235468470428
46358	34.8235468470423
46362	34.8235468470422
46380	34.8235468470419
46382	34.8235468470411
46420	34.8235468470404
46426	34.82354684704
46434	34.8235468470398
46458	34.8235468470393
46476	34.8235468470390
46484	34.8235468470389
46494	34.8235468470387
46514	34.8235468470382
46530	34.823546847038
46540	34.8235468470376
46544	34.8235468470376
46550	34.8235468470369
46552	34.8235468470363
46562	34.8235468470354
46594	34.8235468470354
46602	34.8235468470351
46610	34.8235468470349
46624	34.8235468470345
46630	34.823546847034
46644	34.8235468470337
46652	34.8235468470336
46660	34.8235468470333
46666	34.8235468470324
46684	34.8235468470322
46708	34.8235468470317
46718	34.8235468470315
46726	34.823546847031
46748	34.8235468470305
46758	34.8235468470303
46760	34.8235468470302
46784	34.8235468470297
46804	34.8235468470294
46806	34.8235468470293
46818	34.8235468470292
46822	34.8235468470283
46838	34.8235468470283
46842	34.8235468470281
46846	34.8235468470276
46854	34.8235468470274
46858	34.8235468470262
46876	34.8235468470236
46940	34.8235468470232
46950	34.8235468470229
46994	34.8235468470225
47006	34.8235468470225
47012	34.8235468470224
47014	34.8235468470222
47028	34.8235468470221
47030	34.8235468470219
47040	34.8235468470214
47054	34.8235468470214
47056	34.8235468470212
47068	34.8235468470211
47072	34.8235468470208
47074	34.8235468470207
47084	34.8235468470201
47092	34.8235468470200
47096	34.8235468470198
47098	34.8235468470184
47108	34.823546847018
47120	34.8235468470175
47146	34.8235468470172
47158	34.8235468470170
47160	34.823546847017
47170	34.8235468470169
47174	34.8235468470168
47176	34.8235468470167
47186	34.8235468470166
47192	34.8235468470165
47198	34.8235468470158
47206	34.8235468470157
47218	34.8235468470156
47226	34.8235468470152
47240	34.8235468470151
47244	34.8235468470149
47250	34.8235468470143
47294	34.8235468470142
47300	34.8235468470142
47314	34.8235468470141
47320	34.8235468470138
47332	34.8235468470138
47358	34.8235468470136
47362	34.8235468470136
47372	34.8235468470134
47380	34.8235468470132
47382	34.8235468470132
47406	34.8235468470131
47408	34.8235468470130
47442	34.8235468470128
47448	34.8235468470128
47454	34.8235468470126
47460	34.8235468470126
47472	34.8235468470125
47474	34.8235468470124
47484	34.8235468470123
47506	34.8235468470123
47508	34.8235468470121
47512	34.8235468470119
47544	34.8235468470118
47556	34.8235468470116
47566	34.8235468470114
47586	34.8235468470113
47596	34.8235468470111
47600	34.8235468470107
47608	34.8235468470106
47622	34.8235468470102
47646	34.82354684701
47654	34.8235468470099
47664	34.8235468470098
47684	34.8235468470097
47688	34.8235468470094
47690	34.8235468470094
47698	34.8235468470092
47702	34.8235468470092
47704	34.8235468470091
47732	34.8235468470091
47736	34.8235468470091
47738	34.8235468470089
47740	34.8235468470086
47762	34.8235468470083
47784	34.8235468470081
47814	34.8235468470071
47830	34.8235468470070
47848	34.8235468470066
47856	34.8235468470062
47868	34.8235468470055
47882	34.8235468470046
47892	34.8235468470045
47898	34.8235468470043
47932	34.8235468470042
47934	34.8235468470041
47958	34.8235468470039
47962	34.8235468470036
47966	34.8235468470036
47978	34.8235468470033
47988	34.8235468470033
47998	34.8235468470032
48000	34.8235468470025
48006	34.8235468470024
48008	34.8235468470023
48010	34.8235468470023
48020	34.8235468470021
48022	34.8235468470014
48024	34.8235468470011
48028	34.8235468470008
48044	34.8235468470008
48048	34.8235468470008
48060	34.8235468470007
48072	34.8235468470003
48082	34.8235468470003
48114	34.8235468470001
48128	34.8235468469995
48170	34.8235468469994
48184	34.8235468469989
48210	34.8235468469988
48256	34.8235468469986
48288	34.8235468469986
48290	34.8235468469986
48300	34.8235468469984
48306	34.8235468469983
48326	34.8235468469981
48350	34.8235468469979
48394	34.8235468469977
48414	34.8235468469977
48430	34.8235468469977
48440	34.8235468469976
48444	34.8235468469975
48446	34.8235468469974
48450	34.8235468469972
48482	34.8235468469971
48500	34.8235468469970
48506	34.8235468469969
48510	34.8235468469968
48518	34.8235468469968
48544	34.8235468469967
48558	34.8235468469966
48560	34.8235468469966
48572	34.8235468469966
48576	34.8235468469965
48578	34.8235468469965
48582	34.8235468469965
48588	34.8235468469963
48612	34.8235468469962
48636	34.8235468469962
48650	34.8235468469962
48654	34.8235468469961
48658	34.8235468469961
48680	34.823546846996
48700	34.823546846996
48710	34.8235468469959
48712	34.8235468469959
48716	34.8235468469959
48738	34.8235468469958
48746	34.8235468469958
48750	34.8235468469957
48752	34.8235468469956
48758	34.8235468469954
48786	34.8235468469954
48790	34.8235468469954
48816	34.8235468469953
48822	34.8235468469953
48844	34.8235468469952
48888	34.8235468469952
48894	34.8235468469951
48906	34.8235468469951
48908	34.823546846995
48934	34.8235468469949
48964	34.8235468469949
48968	34.8235468469949
48994	34.8235468469948
48998	34.8235468469948
49002	34.8235468469948
49022	34.8235468469947
49044	34.8235468469947
49066	34.8235468469946
49086	34.8235468469946
49114	34.8235468469945
49122	34.8235468469945
49132	34.8235468469944
49134	34.8235468469944
49146	34.8235468469944
49196	34.8235468469942
49198	34.8235468469942
49224	34.8235468469941
49228	34.8235468469941
49236	34.823546846994
49238	34.823546846994
49240	34.8235468469939
49248	34.8235468469938
49264	34.8235468469938
49268	34.8235468469938
49302	34.8235468469938
49320	34.8235468469937
49334	34.8235468469937
49348	34.8235468469936
49352	34.8235468469936
49354	34.8235468469936
49368	34.8235468469936
49384	34.8235468469935
49388	34.8235468469935
49398	34.8235468469935
49412	34.8235468469935
49424	34.8235468469935
49426	34.8235468469934
49436	34.8235468469934
49448	34.8235468469934
49452	34.8235468469934
49456	34.8235468469933
49464	34.8235468469933
49466	34.8235468469933
49480	34.8235468469932
49484	34.8235468469932
49486	34.8235468469932
49492	34.8235468469932
49494	34.8235468469932
49520	34.8235468469931
49524	34.8235468469931
49546	34.8235468469931
49556	34.8235468469930
49560	34.823546846993
49566	34.823546846993
49584	34.8235468469929
49602	34.8235468469928
49610	34.8235468469928
49622	34.8235468469928
49624	34.8235468469927
49628	34.8235468469927
49636	34.8235468469926
49652	34.8235468469926
49664	34.8235468469925
49676	34.8235468469924
49720	34.8235468469924
49730	34.8235468469923
49732	34.8235468469922
49744	34.8235468469922
49756	34.8235468469922
49770	34.8235468469922
49776	34.8235468469921
49782	34.8235468469921
49786	34.823546846992
49798	34.823546846992
49812	34.823546846992
49822	34.8235468469919
49844	34.8235468469919
49852	34.8235468469918
49866	34.8235468469918
49886	34.8235468469917
49940	34.8235468469916
49942	34.8235468469916
49970	34.8235468469916
49972	34.8235468469916
49988	34.8235468469916
50026	34.8235468469916
50028	34.8235468469915
50036	34.8235468469915
50048	34.8235468469915
50054	34.8235468469915
50066	34.8235468469914
50080	34.8235468469914
50096	34.8235468469914
50110	34.8235468469914
50112	34.8235468469914
50114	34.8235468469913
50116	34.8235468469913
50118	34.8235468469912
50120	34.8235468469912
50128	34.8235468469912
50152	34.8235468469912
50172	34.8235468469912
50176	34.8235468469912
50180	34.8235468469911
50208	34.8235468469911
50232	34.8235468469911
50260	34.823546846991
50264	34.8235468469909
50274	34.8235468469909
50294	34.8235468469909
50302	34.8235468469908
50304	34.8235468469908
50318	34.8235468469908
50340	34.8235468469908
50360	34.8235468469908
50362	34.8235468469908
50376	34.8235468469907
50382	34.8235468469907
50392	34.8235468469907
50396	34.8235468469907
50408	34.8235468469907
50414	34.8235468469907
50422	34.8235468469906
50452	34.8235468469906
50474	34.8235468469906
50490	34.8235468469905
50500	34.8235468469905
50520	34.8235468469905
50526	34.8235468469904
50558	34.8235468469904
50598	34.8235468469903
50636	34.8235468469903
50640	34.8235468469903
50666	34.8235468469903
50678	34.8235468469903
50682	34.8235468469903
50686	34.8235468469903
50690	34.8235468469903
50708	34.8235468469902
50742	34.8235468469902
50760	34.8235468469902
50762	34.8235468469902
50790	34.8235468469902
50800	34.8235468469902
50812	34.8235468469901
50818	34.8235468469901
50844	34.8235468469901
50858	34.8235468469901
50868	34.8235468469901
50896	34.8235468469901
50902	34.8235468469901
50928	34.8235468469901
50932	34.8235468469901
50950	34.8235468469901
50986	34.8235468469900
50988	34.8235468469900
51014	34.8235468469900
51018	34.82354684699
51034	34.82354684699
51050	34.82354684699
51068	34.82354684699
51108	34.8235468469900
51126	34.8235468469900
51142	34.8235468469899
51176	34.8235468469899
51212	34.8235468469899
51236	34.8235468469899
51264	34.8235468469899
51276	34.8235468469899
51300	34.8235468469898
51328	34.8235468469898
51356	34.8235468469898
51394	34.8235468469898
51428	34.8235468469898
51430	34.8235468469898
51444	34.8235468469898
51478	34.8235468469898
51492	34.8235468469898
51518	34.8235468469898
51524	34.8235468469897
51528	34.8235468469897
51532	34.8235468469897
51574	34.8235468469897
51576	34.8235468469897
51614	34.8235468469897
51634	34.8235468469897
51640	34.8235468469897
51672	34.8235468469897
51684	34.8235468469897
51692	34.8235468469897
51740	34.8235468469896
51790	34.8235468469896
51818	34.8235468469896
51846	34.8235468469896
51894	34.8235468469896
51912	34.8235468469896
51986	34.8235468469896
52026	34.8235468469896
52056	34.8235468469896
52068	34.8235468469896
52084	34.8235468469895
52162	34.8235468469895
52214	34.8235468469895
52228	34.8235468469895
52268	34.8235468469895
52302	34.8235468469895
52328	34.8235468469895
52334	34.8235468469895
52360	34.8235468469895
52364	34.8235468469895
52374	34.8235468469894
52406	34.8235468469894
52426	34.8235468469894
52466	34.8235468469894
52486	34.8235468469894
52564	34.8235468469894
52698	34.8235468469894
52792	34.8235468469894
52846	34.8235468469894
53090	34.8235468469894
53116	34.8235468469893
53394	34.8235468469893
53486	34.8235468469893
53522	34.8235468469893
53628	34.8235468469893
53702	34.8235468469893
53708	34.8235468469893
53770	34.8235468469893
53886	34.8235468469893
53942	34.8235468469893
53996	34.8235468469893
54144	34.8235468469892
54402	34.8235468469892
54596	34.8235468469892
54622	34.8235468469892
54628	34.8235468469892
54760	34.8235468469892
54812	34.8235468469892
54910	34.8235468469892
55228	34.8235468469892
55382	34.8235468469892
55412	34.8235468469892
55446	34.8235468469891
55480	34.8235468469891
55532	34.8235468469891
55542	34.8235468469891
55694	34.8235468469891
55726	34.8235468469891
55766	34.8235468469891
55768	34.8235468469891
55828	34.8235468469891
55902	34.8235468469891
56006	34.8235468469891
56098	34.8235468469891
56184	34.8235468469890
56418	34.8235468469890
56610	34.823546846989
56728	34.823546846989
56830	34.823546846989
56956	34.823546846989
57274	34.823546846989
57320	34.823546846989
57762	34.823546846989
58258	34.823546846989
59800	34.823546846989
60884	34.8235468469890
63352	34.8235468469890
63460	34.8235468469890
64648	34.8235468469889
65320	34.8235468469889
68838	34.8235468469889
75350	34.8235468469889
77740	34.8235468469889
78746	34.8235468469889
79890	34.8235468469889
87054	34.8235468469889
112730	34.8235468469889
125360	34.8235468469889
133798	34.8235468469889
153486	34.8235468469889
300000	34.8235468469889
