52	548.893934515008
56	452.956316227002
70	432.636208589297
104	430.10939005685
114	334.252727125144
118	322.185162832533
138	281.346323150959
366	267.918655914207
552	235.335614601089
1668	235.128552452370
2232	232.643585528415
3090	232.364209186779
3136	186.317352613655
6196	162.136326934195
9082	156.340374741306
9206	149.038430967412
9212	141.848719862836
9232	137.180987985899
9290	135.309808778038
9300	129.460306674322
9336	121.812100539758
9350	116.435570602754
9364	111.899367638238
9410	109.034959573147
9418	108.489658439214
9426	105.167351836774
9430	104.438767607373
9452	104.390454448913
9466	103.680634061560
9472	103.469203006998
9484	101.856644340167
9504	100.661316032186
9518	99.8136641141112
9530	99.6067626122506
9550	98.1342093716142
9576	97.1085369000293
9588	95.8211288570474
9606	95.3669880011716
9614	93.7949529107485
9638	93.7325946456922
9652	93.2522465250424
9654	90.846720355292
9664	90.2218351456394
9666	89.8943122633283
9676	89.4377862666138
9696	89.2447085489012
9726	87.852037701558
9742	87.6977837503221
9770	86.8973844504514
9786	86.3676601175281
9812	85.3527201698559
9844	85.0729317984669
9856	84.4913938986961
9868	84.3645183355981
9880	84.2403417196448
9888	83.6894190818925
9906	83.4478497689657
9908	83.4109334719985
9922	83.0699303035553
9926	82.9602715181999
9938	82.8887189278189
9940	82.6502176037643
9960	82.4319044258728
9964	82.1978318078654
9986	81.7428140543902
9994	81.2033037005925
10022	81.0080708651327
10024	80.630973405431
10038	80.5643095811323
10050	80.2206284777358
10054	80.0881385056817
10066	80.084943191724
10072	80.0264581604922
10074	79.9377894673331
10080	79.457525334135
10094	79.4106148613528
10104	79.383046932535
10106	79.3620274373782
10112	79.1783688097174
10114	78.4338789083326
10122	78.3990861366817
10138	77.8793844219703
10150	77.4814637273236
10166	77.4770605546258
10180	77.1656070275276
10182	76.5900058739573
10198	76.1725780840257
10212	76.0400614624989
10256	75.9981425691607
10262	75.8671021283757
10268	75.7746483379709
10272	75.4285230123447
10288	75.3468686623056
10290	75.3011939245573
10304	74.8430597404256
10306	74.7591194919017
10314	74.6795057671832
10320	74.5019004830465
10340	74.3503054068054
10360	73.9060055777552
10374	73.7480669472845
10396	73.679180299518
10410	73.5192029504857
10422	73.4435272992814
10424	73.338344270783
10430	73.3063524058621
10432	73.100278298143
10434	72.7990247286748
10458	72.3693774981044
10480	72.1524420592777
10482	71.5792287686189
10484	71.3641068049285
10506	71.2978164750874
10514	71.0986633105102
10530	70.8727831986528
10532	70.465501709934
10544	70.2607425200638
10584	69.7232324740527
10600	69.6398360962221
10622	69.444583920241
10626	69.4209723670344
10640	69.090097016043
10644	69.0761501321132
10660	68.512285734283
10680	68.509053768506
10688	68.4664303087246
10690	68.4011996497079
10700	68.3463808442582
10716	68.2999647891841
10770	68.1514391830533
10774	68.051074423416
10796	67.9352700570745
10808	67.8274876461029
10816	67.7912705467622
10828	67.7028239292269
10830	67.6787848620012
10834	67.6540606173469
10850	67.432035720828
10856	67.4142525644064
10862	67.3535165726113
10868	67.165478397554
10882	67.0077535608203
10890	66.6874122710808
10896	66.3616723772577
10898	66.0313470346272
10906	65.5634743611515
10922	65.489373719829
10930	65.1714897918012
10940	64.9219861984148
10956	64.8508506938932
10968	64.7897012154556
10996	64.7799294470078
11004	64.7392086004432
11024	64.6964478504883
11036	64.6365387071452
11044	64.5926548070263
11054	64.3847205386004
11064	64.1313418768049
11104	64.0062436831942
11110	63.7626242326923
11114	63.6804276893463
11136	63.5321585923606
11140	63.4502158707835
11180	63.4386634847012
11182	63.4192229334157
11204	63.3263909798452
11210	63.0419076997902
11220	62.9860571189879
11252	62.8988325138411
11256	62.8333615326559
11264	62.810748707439
11268	62.7349940465911
11280	62.5398714405372
11292	62.5147137305771
11296	62.4053658660927
11300	62.3822106128193
11316	62.3048642439343
11318	62.1698317451249
11328	62.1063710141993
11332	61.8326626366048
11346	61.6960335166459
11364	61.5195815339098
11366	61.4889105422602
11372	60.9402500450597
11378	60.7334853761304
11392	60.4254745768367
11398	60.2223689679066
11402	60.0458476238855
11408	60.0144482026839
11412	59.9655816489553
11426	59.0188450972142
11456	58.9553689049372
11478	58.9171485716114
11484	58.8814696488469
11490	58.7432019745733
11500	58.5975681520391
11508	58.5814193119001
11512	57.8909549171582
11538	57.102371362384
11546	56.6206671434515
11556	56.3615500757306
11564	56.0330062382521
11566	54.1838782242102
11576	53.9376235196172
11580	53.7471318216307
11594	53.3768174980374
11598	53.155608904941
11604	52.8496048517328
11608	52.8095922373998
11610	52.5672789673716
11620	52.1093110469461
11644	51.6116094910165
11652	51.4936889628351
11658	51.3989928225055
11664	51.350264508381
11676	51.3040452466556
11688	50.6567499714518
11690	50.42706944241
11712	50.3853715827575
11718	50.0766217015949
11748	49.7515331432581
11752	49.2663775751732
11762	48.9339660046549
11778	48.6296562827499
11788	48.6184204397953
11796	48.2130889354981
11798	47.8490559992598
11816	47.3966461207922
11828	47.2098694334557
11830	46.6653320445695
11844	46.1565561643291
11848	46.0037870791248
11854	44.8609070123597
11856	44.8337825232595
11860	44.2998992956926
11888	44.0608871184808
11890	44.0225317030216
11914	43.792461023322
11930	43.7822361984504
11932	43.4318894715382
11934	43.3457362386766
11938	43.2579333459672
11942	43.0815049388662
11946	42.7098906932039
11964	41.9505011282866
12010	41.5089524320753
12020	41.4753581740259
12022	41.2646158362534
12024	41.2100746193581
12028	40.8993649226073
12050	40.4059033854991
12096	40.2691068249342
12114	39.8752918379179
12136	39.7357575335812
12142	39.6707636213876
12144	39.4112846695242
12154	39.0557467706286
12160	38.7620885173934
12162	38.6022364583069
12176	38.5797247392031
12178	38.1520509735646
12190	38.0817366968164
12234	37.9838122244836
12236	37.6596905981466
12244	37.4677220775614
12250	37.180853435759
12272	36.9648311296297
12276	36.6589994870261
12280	36.5265566346443
12282	36.4585165208785
12286	36.2209884946208
12296	36.1756324345776
12300	36.1180222270378
12302	36.0974916110568
12312	36.0580722384351
12330	35.5403481216452
12334	35.4285950178905
12336	35.3756245987629
12344	35.2808120249095
12350	35.2097440979671
12374	35.1558286874804
12384	34.8927914746465
12410	34.8187320819520
12412	34.6547110431374
12430	34.4232555710878
12452	34.4116122891466
12460	34.2395615936118
12470	34.0299725347188
12484	33.8463415399112
12496	33.7186230413291
12506	33.6218155128614
12512	33.3421107490584
12516	33.3317359683551
12526	33.2741624197317
12548	33.1458317965243
12566	32.9667150524271
12580	32.7797968386544
12612	32.7021594525461
12634	32.4313970376779
12648	32.2166907825155
12678	32.1750932527751
12682	32.0495835987690
12712	32.0357799307893
12740	32.0217863542656
12744	32.0194062446123
12754	32.0115201213704
12756	31.9382480141915
12758	31.8732724998759
12764	31.86895936615
12770	31.8020180563411
12784	31.7963229491089
12786	31.7522655554045
12790	31.6978903651331
12800	31.6662681209882
12810	31.5603152771214
12822	31.5555125017512
12848	31.5275449448868
12858	31.4629046505275
12862	31.3884801638118
12884	31.3792636217574
12886	31.3091961836135
12896	31.3080673049684
12928	31.2068704945591
12938	31.1531391759874
12950	31.1281615759824
12954	31.0189198256364
12960	30.9994760643384
12962	30.9817961704453
12966	30.9732934674451
12986	30.9572165381054
12988	30.8649906721691
12994	30.8515483592405
13010	30.7339663901000
13028	30.6487870051450
13040	30.5214267097647
13070	30.3848896760719
13076	30.3062625279441
13120	30.2979891898968
13130	30.2740018138955
13134	30.1418613368326
13160	30.1202601009498
13184	29.9615193771261
13208	29.8445207465504
13216	29.825923985766
13220	29.7432675776871
13228	29.7283610337237
13242	29.7229703143525
13244	29.7208145626677
13250	29.6640363067942
13260	29.5983956596682
13288	29.57848002751
13300	29.4834160124997
13310	29.4772205847833
13316	29.4607530477134
13320	29.4463679825267
13326	29.4008428708532
13336	29.3582548424022
13352	29.3284865006664
13382	29.2891933794311
13392	29.2801883769277
13408	29.2400546956562
13424	29.2293227694845
13440	29.1963726512303
13452	29.1571227226747
13456	29.1433104528601
13472	29.1303000529861
13476	29.105790955435
13496	29.0918676069857
13500	29.0151383180461
13552	28.9959637151628
13558	28.9906053303721
13572	28.9834812326222
13584	28.9391478974144
13620	28.9205386305357
13622	28.8977946579991
13666	28.8792989863675
13688	28.8721874946211
13690	28.8575646535792
13694	28.8475033051960
13698	28.8435938529174
13702	28.8179823796914
13714	28.7949602425495
13726	28.7899946873000
13744	28.7650802891774
13746	28.7453658841811
13754	28.7360343106031
13758	28.6729143901087
13764	28.5985422878056
13778	28.5782423694959
13796	28.5610662883502
13812	28.4905836038000
13834	28.4606602071124
13850	28.4321208627912
13864	28.3813094095919
13890	28.3759920248915
13914	28.3724999345481
13920	28.3670924880419
13924	28.3104752872575
13940	28.3048680755884
13942	28.2274854697060
13960	28.2225095012319
13964	28.2005883226401
13990	28.1838953086789
14000	28.1658947990473
14016	28.1041955307817
14020	28.0861429310062
14032	28.0859990890797
14038	28.0549290708484
14086	28.0494235901134
14092	28.0159358463547
14098	28.0102947217505
14134	28.0001445017844
14140	27.9651833905439
14146	27.9538668639334
14186	27.9483542015095
14194	27.9386789999811
14204	27.9256865694365
14206	27.9086074058147
14238	27.9074855114128
14240	27.887038801026
14248	27.8856681435269
14258	27.8808220628694
14262	27.868278967074
14266	27.8638649730976
14274	27.8585139302042
14280	27.8550116566026
14292	27.8478014566108
14314	27.8399359513567
14320	27.8206268271116
14328	27.8163322334344
14334	27.8059909309847
14340	27.8023440619425
14352	27.7812739257417
14396	27.7731248474764
14400	27.7651794185570
14426	27.7600466779343
14440	27.7589840502512
14452	27.7409762999105
14460	27.7359885907607
14466	27.7341263661532
14470	27.7201081271329
14478	27.6940239851297
14518	27.6906380023034
14532	27.6602892106709
14566	27.6587717573147
14582	27.6562252395481
14584	27.6377361206035
14586	27.6355187056305
14588	27.6274276156304
14596	27.6045835931432
14604	27.6033233381333
14624	27.5999925927443
14626	27.5766246534095
14650	27.5574002042545
14666	27.5534988155706
14694	27.5428747683098
14710	27.5413984792722
14718	27.5215306458328
14738	27.5174806747707
14740	27.5174271106289
14744	27.4871634301046
14762	27.4835090421030
14774	27.4680854809945
14778	27.4667402642617
14794	27.4578618519163
14806	27.4405020192093
14812	27.4143334534994
14828	27.399385014
14834	27.3955792255757
14838	27.3749514290307
14872	27.3656469966940
14874	27.3653768032044
14876	27.3459787725264
14892	27.3386766827411
14894	27.3372804809929
14900	27.3322711544519
14906	27.3296125128217
14910	27.3144390006304
14916	27.3000316397448
14940	27.2948679807215
14942	27.2827865702839
14980	27.2807348667638
14982	27.2796634257463
15002	27.2779199975479
15004	27.2765151147104
15018	27.27153698093
15024	27.2662055798406
15032	27.2637211581252
15050	27.2610456141363
15052	27.2484936998470
15080	27.2402426758153
15082	27.2391183982606
15086	27.2266625480240
15102	27.2213030192494
15130	27.2177476111479
15134	27.2154501417739
15136	27.2130610785287
15154	27.2062325367217
15166	27.2051864141671
15176	27.2023212170216
15180	27.1922736201468
15210	27.1911723582698
15218	27.1834681743974
15244	27.1831465595653
15250	27.1809165235178
15258	27.1701304313037
15284	27.1690269985186
15302	27.1670494471567
15304	27.1599173892913
15316	27.1435453795187
15332	27.1424937370827
15350	27.1376991795572
15370	27.1312285747943
15372	27.1302950031126
15374	27.1299729989045
15384	27.1281165139325
15392	27.1241986763741
15418	27.1201909069619
15420	27.1186424434176
15422	27.1157702749266
15432	27.087775645668
15448	27.0776597668204
15458	27.0669254788427
15492	27.0529511077963
15518	27.0474407497264
15524	27.0466377741666
15530	27.0414540752402
15534	27.0323552102886
15544	27.0320429110806
15546	27.0220395175362
15548	27.018046267682
15554	27.0123641179942
15564	27.0105813417972
15582	26.9892536916256
15596	26.9890087203493
15598	26.9841062368829
15630	26.9816894387299
15644	26.9651516184503
15646	26.9648314259665
15656	26.9625416349421
15658	26.9503167475081
15674	26.9483244881651
15680	26.9407489275381
15688	26.9377314383648
15690	26.9371343569484
15692	26.9363978269441
15706	26.9312813306643
15714	26.9297715491389
15724	26.9171288377413
15726	26.9089446471918
15756	26.8923540798455
15770	26.8890877211253
15786	26.8879854284598
15794	26.8717195575614
15826	26.8636156546239
15832	26.8413736376801
15854	26.8389095969177
15876	26.8379975979595
15882	26.8226031773186
15920	26.8197611614729
15924	26.8074877239373
15938	26.7857646992327
15966	26.7757283498907
15978	26.7757235880615
15984	26.7733136005179
16004	26.7726372101212
16008	26.7631498786127
16012	26.7595088261272
16038	26.7465558164156
16050	26.7333990288627
16086	26.7307252163966
16090	26.7182991831415
16094	26.7161328612572
16112	26.7155992269258
16116	26.6979013869707
16126	26.6843337628319
16132	26.6835703582379
16138	26.6688642584202
16146	26.6502633690614
16156	26.6481062072124
16178	26.6376948542869
16182	26.6291094503413
16202	26.6222641034734
16214	26.6136215445605
16228	26.5902626534864
16232	26.5775008169942
16254	26.5755531868406
16262	26.5597089990791
16282	26.5516021105166
16292	26.5342036617964
16296	26.5283067280202
16298	26.5190582759032
16310	26.5154845631735
16316	26.5111989617792
16332	26.4924237631781
16338	26.4508509078973
16340	26.4369586314125
16358	26.4330482580171
16362	26.4172411292946
16384	26.4016372481481
16386	26.4004015453564
16392	26.3934280059737
16402	26.3790889501614
16426	26.3685110398305
16438	26.3624227300765
16452	26.3370315779447
16454	26.3108508270741
16466	26.2871486812322
16486	26.2829539894764
16498	26.2748840062447
16510	26.2732353858042
16516	26.2631000510622
16532	26.2560514731585
16538	26.2429007147697
16556	26.2425754488995
16560	26.2419846977393
16568	26.2396452841594
16578	26.2324954406980
16582	26.1981159550264
16598	26.1943037337443
16604	26.1846353051399
16620	26.1838530306063
16642	26.1812414103255
16654	26.1807412367627
16670	26.1748453416573
16678	26.1739106312308
16682	26.1673198399564
16694	26.1640016388127
16718	26.1628073160603
16720	26.1627237003073
16732	26.1581665072176
16740	26.1500928618413
16744	26.1493177500919
16756	26.1447636779879
16796	26.1427547624285
16806	26.1426071207708
16834	26.1400187053665
16838	26.1389295751958
16844	26.1357937831996
16846	26.1283449292960
16860	26.1244443744096
16864	26.1238154837294
16866	26.1201371422243
16868	26.1189583720991
16874	26.1183885950074
16876	26.1109838221684
16892	26.1078057458266
16936	26.0972377079488
16970	26.0963532074255
16976	26.0921327854822
16994	26.091626207365
17002	26.0907089594976
17010	26.0858398153213
17018	26.0850513322653
17058	26.0847235601761
17066	26.0839912507745
17078	26.0800214535368
17084	26.0775500617735
17100	26.0765969090815
17118	26.0725102940079
17124	26.072230615708
17130	26.0708877714831
17132	26.0665842433732
17134	26.0664867591015
17138	26.065722553089
17142	26.0654195089972
17148	26.0632904014223
17152	26.0599759779514
17164	26.0522521148576
17212	26.0473390241111
17246	26.0424224472865
17258	26.0392540356000
17264	26.0378686647075
17270	26.0364130156887
17286	26.0357040421207
17290	26.0340546743941
17296	26.0301351813806
17304	26.0298861862935
17306	26.0261341160979
17308	26.0232874494003
17348	26.0218862518561
17350	26.0204017472673
17352	26.0161960566054
17394	26.0150601831763
17400	26.0122164133660
17402	26.0111863404445
17432	26.0094082119996
17438	26.0070846652105
17442	26.0065720492499
17448	26.0025815659872
17452	26.0009835530608
17476	26.0008120248236
17480	26.0005022506474
17486	25.9988434073102
17496	25.9976606918545
17518	25.9936150486187
17548	25.9933764214945
17556	25.9927763190433
17560	25.9926567347739
17582	25.9912189956503
17590	25.9887897619523
17614	25.9860170129199
17622	25.9853719859136
17642	25.9842446151871
17660	25.9827963102227
17682	25.9797740342645
17700	25.9795785393869
17704	25.9777820502005
17716	25.9761032675285
17720	25.9753490243041
17728	25.9746200209717
17736	25.9745271306774
17740	25.9730651677852
17758	25.9719031354049
17794	25.9715068342583
17796	25.9701433095616
17820	25.9690370712318
17830	25.9680037171387
17834	25.9678666990904
17840	25.9647625077695
17850	25.9628085687385
17860	25.9623243191996
17876	25.9608350295240
17886	25.9603171920217
17892	25.9601346453615
17896	25.9597801952200
17904	25.9558788980971
17950	25.9558016708089
17962	25.9555063458492
17982	25.9546413267179
17986	25.9520393521604
18010	25.9516261763083
18044	25.9513572696057
18056	25.9496872346935
18070	25.9493597910415
18074	25.948905381494
18088	25.9487207157308
18094	25.9480696290375
18106	25.9469540261608
18110	25.9466088424924
18172	25.9456015122757
18188	25.9449627003070
18210	25.9438888553418
18226	25.9432194322172
18246	25.9431661676511
18254	25.9425129080848
18266	25.9410629711289
18274	25.9404131750980
18294	25.9395349379215
18304	25.9393136484831
18332	25.9381877349515
18336	25.9370112729656
18342	25.9369305548658
18348	25.9368143153675
18350	25.9363046924204
18374	25.9360066185742
18380	25.9357936265324
18390	25.9355757176017
18392	25.9348870681549
18402	25.9333493841854
18414	25.9323553259563
18422	25.931050573241
18448	25.9297105439354
18468	25.9274367402333
18516	25.9263524537935
18528	25.9250704117542
18536	25.9245392996009
18542	25.923146869364
18544	25.9203371327754
18570	25.919877568367
18576	25.9195311633853
18578	25.9191750157655
18582	25.9173499337255
18592	25.9172094255618
18604	25.9169037072641
18608	25.9152441513977
18624	25.9144445057700
18674	25.9140061137657
18692	25.9136800437055
18696	25.9131105034118
18698	25.9129083989108
18710	25.9129075516830
18718	25.9115090442091
18726	25.9109539391609
18738	25.910556868926
18742	25.9104301064927
18752	25.9095835640278
18756	25.9076125690652
18766	25.9066655275048
18768	25.9062255763978
18770	25.9047961150110
18804	25.9042912307948
18806	25.9039761258391
18812	25.9031304588522
18862	25.9026862996998
18920	25.9020940273919
18946	25.9019763262443
18952	25.9018138194683
18966	25.9016081269530
19000	25.9013277730486
19008	25.9011650648063
19012	25.9009583897626
19016	25.9007623678658
19018	25.9007546067938
19020	25.9005902867205
19044	25.9005125830128
19060	25.9002336669789
19064	25.9000600820579
19066	25.8997274981609
19068	25.8986589918379
19076	25.8984051184155
19100	25.8981766414711
19112	25.8977921914194
19114	25.8976556333654
19132	25.8969922922625
19142	25.896688854497
19148	25.8965427730384
19174	25.8965162365826
19184	25.8963986181861
19190	25.8958269445295
19212	25.8956902657555
19216	25.8952456369428
19230	25.8951409519066
19266	25.8950482997976
19286	25.8948455553923
19292	25.8946359884235
19316	25.8945893073075
19322	25.8945861138445
19328	25.8939714155309
19332	25.8939236067025
19356	25.8936558059410
19368	25.8931864779554
19384	25.8930410551335
19394	25.8927995367706
19416	25.8927093733922
19418	25.8924716805323
19430	25.8921601973400
19434	25.8917980907398
19452	25.8916181442234
19476	25.891456893407
19486	25.8913491502218
19490	25.89116034323
19496	25.8911099123885
19514	25.8908482904841
19520	25.8905409920568
19522	25.8903496486235
19534	25.8901453404540
19536	25.8900606954917
19540	25.8900303946122
19556	25.8897728460757
19562	25.8895349976309
19592	25.8892735123080
19616	25.8891756119608
19626	25.8889931134799
19642	25.8889804621810
19648	25.8885268809649
19702	25.8884137596306
19706	25.8883356402823
19754	25.8880336606904
19770	25.8879532055213
19792	25.8877943912663
19800	25.8876722708290
19842	25.8875778509463
19862	25.8875398273248
19882	25.8874935123619
19890	25.8874461197476
19896	25.8874154826776
19908	25.8873001899769
19918	25.8872363015169
19928	25.8871643557303
19930	25.8871632809986
19938	25.8869934251437
19944	25.8869222907046
19964	25.8867558277530
19974	25.8866396655347
19982	25.8866348149636
19986	25.8864518620557
20010	25.8863706119295
20012	25.8862165851766
20016	25.8859695638257
20026	25.8858727981772
20036	25.8857587203269
20038	25.8856047522602
20040	25.8855861669720
20058	25.8855604982378
20078	25.8855108421251
20096	25.8854698871187
20104	25.8853806791842
20116	25.8850751772932
20136	25.8850031181862
20140	25.8848574936845
20162	25.884779745454
20164	25.8846463253684
20168	25.8845469919288
20170	25.8842564762551
20178	25.88420022951
20182	25.8838037381214
20192	25.8836433811083
20202	25.8835420656680
20204	25.8832051030582
20208	25.8828397928749
20220	25.8826346260704
20254	25.8825437401082
20262	25.8824381364943
20272	25.8817189042881
20304	25.8811535486068
20308	25.8808701172647
20310	25.8807171545642
20334	25.8804538225144
20338	25.87980498602
20346	25.8795797405475
20370	25.8793173427451
20398	25.8790072945487
20400	25.8787426684479
20408	25.8785964261432
20414	25.8784738707636
20438	25.8783058720789
20440	25.8779841983665
20460	25.8777315124757
20476	25.8776259206047
20486	25.8775008250727
20506	25.8770556434338
20518	25.8768185602306
20538	25.8766256575761
20558	25.8765644157858
20566	25.8764633010204
20568	25.8764225624927
20582	25.8762237466460
20602	25.8761013569274
20622	25.875920358671
20632	25.8758094214853
20658	25.8757625584962
20690	25.8756789947901
20714	25.8756027048432
20716	25.8755799213467
20730	25.8755758393156
20734	25.8753979408758
20748	25.8753808106347
20754	25.8751344274435
20774	25.8749855994924
20786	25.8748865938644
20806	25.8748614933943
20810	25.8748418266476
20818	25.8748279385879
20826	25.8747191152896
20834	25.8746721423295
20852	25.8745467671519
20864	25.8744765468111
20876	25.8743940367309
20900	25.8743739414888
20920	25.8742554165477
20954	25.8742440193904
20976	25.8741391628259
20996	25.8741313474233
21010	25.8741279727018
21014	25.8741151709177
21026	25.8740576704763
21046	25.8740293687519
21056	25.8740143798707
21060	25.8740071218908
21062	25.8738897615604
21066	25.8738334074296
21098	25.8736788801725
21120	25.8736623970089
21126	25.8736190849633
21128	25.8736146740467
21132	25.8735946597426
21136	25.8734411217678
21154	25.8734236384222
21204	25.8734223090463
21210	25.8733986763454
21216	25.8733387662631
21236	25.8732851704893
21252	25.8732048224964
21290	25.873141462517
21292	25.8729804933188
21298	25.8729732715601
21308	25.8729148567072
21326	25.8728719034389
21344	25.8728411407596
21352	25.8728351556846
21362	25.8727738400801
21370	25.8727629679716
21380	25.8727537522292
21388	25.8727233167037
21416	25.8727085076471
21418	25.8726989280923
21430	25.8726509832713
21436	25.8726413044891
21438	25.8726104472862
21442	25.8726028736878
21454	25.872585525818
21458	25.8725831186755
21470	25.8725826790835
21478	25.872557456217
21484	25.8725123031646
21490	25.8725104615776
21502	25.8724872569264
21520	25.8724562160299
21534	25.8724526454160
21540	25.8724521499148
21544	25.8724203841531
21576	25.8724026156249
21580	25.8723850307029
21590	25.8723369266521
21610	25.8722876608837
21636	25.8722825149966
21644	25.8722803921239
21646	25.8722687013517
21648	25.8722641339129
21652	25.8722596640226
21654	25.8722418919573
21666	25.8722253524631
21684	25.8721895618904
21694	25.8721709257969
21700	25.8721439096696
21702	25.8721371568655
21712	25.8721226370749
21714	25.8720470972983
21740	25.8720055730183
21742	25.8719670546736
21782	25.8719278129216
21792	25.8719103690291
21814	25.8718564340955
21862	25.8718359063545
21870	25.8718267372604
21896	25.8718110122437
21904	25.8717980844777
21910	25.8717959049237
21920	25.8717419664363
21922	25.8717301108905
21948	25.8716947525442
21950	25.8716920638634
21952	25.8716811467373
21954	25.8716594187466
21966	25.8715813991989
21990	25.8715673125989
21992	25.8715653202692
22008	25.8715563705153
22014	25.8714458491366
22028	25.8714446102799
22030	25.8714424176770
22048	25.8714343676386
22050	25.8714165883881
22058	25.8714149053343
22068	25.8714112908985
22072	25.8713616029141
22086	25.8712732163535
22096	25.8712256348884
22118	25.87119002097
22140	25.8711804245723
22146	25.8711758904322
22154	25.8711707690551
22164	25.8711484070442
22172	25.871145227687
22174	25.8711346302512
22180	25.8711102679555
22188	25.8710941144862
22200	25.8710577867885
22226	25.8710421979519
22238	25.8709178149510
22242	25.8709032957566
22256	25.8708912072400
22266	25.8708784790496
22290	25.8708755969996
22292	25.8708560533248
22306	25.8708145421336
22312	25.8707836381039
22348	25.8707823685270
22356	25.8707783466736
22362	25.8707644350950
22364	25.8707210741811
22382	25.8706977038702
22384	25.8706703942736
22426	25.8706472738719
22440	25.8706443180035
22446	25.8706377067585
22488	25.8706294950696
22492	25.8706104990525
22510	25.8706095744250
22514	25.8706035295817
22532	25.8706012961306
22534	25.8705960359660
22562	25.8705936462163
22568	25.8705930975937
22572	25.8705779733076
22580	25.8705735104674
22588	25.8705701645449
22590	25.8705596782473
22608	25.8705561740812
22620	25.8705538385776
22630	25.8705405607337
22632	25.8705405128145
22644	25.8705373453989
22646	25.8705368689147
22664	25.8705345657298
22672	25.870532766675
22674	25.8705264047238
22686	25.8705190824133
22704	25.8705081037988
22720	25.8705012149836
22726	25.8704998637201
22732	25.8704977036615
22746	25.8704943877941
22750	25.8704854484787
22768	25.8704816301159
22812	25.8704748761850
22824	25.8704670293437
22834	25.8704535326169
22870	25.8704513427269
22880	25.8704475342973
22894	25.8704437527602
22916	25.8704419022612
22934	25.8704397463773
22940	25.8704371913044
22950	25.8704309789489
22954	25.8704242049242
22964	25.8704173991446
22970	25.8704134384181
23010	25.8704070959022
23016	25.8703859756268
23024	25.8703804553524
23030	25.8703767962369
23040	25.8703750292047
23050	25.8703721820956
23052	25.8703669308543
23062	25.8703660364377
23072	25.8703649232477
23074	25.8703511600901
23080	25.8703370734748
23082	25.870332691884
23086	25.8703297323525
23094	25.8703122983105
23106	25.8702903442308
23140	25.87028237098
23146	25.8702810294752
23170	25.8702735681912
23178	25.8702646767863
23198	25.8702599908965
23226	25.8702592586432
23228	25.8702476404695
23236	25.8702443939616
23238	25.8702405118159
23246	25.870230301994
23284	25.8702244376154
23298	25.8702232803723
23302	25.8702197421375
23306	25.8702191644969
23324	25.8702022361275
23330	25.8702009548281
23350	25.8701840210426
23352	25.8701730120896
23384	25.8701672522921
23392	25.8701626533090
23394	25.8701524414761
23396	25.8701509557863
23402	25.8701496759314
23412	25.8701496462377
23420	25.8701476990508
23432	25.8701400245591
23436	25.8701254834884
23448	25.8701170747261
23452	25.8700819839658
23510	25.8700667530604
23514	25.8700611268841
23518	25.8700575077902
23528	25.8700506452579
23530	25.8700419674136
23532	25.8700313060094
23542	25.8700305371074
23546	25.87002776164
23554	25.8700262945509
23568	25.8700219790611
23578	25.8700206330488
23594	25.8700150128673
23612	25.8700135349899
23614	25.8700072671607
23622	25.8699872406665
23624	25.8699717933648
23642	25.8699555639799
23674	25.8699508230390
23680	25.8699507630574
23682	25.8699432548056
23694	25.8699405701058
23710	25.8699113562145
23732	25.8698900135111
23734	25.8698880995918
23736	25.8698875388072
23742	25.8698782380289
23752	25.8698758143577
23756	25.8698706749758
23768	25.8698542423617
23792	25.8698479912228
23810	25.8698350413269
23844	25.8698331774362
23846	25.8698316131279
23848	25.869829619156
23854	25.869820179714
23858	25.869819251735
23860	25.8698153875649
23870	25.8698146586374
23876	25.8698106097465
23892	25.8698047901044
23908	25.8697992217675
23910	25.8697974651684
23916	25.8697942554234
23922	25.8697900779845
23940	25.8697834567499
23950	25.8697781670654
23990	25.8697680742789
24026	25.8697664601914
24032	25.8697632313269
24044	25.8697599536109
24052	25.8697585192565
24078	25.8697554351936
24080	25.8697488360867
24100	25.8697329183951
24138	25.869721646745
24156	25.8697137763171
24164	25.8697111931065
24176	25.8697095774274
24178	25.8697081551023
24184	25.8696886031799
24226	25.8696810246260
24236	25.8696805266147
24242	25.8696722268034
24264	25.8696630131109
24290	25.8696607244694
24296	25.8696563597411
24322	25.8696392951562
24348	25.8696337361642
24374	25.8696301061446
24378	25.8696260147331
24382	25.8696240736349
24392	25.8696223170709
24398	25.8696142225232
24404	25.8696118359195
24410	25.8696113412155
24416	25.8696015154880
24422	25.8695946970368
24434	25.8695932162822
24452	25.8695920583771
24458	25.8695906114726
24464	25.869588147104
24480	25.8695791136695
24484	25.8695722235853
24514	25.8695710862735
24526	25.8695683888136
24538	25.8695664412105
24566	25.8695543640791
24578	25.8695527527353
24588	25.8695499244580
24606	25.8695364337277
24616	25.8695346593754
24648	25.8695345919573
24650	25.8695332521685
24652	25.8695255899713
24662	25.8695239854561
24670	25.8695202961515
24700	25.8695162274253
24720	25.8695128765835
24732	25.8695092419434
24738	25.8695026426421
24744	25.8695000162063
24748	25.8694997913961
24764	25.869493637709
24772	25.8694889665569
24780	25.8694828519183
24802	25.8694753609969
24826	25.8694743992111
24828	25.8694730155333
24836	25.869469815014
24858	25.8694689700708
24860	25.8694681110054
24872	25.8694652510225
24874	25.8694644814528
24878	25.8694603607675
24896	25.8694603012455
24904	25.8694561568522
24910	25.8694528882617
24914	25.8694517537675
24930	25.8694516795964
24936	25.86944919335
24960	25.869446712312
24966	25.8694460654079
24968	25.8694457103807
24974	25.8694453653943
24978	25.8694391348491
24984	25.8694309113017
25008	25.8694176928624
25020	25.8694100726851
25040	25.8694091170435
25048	25.8694075866046
25068	25.8694071253591
25076	25.8694015509754
25096	25.8693980916839
25108	25.8693973776799
25120	25.8693948563624
25152	25.8693921032730
25164	25.8693905412596
25192	25.8693875676983
25198	25.8693872751754
25204	25.8693863230622
25230	25.8693838969465
25242	25.8693834491489
25262	25.8693812058606
25266	25.8693798308421
25272	25.8693794642612
25276	25.8693743781987
25282	25.8693736322675
25286	25.8693688864517
25320	25.8693660104467
25324	25.8693642664500
25342	25.8693625905584
25346	25.8693608907841
25352	25.8693592768512
25372	25.8693590310777
25392	25.8693578621688
25406	25.8693525175474
25412	25.8693523801062
25416	25.8693511086904
25422	25.8693508339988
25430	25.8693488082129
25442	25.869344814527
25472	25.8693425466150
25508	25.8693403369131
25522	25.8693352838691
25534	25.8693351594917
25548	25.8693325236779
25550	25.8693302045307
25566	25.8693291875043
25586	25.8693288234812
25592	25.8693238640502
25602	25.8693236451126
25610	25.8693229753485
25612	25.8693203862414
25618	25.8693174873091
25634	25.8693169760454
25638	25.8693165100938
25642	25.8693154268055
25644	25.8693147549792
25654	25.8693102293294
25676	25.8693101606973
25686	25.8693089648016
25688	25.8693070252892
25700	25.8693058766466
25706	25.8692998428975
25738	25.8692998289837
25742	25.8692989432328
25744	25.8692978921174
25762	25.8692960149584
25764	25.8692904890636
25786	25.8692875965574
25798	25.8692864755061
25808	25.8692859464732
25810	25.8692857785404
25812	25.8692822080987
25818	25.8692806197725
25836	25.8692785899677
25842	25.8692774442532
25858	25.8692764767941
25860	25.8692764766448
25872	25.8692716719753
25880	25.8692671772633
25916	25.8692632701529
25940	25.8692628020548
25942	25.8692607203563
25944	25.8692595211542
25950	25.869257410821
25968	25.8692573768290
25974	25.8692501007333
25998	25.869246067105
26014	25.8692455319498
26036	25.8692404299433
26066	25.8692387394932
26068	25.8692318858571
26080	25.8692308714071
26092	25.8692286246813
26096	25.8692286183633
26112	25.8692283040211
26114	25.8692275332246
26118	25.8692245277819
26126	25.8692169916582
26128	25.8692147871678
26152	25.8692138723557
26204	25.8692137587771
26214	25.8692121204274
26226	25.8692116574859
26234	25.8692087548837
26242	25.8692053318489
26264	25.8692049050318
26270	25.8692048393850
26280	25.8692031688270
26290	25.8692001882583
26296	25.8691933021324
26350	25.8691930169244
26352	25.869191337315
26354	25.8691893419006
26374	25.8691882691082
26408	25.8691875755882
26410	25.8691866447607
26432	25.8691850344818
26440	25.8691847019013
26460	25.8691832088616
26470	25.8691830705429
26474	25.8691818803989
26482	25.8691818295839
26490	25.8691810157704
26500	25.8691802412419
26504	25.8691801540210
26508	25.8691779454682
26518	25.8691775248071
26542	25.869176411964
26544	25.8691722771085
26570	25.869171674574
26582	25.8691690475492
26594	25.8691639099919
26600	25.8691630286460
26620	25.8691619084726
26632	25.8691608371254
26664	25.8691597245838
26666	25.8691593540037
26668	25.8691590744434
26676	25.8691575461234
26696	25.8691567610684
26698	25.8691557939673
26734	25.8691555182888
26748	25.869153798826
26766	25.8691524896960
26770	25.8691507825036
26814	25.8691488053344
26828	25.8691483026347
26838	25.8691479281741
26844	25.8691471534789
26846	25.8691459288516
26858	25.8691451355087
26870	25.8691444951908
26890	25.8691435307870
26896	25.8691421994704
26904	25.8691402849209
26926	25.8691393757115
26940	25.8691387410230
26942	25.8691385749970
26954	25.8691370773628
26958	25.8691360943218
26962	25.8691345844403
26976	25.8691345409382
26982	25.8691334929323
26986	25.8691323451740
26996	25.8691322244507
27000	25.8691296222307
27022	25.8691281832825
27030	25.869125600229
27038	25.8691243979614
27042	25.8691215593723
27070	25.8691168103928
27084	25.8691150960793
27110	25.8691150898843
27132	25.8691140113826
27134	25.8691124593680
27156	25.8691091724952
27172	25.8691087555355
27174	25.8691084160107
27192	25.869106850768
27200	25.869105733494
27204	25.8691038753063
27212	25.8691021288798
27226	25.8690999223605
27246	25.8690993176771
27250	25.8690990350254
27260	25.869095419167
27268	25.8690896552146
27294	25.8690885500115
27302	25.8690880369511
27314	25.8690876663975
27320	25.869087270137
27324	25.8690858495341
27336	25.8690850269856
27344	25.8690825796917
27372	25.8690825414833
27376	25.8690790607034
27388	25.8690790235357
27390	25.8690780274229
27402	25.8690756686269
27406	25.8690732606267
27438	25.8690729618592
27446	25.8690728266862
27448	25.8690715347612
27450	25.8690711247337
27468	25.8690710222771
27472	25.8690697255822
27482	25.8690665605844
27490	25.8690662234936
27500	25.8690655185519
27506	25.8690648702786
27516	25.8690645520959
27520	25.8690635166095
27532	25.8690630900937
27534	25.8690621141947
27540	25.8690611747637
27560	25.8690569716573
27562	25.8690563916198
27574	25.8690562013433
27576	25.8690557221012
27578	25.8690543913584
27588	25.8690540657887
27594	25.8690540484845
27596	25.8690521971694
27600	25.8690519114537
27608	25.8690517251680
27614	25.8690449611024
27634	25.8690448839363
27636	25.8690441528964
27640	25.869044087271
27652	25.8690434401917
27654	25.8690430948184
27656	25.8690413458278
27658	25.8690396557504
27662	25.8690388937979
27676	25.8690373150885
27694	25.8690364284657
27698	25.8690362278597
27702	25.8690356645113
27724	25.8690355872736
27738	25.8690332669848
27768	25.8690324460268
27782	25.8690310256830
27796	25.8690285083579
27826	25.8690284053326
27828	25.8690278770981
27834	25.8690259415193
27868	25.8690257702613
27876	25.8690246137969
27882	25.8690240216158
27884	25.8690209071172
27902	25.8690199056071
27920	25.8690192853585
27924	25.8690192571114
27932	25.8690192280566
27934	25.8690190785091
27948	25.8690189135906
27954	25.8690187334829
27958	25.8690185359019
27962	25.8690181424794
27978	25.869017107777
28010	25.8690165319961
28038	25.8690160141076
28040	25.8690159902655
28056	25.8690151802629
28076	25.8690144577526
28090	25.8690139866374
28098	25.8690139435286
28102	25.8690120510450
28104	25.8690119618276
28112	25.8690092452273
28138	25.8690079975336
28148	25.8690075481152
28154	25.8690063464846
28174	25.8690020194090
28180	25.8689994904632
28246	25.8689986619609
28262	25.8689979862369
28286	25.868997090588
28306	25.8689964402416
28320	25.8689958634371
28328	25.8689947297036
28338	25.8689939101021
28362	25.8689936393811
28364	25.8689915832627
28380	25.8689906510005
28384	25.8689904327509
28396	25.8689878385793
28410	25.8689859654093
28422	25.8689841047207
28424	25.8689815170381
28440	25.8689812662684
28446	25.8689794620390
28454	25.8689788397037
28460	25.8689786392811
28468	25.8689770028244
28474	25.8689740738852
28478	25.8689739759423
28482	25.8689726553365
28508	25.8689725484508
28548	25.8689715836351
28552	25.8689709214439
28560	25.8689707806235
28566	25.8689703190691
28572	25.8689690081236
28598	25.8689682844531
28600	25.8689679492495
28608	25.8689677205103
28632	25.8689670101299
28638	25.8689668160210
28648	25.8689653941525
28686	25.8689653745206
28706	25.8689649635525
28726	25.8689648088739
28750	25.8689646669491
28756	25.868964462083
28760	25.8689639711060
28764	25.8689637026363
28780	25.86896358136
28790	25.8689632264208
28794	25.868962811297
28802	25.8689626001011
28810	25.8689619254593
28818	25.8689617124781
28844	25.868961619502
28872	25.8689615425944
28886	25.8689615300121
28888	25.8689611905882
28902	25.8689609266554
28908	25.8689607901426
28918	25.8689605495180
28936	25.8689605225980
28946	25.8689602866118
28958	25.8689602626552
28964	25.8689599746834
28966	25.868959086359
28970	25.8689590822599
28976	25.8689587568209
28994	25.8689581939497
29004	25.8689581131363
29008	25.8689578186759
29026	25.8689574121069
29038	25.8689565701939
29054	25.8689562858369
29056	25.8689558926928
29088	25.8689558663426
29100	25.8689558056542
29102	25.8689551961219
29110	25.8689551644963
29140	25.8689546341449
29144	25.8689543986299
29146	25.8689543590293
29148	25.8689542804875
29152	25.8689536585696
29176	25.8689534994067
29180	25.8689525722527
29202	25.8689521977307
29262	25.8689519537613
29276	25.8689516779216
29292	25.8689513334142
29320	25.8689512716001
29324	25.8689505013424
29344	25.868950384159
29354	25.8689503399997
29358	25.868950114784
29362	25.8689494999981
29370	25.8689490483908
29380	25.8689488530247
29386	25.8689481029782
29394	25.8689474772529
29398	25.8689473329538
29400	25.8689467159772
29440	25.8689466550688
29442	25.8689466339973
29448	25.8689465646291
29458	25.8689459452094
29492	25.8689456932796
29522	25.8689454870195
29524	25.8689454723733
29530	25.8689448566959
29534	25.8689445805425
29550	25.8689441304576
29576	25.8689439331361
29604	25.8689436300653
29652	25.8689435527412
29658	25.8689433243438
29662	25.8689432798306
29680	25.8689431126101
29686	25.8689430752175
29690	25.8689428293215
29692	25.8689427199652
29694	25.8689425573971
29706	25.8689425489836
29718	25.8689422756279
29724	25.8689418016232
29738	25.8689412602925
29742	25.8689409676421
29758	25.8689404926245
29760	25.8689397281473
29762	25.8689392989857
29780	25.8689392638429
29784	25.8689392464716
29786	25.8689381605257
29794	25.8689379979276
29796	25.8689378323878
29804	25.8689369843815
29834	25.8689368834837
29846	25.8689364748270
29862	25.8689362692879
29880	25.8689357351706
29894	25.8689352880241
29910	25.8689351831593
29918	25.8689348517424
29952	25.8689344781827
29984	25.8689344182836
29996	25.8689343877908
30004	25.8689340596829
30050	25.8689340123699
30068	25.8689339737077
30078	25.8689339659613
30082	25.8689338702447
30114	25.8689336974631
30122	25.8689336541766
30128	25.8689336514926
30130	25.8689335482397
30174	25.8689334975409
30182	25.8689334957314
30188	25.8689333589149
30196	25.8689332632318
30208	25.8689331255038
30214	25.8689330828325
30228	25.8689330660739
30232	25.8689330465967
30242	25.8689330456780
30246	25.8689328332722
30260	25.8689327015496
30276	25.8689326603245
30280	25.8689325549391
30308	25.8689325092432
30320	25.8689325044104
30322	25.8689324831864
30326	25.8689322917515
30342	25.8689321801042
30348	25.8689321069165
30354	25.8689320946909
30374	25.8689319898025
30382	25.8689319759336
30400	25.8689317376217
30438	25.8689317318697
30458	25.8689316296814
30460	25.8689316047698
30468	25.8689315765021
30472	25.8689314917084
30476	25.8689314501845
30492	25.8689313890047
30514	25.8689313418821
30536	25.8689313018336
30540	25.8689312803905
30542	25.8689312125703
30554	25.8689311818911
30562	25.8689311350076
30578	25.8689311299662
30582	25.8689311086345
30590	25.8689311047430
30594	25.8689310735691
30598	25.8689308908358
30624	25.8689307567212
30652	25.8689305879173
30654	25.8689305451440
30660	25.8689305243108
30696	25.8689304932304
30702	25.8689304221734
30704	25.8689302609679
30720	25.8689301951202
30730	25.8689301549608
30740	25.8689301137638
30750	25.8689300036062
30756	25.8689299945547
30762	25.8689299534203
30784	25.8689298332293
30796	25.8689298021087
30806	25.8689297878326
30820	25.8689297156370
30824	25.86892969352
30830	25.8689296754475
30846	25.8689296349451
30862	25.8689295565072
30884	25.8689295535476
30892	25.8689295361305
30900	25.8689295182011
30916	25.8689294466881
30926	25.8689293588208
30932	25.8689293583148
30934	25.8689293260949
30954	25.8689293189852
30962	25.8689292680261
30978	25.868929257895
30980	25.8689292487943
30982	25.8689292289043
31016	25.8689291763812
31018	25.8689291628055
31028	25.8689291605765
31032	25.8689291441047
31048	25.8689291231131
31058	25.8689291069739
31082	25.8689290798790
31084	25.8689290359269
31104	25.8689289947524
31108	25.8689289914427
31114	25.8689289811302
31128	25.8689288722
31134	25.8689287731662
31140	25.8689287285071
31142	25.8689287056322
31154	25.8689286857574
31158	25.8689286021512
31172	25.8689285840584
31180	25.8689285121189
31206	25.8689284914984
31218	25.8689284711964
31240	25.8689284539106
31242	25.8689284516403
31252	25.8689283582439
31276	25.8689283301619
31286	25.8689283009033
31294	25.8689282774048
31314	25.8689282010676
31354	25.8689281785401
31364	25.8689281371442
31380	25.8689281368366
31384	25.8689281133240
31390	25.8689281104868
31394	25.8689280539269
31426	25.8689280312194
31438	25.8689280084622
31448	25.8689279659987
31458	25.8689279615328
31464	25.8689279077072
31470	25.8689278538511
31472	25.8689278316987
31474	25.8689278268970
31478	25.8689277721483
31508	25.8689277700577
31512	25.8689277470794
31530	25.8689277402016
31534	25.8689277307491
31538	25.8689277164543
31544	25.8689277145008
31552	25.8689276919546
31566	25.8689276743997
31574	25.8689276728516
31596	25.8689276697887
31598	25.8689276634092
31616	25.8689276530501
31620	25.8689276218088
31624	25.8689276122964
31626	25.8689275652747
31634	25.8689275474854
31656	25.8689275423743
31662	25.8689275073609
31688	25.8689274216505
31710	25.8689273991323
31722	25.8689273685930
31730	25.8689273664269
31736	25.8689273280373
31746	25.8689273120169
31752	25.8689273075287
31756	25.8689271753787
31784	25.8689271393714
31790	25.8689270124017
31792	25.8689270100905
31800	25.8689269892827
31814	25.8689269846791
31822	25.8689269664826
31834	25.8689269435807
31836	25.8689269408763
31840	25.8689269024884
31850	25.8689268909792
31858	25.8689268606148
31882	25.8689268261184
31886	25.8689268029087
31900	25.8689268019714
31908	25.8689267524597
31916	25.8689267309757
31928	25.8689267307236
31932	25.8689267027527
31952	25.868926655214
31986	25.8689266498680
31990	25.8689266322070
31998	25.8689265135568
32020	25.8689264229822
32024	25.8689264065048
32036	25.8689263770977
32054	25.8689263109789
32072	25.8689262955958
32088	25.8689262754911
32104	25.8689262598988
32106	25.8689262220765
32112	25.8689262181373
32122	25.8689261333551
32132	25.8689261180982
32164	25.8689260012191
32174	25.8689259880954
32188	25.8689258848538
32200	25.8689258599943
32202	25.8689258217968
32214	25.8689257902825
32222	25.8689257895098
32238	25.8689257691652
32240	25.8689257057855
32248	25.8689256425169
32284	25.8689255741284
32288	25.8689255354704
32292	25.8689255330182
32300	25.8689254199583
32322	25.8689252402095
32354	25.8689251591579
32356	25.868925090899
32358	25.8689249314681
32368	25.8689249043126
32380	25.8689248581447
32388	25.8689247594071
32402	25.8689247221961
32410	25.868924569199
32444	25.8689245479584
32450	25.8689244418574
32460	25.8689243590129
32470	25.8689243402254
32478	25.8689243200893
32490	25.8689242022218
32522	25.8689241372322
32546	25.8689240961141
32562	25.8689240537038
32588	25.8689240143716
32602	25.8689240110780
32606	25.8689239087864
32632	25.8689238909763
32634	25.8689238865724
32644	25.8689238474581
32658	25.8689237651883
32678	25.8689237467844
32698	25.8689236678284
32708	25.8689236535968
32716	25.8689236193547
32720	25.8689235952779
32724	25.8689235933469
32730	25.8689235868791
32744	25.8689234299157
32752	25.868923346849
32768	25.8689233229521
32782	25.8689233113253
32784	25.8689233103894
32792	25.8689231902565
32828	25.8689231179893
32840	25.8689229592397
32882	25.8689229093063
32894	25.8689228409239
32908	25.8689228291683
32910	25.8689227732793
32918	25.8689227283175
32928	25.8689227171878
32938	25.8689226624286
32950	25.8689226368594
32952	25.8689225701863
32974	25.8689225484265
32978	25.8689224522712
33002	25.8689224441347
33016	25.8689224267576
33030	25.868922419603
33064	25.8689223792775
33072	25.8689223741267
33082	25.8689223370443
33092	25.8689223290044
33104	25.8689223124337
33120	25.8689223028574
33140	25.8689222714765
33162	25.8689222480816
33186	25.8689222343279
33198	25.8689222220913
33220	25.8689222150963
33228	25.8689222001358
33230	25.8689221969238
33232	25.8689221722748
33240	25.8689221364843
33270	25.8689221028771
33290	25.8689220930511
33292	25.8689220532925
33318	25.868922036403
33340	25.8689220339675
33352	25.868921999356
33384	25.8689219889441
33406	25.8689219779870
33410	25.8689219208545
33412	25.8689219175292
33438	25.8689219060440
33472	25.8689218932123
33474	25.8689218878564
33480	25.8689218400515
33514	25.8689218383042
33528	25.868921819929
33532	25.8689218173076
33552	25.8689218110613
33566	25.8689218024368
33590	25.8689218011624
33592	25.8689217960369
33596	25.8689217780603
33602	25.8689217654467
33610	25.8689217637852
33616	25.8689217451487
33640	25.8689217362116
33644	25.8689217264948
33646	25.8689217186885
33658	25.8689216955425
33662	25.8689216952529
33678	25.8689216922194
33682	25.8689216901841
33694	25.8689216882595
33698	25.8689216874276
33700	25.8689216858813
33704	25.8689216789288
33706	25.8689216784771
33708	25.8689216607935
33710	25.8689216539944
33714	25.8689216493631
33720	25.8689216491374
33732	25.8689216297704
33754	25.8689216030868
33784	25.8689215891063
33814	25.8689215854498
33830	25.8689215588922
33868	25.8689215582145
33872	25.8689215537247
33880	25.8689215477319
33882	25.8689215463148
33892	25.8689215453597
33914	25.8689215354647
33922	25.8689215274785
33926	25.8689215210307
33930	25.8689214992753
33958	25.8689214973079
33964	25.8689214880566
33980	25.8689214872979
33994	25.8689214570577
34002	25.8689214426268
34036	25.8689214292613
34056	25.8689214166523
34060	25.8689213877328
34100	25.8689213593277
34102	25.8689213446279
34126	25.8689213255182
34140	25.8689213189495
34142	25.8689213122327
34152	25.8689213041953
34160	25.8689212903386
34196	25.8689212843059
34200	25.8689212762537
34206	25.8689212725359
34210	25.8689212588652
34226	25.868921246945
34228	25.8689212462303
34244	25.8689212342991
34270	25.8689212265400
34276	25.8689212227714
34282	25.86892122037
34288	25.8689212101130
34298	25.8689211987024
34314	25.8689211985698
34320	25.8689211912566
34344	25.8689211782165
34352	25.8689211744542
34360	25.8689211581413
34408	25.8689211580896
34418	25.8689211551456
34422	25.8689211545357
34430	25.8689211304182
34472	25.8689211217266
34484	25.8689211192789
34486	25.8689211077314
34494	25.8689210935306
34508	25.8689210904046
34532	25.8689210886901
34544	25.8689210852207
34558	25.8689210763294
34560	25.8689210737235
34570	25.8689210716894
34572	25.8689210693727
34574	25.8689210692555
34576	25.8689210649216
34612	25.8689210601013
34616	25.8689210550244
34628	25.8689210531123
34630	25.8689210513165
34636	25.8689210420052
34686	25.8689210361640
34704	25.8689210269542
34738	25.8689210236138
34772	25.8689210230783
34786	25.8689210158217
34808	25.8689210117508
34820	25.8689210115626
34824	25.8689210085403
34846	25.8689210052225
34856	25.8689210043767
34866	25.8689210013092
34868	25.8689209986963
34878	25.8689209891852
34888	25.8689209883291
34898	25.8689209814479
34906	25.8689209796240
34916	25.8689209764197
34924	25.8689209741918
34930	25.8689209722364
34934	25.8689209693404
34942	25.8689209684090
34950	25.86892096231
34972	25.8689209597446
34986	25.8689209534244
35014	25.8689209492312
35024	25.8689209424583
35036	25.8689209390995
35044	25.8689209354727
35062	25.8689209311622
35068	25.8689209258619
35076	25.868920903343
35090	25.8689208958055
35106	25.8689208860161
35112	25.8689208855970
35116	25.8689208855528
35120	25.8689208724039
35136	25.8689208720564
35138	25.8689208666599
35150	25.8689208635118
35164	25.8689208518405
35180	25.8689208496018
35184	25.8689208398824
35186	25.8689208352940
35192	25.8689208325985
35194	25.8689208316477
35200	25.8689208138962
35232	25.8689208084083
35248	25.8689208045553
35252	25.8689208023912
35254	25.8689207844514
35312	25.8689207769437
35320	25.8689207737806
35326	25.8689207700792
35340	25.8689207670291
35342	25.8689207662011
35350	25.8689207471804
35372	25.8689207466144
35376	25.8689207435535
35384	25.8689207367343
35386	25.8689207344194
35400	25.8689207195075
35420	25.8689207177242
35430	25.8689207104394
35468	25.8689207099389
35470	25.8689207074557
35478	25.8689207051816
35480	25.8689206888972
35490	25.8689206866143
35508	25.8689206802474
35540	25.8689206791235
35544	25.8689206780174
35560	25.8689206750505
35564	25.8689206663591
35580	25.8689206651684
35582	25.8689206622384
35600	25.8689206598637
35616	25.8689206586486
35618	25.8689206479825
35628	25.8689206432679
35634	25.8689206407209
35648	25.8689206378737
35658	25.8689206294967
35660	25.868920628899
35674	25.8689206214171
35696	25.8689206103043
35722	25.8689205995929
35724	25.8689205875369
35742	25.8689205794988
35762	25.8689205661261
35776	25.8689205657298
35780	25.8689205638941
35790	25.8689205615953
35802	25.8689205567443
35804	25.8689205482775
35828	25.8689205423204
35832	25.8689205403337
35838	25.8689205317653
35852	25.8689205282428
35862	25.8689205281388
35868	25.8689205248914
35882	25.8689205189778
35888	25.8689205151313
35902	25.8689205135777
35922	25.8689205118888
35940	25.86892051146
35970	25.8689205067106
35976	25.8689205066775
35978	25.8689205065714
35984	25.8689204989534
36000	25.8689204885034
36010	25.868920481497
36038	25.8689204779816
36060	25.8689204777711
36062	25.8689204735938
36066	25.8689204679246
36106	25.8689204666045
36136	25.8689204656908
36138	25.8689204653355
36142	25.8689204652235
36146	25.8689204634148
36164	25.8689204620202
36188	25.868920460816
36228	25.8689204601827
36240	25.8689204598236
36268	25.8689204593002
36308	25.8689204591911
36322	25.8689204590671
36324	25.8689204581287
36348	25.8689204578258
36362	25.8689204574251
36364	25.8689204563161
36374	25.8689204558803
36380	25.868920454715
36382	25.8689204541348
36404	25.8689204536241
36412	25.8689204526893
36422	25.8689204518674
36426	25.8689204517410
36436	25.8689204510038
36440	25.8689204499491
36444	25.8689204486939
36458	25.8689204469965
36482	25.8689204467787
36484	25.8689204453992
36488	25.8689204452515
36492	25.8689204447768
36506	25.8689204447745
36510	25.8689204437508
36516	25.8689204435429
36526	25.8689204430938
36528	25.868920441319
36534	25.8689204394204
36586	25.8689204392815
36588	25.8689204382273
36594	25.8689204370911
36626	25.8689204364998
36634	25.8689204355591
36652	25.8689204347562
36670	25.8689204337576
36672	25.8689204337386
36682	25.8689204332235
36696	25.8689204331394
36700	25.8689204328522
36720	25.8689204325097
36726	25.8689204306365
36728	25.8689204302603
36740	25.8689204296109
36766	25.8689204294032
36786	25.8689204288439
36790	25.868920428367
36800	25.8689204282092
36832	25.8689204281491
36846	25.8689204266495
36848	25.8689204259840
36866	25.8689204250293
36868	25.8689204246812
36884	25.8689204230120
36892	25.8689204227831
36916	25.8689204219471
36952	25.8689204218881
36964	25.8689204205908
36968	25.8689204202083
36980	25.8689204199563
36984	25.8689204196767
36992	25.8689204189188
37004	25.8689204186520
37014	25.868920418345
37016	25.8689204180220
37020	25.8689204171334
37038	25.8689204151657
37062	25.8689204142346
37072	25.8689204137945
37082	25.8689204137301
37112	25.8689204134233
37124	25.8689204131996
37126	25.8689204127184
37134	25.8689204124783
37192	25.8689204123758
37194	25.868920412089
37198	25.8689204120035
37220	25.8689204118583
37240	25.8689204116730
37244	25.8689204113907
37254	25.8689204110511
37256	25.8689204104959
37304	25.8689204103669
37310	25.8689204100855
37312	25.8689204100250
37320	25.8689204093451
37346	25.8689204087515
37374	25.8689204082266
37382	25.8689204080444
37384	25.8689204075731
37386	25.8689204074849
37392	25.8689204070247
37394	25.8689204069872
37400	25.8689204065478
37418	25.8689204054965
37462	25.8689204053734
37480	25.8689204052073
37482	25.8689204046892
37488	25.868920404019
37492	25.8689204039555
37506	25.8689204037718
37520	25.8689204035812
37536	25.8689204029315
37568	25.8689204026552
37594	25.8689204026364
37600	25.8689204025746
37620	25.8689204022525
37632	25.8689204021992
37634	25.8689204021667
37636	25.8689204020852
37638	25.8689204018735
37644	25.8689204018054
37666	25.8689204017732
37674	25.8689204010913
37694	25.8689204008136
37696	25.8689204007858
37706	25.8689204001351
37718	25.8689203996705
37746	25.8689203994514
37758	25.8689203992092
37760	25.8689203990686
37778	25.8689203988468
37786	25.868920398831
37788	25.8689203985980
37794	25.8689203985572
37804	25.8689203980364
37824	25.8689203980078
37832	25.8689203978601
37848	25.8689203978548
37874	25.8689203976618
37892	25.8689203975869
37900	25.8689203975001
37910	25.8689203973204
37914	25.8689203972729
37916	25.8689203971416
37922	25.8689203971343
37924	25.8689203970498
37938	25.8689203968771
37944	25.8689203966031
37954	25.8689203965206
37982	25.868920396366
37998	25.8689203963525
38000	25.8689203962079
38002	25.8689203958934
38018	25.8689203956572
38022	25.8689203955410
38058	25.8689203951815
38082	25.868920395085
38088	25.8689203948935
38098	25.8689203948748
38118	25.8689203946569
38130	25.8689203943031
38158	25.8689203941461
38160	25.8689203937099
38166	25.8689203937053
38182	25.8689203936216
38190	25.8689203930941
38192	25.8689203926017
38226	25.8689203921824
38256	25.8689203919604
38260	25.8689203919295
38264	25.8689203918964
38286	25.8689203918891
38298	25.8689203918238
38306	25.8689203917894
38324	25.8689203917264
38326	25.8689203916346
38352	25.8689203916238
38358	25.8689203913387
38388	25.8689203913238
38390	25.8689203912245
38418	25.8689203911990
38428	25.8689203911147
38438	25.8689203910736
38450	25.8689203910035
38478	25.8689203907975
38480	25.8689203906412
38482	25.8689203906116
38496	25.8689203905723
38502	25.8689203905256
38510	25.8689203904901
38514	25.8689203904540
38522	25.8689203903283
38526	25.8689203902223
38530	25.8689203902222
38534	25.8689203900902
38552	25.8689203900636
38560	25.8689203899506
38566	25.8689203898133
38570	25.8689203897942
38588	25.8689203897812
38600	25.8689203896333
38604	25.8689203895424
38612	25.8689203893539
38622	25.8689203891806
38630	25.8689203888366
38654	25.8689203887173
38660	25.868920388692
38662	25.8689203884361
38674	25.8689203883317
38678	25.8689203882637
38688	25.8689203881296
38694	25.8689203879654
38706	25.8689203877689
38716	25.8689203875569
38756	25.8689203874149
38760	25.8689203873828
38766	25.8689203870772
38786	25.8689203868919
38802	25.8689203866935
38812	25.8689203864679
38816	25.8689203862896
38826	25.8689203861968
38832	25.8689203861338
38870	25.8689203859177
38874	25.8689203858996
38916	25.8689203858765
38922	25.8689203857962
38936	25.8689203857328
38944	25.8689203855484
38946	25.8689203854972
38960	25.8689203854129
38974	25.8689203854074
38980	25.8689203853182
38990	25.8689203853134
38994	25.8689203852560
39008	25.8689203852014
39020	25.8689203851865
39022	25.8689203848313
39026	25.8689203848297
39044	25.8689203847688
39046	25.8689203847629
39050	25.8689203846584
39086	25.8689203845576
39098	25.868920384507
39120	25.8689203844617
39124	25.8689203843109
39134	25.8689203842514
39154	25.8689203840252
39182	25.868920383961
39188	25.8689203838937
39208	25.8689203836848
39216	25.8689203835647
39218	25.8689203831865
39224	25.868920383147
39266	25.8689203831172
39274	25.8689203829896
39304	25.868920382972
39306	25.8689203829682
39308	25.8689203829087
39312	25.8689203828093
39324	25.868920382758
39348	25.8689203824365
39358	25.8689203824084
39366	25.8689203824049
39368	25.8689203821165
39370	25.8689203821134
39378	25.8689203819929
39388	25.8689203818609
39408	25.8689203818322
39422	25.8689203818265
39426	25.8689203817991
39428	25.8689203817102
39474	25.8689203816882
39476	25.8689203815975
39484	25.8689203815802
39486	25.8689203814993
39500	25.8689203813634
39530	25.8689203812961
39544	25.8689203811747
39552	25.8689203811537
39568	25.8689203810697
39594	25.8689203810619
39596	25.8689203810223
39612	25.8689203809864
39616	25.8689203807879
39654	25.86892038078
39680	25.8689203807107
39686	25.8689203805603
39724	25.8689203802813
39754	25.8689203800566
39756	25.8689203799385
39762	25.8689203798183
39764	25.8689203798069
39768	25.8689203795047
39772	25.8689203793976
39796	25.8689203793448
39826	25.8689203792558
39840	25.8689203792454
39848	25.8689203792337
39858	25.8689203791687
39862	25.8689203790861
39874	25.868920379036
39890	25.8689203789406
39894	25.8689203788304
39920	25.8689203787582
39934	25.8689203785792
39948	25.8689203785489
39962	25.8689203785301
39968	25.8689203784664
39972	25.8689203784033
39978	25.8689203783280
39980	25.8689203782406
40004	25.8689203781835
40016	25.8689203780831
40022	25.8689203779568
40046	25.8689203777788
40056	25.8689203777154
40066	25.8689203776195
40072	25.8689203776183
40080	25.8689203775467
40088	25.8689203774503
40092	25.8689203773923
40142	25.868920377343
40150	25.8689203773233
40162	25.8689203772528
40176	25.8689203772322
40198	25.8689203772061
40202	25.8689203771595
40216	25.8689203770914
40242	25.8689203770834
40250	25.8689203770366
40276	25.8689203769972
40292	25.8689203769666
40322	25.8689203769477
40338	25.8689203769052
40340	25.8689203768522
40382	25.8689203768281
40392	25.8689203768217
40398	25.8689203768098
40406	25.8689203767904
40410	25.8689203767878
40414	25.8689203767803
40422	25.868920376765
40430	25.8689203767582
40458	25.8689203767106
40460	25.8689203766386
40498	25.8689203765966
40510	25.8689203765371
40538	25.8689203764621
40552	25.8689203764476
40564	25.8689203764323
40574	25.8689203764268
40576	25.8689203764116
40582	25.868920376384
40592	25.8689203763662
40598	25.8689203763506
40600	25.8689203763186
40602	25.8689203762456
40612	25.8689203762189
40624	25.8689203762107
40630	25.8689203761980
40642	25.8689203761698
40650	25.8689203761566
40656	25.8689203760844
40662	25.8689203760782
40674	25.8689203759932
40696	25.8689203759318
40716	25.8689203758435
40724	25.8689203758185
40726	25.8689203757649
40728	25.8689203757445
40746	25.8689203757163
40750	25.8689203756140
40766	25.8689203754983
40768	25.8689203753742
40800	25.8689203753405
40804	25.8689203752904
40814	25.8689203751926
40824	25.8689203751071
40830	25.8689203749821
40856	25.8689203749793
40860	25.8689203749342
40862	25.8689203748918
40864	25.8689203748453
40882	25.8689203748258
40892	25.8689203747578
40914	25.8689203747202
40920	25.8689203747092
40936	25.8689203746663
40942	25.8689203746484
40954	25.8689203746293
40964	25.8689203746080
40968	25.8689203745912
40994	25.8689203745805
41002	25.8689203745629
41008	25.8689203745589
41024	25.8689203745516
41026	25.8689203745290
41040	25.8689203745281
41064	25.8689203745068
41074	25.8689203744952
41098	25.8689203744943
41108	25.8689203744572
41120	25.8689203744145
41130	25.8689203743446
41176	25.8689203743419
41194	25.8689203743418
41198	25.8689203743101
41202	25.8689203743026
41208	25.8689203742926
41216	25.8689203742812
41220	25.8689203742624
41234	25.8689203742556
41242	25.8689203742311
41262	25.8689203741896
41276	25.8689203741895
41278	25.8689203741757
41314	25.8689203741446
41332	25.8689203741262
41340	25.8689203741202
41356	25.8689203741086
41372	25.8689203740881
41388	25.8689203740724
41396	25.868920374039
41398	25.8689203740266
41404	25.8689203740252
41406	25.8689203739800
41412	25.8689203739584
41444	25.8689203739561
41450	25.8689203739162
41454	25.8689203739099
41456	25.8689203738985
41490	25.8689203738471
41494	25.8689203738413
41540	25.8689203738374
41562	25.8689203738103
41578	25.8689203738072
41604	25.8689203737880
41620	25.8689203737577
41628	25.8689203737534
41632	25.8689203737429
41638	25.8689203737344
41652	25.868920373725
41670	25.8689203737243
41672	25.8689203737017
41674	25.8689203736851
41696	25.8689203736502
41718	25.8689203736340
41722	25.8689203736043
41754	25.8689203735919
41764	25.8689203735734
41782	25.8689203735586
41806	25.868920373534
41820	25.8689203735191
41836	25.8689203735154
41850	25.8689203735141
41858	25.8689203734965
41868	25.8689203734763
41874	25.8689203734517
41930	25.8689203734463
41932	25.868920373445
41968	25.8689203734404
41970	25.8689203734364
41974	25.8689203734252
42006	25.8689203734165
42020	25.8689203734081
42028	25.8689203734057
42034	25.8689203734043
42038	25.868920373385
42062	25.8689203733798
42076	25.8689203733723
42078	25.8689203733675
42084	25.8689203733646
42094	25.8689203733454
42114	25.8689203733297
42134	25.8689203733274
42142	25.8689203733267
42144	25.8689203733176
42160	25.8689203733046
42166	25.8689203733026
42172	25.8689203732967
42174	25.8689203732942
42188	25.8689203732816
42198	25.8689203732688
42226	25.8689203732617
42228	25.8689203732596
42234	25.8689203732392
42270	25.8689203732342
42272	25.8689203732256
42274	25.8689203732139
42296	25.8689203732098
42298	25.868920373206
42306	25.8689203731972
42308	25.8689203731889
42328	25.8689203731885
42332	25.8689203731766
42354	25.8689203731745
42364	25.8689203731626
42366	25.8689203731602
42382	25.8689203731578
42386	25.8689203731538
42388	25.8689203731524
42394	25.8689203731485
42422	25.8689203731456
42472	25.868920373141
42482	25.8689203731407
42504	25.8689203731367
42518	25.8689203731362
42522	25.8689203731331
42538	25.8689203731257
42556	25.8689203731156
42568	25.8689203731128
42572	25.8689203731124
42580	25.868920373112
42596	25.8689203731086
42598	25.8689203731065
42608	25.8689203731012
42610	25.8689203730992
42616	25.8689203730966
42622	25.8689203730822
42632	25.8689203730819
42634	25.8689203730785
42648	25.8689203730666
42654	25.8689203730610
42670	25.8689203730475
42676	25.8689203730470
42688	25.8689203730430
42712	25.8689203730386
42714	25.8689203730294
42738	25.8689203730217
42750	25.8689203730077
42802	25.8689203730054
42806	25.8689203729995
42818	25.8689203729987
42822	25.8689203729965
42834	25.8689203729806
42858	25.8689203729781
42860	25.868920372975
42864	25.8689203729729
42882	25.8689203729696
42892	25.8689203729672
42918	25.8689203729608
42938	25.8689203729596
42984	25.8689203729591
42986	25.8689203729553
42996	25.8689203729515
43020	25.8689203729495
43024	25.8689203729467
43026	25.8689203729464
43032	25.868920372945
43034	25.8689203729417
43082	25.8689203729406
43086	25.8689203729348
43092	25.8689203729337
43102	25.8689203729286
43116	25.8689203729258
43126	25.8689203729217
43138	25.8689203729178
43148	25.8689203729171
43166	25.868920372913
43172	25.8689203729104
43182	25.868920372908
43184	25.8689203729071
43190	25.8689203729022
43200	25.8689203728997
43204	25.8689203728968
43208	25.8689203728871
43216	25.868920372881
43234	25.8689203728766
43252	25.8689203728666
43258	25.8689203728567
43270	25.8689203728435
43272	25.8689203728384
43274	25.8689203728354
43282	25.8689203728221
43312	25.8689203728069
43314	25.8689203728067
43316	25.8689203728005
43364	25.8689203727991
43378	25.8689203727940
43380	25.8689203727873
43386	25.8689203727854
43406	25.8689203727843
43408	25.8689203727838
43410	25.8689203727682
43428	25.8689203727667
43432	25.8689203727561
43448	25.8689203727550
43468	25.8689203727524
43474	25.8689203727474
43490	25.8689203727458
43496	25.8689203727340
43506	25.8689203727302
43510	25.8689203727294
43522	25.8689203727225
43536	25.8689203727209
43542	25.8689203727196
43546	25.8689203727131
43556	25.8689203727119
43560	25.8689203727071
43564	25.8689203727023
43580	25.8689203726981
43588	25.8689203726950
43590	25.8689203726925
43596	25.8689203726911
43604	25.8689203726887
43612	25.8689203726819
43616	25.8689203726762
43632	25.868920372676
43640	25.8689203726749
43650	25.8689203726728
43652	25.8689203726724
43686	25.8689203726685
43692	25.8689203726666
43700	25.8689203726659
43706	25.8689203726656
43708	25.8689203726579
43712	25.8689203726567
43724	25.8689203726540
43740	25.8689203726520
43744	25.8689203726494
43746	25.8689203726437
43762	25.8689203726391
43776	25.8689203726390
43784	25.8689203726333
43790	25.8689203726286
43798	25.8689203726215
43804	25.8689203726001
43806	25.8689203725977
43816	25.8689203725833
43844	25.8689203725655
43850	25.8689203725649
43856	25.8689203725562
43858	25.8689203725502
43880	25.8689203725491
43902	25.8689203725407
43906	25.8689203725219
43914	25.8689203725197
43916	25.8689203725158
43922	25.8689203724986
43946	25.8689203724612
43970	25.8689203724533
43998	25.8689203724383
44012	25.8689203724180
44022	25.8689203724003
44034	25.8689203723957
44052	25.8689203723767
44070	25.8689203723513
44086	25.868920372346
44118	25.8689203723313
44132	25.8689203723308
44152	25.8689203722842
44166	25.8689203722725
44174	25.8689203722657
44194	25.8689203722499
44206	25.8689203722435
44208	25.8689203722246
44214	25.8689203721917
44260	25.868920372167
44274	25.8689203721627
44288	25.8689203721600
44308	25.8689203721376
44312	25.8689203721355
44334	25.8689203721229
44366	25.8689203721044
44394	25.8689203720922
44444	25.8689203720893
44462	25.8689203720802
44464	25.8689203720798
44486	25.8689203720789
44494	25.8689203720762
44502	25.8689203720661
44508	25.8689203720647
44516	25.8689203720610
44524	25.8689203720562
44532	25.8689203720553
44552	25.8689203720477
44562	25.8689203720468
44580	25.8689203720452
44596	25.8689203720433
44610	25.8689203720420
44612	25.8689203720390
44616	25.8689203720384
44618	25.8689203720365
44628	25.8689203720359
44642	25.8689203720289
44656	25.868920372027
44660	25.8689203720243
44666	25.8689203720227
44672	25.8689203720221
44678	25.8689203720218
44682	25.8689203720124
44708	25.8689203720123
44728	25.8689203720123
44730	25.8689203720025
44754	25.8689203720003
44758	25.8689203719997
44766	25.8689203719956
44770	25.8689203719939
44772	25.8689203719893
44798	25.8689203719891
44800	25.8689203719787
44802	25.8689203719752
44812	25.8689203719732
44818	25.8689203719704
44828	25.8689203719684
44830	25.8689203719592
44844	25.8689203719589
44852	25.8689203719553
44854	25.8689203719529
44858	25.8689203719525
44862	25.8689203719479
44866	25.8689203719470
44874	25.8689203719393
44878	25.8689203719376
44882	25.8689203719202
44910	25.8689203719167
44912	25.8689203719153
44922	25.8689203719104
44948	25.8689203719044
44964	25.868920371896
44980	25.8689203718943
44984	25.8689203718920
44990	25.8689203718786
45014	25.8689203718683
45034	25.8689203718668
45038	25.8689203718572
45050	25.8689203718548
45064	25.8689203718507
45066	25.8689203718491
45068	25.8689203718479
45086	25.8689203718436
45102	25.8689203718409
45112	25.8689203718318
45130	25.8689203718301
45138	25.8689203718278
45142	25.8689203718237
45166	25.8689203718208
45202	25.8689203718145
45206	25.8689203718144
45220	25.8689203718098
45230	25.8689203718087
45246	25.8689203718062
45258	25.8689203718020
45262	25.8689203718013
45274	25.8689203717996
45278	25.8689203717995
45298	25.8689203717990
45302	25.8689203717959
45312	25.8689203717952
45328	25.8689203717949
45344	25.8689203717909
45362	25.8689203717904
45364	25.8689203717894
45370	25.8689203717858
45382	25.8689203717840
45402	25.8689203717827
45416	25.8689203717809
45428	25.8689203717757
45432	25.8689203717707
45456	25.8689203717696
45466	25.8689203717683
45486	25.8689203717663
45508	25.8689203717642
45520	25.8689203717610
45564	25.8689203717565
45598	25.8689203717466
45610	25.8689203717461
45620	25.8689203717452
45630	25.8689203717425
45634	25.86892037174
45638	25.8689203717381
45646	25.8689203717356
45656	25.8689203717267
45666	25.8689203717265
45688	25.8689203717235
45694	25.8689203717226
45696	25.8689203717218
45702	25.8689203717168
45714	25.8689203717158
45720	25.868920371709
45742	25.8689203717067
45748	25.8689203717048
45756	25.8689203717045
45762	25.8689203717037
45764	25.8689203716940
45788	25.8689203716922
45790	25.8689203716896
45802	25.8689203716846
45816	25.8689203716822
45850	25.8689203716786
45862	25.8689203716784
45864	25.8689203716774
45870	25.8689203716731
45888	25.8689203716709
45918	25.8689203716690
45932	25.8689203716665
45948	25.8689203716628
45956	25.8689203716621
45962	25.8689203716619
45994	25.8689203716611
46004	25.8689203716579
46010	25.868920371657
46022	25.8689203716567
46024	25.8689203716526
46058	25.8689203716513
46072	25.8689203716497
46078	25.8689203716494
46088	25.8689203716482
46112	25.8689203716473
46120	25.8689203716471
46134	25.8689203716464
46138	25.8689203716448
46162	25.8689203716448
46168	25.8689203716442
46172	25.8689203716431
46186	25.8689203716423
46198	25.8689203716421
46206	25.8689203716413
46208	25.8689203716388
46212	25.868920371632
46228	25.8689203716305
46240	25.8689203716274
46242	25.8689203716207
46256	25.8689203716182
46258	25.8689203716163
46278	25.8689203716117
46294	25.8689203716104
46302	25.8689203716102
46312	25.8689203716069
46316	25.8689203716037
46328	25.8689203715996
46352	25.8689203715889
46362	25.8689203715864
46376	25.8689203715845
46394	25.8689203715842
46400	25.8689203715832
46408	25.8689203715798
46428	25.8689203715776
46452	25.8689203715746
46472	25.8689203715733
46484	25.8689203715708
46504	25.8689203715708
46510	25.8689203715695
46522	25.8689203715691
46524	25.8689203715645
46532	25.8689203715615
46548	25.8689203715584
46586	25.868920371555
46592	25.868920371546
46596	25.8689203715422
46600	25.8689203715368
46624	25.8689203715299
46640	25.8689203715286
46642	25.8689203715272
46674	25.8689203715245
46682	25.8689203715212
46726	25.8689203715176
46732	25.8689203715174
46734	25.8689203715172
46736	25.8689203715145
46770	25.8689203715104
46802	25.8689203715071
46810	25.8689203715066
46816	25.8689203715054
46828	25.8689203715039
46840	25.8689203715018
46846	25.8689203715004
46876	25.8689203715002
46888	25.8689203714996
46900	25.8689203714948
46912	25.8689203714934
46916	25.868920371491
46924	25.8689203714891
46926	25.8689203714852
46960	25.8689203714800
47022	25.8689203714784
47034	25.8689203714779
47038	25.8689203714744
47066	25.8689203714734
47076	25.8689203714709
47084	25.8689203714708
47090	25.8689203714703
47118	25.8689203714689
47134	25.8689203714685
47142	25.8689203714678
47152	25.8689203714674
47162	25.8689203714653
47168	25.8689203714650
47176	25.8689203714637
47188	25.8689203714604
47218	25.8689203714603
47222	25.8689203714601
47224	25.8689203714593
47246	25.8689203714552
47252	25.8689203714549
47256	25.8689203714528
47272	25.868920371452
47280	25.8689203714507
47292	25.8689203714506
47306	25.8689203714428
47336	25.8689203714421
47342	25.8689203714402
47368	25.8689203714401
47374	25.8689203714399
47398	25.8689203714385
47414	25.8689203714375
47422	25.8689203714374
47432	25.8689203714355
47436	25.8689203714321
47440	25.8689203714303
47462	25.8689203714294
47480	25.8689203714278
47496	25.8689203714266
47504	25.8689203714247
47512	25.8689203714201
47564	25.8689203714180
47580	25.8689203714174
47588	25.8689203714136
47594	25.8689203714117
47606	25.8689203714102
47622	25.8689203714076
47624	25.8689203714062
47630	25.868920371406
47632	25.8689203714047
47634	25.8689203714017
47648	25.868920371399
47652	25.8689203713928
47656	25.8689203713889
47662	25.8689203713832
47670	25.8689203713787
47674	25.8689203713776
47702	25.8689203713710
47730	25.8689203713701
47740	25.8689203713641
47744	25.8689203713634
47746	25.8689203713596
47754	25.8689203713588
47764	25.8689203713585
47772	25.8689203713551
47784	25.8689203713535
47822	25.8689203713525
47824	25.8689203713497
47836	25.8689203713437
47864	25.8689203713415
47886	25.8689203713407
47888	25.8689203713392
47900	25.8689203713343
47912	25.8689203713262
47934	25.8689203713262
47938	25.8689203713223
47964	25.8689203713216
47968	25.8689203713209
47972	25.8689203713097
47980	25.8689203713077
47990	25.8689203713014
48022	25.8689203713009
48028	25.8689203712998
48032	25.8689203712887
48070	25.8689203712876
48072	25.8689203712874
48078	25.868920371284
48094	25.8689203712744
48096	25.868920371274
48110	25.8689203712706
48120	25.8689203712641
48126	25.8689203712611
48140	25.8689203712591
48178	25.8689203712573
48196	25.8689203712535
48198	25.8689203712527
48206	25.8689203712513
48208	25.8689203712510
48214	25.8689203712487
48228	25.8689203712459
48230	25.8689203712415
48250	25.8689203712403
48270	25.8689203712372
48280	25.8689203712321
48284	25.8689203712291
48308	25.8689203712286
48312	25.8689203712269
48342	25.868920371225
48346	25.8689203712216
48366	25.8689203712178
48382	25.8689203712135
48388	25.8689203712125
48400	25.8689203712106
48412	25.8689203712094
48416	25.8689203712090
48444	25.8689203712089
48446	25.8689203712064
48450	25.8689203712034
48454	25.868920371202
48464	25.8689203712011
48476	25.8689203712002
48482	25.8689203711982
48500	25.8689203711957
48510	25.868920371195
48520	25.8689203711931
48540	25.868920371193
48542	25.8689203711921
48558	25.8689203711888
48560	25.8689203711871
48566	25.8689203711865
48578	25.8689203711864
48600	25.8689203711847
48606	25.8689203711835
48612	25.8689203711805
48632	25.8689203711793
48634	25.8689203711787
48636	25.8689203711787
48644	25.8689203711773
48662	25.8689203711758
48664	25.8689203711749
48668	25.8689203711732
48698	25.8689203711725
48720	25.8689203711706
48736	25.8689203711690
48738	25.8689203711684
48746	25.8689203711684
48750	25.8689203711676
48760	25.8689203711661
48774	25.868920371166
48778	25.8689203711652
48780	25.8689203711646
48796	25.8689203711642
48800	25.8689203711630
48824	25.8689203711628
48868	25.8689203711618
48882	25.8689203711606
48916	25.8689203711602
48924	25.8689203711600
48928	25.8689203711593
48938	25.8689203711590
48942	25.8689203711584
48992	25.8689203711573
49004	25.8689203711571
49008	25.8689203711569
49014	25.8689203711565
49022	25.8689203711549
49026	25.8689203711544
49040	25.8689203711543
49042	25.8689203711542
49052	25.8689203711536
49058	25.8689203711518
49084	25.8689203711514
49094	25.8689203711504
49096	25.86892037115
49106	25.8689203711499
49112	25.8689203711496
49120	25.8689203711494
49132	25.868920371149
49134	25.8689203711490
49136	25.8689203711475
49146	25.8689203711466
49154	25.8689203711464
49160	25.8689203711442
49170	25.8689203711428
49172	25.8689203711427
49184	25.8689203711410
49194	25.8689203711409
49204	25.8689203711390
49222	25.8689203711379
49244	25.8689203711377
49272	25.8689203711368
49282	25.8689203711363
49296	25.8689203711345
49298	25.8689203711341
49300	25.8689203711335
49318	25.8689203711331
49326	25.8689203711328
49342	25.8689203711325
49354	25.868920371131
49360	25.8689203711308
49362	25.8689203711284
49372	25.8689203711281
49376	25.8689203711253
49394	25.868920371124
49396	25.8689203711225
49402	25.8689203711212
49404	25.8689203711167
49428	25.8689203711154
49430	25.8689203711146
49432	25.8689203711096
49440	25.8689203711094
49444	25.8689203711072
49458	25.8689203711054
49474	25.8689203711043
49478	25.8689203711042
49480	25.8689203711033
49484	25.8689203711025
49496	25.8689203711008
49502	25.8689203711006
49504	25.8689203711002
49506	25.8689203710988
49518	25.8689203710973
49522	25.8689203710966
49548	25.8689203710952
49562	25.8689203710951
49574	25.8689203710944
49596	25.8689203710943
49606	25.8689203710932
49608	25.8689203710930
49620	25.8689203710926
49652	25.8689203710921
49680	25.8689203710917
49686	25.8689203710916
49694	25.8689203710888
49698	25.8689203710886
49720	25.8689203710883
49734	25.8689203710872
49746	25.8689203710863
49750	25.8689203710860
49766	25.868920371086
49768	25.8689203710858
49788	25.8689203710855
49792	25.8689203710849
49804	25.8689203710837
49808	25.8689203710836
49812	25.8689203710835
49826	25.8689203710829
49880	25.8689203710823
49890	25.8689203710817
49900	25.8689203710817
49902	25.8689203710808
49914	25.8689203710802
49928	25.8689203710793
49930	25.8689203710793
49936	25.8689203710792
49962	25.8689203710788
49966	25.8689203710783
49976	25.8689203710779
49980	25.8689203710759
49994	25.8689203710755
50006	25.8689203710754
50016	25.8689203710748
50020	25.8689203710747
50022	25.8689203710745
50032	25.8689203710736
50038	25.8689203710728
50052	25.8689203710720
50062	25.8689203710715
50080	25.8689203710709
50084	25.8689203710706
50102	25.8689203710698
50124	25.8689203710695
50132	25.8689203710684
50166	25.8689203710669
50182	25.8689203710661
50184	25.8689203710658
50224	25.8689203710657
50226	25.8689203710650
50228	25.8689203710644
50242	25.8689203710644
50248	25.8689203710635
50256	25.8689203710623
50282	25.8689203710622
50290	25.8689203710621
50298	25.8689203710615
50306	25.8689203710614
50316	25.8689203710614
50322	25.8689203710613
50324	25.8689203710607
50328	25.8689203710603
50334	25.8689203710583
50346	25.8689203710576
50356	25.8689203710562
50378	25.8689203710545
50394	25.8689203710538
50404	25.8689203710512
50412	25.8689203710499
50434	25.8689203710499
50440	25.8689203710493
50466	25.8689203710485
50490	25.8689203710481
50504	25.8689203710477
50518	25.8689203710467
50550	25.8689203710466
50554	25.8689203710463
50566	25.8689203710450
50576	25.8689203710449
50584	25.8689203710440
50588	25.8689203710438
50606	25.8689203710436
50608	25.8689203710433
50614	25.8689203710428
50644	25.8689203710427
50646	25.8689203710418
50652	25.8689203710417
50674	25.8689203710413
50684	25.8689203710412
50688	25.8689203710407
50696	25.8689203710395
50726	25.8689203710387
50746	25.8689203710387
50778	25.8689203710386
50784	25.8689203710383
50790	25.8689203710382
50798	25.8689203710378
50810	25.8689203710377
50828	25.8689203710373
50830	25.8689203710373
50848	25.8689203710371
50864	25.8689203710367
50878	25.8689203710367
50880	25.8689203710365
50882	25.8689203710363
50884	25.8689203710359
50912	25.8689203710358
50928	25.8689203710355
50952	25.8689203710353
50960	25.8689203710353
50966	25.8689203710351
50992	25.8689203710350
50994	25.8689203710348
50998	25.8689203710345
51010	25.8689203710345
51018	25.8689203710344
51022	25.8689203710343
51026	25.8689203710342
51038	25.8689203710341
51050	25.8689203710340
51060	25.8689203710338
51062	25.8689203710337
51068	25.8689203710335
51076	25.8689203710334
51088	25.8689203710333
51106	25.8689203710333
51118	25.8689203710333
51128	25.8689203710332
51146	25.8689203710331
51150	25.8689203710331
51156	25.8689203710331
51164	25.8689203710329
51168	25.8689203710328
51178	25.8689203710327
51190	25.8689203710326
51216	25.8689203710326
51220	25.8689203710323
51224	25.8689203710322
51238	25.8689203710322
51244	25.8689203710321
51248	25.868920371032
51254	25.8689203710319
51258	25.8689203710318
51260	25.8689203710318
51264	25.8689203710317
51266	25.8689203710315
51276	25.8689203710313
51282	25.8689203710308
51342	25.8689203710302
51344	25.8689203710298
51362	25.8689203710296
51368	25.8689203710291
51378	25.8689203710288
51394	25.8689203710286
51406	25.8689203710286
51418	25.8689203710280
51430	25.8689203710280
51438	25.8689203710277
51464	25.8689203710276
51468	25.8689203710272
51472	25.8689203710268
51480	25.8689203710263
51482	25.8689203710255
51510	25.8689203710251
51516	25.8689203710246
51554	25.8689203710241
51566	25.8689203710241
51576	25.8689203710237
51578	25.8689203710237
51584	25.8689203710233
51600	25.8689203710233
51626	25.8689203710229
51642	25.8689203710228
51654	25.8689203710223
51662	25.8689203710223
51666	25.8689203710220
51676	25.8689203710219
51678	25.8689203710212
51730	25.8689203710212
51756	25.8689203710209
51762	25.8689203710204
51766	25.8689203710203
51774	25.8689203710196
51780	25.8689203710189
51786	25.8689203710186
51796	25.8689203710181
51826	25.868920371018
51832	25.8689203710179
51840	25.8689203710179
51844	25.8689203710173
51888	25.868920371017
51896	25.8689203710170
51904	25.8689203710168
51912	25.8689203710166
51942	25.8689203710163
51964	25.8689203710162
51970	25.8689203710159
51984	25.8689203710156
51992	25.8689203710151
52012	25.868920371015
52016	25.8689203710148
52036	25.8689203710147
52050	25.8689203710145
52080	25.8689203710142
52084	25.8689203710139
52116	25.8689203710138
52138	25.8689203710138
52148	25.8689203710137
52150	25.8689203710137
52156	25.8689203710136
52160	25.8689203710136
52174	25.8689203710132
52198	25.8689203710132
52214	25.8689203710131
52220	25.8689203710131
52244	25.8689203710131
52246	25.8689203710129
52262	25.8689203710128
52274	25.8689203710128
52300	25.8689203710127
52306	25.8689203710127
52330	25.8689203710124
52348	25.8689203710122
52384	25.8689203710119
52408	25.8689203710118
52410	25.8689203710118
52412	25.8689203710117
52436	25.8689203710116
52452	25.8689203710114
52454	25.8689203710113
52480	25.8689203710112
52482	25.8689203710109
52512	25.8689203710108
52536	25.8689203710107
52538	25.8689203710105
52554	25.8689203710105
52556	25.8689203710104
52566	25.8689203710103
52568	25.8689203710103
52584	25.8689203710102
52586	25.8689203710101
52598	25.8689203710101
52614	25.8689203710101
52620	25.8689203710099
52632	25.8689203710098
52660	25.8689203710098
52674	25.8689203710097
52678	25.8689203710096
52684	25.8689203710096
52688	25.8689203710096
52696	25.8689203710095
52698	25.8689203710094
52704	25.8689203710093
52714	25.8689203710092
52748	25.8689203710092
52752	25.8689203710091
52754	25.8689203710089
52762	25.8689203710088
52782	25.8689203710085
52790	25.8689203710083
52806	25.8689203710081
52810	25.8689203710081
52840	25.8689203710081
52844	25.8689203710080
52846	25.8689203710078
52852	25.8689203710078
52856	25.8689203710076
52862	25.8689203710070
52884	25.868920371007
52902	25.8689203710069
52918	25.8689203710068
52922	25.8689203710064
52938	25.8689203710063
52954	25.8689203710063
52958	25.8689203710061
52962	25.8689203710059
52968	25.8689203710058
52974	25.8689203710056
52988	25.8689203710056
52990	25.8689203710054
52998	25.8689203710052
53030	25.8689203710051
53032	25.868920371005
53034	25.8689203710049
53036	25.8689203710049
53044	25.8689203710048
53090	25.8689203710046
53092	25.8689203710045
53106	25.8689203710045
53112	25.8689203710044
53134	25.8689203710044
53138	25.8689203710044
53142	25.8689203710043
53148	25.8689203710042
53162	25.8689203710042
53166	25.8689203710042
53172	25.8689203710042
53174	25.8689203710041
53208	25.8689203710041
53212	25.8689203710041
53218	25.868920371004
53220	25.8689203710039
53224	25.8689203710038
53234	25.8689203710038
53238	25.8689203710037
53268	25.8689203710035
53294	25.8689203710035
53296	25.8689203710035
53300	25.8689203710034
53302	25.8689203710033
53314	25.8689203710033
53316	25.8689203710032
53332	25.8689203710031
53340	25.8689203710031
53364	25.8689203710028
53386	25.8689203710028
53402	25.8689203710026
53414	25.8689203710024
53450	25.8689203710024
53474	25.8689203710022
53478	25.8689203710022
53484	25.8689203710021
53486	25.8689203710020
53498	25.868920371002
53512	25.8689203710019
53516	25.8689203710019
53526	25.8689203710018
53528	25.8689203710018
53532	25.8689203710018
53538	25.8689203710017
53552	25.8689203710016
53572	25.8689203710010
53586	25.8689203710010
53588	25.8689203710009
53598	25.8689203710009
53632	25.8689203710008
53634	25.8689203710003
53676	25.8689203710003
53678	25.8689203710001
53696	25.8689203709998
53710	25.8689203709998
53738	25.8689203709997
53740	25.8689203709995
53742	25.8689203709995
53750	25.8689203709992
53770	25.8689203709991
53794	25.8689203709989
53834	25.8689203709987
53840	25.8689203709985
53868	25.8689203709984
53880	25.8689203709984
53884	25.8689203709982
53898	25.8689203709982
53914	25.8689203709980
53916	25.8689203709977
53960	25.8689203709976
53972	25.8689203709974
53986	25.8689203709973
53996	25.8689203709973
54010	25.8689203709973
54014	25.8689203709972
54016	25.8689203709972
54020	25.8689203709971
54022	25.8689203709971
54042	25.868920370997
54046	25.8689203709969
54048	25.8689203709966
54056	25.8689203709966
54068	25.8689203709965
54076	25.8689203709964
54082	25.8689203709963
54086	25.8689203709961
54098	25.8689203709961
54102	25.8689203709958
54128	25.8689203709957
54154	25.8689203709956
54186	25.8689203709954
54210	25.8689203709954
54214	25.8689203709952
54220	25.8689203709949
54240	25.8689203709947
54244	25.8689203709947
54284	25.8689203709946
54292	25.8689203709944
54298	25.8689203709943
54300	25.8689203709943
54310	25.8689203709941
54312	25.8689203709939
54318	25.8689203709938
54338	25.8689203709937
54348	25.8689203709934
54368	25.8689203709932
54388	25.868920370993
54418	25.8689203709929
54426	25.8689203709929
54440	25.8689203709927
54472	25.8689203709926
54476	25.8689203709924
54492	25.8689203709924
54512	25.8689203709922
54528	25.8689203709921
54540	25.868920370992
54552	25.8689203709917
54590	25.8689203709915
54594	25.8689203709915
54596	25.8689203709913
54606	25.8689203709907
54636	25.8689203709906
54646	25.8689203709904
54666	25.8689203709904
54674	25.8689203709904
54676	25.8689203709901
54694	25.86892037099
54704	25.8689203709900
54712	25.8689203709898
54716	25.8689203709896
54724	25.8689203709891
54742	25.868920370989
54750	25.8689203709890
54764	25.8689203709885
54774	25.8689203709883
54776	25.8689203709882
54798	25.8689203709880
54806	25.8689203709879
54816	25.8689203709878
54836	25.8689203709876
54842	25.8689203709876
54850	25.8689203709874
54872	25.8689203709872
54880	25.8689203709871
54896	25.8689203709869
54912	25.8689203709868
54920	25.8689203709867
54924	25.8689203709866
54942	25.8689203709864
54952	25.8689203709863
54988	25.8689203709862
54994	25.8689203709861
55004	25.8689203709861
55012	25.868920370986
55064	25.868920370986
55072	25.8689203709859
55074	25.8689203709859
55082	25.8689203709858
55090	25.8689203709858
55102	25.8689203709857
55124	25.8689203709856
55130	25.8689203709856
55154	25.8689203709854
55192	25.8689203709853
55198	25.8689203709853
55222	25.8689203709852
55230	25.8689203709852
55264	25.8689203709852
55266	25.8689203709848
55274	25.8689203709848
55280	25.8689203709848
55284	25.8689203709847
55294	25.8689203709846
55322	25.8689203709846
55326	25.8689203709845
55342	25.8689203709844
55346	25.8689203709844
55356	25.8689203709841
55360	25.8689203709841
55372	25.868920370984
55374	25.868920370984
55386	25.8689203709839
55394	25.8689203709837
55412	25.8689203709836
55416	25.8689203709833
55420	25.8689203709831
55434	25.8689203709829
55442	25.8689203709827
55444	25.8689203709823
55448	25.8689203709817
55452	25.8689203709811
55464	25.8689203709811
55476	25.8689203709805
55508	25.8689203709801
55518	25.8689203709801
55526	25.8689203709799
55528	25.8689203709799
55534	25.8689203709798
55546	25.8689203709797
55548	25.8689203709794
55562	25.8689203709793
55574	25.8689203709792
55578	25.8689203709792
55596	25.8689203709792
55600	25.8689203709789
55602	25.8689203709788
55606	25.8689203709786
55614	25.8689203709785
55616	25.8689203709783
55618	25.8689203709783
55620	25.8689203709782
55624	25.8689203709782
55628	25.8689203709781
55644	25.8689203709778
55654	25.8689203709777
55662	25.8689203709772
55680	25.8689203709769
55694	25.8689203709769
55698	25.8689203709768
55718	25.8689203709768
55724	25.8689203709767
55730	25.8689203709767
55740	25.8689203709766
55742	25.8689203709765
55762	25.8689203709764
55766	25.8689203709763
55806	25.8689203709762
55816	25.8689203709759
55848	25.8689203709758
55850	25.8689203709758
55860	25.8689203709758
55866	25.8689203709757
55870	25.8689203709757
55896	25.8689203709755
55928	25.8689203709754
55940	25.8689203709753
55946	25.8689203709752
55960	25.8689203709752
55972	25.8689203709750
55978	25.8689203709749
55980	25.8689203709748
55982	25.8689203709748
55988	25.8689203709746
55990	25.8689203709745
56010	25.8689203709741
56026	25.868920370974
56064	25.8689203709739
56078	25.8689203709738
56094	25.8689203709737
56100	25.8689203709736
56118	25.8689203709735
56126	25.8689203709732
56164	25.8689203709732
56172	25.8689203709731
56186	25.8689203709731
56188	25.8689203709730
56194	25.8689203709730
56208	25.8689203709729
56226	25.8689203709729
56232	25.8689203709728
56238	25.8689203709727
56248	25.8689203709726
56258	25.8689203709726
56262	25.8689203709726
56276	25.8689203709726
56294	25.8689203709726
56306	25.8689203709725
56318	25.8689203709725
56320	25.8689203709725
56326	25.8689203709724
56356	25.8689203709723
56360	25.8689203709723
56374	25.8689203709723
56378	25.8689203709722
56402	25.8689203709722
56406	25.8689203709722
56410	25.8689203709722
56422	25.8689203709721
56430	25.8689203709721
56448	25.8689203709721
56452	25.8689203709720
56456	25.8689203709720
56466	25.868920370972
56470	25.868920370972
56472	25.8689203709719
56498	25.8689203709719
56514	25.8689203709719
56516	25.8689203709718
56544	25.8689203709718
56550	25.8689203709718
56586	25.8689203709718
56592	25.8689203709718
56612	25.8689203709718
56614	25.8689203709717
56622	25.8689203709717
56642	25.8689203709717
56650	25.8689203709716
56670	25.8689203709716
56680	25.8689203709716
56690	25.8689203709716
56702	25.8689203709716
56730	25.8689203709716
56750	25.8689203709715
56764	25.8689203709715
56794	25.8689203709715
56800	25.8689203709715
56810	25.8689203709715
56816	25.8689203709715
56834	25.8689203709714
56842	25.8689203709714
56870	25.8689203709714
56882	25.8689203709714
56904	25.8689203709714
56930	25.8689203709714
56938	25.8689203709714
56966	25.8689203709714
56968	25.8689203709714
56976	25.8689203709714
56978	25.8689203709714
57012	25.8689203709713
57028	25.8689203709713
57044	25.8689203709713
57048	25.8689203709713
57068	25.8689203709713
57100	25.8689203709713
57114	25.8689203709713
57152	25.8689203709713
57180	25.8689203709713
57206	25.8689203709712
57208	25.8689203709712
57238	25.8689203709712
57286	25.8689203709712
57290	25.8689203709712
57300	25.8689203709712
57312	25.8689203709712
57326	25.8689203709712
57332	25.8689203709712
57352	25.8689203709712
57366	25.8689203709712
57372	25.8689203709712
57382	25.8689203709712
57384	25.8689203709712
57392	25.8689203709711
57400	25.8689203709711
57410	25.8689203709711
57418	25.8689203709711
57438	25.8689203709711
57450	25.8689203709711
57454	25.8689203709711
57462	25.8689203709711
57474	25.8689203709711
57484	25.8689203709710
57488	25.868920370971
57530	25.868920370971
57586	25.868920370971
57604	25.868920370971
57630	25.868920370971
57634	25.8689203709710
57650	25.8689203709710
57670	25.8689203709710
57688	25.8689203709710
57698	25.8689203709710
57726	25.8689203709709
57732	25.8689203709709
57738	25.8689203709709
57788	25.8689203709709
57806	25.8689203709709
57808	25.8689203709709
57814	25.8689203709709
57826	25.8689203709709
57834	25.8689203709709
57846	25.8689203709709
57870	25.8689203709709
57872	25.8689203709709
57904	25.8689203709709
57908	25.8689203709709
57912	25.8689203709709
57918	25.8689203709708
57928	25.8689203709708
57942	25.8689203709708
57958	25.8689203709708
57966	25.8689203709708
57974	25.8689203709708
57988	25.8689203709708
57992	25.8689203709708
58012	25.8689203709708
58028	25.8689203709708
58040	25.8689203709707
58046	25.8689203709707
58068	25.8689203709707
58070	25.8689203709707
58090	25.8689203709707
58100	25.8689203709707
58102	25.8689203709707
58108	25.8689203709707
58120	25.8689203709707
58152	25.8689203709707
58182	25.8689203709706
58202	25.8689203709706
58204	25.8689203709706
58212	25.8689203709706
58226	25.8689203709706
58232	25.8689203709706
58284	25.8689203709706
58292	25.8689203709706
58296	25.8689203709706
58310	25.8689203709706
58330	25.8689203709706
58366	25.8689203709706
58370	25.8689203709705
58372	25.8689203709705
58380	25.8689203709705
58382	25.8689203709705
58406	25.8689203709705
58414	25.8689203709705
58428	25.8689203709705
58434	25.8689203709705
58436	25.8689203709704
58438	25.8689203709704
58456	25.8689203709704
58460	25.8689203709704
58462	25.8689203709704
58486	25.8689203709704
58510	25.8689203709704
58514	25.8689203709703
58550	25.8689203709703
58556	25.8689203709703
58576	25.8689203709703
58580	25.8689203709703
58584	25.8689203709703
58598	25.8689203709702
58622	25.8689203709702
58624	25.8689203709702
58660	25.8689203709702
58662	25.8689203709702
58670	25.8689203709702
58680	25.8689203709702
58702	25.8689203709702
58718	25.8689203709701
58732	25.8689203709701
58750	25.8689203709701
58766	25.8689203709701
58778	25.8689203709701
58786	25.8689203709700
58794	25.8689203709700
58804	25.86892037097
58810	25.86892037097
58812	25.86892037097
58816	25.8689203709700
58864	25.8689203709700
58866	25.8689203709699
58880	25.8689203709699
58882	25.8689203709699
58890	25.8689203709699
58902	25.8689203709699
58928	25.8689203709699
58944	25.8689203709698
58970	25.8689203709698
58980	25.8689203709697
58990	25.8689203709697
59004	25.8689203709697
59006	25.8689203709697
59014	25.8689203709696
59030	25.8689203709696
59036	25.8689203709696
59054	25.8689203709696
59062	25.8689203709695
59078	25.8689203709695
59094	25.8689203709695
59108	25.8689203709695
59142	25.8689203709695
59152	25.8689203709695
59170	25.8689203709694
59208	25.8689203709694
59210	25.8689203709694
59218	25.8689203709694
59228	25.8689203709694
59260	25.8689203709694
59298	25.8689203709694
59314	25.8689203709694
59324	25.8689203709694
59346	25.8689203709694
59372	25.8689203709694
59374	25.8689203709694
59404	25.8689203709693
59420	25.8689203709693
59432	25.8689203709693
59440	25.8689203709693
59442	25.8689203709693
59456	25.8689203709693
59462	25.8689203709692
59486	25.8689203709692
59496	25.8689203709692
59504	25.8689203709692
59522	25.8689203709692
59530	25.8689203709692
59532	25.8689203709692
59572	25.8689203709692
59586	25.8689203709691
59590	25.8689203709691
59604	25.8689203709691
59606	25.8689203709691
59624	25.8689203709691
59632	25.8689203709691
59676	25.8689203709691
59684	25.8689203709690
59700	25.8689203709690
59702	25.8689203709690
59732	25.868920370969
59736	25.868920370969
59744	25.868920370969
59746	25.8689203709690
59760	25.8689203709689
59790	25.8689203709689
59818	25.8689203709689
59826	25.8689203709689
59838	25.8689203709689
59846	25.8689203709689
59856	25.8689203709689
59894	25.8689203709689
59902	25.8689203709689
59904	25.8689203709689
59926	25.8689203709689
59970	25.8689203709689
59988	25.8689203709688
59990	25.8689203709688
60024	25.8689203709688
60038	25.8689203709688
60068	25.8689203709688
60078	25.8689203709688
60126	25.8689203709688
60172	25.8689203709688
60202	25.8689203709687
60212	25.8689203709687
60236	25.8689203709687
60288	25.8689203709687
60352	25.8689203709687
60376	25.8689203709687
60398	25.8689203709687
60436	25.8689203709687
60474	25.8689203709687
60502	25.8689203709687
60510	25.8689203709687
60532	25.8689203709687
60534	25.8689203709687
60618	25.8689203709687
60676	25.8689203709687
60680	25.8689203709687
60682	25.8689203709687
60758	25.8689203709687
60760	25.8689203709686
60774	25.8689203709686
60820	25.8689203709686
60826	25.8689203709686
60856	25.8689203709686
60868	25.8689203709686
60916	25.8689203709686
60940	25.8689203709686
61004	25.8689203709686
61062	25.8689203709686
61156	25.8689203709686
61176	25.8689203709686
61202	25.8689203709686
61296	25.8689203709686
61358	25.8689203709686
61398	25.8689203709686
61442	25.8689203709686
61474	25.8689203709686
61568	25.8689203709686
61710	25.8689203709685
61756	25.8689203709685
61876	25.8689203709685
61948	25.8689203709685
61980	25.8689203709685
62044	25.8689203709685
62484	25.8689203709685
63574	25.8689203709685
64318	25.8689203709685
64370	25.8689203709685
64390	25.8689203709685
64430	25.8689203709685
64566	25.8689203709685
64696	25.8689203709685
64792	25.8689203709685
65366	25.8689203709685
65414	25.8689203709685
65732	25.8689203709685
66158	25.8689203709685
66496	25.8689203709684
67090	25.8689203709684
67758	25.8689203709684
68126	25.8689203709684
68248	25.8689203709684
68314	25.8689203709684
68706	25.8689203709684
68736	25.8689203709684
68908	25.8689203709684
69110	25.8689203709684
70546	25.8689203709684
70568	25.8689203709684
70678	25.8689203709684
71502	25.8689203709684
72116	25.8689203709684
72164	25.8689203709684
72376	25.8689203709684
72458	25.8689203709684
72784	25.8689203709684
76378	25.8689203709684
77498	25.8689203709684
77898	25.8689203709684
78474	25.8689203709684
81938	25.8689203709683
88004	25.8689203709683
96812	25.8689203709683
288996	25.8689203709683
300000	25.8689203709683
