52	465.884492166462
54	436.226958042808
66	399.117273906499
112	329.110071568771
118	304.318269209708
262	285.321529347808
358	282.539484975449
488	280.916426179181
682	280.393459027785
688	261.667437230693
872	243.407728562935
1142	222.587469024327
2308	222.157407162341
3964	221.176129683829
4768	213.989251578175
4948	202.143289116692
11050	187.64542282996
11434	183.575343076258
11488	148.369313527191
12456	143.506545656652
12484	135.793598270712
12562	123.528058723054
12618	115.599947141441
12636	114.906445800606
12644	109.507582134818
12648	97.2433281946175
12668	94.8208676390731
12714	88.9506015662472
12754	87.9109978401286
12756	80.162314756612
12810	79.8472667299408
12812	79.820042696355
12820	78.777746937262
12830	78.0784725123957
12868	76.6814799837915
12874	76.2293409851579
12882	74.2504729019205
12906	73.1800084179207
12966	73.057159787609
12968	72.3119241741527
12984	71.5620100568805
13012	71.479110498726
13016	71.1265689927449
13022	70.9510553285384
13024	70.8029615707334
13028	70.7748903177254
13058	70.0426235711457
13072	69.9269857945373
13076	69.833867907796
13082	69.7598674690087
13108	69.093892928363
13126	68.3388653411135
13132	68.0512875504999
13138	66.8818266411568
13140	66.681916587227
13152	66.4542335618801
13182	65.4555231389307
13214	65.2030047359405
13216	65.181041104064
13218	64.740522809918
13242	64.6283083868954
13252	64.3294900836451
13300	63.8499438353372
13318	63.2074332580832
13346	62.9752294277473
13354	62.9224813324223
13378	62.5249473526866
13392	62.4186921258737
13394	61.9748541131614
13446	61.8207241878933
13472	61.7114825568578
13474	61.3543520586681
13510	61.0919498842259
13514	60.8617756731307
13526	60.762345437227
13528	60.4345375304511
13554	60.2763132341137
13556	60.1320588767058
13564	60.1099299427552
13572	60.024997399872
13576	59.6574293849293
13594	59.4547449942751
13616	59.4214191795958
13628	59.4054584102492
13642	59.176799133444
13644	59.0789853285782
13672	58.9454697153689
13682	58.8310464191331
13702	58.7544199317001
13710	58.5303690990604
13722	58.3747214700131
13732	58.1738896210546
13754	58.0422792422502
13762	58.0186300151673
13768	57.446628319518
13788	57.272999468963
13802	56.9023077699258
13814	56.809370081134
13824	56.6411237829424
13828	56.4585211730208
13844	56.2905396354447
13864	56.1531710639521
13868	55.8134021798942
13876	55.2908198923633
13880	55.2165045464135
13882	55.1679517895003
13884	54.8895744665443
13904	54.7091524701252
13936	54.5104822329128
13940	54.4452781422821
13944	54.1246249293448
13964	53.715908920622
13966	53.7042611659551
13978	53.6998121718108
13980	53.6763543542233
13986	53.3991236294284
13990	53.051385907948
13996	52.9453652110955
14018	52.5053126291976
14026	52.2495729465486
14042	51.9666015158792
14076	51.9586226807275
14078	51.6833308032801
14084	51.3760987408386
14120	51.1669032219093
14138	51.1656393082314
14156	51.0462881497937
14158	50.7857605384179
14168	50.7818037921337
14174	50.7583077507829
14192	50.5307239503585
14202	50.4652656365684
14220	50.213244584625
14238	50.1475874578516
14240	50.018357138316
14260	50.004029915628
14262	49.8049337460288
14268	49.7324077447850
14270	49.6350757788388
14272	49.4694364192938
14276	49.2910588153388
14296	49.0140514631074
14324	48.8944392013583
14332	48.5847942104982
14344	48.5644971755151
14356	48.3517896230731
14368	48.1902003016219
14380	47.9856268235318
14392	47.9846614758525
14400	47.9653402633129
14404	47.8754344650613
14420	47.5309598836692
14428	47.4634032774289
14462	47.4377716785654
14464	47.4055808812514
14466	47.3096511460059
14468	47.1682119638156
14542	47.162369353804
14548	47.1542722790467
14562	47.0305408401726
14570	46.9996006999003
14576	46.941868051
14580	46.9323713714067
14590	46.9243349974792
14594	46.9036112849411
14598	46.8212945747518
14610	46.7975433354636
14620	46.784535515418
14624	46.7774661087546
14626	46.2502172665994
14640	46.1784834945831
14680	46.0248364196961
14702	46.0090685995718
14704	45.9316925072541
14706	45.9284191633273
14720	45.9080228117813
14756	45.9047367255284
14758	45.8655515567909
14774	45.8401832357812
14810	45.8321365432496
14816	45.8274724264464
14828	45.7843586695234
14864	45.7601081200332
14884	45.7471982448147
14902	45.7168499889159
14908	45.7050283754823
14918	45.6994379331638
14920	45.6891773139086
14940	45.6813015667265
14942	45.6476659845665
14950	45.6170316807316
14952	45.5782277531749
14968	45.5574632958459
14978	45.5567526227291
14992	45.5291624274938
15014	45.5268276246261
15016	45.4995228965299
15042	45.4906807600248
15050	45.4775285188879
15060	45.4754354127957
15078	45.4687182127262
15080	45.4272445788577
15110	45.3905632165714
15132	45.3873870551401
15134	45.3832010741438
15138	45.3801320679863
15144	45.3753314042384
15148	45.3407578230081
15154	45.3022666146171
15174	45.3017659769464
15184	45.2667796023632
15194	45.2649044227601
15202	45.2457687167755
15204	45.2418125092964
15206	45.2399807230146
15212	45.2310467717579
15220	45.2239572393728
15232	45.2111605021297
15252	45.2005870912054
15278	45.199932212092
15282	45.1972291815765
15284	45.1617915344820
15326	45.1502189902592
15360	45.145349548501
15362	45.1380711071933
15364	45.1354807896941
15384	45.1330977881255
15396	45.1232307965951
15406	45.1162578320084
15432	45.112018892894
15434	45.1116345559941
15442	45.1025104576713
15450	45.093575061588
15468	45.0833774229573
15478	45.0817761427009
15508	45.0773347699044
15516	45.0713126905283
15534	45.0667117221248
15548	45.0626832335239
15584	45.0607566474598
15590	45.0461214244996
15606	45.0383175324176
15614	45.0359915374928
15632	45.0287293793755
15636	45.0193876383584
15638	45.0035568901868
15644	45.0024625546924
15656	45.0015801274284
15660	44.9988853265280
15662	44.9952514282018
15668	44.9787317395112
15672	44.9772242282611
15676	44.9620068614918
15678	44.9535929839316
15696	44.9471250158320
15712	44.9363260335492
15718	44.9321208211622
15752	44.9278651966412
15754	44.9215347870800
15764	44.9181501782329
15766	44.9143036058496
15772	44.9123250267907
15778	44.9068976870659
15800	44.9040752027684
15814	44.8985577314714
15824	44.8896289373346
15850	44.8768566099959
15868	44.8711642356644
15898	44.86575711493
15922	44.8628991848351
15942	44.8600775697056
15962	44.8563167753856
15966	44.853729329548
15970	44.8459103604664
15976	44.8395601900668
15990	44.8388663223911
15996	44.8352069052669
16010	44.830349694477
16020	44.8297788319607
16044	44.8279292971661
16046	44.8133010878676
16056	44.8128883374495
16060	44.8120444187587
16072	44.8086496679266
16084	44.8050970649545
16096	44.7991706882464
16100	44.7974856667002
16108	44.7959558564412
16110	44.7928078375454
16114	44.7850809085476
16116	44.7788279244108
16130	44.7577680111205
16152	44.7456219103947
16166	44.7291659064853
16196	44.7212563125724
16210	44.7083051521799
16230	44.7051658738968
16236	44.6994880238657
16244	44.6981315300566
16250	44.6948832737848
16256	44.6820210204242
16284	44.6798354285602
16290	44.6684375105955
16322	44.6612634149461
16340	44.6462813491223
16342	44.6403266857939
16362	44.6391027291177
16364	44.6290695200712
16398	44.6287147709535
16406	44.6177909315870
16418	44.6101969368224
16424	44.6094744578931
16440	44.5992945136385
16464	44.5924917859321
16466	44.5831763447456
16488	44.5781598350679
16500	44.5720164369279
16510	44.570640282623
16514	44.5651544409702
16530	44.5643639193319
16532	44.5526102236893
16564	44.5523354954815
16566	44.5407699641912
16572	44.5306436521379
16590	44.5282043464491
16598	44.5231933691757
16600	44.5094587681447
16620	44.5055911806202
16626	44.5024316185249
16630	44.4885113486633
16642	44.4846800653784
16648	44.4836566613375
16658	44.4719679767397
16664	44.4654959773098
16684	44.4549820327957
16700	44.4539343000238
16712	44.4437890955013
16730	44.4436461241578
16748	44.4398072482141
16752	44.4378435952589
16756	44.4311129658895
16764	44.4234038785376
16768	44.4162080010246
16784	44.4156171468042
16788	44.4135563566831
16792	44.4104412672114
16800	44.4001289652647
16814	44.3955604529124
16828	44.3872511374365
16838	44.3836575771397
16848	44.3822617707034
16880	44.3796764038166
16906	44.3736438216236
16926	44.3702489664951
16932	44.3678935120809
16950	44.3639094294382
16956	44.3576070400599
16994	44.3560125178352
17000	44.3559115250671
17004	44.3451303664832
17026	44.3389159035026
17048	44.3360739511982
17050	44.3348850578662
17064	44.3345148265542
17078	44.3317482125734
17086	44.3293983001548
17128	44.3292775590818
17140	44.3252131015852
17160	44.3216315538921
17188	44.3156815494814
17196	44.3149345404731
17204	44.3090472871421
17216	44.3046169939071
17224	44.3000368132825
17234	44.2999088319287
17240	44.2974529050833
17242	44.2933133556676
17246	44.2914108732863
17254	44.2887630322702
17260	44.2856184643869
17262	44.2848276527110
17284	44.2817024212437
17314	44.280600335739
17324	44.2795337258812
17342	44.2780575229116
17354	44.2770705303465
17360	44.2715157638398
17374	44.2711934096429
17382	44.267513034564
17412	44.2552475431484
17422	44.251406871557
17428	44.2439608240828
17438	44.2437327547541
17464	44.2427894445533
17466	44.2423429381447
17470	44.2372300718464
17486	44.2372212771836
17490	44.2350905522618
17492	44.235012844743
17494	44.2340316191167
17500	44.2322003970023
17508	44.2299808020816
17510	44.2280408680128
17520	44.2201072005023
17536	44.2089936873054
17538	44.202109002151
17558	44.2014224213739
17574	44.1907166953775
17578	44.1897146163270
17582	44.1874721392369
17602	44.1861201705729
17610	44.183800817462
17618	44.1784278758289
17622	44.1653703197329
17630	44.1596015697196
17634	44.1508130181555
17640	44.1310366611039
17682	44.1252951345196
17730	44.1221560133396
17736	44.1218699497757
17740	44.1198428198059
17750	44.1179845856041
17760	44.1151663205999
17772	44.1130090808328
17776	44.1092426948062
17778	44.1091531652033
17780	44.1059723207264
17790	44.1031103238957
17792	44.0993168804150
17828	44.098950987805
17838	44.0988270535105
17842	44.0981860649164
17850	44.097192486862
17854	44.0971765657646
17866	44.091081141376
17878	44.0905238064331
17880	44.0893692541128
17890	44.0889021880559
17896	44.0858695358398
17912	44.0858101355593
17920	44.0843334820735
17924	44.0828494471143
17952	44.0778208206937
17958	44.0728556298395
17988	44.0690588076403
18000	44.0683127818107
18006	44.065128687069
18024	44.0603967313337
18026	44.0544041345623
18040	44.0517727263402
18090	44.0498354680329
18096	44.0486709347962
18114	44.0477608617647
18126	44.0466028359934
18130	44.0421267502374
18152	44.03494179274
18182	44.0342378114549
18212	44.0336724475406
18216	44.0241394990081
18218	44.0151897509971
18260	44.0138454368249
18266	44.0095149870226
18280	44.0077350754703
18284	44.0061568179579
18288	44.0016245408886
18292	43.9958181972245
18320	43.9939424733232
18322	43.9925945073835
18324	43.9920872754541
18334	43.9898853885127
18350	43.9885625575495
18354	43.98610326303
18370	43.9787022676782
18406	43.9760027121166
18408	43.9710166916472
18412	43.9682806982492
18426	43.9643037238160
18446	43.9631465312638
18448	43.9586118575513
18474	43.9581432994181
18480	43.9571304872452
18484	43.9560916135992
18488	43.9550187812906
18502	43.9493716653639
18530	43.9471885733637
18532	43.9448948968017
18546	43.9448903541528
18548	43.9437244776347
18550	43.9346569791349
18600	43.9340909630187
18604	43.9337740287263
18608	43.9319578384371
18620	43.930175609633
18626	43.9278679303429
18638	43.9277668497161
18642	43.9277383966958
18646	43.9265586220292
18654	43.9261624716899
18660	43.9234968181143
18670	43.9228071800097
18676	43.9222226265512
18698	43.9207425026845
18704	43.9182477151869
18716	43.9178722712958
18732	43.9158297006587
18736	43.9155319161148
18752	43.9154346279012
18754	43.9129004669608
18772	43.9127096286765
18796	43.9114810425777
18804	43.9097009026821
18820	43.9095206791329
18822	43.9047778936294
18828	43.9042808051394
18838	43.9031835523208
18846	43.901625775341
18854	43.898639757888
18890	43.8983513323414
18894	43.8976850789401
18898	43.8976044094309
18904	43.8960540487973
18920	43.8917146598532
18978	43.8912344987796
18980	43.8878633702616
18994	43.8873817925768
19006	43.8868107232487
19010	43.885322770944
19020	43.8826182470841
19036	43.8791862553543
19050	43.8770464412301
19056	43.8765833923805
19062	43.8738038000257
19068	43.8718062572661
19084	43.8701344343888
19108	43.8700888069474
19130	43.8700730760548
19136	43.8669430705957
19158	43.8644444903792
19168	43.8641303870914
19180	43.8630349493033
19184	43.8619821563673
19196	43.8595842769409
19198	43.8588837468152
19234	43.8584365258562
19258	43.8574020711663
19262	43.8573573194562
19280	43.8567574012411
19284	43.8563789022336
19290	43.855255401283
19296	43.8531800668352
19326	43.8524633745072
19330	43.8510515162968
19340	43.8507742428323
19352	43.8503199280857
19356	43.8498614995167
19358	43.849637585118
19360	43.848921910753
19368	43.8487910228657
19390	43.8487481877432
19400	43.8486941625757
19406	43.8483573768734
19408	43.8483174624421
19410	43.847958494296
19414	43.8464228107868
19436	43.8462808515973
19440	43.8459974319726
19462	43.8454220336763
19478	43.8447537092097
19490	43.8437926296594
19516	43.8423148245225
19550	43.841500542762
19552	43.841344836543
19558	43.8410605701387
19562	43.8400590358692
19566	43.8399755843708
19572	43.8393077944259
19582	43.83811091642
19594	43.8379978925235
19596	43.8362761657212
19614	43.8355385971443
19620	43.8327096637636
19646	43.8319281632792
19648	43.8307013227307
19662	43.8301761333523
19678	43.8299728219447
19698	43.829538556103
19708	43.828932198623
19712	43.8288823172214
19728	43.8288804713218
19736	43.8288110061937
19754	43.8286854496875
19760	43.8267178256138
19776	43.82619986752
19778	43.8261711780597
19786	43.826032489332
19792	43.825268431141
19814	43.8236700924512
19842	43.8233647425846
19844	43.8223743573451
19854	43.8220490167051
19864	43.8204745829222
19868	43.8199082949744
19878	43.8189826817055
19900	43.8174240570333
19906	43.8156338642739
19924	43.8146887527374
19932	43.8136092438967
19936	43.8134288532805
19946	43.8129793808063
19968	43.8128029194607
19982	43.8118748290492
19984	43.8117680111298
20000	43.8116730847895
20006	43.8112916450079
20012	43.8095384124624
20040	43.8093448936341
20050	43.8078491907965
20054	43.8075594512217
20062	43.8072260106289
20118	43.8062455948367
20126	43.8062210595658
20136	43.8056820054865
20148	43.804892146111
20178	43.8046251066789
20202	43.8038621528203
20212	43.8037930580891
20236	43.8034783499543
20246	43.8026730083987
20276	43.8026519796706
20288	43.8025859492676
20292	43.8025230040266
20304	43.8021806116628
20308	43.801936913914
20316	43.8018339283404
20320	43.801796252636
20344	43.8014153956877
20360	43.8013294860424
20362	43.8011443520055
20378	43.80111927556
20382	43.8009835683887
20398	43.8009128070857
20400	43.8008954803421
20406	43.8007317241025
20412	43.8001951019196
20430	43.7994384678586
20456	43.7993633282509
20462	43.7989176023842
20466	43.7987329002793
20472	43.7985681681174
20476	43.7985154720381
20478	43.7982330657978
20500	43.7976441158042
20516	43.7972922083232
20528	43.7970738620341
20534	43.7970367250771
20542	43.7963992717386
20544	43.7962412410313
20552	43.7962089273620
20568	43.796113013068
20572	43.7961063292254
20586	43.7958003576805
20588	43.7952102987515
20610	43.7949655099958
20618	43.7949503581328
20630	43.7949368084938
20636	43.7949269245489
20648	43.7942502581969
20672	43.7941716583001
20678	43.7940408363569
20680	43.7938601417796
20704	43.7937033157781
20712	43.7936945570765
20718	43.7934903845773
20736	43.7934200771555
20748	43.7933676968261
20778	43.7933102723255
20790	43.7932940832510
20798	43.7932584149310
20802	43.7932338454736
20806	43.7929368533472
20824	43.7927957216854
20828	43.7926446235386
20842	43.7925453677986
20850	43.7924428401183
20852	43.7923341841229
20858	43.7919524733835
20884	43.7919358247642
20894	43.7918100626444
20904	43.7917907247195
20916	43.7917311437467
20920	43.7916464945256
20928	43.7916141859058
20932	43.7915446766814
20938	43.7914674695621
20956	43.7912858971418
20968	43.7911890853364
20996	43.7911225773221
21016	43.7911064428824
21034	43.7910883437337
21038	43.7910639363016
21044	43.7909848589751
21052	43.7909549211955
21058	43.7908724622905
21070	43.7907189407185
21072	43.7906562788147
21084	43.7905381531144
21106	43.7904875673158
21108	43.7904220779427
21112	43.7903936302036
21136	43.790287810555
21160	43.7900846936563
21204	43.7900144574809
21218	43.7900080988004
21220	43.789875327431
21226	43.7897356121282
21240	43.7896087771742
21244	43.7896051577727
21256	43.7895174465082
21264	43.7891751522905
21272	43.7891070835149
21278	43.7890607668512
21296	43.7889737802254
21328	43.788792809407
21334	43.7887240169166
21336	43.7884997633653
21376	43.7884727306975
21378	43.7883103052526
21382	43.7880807655788
21394	43.7878972347455
21402	43.7878946140749
21406	43.7876285813717
21422	43.7875852051807
21432	43.7874442244679
21446	43.7870097450882
21498	43.786983035634
21502	43.7868907368307
21508	43.7867752659778
21548	43.7866150941701
21576	43.7863738453105
21600	43.7863184338958
21612	43.7862821982241
21624	43.7862162257322
21636	43.7861843932114
21650	43.7859855047416
21712	43.7859730818326
21720	43.785877250364
21734	43.7857767778918
21756	43.7857442020162
21758	43.7856336899278
21770	43.785624912496
21772	43.7855951202275
21780	43.7855800757893
21798	43.7854621631069
21800	43.7853941046954
21802	43.785321829331
21818	43.7852754126412
21820	43.7852564818337
21832	43.7852467911911
21840	43.7851688841404
21852	43.7849622652197
21858	43.7849387212064
21876	43.7849278271294
21908	43.7847976347552
21928	43.7847877800284
21934	43.7847593264459
21936	43.7847338508394
21944	43.7846883846772
21954	43.7846558343458
21958	43.7845438971294
21978	43.7845278089976
21980	43.7844383346135
21986	43.7844278574448
21988	43.7844085779332
21994	43.7843768605284
22006	43.7843231220150
22012	43.78427905338
22014	43.784248342291
22034	43.7841666265520
22050	43.7841445491875
22054	43.7840789694673
22068	43.7840466728122
22084	43.7840397594239
22090	43.7839308686786
22092	43.7839272907398
22098	43.7838322494048
22112	43.783779834022
22152	43.783771330232
22162	43.783703925084
22168	43.7836389107726
22184	43.7836039025575
22188	43.7835759735840
22192	43.7835454082195
22208	43.7835447586033
22210	43.7835377713899
22222	43.7834588961878
22232	43.7833949108935
22234	43.7833500783335
22250	43.7833046165079
22266	43.7832336032788
22268	43.7831678410160
22284	43.7831426564638
22296	43.7831183440837
22298	43.7830564145526
22326	43.7830454565617
22328	43.7830355373609
22336	43.7830289645201
22356	43.7830085068823
22364	43.782828710751
22378	43.7828257706514
22390	43.7828177801766
22392	43.7827552093633
22394	43.7825783172803
22428	43.7825668703517
22446	43.7825612063496
22460	43.7825337269416
22466	43.7825135643815
22496	43.7825107412938
22498	43.7824909899108
22522	43.7824500529519
22526	43.7824410959995
22542	43.7824290456063
22552	43.7824087376369
22582	43.7823170952911
22590	43.7822878578093
22634	43.7822646475026
22644	43.7822597765984
22646	43.7822513342226
22660	43.7822336544615
22662	43.7822255639527
22668	43.782201633124
22670	43.7821810599047
22690	43.7821691197396
22702	43.7821261033108
22704	43.7821147575104
22720	43.7820726421236
22732	43.782061112506
22740	43.7820081384422
22742	43.7819947367819
22754	43.7819160994416
22774	43.7818995658265
22794	43.7818935624797
22802	43.7817970518986
22816	43.7817865797004
22818	43.7817802510016
22824	43.7817464744295
22826	43.7817192232054
22854	43.7816906031363
22858	43.7816534824048
22860	43.7815979547761
22882	43.7815427646286
22934	43.7815268275544
22938	43.7814912972956
22954	43.781450705632
22956	43.7814327322799
22966	43.7813959009025
22978	43.7812906051183
22984	43.7812519788345
23016	43.7812357472117
23028	43.781175022676
23036	43.7811724167495
23038	43.7811629359388
23042	43.78112336214
23054	43.781075968424
23060	43.7810602739108
23066	43.7810534068072
23080	43.7809648180501
23086	43.7809547410292
23100	43.7808785426637
23102	43.7808090164665
23122	43.7807579675448
23154	43.7806840072583
23160	43.7806804759022
23170	43.7806001359434
23192	43.7805574858881
23200	43.7804819474763
23220	43.7804135677618
23226	43.7804101805424
23238	43.7803818991396
23248	43.7803754368653
23252	43.7803406568863
23258	43.7803289090653
23274	43.7803049565238
23292	43.780302783996
23294	43.780282852829
23298	43.7802642344253
23310	43.7802621315214
23314	43.7802531730632
23328	43.7802043405308
23342	43.780151514527
23346	43.7801314482261
23356	43.780129529888
23358	43.7801265619737
23360	43.7801033523472
23370	43.7800391802652
23380	43.7800022183828
23388	43.7799579189987
23404	43.7799153115658
23420	43.7798730497884
23432	43.7798598706572
23438	43.7797919716984
23442	43.7797735775949
23472	43.779696058838
23496	43.7796698610053
23498	43.7796448552095
23502	43.7796434810606
23508	43.779620326369
23524	43.779618757955
23548	43.7796008722534
23550	43.7795707394154
23566	43.7795348480172
23602	43.7794909741845
23616	43.7794887937382
23620	43.7794585698519
23622	43.779369862025
23632	43.7793488166714
23676	43.7793215186801
23684	43.7792783327161
23690	43.7791892466071
23726	43.7791595983323
23750	43.7790989135633
23802	43.7790848552298
23814	43.7790821399867
23816	43.779076668508
23818	43.7790659512664
23824	43.7790381633945
23856	43.7790278133275
23862	43.7790252375663
23866	43.77902080138
23874	43.7789840584076
23876	43.7789652973347
23878	43.7789498386463
23904	43.7789313409722
23918	43.7789288393029
23924	43.7789032917253
23930	43.7788898166144
23944	43.7788695828211
23988	43.7788644704355
23998	43.77886249739
24002	43.7788536446498
24004	43.7788504754232
24012	43.7788410020125
24024	43.7788363182231
24036	43.778834939507
24050	43.7788238969787
24052	43.7788226847243
24060	43.7788040209335
24074	43.7787902458886
24076	43.7787881515519
24084	43.7787840811673
24094	43.7787726385629
24126	43.7787562123985
24138	43.7787386295244
24160	43.7787301487613
24168	43.7787200366575
24190	43.7787154665284
24200	43.7787094922867
24214	43.7787091496610
24220	43.778696279938
24260	43.7786903167565
24266	43.7786892339995
24268	43.778684655658
24276	43.77868311163
24280	43.7786774662082
24294	43.7786711113929
24298	43.7786581358076
24312	43.7786523680982
24328	43.7786431041166
24344	43.7786403114426
24346	43.7786394599821
24368	43.7786388910558
24372	43.7786355037986
24396	43.7786339601757
24404	43.77863161128
24410	43.7786303054077
24422	43.7786258826088
24428	43.7786210461126
24432	43.7786146166429
24454	43.7786128071915
24460	43.7785970363851
24490	43.778593549224
24496	43.7785814455971
24530	43.7785794665652
24534	43.7785726575773
24566	43.7785709917041
24568	43.7785685516185
24598	43.7785666514728
24600	43.7785649545177
24622	43.7785636845971
24632	43.7785587694264
24646	43.7785584967071
24652	43.7785532040451
24682	43.7785481363434
24690	43.7785474268961
24710	43.7785471657763
24726	43.7785470165595
24728	43.778544443226
24736	43.7785430368701
24742	43.7785429000998
24746	43.7785424469078
24748	43.7785421595314
24752	43.7785369896307
24768	43.7785343614277
24782	43.7785312157804
24810	43.7785299857912
24822	43.7785289046322
24824	43.7785277316264
24840	43.7785235920294
24852	43.7785198500418
24854	43.7785177776665
24856	43.7785112849626
24858	43.7785080543988
24862	43.7785068969627
24864	43.7785041528664
24878	43.7785026343803
24884	43.7784970337247
24896	43.7784900578583
24912	43.7784847757614
24914	43.7784835430242
24958	43.7784740194653
24964	43.7784727362719
24966	43.7784690676233
24992	43.778467805113
24996	43.7784665625106
25010	43.7784660774867
25034	43.778463973828
25038	43.7784632698931
25040	43.7784626122267
25064	43.7784604919126
25080	43.7784592746164
25082	43.7784549813792
25088	43.778450741186
25094	43.7784484166358
25106	43.7784480330599
25118	43.7784445045235
25136	43.7784440272628
25138	43.7784395129623
25144	43.7784392781932
25152	43.7784379661187
25164	43.7784368627663
25180	43.7784362202396
25182	43.7784333739607
25214	43.7784323725922
25218	43.7784269320944
25226	43.7784248988881
25248	43.7784233187641
25266	43.7784224645754
25286	43.77842059263
25304	43.7784196149222
25310	43.7784190812907
25324	43.7784163005028
25332	43.7784159593995
25334	43.7784132735041
25346	43.7784100631478
25348	43.7784076489733
25358	43.7783994335185
25394	43.7783992937618
25410	43.7783989531002
25422	43.7783983184472
25430	43.7783917854341
25460	43.778389796996
25466	43.7783890451192
25474	43.7783832808492
25488	43.7783828623069
25502	43.7783806203653
25524	43.7783794898283
25536	43.7783789837525
25538	43.7783787099603
25540	43.7783779209319
25552	43.7783728968037
25590	43.7783712361604
25618	43.7783710191041
25624	43.7783689693894
25638	43.7783663398846
25642	43.7783663359059
25646	43.7783660824763
25650	43.7783659990003
25658	43.7783650107101
25666	43.7783642755498
25668	43.7783562803740
25684	43.7783495231447
25702	43.7783479154305
25704	43.7783432892473
25758	43.7783426130305
25776	43.7783416928099
25788	43.7783407062212
25824	43.7783401842045
25840	43.7783395475206
25852	43.7783383875618
25860	43.7783373787324
25874	43.7783362892059
25878	43.7783362489612
25894	43.7783336138369
25906	43.7783319859928
25922	43.7783306318672
25946	43.7783295734315
25952	43.778328561176
25978	43.7783262908366
26002	43.7783256178529
26006	43.7783253995487
26012	43.7783226554558
26014	43.7783213060696
26034	43.7783209105868
26038	43.7783180945649
26044	43.7783167626692
26050	43.7783133378731
26062	43.7783053646248
26102	43.7782978788495
26108	43.7782950626805
26124	43.7782946932478
26126	43.7782919835533
26142	43.7782908538209
26146	43.778290675138
26152	43.7782866442109
26154	43.778286537638
26188	43.7782860682553
26192	43.7782842044368
26208	43.7782835646347
26216	43.7782810832373
26260	43.7782771611039
26270	43.7782749406653
26292	43.7782741373119
26294	43.7782724468457
26306	43.7782724293281
26310	43.7782713439302
26318	43.7782681732073
26342	43.7782639519559
26344	43.7782633509439
26346	43.7782610646214
26352	43.7782569040955
26362	43.778255833297
26372	43.7782496653367
26374	43.7782466510109
26378	43.7782438748069
26400	43.7782355458175
26428	43.7782309816255
26442	43.7782300152485
26462	43.7782293040926
26464	43.7782245265111
26484	43.7782199579432
26504	43.7782177034186
26514	43.7782139105895
26562	43.7782126247697
26564	43.7782114445704
26594	43.7782093597846
26598	43.7782082764838
26606	43.7782074343478
26616	43.778206104693
26622	43.7782046399042
26624	43.7782024698184
26640	43.7782004960491
26654	43.7781990118861
26662	43.7781963321874
26664	43.7781929999784
26686	43.778191065208
26696	43.7781863325015
26712	43.7781846931534
26744	43.7781841703908
26746	43.7781837170905
26758	43.7781817866024
26768	43.7781803347257
26784	43.7781799448294
26788	43.7781752413528
26810	43.7781745099613
26832	43.7781740093681
26842	43.7781738675565
26854	43.7781734909096
26858	43.7781729782796
26870	43.7781711628131
26892	43.7781710629461
26906	43.778170934515
26914	43.7781707775472
26920	43.7781705162379
26934	43.7781702483782
26958	43.7781698850797
26966	43.7781696743835
26970	43.778168954789
26974	43.7781687023415
26978	43.7781684487063
26996	43.7781681441461
27018	43.778168093597
27024	43.7781680018042
27036	43.7781678924545
27040	43.778167385948
27048	43.7781672181105
27058	43.7781669732341
27066	43.7781669529810
27072	43.7781664035685
27078	43.7781659378454
27112	43.778165446268
27130	43.7781646092291
27196	43.7781641259389
27218	43.7781640409266
27220	43.778163977718
27224	43.7781639155828
27226	43.7781639152703
27236	43.7781638185701
27240	43.7781636312667
27252	43.7781636025609
27270	43.7781635069981
27292	43.7781633511081
27296	43.7781630650929
27302	43.7781629603048
27308	43.77816292532
27316	43.778162886115
27320	43.7781628671347
27322	43.7781625371245
27330	43.7781619772155
27354	43.7781618213902
27364	43.7781615306972
27380	43.7781614548708
27390	43.7781612792517
27402	43.7781610922734
27408	43.7781606414907
27428	43.7781605499443
27430	43.7781603079894
27444	43.7781602090919
27446	43.7781599632263
27478	43.7781599556785
27490	43.7781599184205
27500	43.7781597356559
27504	43.7781596672507
27508	43.7781595138472
27524	43.7781595066464
27526	43.7781592805823
27528	43.7781592075632
27530	43.7781590903941
27552	43.778158843233
27556	43.7781586670065
27558	43.7781586439421
27564	43.7781585467901
27570	43.7781582014114
27576	43.7781580536561
27604	43.7781577022664
27628	43.7781573265939
27660	43.7781564468327
27680	43.7781561327966
27700	43.7781551083843
27720	43.7781550268266
27722	43.778154970604
27730	43.7781548038216
27732	43.7781547775078
27734	43.7781542899159
27740	43.7781542282751
27744	43.7781534102454
27750	43.7781526865195
27764	43.7781524481278
27804	43.7781520462617
27806	43.7781520327329
27826	43.7781516222330
27852	43.7781515854123
27868	43.778151381313
27882	43.7781508861261
27902	43.7781505898944
27922	43.7781503587811
27928	43.7781498388796
27938	43.7781498259426
27950	43.7781495270639
27958	43.7781492930002
27972	43.7781487725105
27990	43.7781487003399
27996	43.7781486795311
27998	43.7781482742506
28002	43.7781471878984
28014	43.7781470929404
28028	43.7781464802783
28044	43.7781464051652
28082	43.7781460083455
28092	43.7781458431238
28108	43.7781457310922
28126	43.7781454939708
28154	43.7781452872388
28192	43.778145085145
28206	43.7781450423346
28208	43.7781448757971
28250	43.7781448395436
28266	43.7781445793869
28280	43.7781444604041
28292	43.7781444550731
28320	43.7781444450564
28340	43.7781443898699
28346	43.7781443517198
28348	43.7781441469491
28358	43.7781440435958
28366	43.7781438760614
28386	43.7781438013474
28396	43.7781436927885
28404	43.7781436370163
28412	43.7781435593387
28430	43.7781435475362
28434	43.7781435422596
28438	43.7781433398999
28494	43.7781428341767
28496	43.7781427370293
28508	43.7781425839345
28518	43.7781425232724
28524	43.7781424724899
28530	43.7781421998687
28534	43.7781421010996
28550	43.7781419391773
28580	43.7781418864155
28584	43.7781417379785
28600	43.7781414326721
28616	43.7781413184758
28656	43.7781412703647
28672	43.7781412666118
28678	43.7781412028087
28682	43.7781411649861
28704	43.7781411031575
28716	43.7781410445066
28728	43.7781409465996
28748	43.7781407982918
28758	43.7781406722698
28770	43.7781406599519
28780	43.7781406427406
28782	43.7781406183375
28784	43.7781405018325
28818	43.7781404247716
28824	43.7781403873323
28842	43.7781403574994
28852	43.7781402804277
28866	43.7781402518698
28876	43.7781402265760
28880	43.7781401411254
28884	43.7781400492603
28904	43.7781399901733
28908	43.7781399897046
28912	43.7781398158114
28920	43.7781397513326
28928	43.7781396533251
28944	43.7781396359003
28946	43.7781395472308
28976	43.7781395419691
28978	43.7781394714626
28982	43.7781393682573
29004	43.7781393531809
29006	43.7781393239814
29016	43.7781392979286
29020	43.7781391813311
29032	43.7781390284137
29060	43.7781388195182
29066	43.7781386651612
29070	43.7781385625401
29082	43.7781385527988
29090	43.7781384866026
29104	43.7781384686112
29114	43.7781383994432
29138	43.7781383522587
29140	43.7781383248853
29192	43.7781381837057
29202	43.7781381253092
29220	43.778138063923
29226	43.7781378411898
29234	43.7781377626644
29248	43.7781377428409
29256	43.7781377218850
29258	43.7781375847196
29262	43.778137542723
29282	43.7781375160075
29302	43.7781374681948
29306	43.7781374002214
29346	43.7781373873055
29352	43.7781373743083
29366	43.7781372659261
29394	43.7781372472502
29410	43.7781371484433
29414	43.7781370656215
29436	43.7781370081634
29438	43.7781369103826
29446	43.778136898708
29452	43.7781367836842
29464	43.7781367003344
29508	43.7781366711053
29516	43.7781366687764
29520	43.7781366643402
29524	43.778136633488
29532	43.7781366285212
29534	43.7781365670339
29548	43.7781364039331
29558	43.7781363935924
29592	43.7781363396839
29598	43.778136321057
29608	43.7781361721821
29628	43.7781360826928
29630	43.7781360731544
29638	43.7781359551961
29648	43.7781359128283
29676	43.7781358888178
29684	43.7781357693825
29686	43.7781356866389
29696	43.7781356606896
29734	43.778135497379
29744	43.7781354935752
29746	43.7781352962189
29754	43.7781351655852
29780	43.7781351265257
29800	43.7781351152771
29808	43.7781350521433
29830	43.7781348569856
29850	43.7781346394448
29854	43.7781346160627
29874	43.7781345623217
29876	43.7781345456850
29880	43.7781343810278
29886	43.7781343108031
29888	43.7781340254087
29908	43.7781340101665
29916	43.7781340032976
29924	43.7781337997837
29948	43.7781336204287
29952	43.7781334914263
29962	43.7781333958133
29974	43.7781333420079
29976	43.778133267578
29980	43.7781332295198
29982	43.7781328080221
29992	43.7781327744313
30016	43.7781325502142
30032	43.7781325209892
30038	43.7781323025078
30044	43.778132194615
30080	43.7781321016016
30098	43.7781319243561
30104	43.7781319173382
30116	43.7781317370703
30120	43.7781316125774
30128	43.7781316112445
30138	43.7781314419088
30150	43.7781312818899
30176	43.7781311916582
30196	43.778131172273
30208	43.7781310287357
30236	43.7781310265811
30242	43.7781310101455
30246	43.7781309997131
30250	43.7781309508628
30256	43.7781308773682
30270	43.778130866706
30276	43.7781308499286
30280	43.7781307673674
30288	43.7781307291211
30316	43.7781306467687
30320	43.7781306148031
30330	43.7781305844501
30338	43.7781303987821
30382	43.7781303982615
30390	43.7781302953137
30400	43.778130292913
30426	43.7781302346173
30440	43.7781301771795
30444	43.7781301509024
30454	43.7781301386945
30468	43.7781301099797
30474	43.7781300631955
30484	43.778130000261
30502	43.7781299134122
30506	43.7781298222019
30572	43.7781297724185
30574	43.7781297652665
30576	43.7781297542213
30580	43.7781296837365
30582	43.7781296570331
30598	43.7781296434848
30600	43.7781295452936
30602	43.7781295147591
30612	43.7781294792658
30616	43.7781294170583
30620	43.7781293705218
30634	43.7781291921178
30642	43.7781291726768
30650	43.7781291134223
30688	43.7781290543193
30716	43.7781290462579
30724	43.7781290382965
30726	43.7781290227293
30728	43.7781290052116
30738	43.7781289763121
30750	43.7781289635164
30752	43.7781288733431
30766	43.7781287990385
30768	43.7781287638503
30770	43.7781286882765
30780	43.7781285426251
30784	43.7781284957230
30786	43.7781283518081
30806	43.7781282561781
30834	43.7781282477175
30836	43.7781281885478
30840	43.7781281239411
30854	43.7781280995785
30862	43.778128069735
30868	43.7781280203141
30890	43.7781279905686
30894	43.7781279363376
30910	43.7781278815482
30916	43.7781278569340
30920	43.7781278003945
30922	43.7781277489161
30944	43.7781277436932
30948	43.7781277004208
30960	43.7781276923848
30966	43.7781276617546
30978	43.7781276447460
30986	43.7781275700545
30998	43.7781275646959
31014	43.7781274851854
31020	43.7781274158888
31022	43.7781273961149
31040	43.7781273706465
31062	43.7781273359979
31084	43.778127334916
31100	43.7781273230908
31110	43.778127271396
31118	43.7781272600236
31122	43.7781272375571
31140	43.7781272320984
31142	43.7781271679277
31164	43.7781271281632
31178	43.7781271112782
31182	43.7781270995064
31186	43.7781270744735
31190	43.7781270704583
31192	43.7781270590907
31204	43.7781270362998
31226	43.7781270336556
31232	43.7781270134723
31238	43.7781269987343
31242	43.7781269966722
31250	43.7781269463676
31276	43.778126940358
31288	43.7781268879806
31296	43.778126825448
31306	43.7781267680309
31308	43.7781266966474
31334	43.7781266865674
31364	43.7781266791634
31380	43.7781266774581
31396	43.7781266324471
31410	43.7781266323023
31420	43.7781265982255
31454	43.7781265894668
31472	43.7781265860293
31474	43.7781265776475
31482	43.7781265573404
31494	43.7781265436851
31500	43.7781265428643
31506	43.7781265369312
31508	43.7781265298041
31522	43.7781265155325
31528	43.7781265014587
31540	43.7781264786457
31574	43.7781264725886
31590	43.7781264634639
31592	43.778126447177
31594	43.7781263945703
31598	43.778126372322
31606	43.7781263461438
31618	43.7781263370475
31624	43.7781263197561
31642	43.7781263127483
31650	43.7781263050465
31674	43.7781262933987
31686	43.7781262907074
31698	43.7781262687834
31716	43.7781262539761
31720	43.7781262527279
31742	43.7781262431203
31744	43.7781262406142
31748	43.7781262181861
31798	43.7781261990951
31808	43.7781261922210
31812	43.7781261626421
31832	43.7781261562115
31846	43.7781261304805
31878	43.7781261150868
31892	43.7781261142549
31896	43.7781261069251
31908	43.7781260829431
31912	43.7781260379341
31930	43.7781260084228
31934	43.7781259610578
31946	43.7781259205998
31972	43.778125902153
31994	43.7781258755955
32034	43.778125855564
32038	43.7781258522173
32056	43.7781258197872
32066	43.7781258149876
32080	43.7781258147898
32102	43.7781258040022
32108	43.7781257986409
32114	43.7781257800928
32116	43.7781257629031
32130	43.778125741784
32144	43.778125730358
32156	43.7781257225058
32158	43.778125689497
32176	43.7781256404668
32182	43.7781256348101
32220	43.7781255877534
32242	43.7781255713629
32274	43.7781255468402
32284	43.7781255452677
32296	43.7781255434083
32308	43.7781255146853
32328	43.7781255018541
32334	43.7781254808408
32348	43.7781254582652
32372	43.7781254554164
32374	43.7781254453893
32376	43.7781254420712
32388	43.778125433301
32394	43.7781253906561
32396	43.7781253891387
32416	43.7781253773729
32432	43.7781253416016
32434	43.7781253334036
32450	43.7781253323236
32468	43.7781253282463
32482	43.7781253132628
32486	43.7781253016114
32500	43.7781252894054
32520	43.7781252576048
32540	43.7781252498338
32556	43.7781252288236
32562	43.7781252253734
32568	43.7781251996885
32584	43.7781251882707
32594	43.7781251719567
32606	43.7781251406804
32630	43.7781251369619
32634	43.7781251230643
32652	43.7781251003989
32660	43.7781250951736
32674	43.7781250891762
32676	43.7781250787483
32686	43.7781250597893
32688	43.7781250446427
32690	43.7781250430955
32692	43.778125036503
32696	43.7781250306511
32718	43.7781250283240
32722	43.7781250279071
32726	43.7781250253019
32730	43.7781250214911
32736	43.7781250199775
32760	43.7781250093996
32762	43.7781249961746
32766	43.7781249879776
32770	43.7781249768832
32790	43.7781249734928
32794	43.7781249691467
32800	43.7781249575234
32820	43.7781249496201
32822	43.7781249408715
32834	43.7781249391634
32844	43.7781249291511
32852	43.778124927371
32854	43.7781249251176
32864	43.7781249151639
32876	43.7781249118234
32878	43.7781249081571
32880	43.7781249071653
32888	43.778124906543
32890	43.7781249063810
32892	43.7781248992089
32902	43.7781248985665
32912	43.7781248931832
32916	43.778124886591
32930	43.7781248762403
32938	43.778124866158
32946	43.7781248646096
32952	43.7781248599611
32958	43.7781248582737
32962	43.778124847398
32972	43.7781248293107
32988	43.7781248134523
33006	43.7781248012605
33030	43.778124787918
33036	43.7781247827106
33040	43.7781247806224
33054	43.7781247666133
33066	43.7781247657552
33078	43.7781247611757
33086	43.7781247447569
33122	43.7781247335432
33132	43.778124720088
33134	43.7781246957719
33140	43.7781246746231
33168	43.7781246492122
33190	43.7781246306556
33222	43.7781246126052
33224	43.778124593835
33230	43.7781245886644
33238	43.7781245815075
33242	43.7781245645390
33254	43.7781245581389
33268	43.7781245498751
33282	43.7781245468975
33284	43.7781245262912
33290	43.7781245138521
33314	43.7781245031149
33332	43.7781244969261
33346	43.7781244961873
33360	43.7781244898694
33364	43.7781244797167
33368	43.7781244703542
33372	43.7781244591694
33382	43.778124459017
33388	43.7781244561652
33390	43.7781244263704
33392	43.7781244237097
33410	43.7781244151161
33414	43.7781244129842
33418	43.7781244010108
33422	43.778124386947
33434	43.778124367045
33476	43.7781243647745
33482	43.7781243626673
33510	43.7781243574881
33526	43.7781243511107
33528	43.7781243276585
33538	43.7781243231309
33554	43.7781243076472
33568	43.7781243037802
33572	43.7781242933682
33594	43.7781242922618
33612	43.7781242653666
33630	43.7781242460594
33652	43.77812419961
33672	43.7781241716721
33692	43.7781241521544
33712	43.7781241415978
33728	43.77812413139
33744	43.778124118045
33764	43.7781240911704
33768	43.7781240798335
33796	43.7781240674075
33798	43.7781240099205
33802	43.7781239834518
33808	43.778123960638
33846	43.7781239414998
33848	43.7781239356387
33850	43.778123931427
33866	43.7781239228183
33872	43.7781239112815
33886	43.7781238914106
33894	43.7781238884915
33898	43.7781238873509
33910	43.7781238563851
33916	43.7781238035697
33918	43.7781237884459
33934	43.7781237724861
33948	43.7781237353581
33960	43.7781237299745
33964	43.7781237248396
33976	43.778123700953
33994	43.7781236877905
34030	43.778123678287
34032	43.7781236781021
34042	43.7781236728659
34046	43.7781236648862
34054	43.778123658799
34082	43.7781236556948
34086	43.7781236536213
34100	43.778123638467
34118	43.7781236381565
34124	43.7781236349432
34136	43.7781236100833
34140	43.7781236095452
34162	43.7781236043597
34184	43.7781235936157
34194	43.7781235854451
34216	43.7781235580836
34260	43.7781235570158
34262	43.7781235548752
34274	43.7781235334369
34276	43.7781235325298
34294	43.7781235291183
34304	43.7781235256398
34310	43.7781235250535
34312	43.7781235155498
34314	43.7781235088331
34320	43.7781235079139
34328	43.7781234938315
34350	43.7781234921461
34352	43.7781234918451
34370	43.7781234805196
34374	43.7781234776446
34378	43.7781234769783
34382	43.778123455164
34388	43.7781234417244
34404	43.7781234320667
34448	43.7781234150087
34456	43.7781234020159
34464	43.7781233977658
34468	43.7781233968881
34486	43.7781233921982
34494	43.7781233812489
34510	43.7781233729384
34512	43.7781233703005
34518	43.7781233653972
34526	43.7781233483115
34558	43.7781233475472
34568	43.7781233371822
34586	43.7781233285925
34594	43.7781233237689
34596	43.7781233215081
34606	43.7781233107911
34610	43.7781233060759
34620	43.7781233037726
34628	43.7781232989703
34652	43.7781232937914
34692	43.7781232935872
34712	43.77812328509
34714	43.7781232814614
34722	43.7781232774885
34726	43.7781232743454
34742	43.7781232687887
34748	43.7781232679952
34750	43.7781232644724
34760	43.7781232620883
34764	43.7781232565754
34772	43.7781232558073
34774	43.7781232541404
34780	43.7781232513084
34786	43.778123249795
34792	43.7781232489978
34794	43.7781232475963
34796	43.7781232460655
34816	43.778123243965
34830	43.7781232417889
34844	43.778123239476
34852	43.7781232389118
34856	43.7781232334331
34874	43.7781232321238
34884	43.778123231614
34886	43.7781232252118
34912	43.7781232239838
34918	43.7781232194133
34936	43.7781232169458
34938	43.7781232158884
34954	43.7781232117497
34958	43.7781232071928
34980	43.778123205671
34990	43.7781232054186
35000	43.7781232017493
35018	43.7781232005264
35022	43.7781231905582
35046	43.778123189189
35064	43.7781231886009
35074	43.7781231883042
35080	43.778123186852
35086	43.7781231866492
35096	43.7781231863746
35100	43.7781231863573
35104	43.7781231842129
35128	43.7781231833348
35130	43.7781231822491
35140	43.7781231815531
35146	43.7781231808921
35156	43.7781231765231
35166	43.7781231744221
35174	43.7781231708430
35176	43.7781231670162
35186	43.778123166723
35196	43.7781231648608
35198	43.7781231627099
35224	43.7781231621746
35226	43.7781231592237
35228	43.7781231589435
35250	43.7781231582015
35262	43.7781231566655
35264	43.778123156152
35270	43.7781231556448
35274	43.7781231551049
35276	43.7781231536433
35292	43.778123152713
35298	43.7781231503349
35308	43.7781231503093
35310	43.778123146927
35320	43.7781231435964
35340	43.7781231435724
35342	43.7781231399186
35356	43.7781231352158
35374	43.7781231342505
35392	43.7781231326641
35394	43.7781231323718
35396	43.7781231321827
35398	43.7781231292174
35448	43.7781231245307
35458	43.7781231221693
35466	43.7781231216841
35476	43.7781231211808
35494	43.7781231204678
35500	43.7781231186164
35508	43.7781231135251
35514	43.7781231097056
35524	43.7781231072451
35546	43.7781231058491
35548	43.7781231051474
35572	43.7781231049512
35578	43.7781231034924
35584	43.7781231026455
35590	43.7781231007884
35600	43.7781231003932
35608	43.7781230952707
35612	43.77812309513
35620	43.7781230943392
35624	43.778123087721
35638	43.7781230807755
35660	43.7781230786371
35668	43.7781230660805
35674	43.7781230498821
35706	43.7781230470299
35726	43.7781230448098
35762	43.7781230440096
35764	43.7781230420021
35770	43.7781230408806
35772	43.7781230403919
35784	43.7781230351615
35792	43.7781230345752
35804	43.7781230303279
35812	43.7781230299256
35828	43.7781230290124
35840	43.7781230283856
35866	43.7781230271829
35870	43.7781230231307
35872	43.7781230204615
35878	43.7781230188581
35884	43.7781230163687
35892	43.7781230158376
35912	43.7781230144629
35914	43.7781230134676
35932	43.7781230124571
35954	43.7781230098361
35970	43.7781230043099
36010	43.7781230042335
36012	43.7781229976979
36046	43.7781229965848
36078	43.7781229913388
36106	43.7781229879529
36116	43.7781229865819
36152	43.7781229861181
36156	43.778122984452
36164	43.7781229837316
36168	43.7781229824734
36176	43.7781229816049
36186	43.7781229814388
36188	43.7781229811655
36200	43.7781229754336
36206	43.7781229727195
36222	43.7781229719453
36224	43.7781229702928
36240	43.7781229693662
36254	43.7781229670571
36268	43.7781229644842
36282	43.7781229632412
36290	43.7781229615981
36292	43.7781229601557
36298	43.778122959501
36316	43.7781229580029
36322	43.778122956905
36324	43.7781229553001
36332	43.778122953481
36348	43.778122953301
36352	43.7781229514958
36360	43.7781229509511
36384	43.7781229488023
36424	43.7781229480447
36432	43.778122947683
36434	43.7781229471182
36452	43.7781229456106
36476	43.778122945338
36478	43.7781229452986
36480	43.7781229446894
36496	43.7781229429828
36504	43.7781229421457
36552	43.7781229411584
36584	43.7781229407819
36586	43.7781229404084
36592	43.7781229400053
36606	43.7781229393924
36612	43.7781229393638
36616	43.7781229392166
36622	43.7781229391187
36624	43.7781229375197
36632	43.7781229368095
36636	43.7781229365248
36650	43.7781229364787
36662	43.7781229349873
36680	43.7781229348199
36682	43.7781229339456
36710	43.778122932706
36722	43.7781229320486
36732	43.778122930033
36750	43.7781229296232
36770	43.778122929375
36782	43.7781229293345
36786	43.7781229285941
36804	43.778122927977
36820	43.7781229276088
36828	43.7781229273436
36830	43.7781229270191
36846	43.7781229261866
36854	43.778122925825
36856	43.7781229255634
36862	43.7781229250791
36864	43.7781229244998
36870	43.7781229244969
36890	43.778122924438
36896	43.7781229241911
36900	43.7781229237911
36906	43.778122923581
36924	43.7781229234052
36926	43.7781229219934
36960	43.7781229215997
36962	43.7781229210511
36970	43.7781229197509
36988	43.7781229195108
37000	43.7781229189335
37004	43.7781229183251
37008	43.7781229175756
37012	43.7781229167118
37016	43.778122916426
37028	43.7781229157726
37050	43.7781229148510
37060	43.7781229145474
37072	43.7781229144355
37078	43.7781229138181
37082	43.7781229133425
37088	43.778122911186
37102	43.7781229111589
37112	43.7781229097406
37116	43.7781229094499
37124	43.7781229092751
37132	43.7781229073243
37166	43.7781229063297
37172	43.7781229056167
37208	43.7781229047356
37222	43.7781229044871
37266	43.7781229043097
37272	43.7781229037023
37274	43.7781229018062
37308	43.7781229013875
37310	43.7781229007828
37326	43.7781229005969
37330	43.7781229001636
37332	43.7781228996476
37338	43.778122897881
37356	43.7781228974438
37366	43.778122896357
37370	43.7781228951395
37382	43.7781228945935
37400	43.7781228944917
37412	43.7781228925994
37434	43.7781228922098
37452	43.7781228922096
37462	43.7781228916016
37478	43.778122891434
37480	43.7781228911036
37496	43.7781228908565
37506	43.7781228907932
37510	43.7781228888697
37530	43.7781228881034
37552	43.7781228868333
37560	43.7781228865638
37612	43.7781228857773
37622	43.7781228855498
37646	43.7781228848147
37652	43.7781228839912
37656	43.7781228834243
37682	43.778122882777
37700	43.7781228818089
37746	43.7781228817071
37790	43.7781228816539
37792	43.7781228815908
37808	43.778122881384
37844	43.7781228813317
37846	43.7781228813263
37852	43.7781228812148
37856	43.7781228809902
37858	43.7781228809849
37864	43.7781228808796
37868	43.7781228808446
37884	43.7781228803153
37902	43.7781228801819
37922	43.7781228799531
37924	43.7781228799029
37936	43.7781228797706
37938	43.7781228796451
37952	43.7781228796443
37964	43.7781228794258
37974	43.7781228790865
37998	43.7781228789025
38028	43.778122878773
38030	43.7781228783806
38036	43.778122878275
38042	43.7781228781559
38076	43.7781228777966
38078	43.7781228773281
38088	43.7781228769873
38118	43.7781228764597
38132	43.7781228759042
38160	43.7781228754933
38162	43.7781228750164
38206	43.7781228747109
38210	43.778122874643
38256	43.7781228746341
38258	43.7781228746333
38264	43.778122874407
38270	43.778122874376
38284	43.7781228743644
38298	43.7781228743547
38302	43.7781228743099
38304	43.7781228742937
38310	43.7781228742529
38318	43.7781228741212
38328	43.7781228740371
38330	43.7781228740345
38334	43.7781228739961
38336	43.7781228739909
38346	43.7781228739686
38362	43.7781228738921
38376	43.7781228737875
38388	43.7781228737485
38400	43.7781228737269
38406	43.778122873468
38448	43.7781228732827
38458	43.7781228731636
38460	43.7781228731418
38492	43.778122873058
38500	43.7781228729443
38518	43.7781228728234
38536	43.7781228726623
38546	43.7781228726403
38556	43.7781228726036
38570	43.7781228725143
38620	43.7781228722213
38652	43.7781228721992
38666	43.7781228721852
38668	43.778122872081
38670	43.7781228720540
38678	43.7781228719909
38684	43.7781228719812
38686	43.7781228719206
38698	43.7781228718208
38704	43.7781228718017
38708	43.7781228717519
38720	43.7781228716999
38732	43.7781228714479
38766	43.7781228713836
38782	43.7781228713668
38794	43.7781228713092
38818	43.7781228712177
38820	43.7781228711995
38828	43.7781228711848
38848	43.778122870947
38866	43.7781228708774
38876	43.7781228708718
38892	43.7781228706800
38902	43.7781228705101
38906	43.7781228701794
38910	43.7781228701544
38914	43.7781228700391
38918	43.7781228699962
38920	43.7781228698481
38930	43.7781228694801
38942	43.7781228694658
38944	43.7781228692068
38950	43.7781228689088
38954	43.7781228683366
38958	43.7781228683059
39026	43.778122868101
39030	43.7781228678004
39048	43.7781228676387
39092	43.7781228675591
39128	43.7781228674728
39130	43.7781228673662
39146	43.7781228671962
39158	43.778122867105
39180	43.7781228670179
39196	43.7781228668994
39200	43.7781228668845
39204	43.7781228668444
39220	43.7781228666366
39236	43.7781228665948
39244	43.7781228665409
39274	43.7781228665172
39280	43.7781228664357
39310	43.7781228663753
39330	43.7781228663103
39352	43.7781228662925
39366	43.7781228662896
39370	43.778122866284
39372	43.7781228662496
39376	43.7781228662450
39382	43.7781228662133
39402	43.7781228662047
39414	43.7781228661948
39426	43.7781228661733
39428	43.7781228661472
39432	43.7781228661297
39448	43.7781228661044
39452	43.778122866104
39458	43.7781228659714
39462	43.7781228659536
39474	43.7781228658365
39504	43.7781228658291
39506	43.7781228657452
39520	43.7781228655765
39540	43.7781228654326
39554	43.778122865373
39558	43.7781228652799
39568	43.7781228652584
39570	43.7781228652452
39578	43.7781228651078
39582	43.7781228650815
39592	43.7781228650108
39596	43.7781228648613
39604	43.7781228648240
39652	43.7781228648086
39664	43.7781228645271
39710	43.7781228644695
39718	43.778122864433
39722	43.7781228642906
39742	43.7781228641817
39770	43.7781228641238
39778	43.7781228641087
39782	43.7781228639737
39812	43.7781228638558
39820	43.7781228638219
39848	43.7781228637043
39858	43.7781228636705
39874	43.77812286364
39876	43.7781228636287
39880	43.7781228635429
39894	43.7781228634531
39906	43.7781228633884
39908	43.778122863342
39920	43.7781228632403
39938	43.778122863177
39940	43.7781228631474
39970	43.7781228630464
39980	43.7781228630259
40010	43.7781228630079
40016	43.7781228629585
40020	43.7781228629539
40036	43.7781228629213
40042	43.7781228629059
40044	43.7781228628803
40064	43.7781228628709
40070	43.7781228627585
40072	43.7781228626715
40102	43.7781228626066
40116	43.7781228625692
40124	43.7781228623527
40132	43.7781228620286
40134	43.7781228619613
40150	43.7781228617907
40188	43.7781228617572
40196	43.7781228617396
40198	43.7781228616497
40212	43.7781228616266
40226	43.7781228614582
40228	43.7781228614081
40242	43.7781228612955
40254	43.7781228612518
40256	43.7781228610749
40278	43.7781228610433
40286	43.7781228610378
40300	43.7781228609719
40308	43.7781228609717
40310	43.7781228609384
40328	43.7781228608898
40346	43.7781228608537
40366	43.7781228608403
40376	43.7781228608187
40390	43.7781228607924
40392	43.7781228607663
40406	43.7781228607555
40418	43.7781228606931
40426	43.7781228606761
40438	43.7781228606251
40464	43.7781228604707
40500	43.7781228603794
40510	43.7781228603324
40540	43.7781228602796
40548	43.7781228602663
40552	43.7781228602254
40582	43.7781228602074
40602	43.7781228601586
40614	43.7781228601512
40622	43.7781228601095
40626	43.7781228600875
40630	43.7781228600636
40640	43.7781228599314
40680	43.778122859896
40698	43.7781228598931
40716	43.7781228596914
40730	43.7781228596767
40736	43.77812285961
40762	43.7781228595776
40764	43.7781228595178
40788	43.77812285951
40798	43.7781228594192
40822	43.7781228593525
40844	43.778122859283
40858	43.7781228591623
40862	43.7781228591156
40872	43.7781228590926
40886	43.7781228590263
40888	43.7781228589302
40924	43.7781228587322
40926	43.7781228587055
40942	43.7781228585960
40986	43.7781228585786
40988	43.7781228584627
41000	43.7781228584054
41018	43.7781228583883
41028	43.7781228583272
41046	43.7781228582458
41052	43.7781228582139
41054	43.7781228582090
41074	43.7781228581872
41086	43.7781228581276
41092	43.778122858109
41104	43.7781228580952
41116	43.7781228580859
41118	43.7781228580314
41132	43.7781228579967
41154	43.7781228579875
41178	43.7781228579574
41190	43.7781228578944
41206	43.7781228578522
41234	43.7781228578428
41236	43.7781228578193
41252	43.7781228578002
41274	43.7781228577776
41290	43.7781228577717
41306	43.7781228577587
41316	43.7781228577298
41326	43.7781228576933
41344	43.7781228576803
41346	43.7781228576684
41366	43.7781228576511
41382	43.7781228576489
41392	43.7781228576074
41400	43.7781228575625
41412	43.7781228575601
41426	43.778122857554
41434	43.7781228575308
41436	43.7781228575161
41438	43.7781228575044
41446	43.7781228575007
41458	43.7781228574371
41476	43.7781228574248
41492	43.7781228574054
41502	43.778122857402
41508	43.7781228573604
41520	43.7781228573261
41526	43.7781228573086
41528	43.7781228572756
41542	43.778122857261
41552	43.7781228572546
41562	43.7781228572526
41568	43.7781228572501
41574	43.7781228572125
41594	43.7781228572116
41610	43.7781228571902
41618	43.7781228571719
41628	43.7781228571671
41632	43.7781228571346
41638	43.7781228570961
41640	43.7781228570948
41650	43.7781228570896
41654	43.7781228570682
41668	43.7781228570628
41682	43.7781228570048
41684	43.7781228569803
41708	43.7781228569697
41710	43.778122856969
41712	43.7781228569609
41714	43.7781228569306
41736	43.7781228569287
41742	43.7781228568831
41762	43.7781228568463
41778	43.7781228568401
41784	43.7781228568255
41788	43.7781228567889
41794	43.7781228567741
41796	43.7781228567727
41804	43.7781228567506
41806	43.7781228567425
41816	43.778122856725
41830	43.7781228566829
41832	43.778122856664
41834	43.7781228566301
41852	43.7781228566199
41860	43.778122856589
41880	43.7781228565795
41896	43.7781228565446
41900	43.7781228565395
41948	43.7781228565259
41966	43.7781228564961
41974	43.778122856494
42016	43.7781228564815
42020	43.7781228564501
42054	43.7781228564487
42062	43.7781228564341
42082	43.7781228564135
42094	43.7781228564007
42096	43.7781228563979
42098	43.7781228563698
42112	43.778122856362
42114	43.7781228563543
42142	43.7781228563472
42148	43.7781228563462
42158	43.7781228563196
42172	43.7781228563089
42178	43.7781228562867
42182	43.7781228562729
42190	43.7781228562438
42200	43.7781228562075
42206	43.7781228561928
42214	43.7781228561741
42216	43.7781228561659
42218	43.7781228561577
42224	43.7781228561574
42228	43.7781228561557
42230	43.7781228561424
42240	43.778122856103
42256	43.778122856096
42258	43.7781228560877
42262	43.7781228560716
42264	43.778122856043
42272	43.7781228560272
42280	43.7781228560198
42288	43.7781228560167
42292	43.7781228560116
42304	43.7781228560104
42308	43.7781228559554
42334	43.7781228559363
42346	43.7781228559338
42356	43.7781228558828
42378	43.7781228558659
42382	43.7781228558481
42384	43.7781228558299
42396	43.7781228557876
42400	43.7781228557753
42416	43.7781228557554
42420	43.7781228557393
42426	43.7781228557165
42450	43.7781228556904
42460	43.7781228556839
42468	43.778122855641
42470	43.7781228556286
42482	43.7781228556222
42494	43.7781228556214
42504	43.7781228556178
42506	43.778122855581
42532	43.7781228555758
42536	43.7781228555684
42554	43.7781228555674
42558	43.7781228555524
42572	43.7781228555295
42574	43.7781228555188
42590	43.7781228555098
42630	43.7781228554947
42634	43.7781228554616
42656	43.7781228554609
42658	43.7781228554293
42678	43.7781228554053
42704	43.7781228554019
42712	43.7781228553795
42736	43.7781228553469
42750	43.77812285533
42752	43.7781228553274
42756	43.7781228553253
42762	43.7781228553064
42768	43.7781228552987
42772	43.7781228552978
42780	43.7781228552595
42814	43.7781228552378
42816	43.778122855206
42826	43.7781228551981
42832	43.7781228551973
42838	43.7781228551555
42856	43.7781228551357
42864	43.7781228551333
42874	43.778122855118
42876	43.7781228551058
42884	43.7781228550846
42898	43.7781228550814
42900	43.7781228550671
42914	43.7781228550548
42916	43.7781228550383
42936	43.7781228550284
42938	43.7781228549973
42998	43.7781228549867
43004	43.7781228549548
43014	43.7781228549250
43036	43.7781228549248
43050	43.7781228549243
43052	43.7781228549204
43056	43.7781228548881
43062	43.7781228548754
43078	43.7781228548503
43092	43.7781228548467
43104	43.7781228548461
43114	43.7781228548308
43122	43.7781228548265
43136	43.7781228548117
43144	43.7781228547903
43192	43.7781228547829
43204	43.7781228547758
43220	43.7781228547749
43228	43.7781228547742
43238	43.7781228547555
43246	43.7781228547528
43262	43.7781228547463
43264	43.7781228547435
43276	43.778122854737
43298	43.7781228547234
43308	43.7781228547198
43312	43.7781228547121
43326	43.7781228546992
43328	43.7781228546913
43336	43.7781228546878
43344	43.7781228546876
43354	43.7781228546835
43372	43.7781228546785
43374	43.778122854678
43382	43.77812285467
43404	43.7781228546657
43416	43.7781228546616
43424	43.7781228546606
43432	43.7781228546551
43444	43.7781228546472
43472	43.7781228546351
43484	43.7781228546328
43494	43.7781228546298
43500	43.7781228546188
43526	43.7781228546003
43538	43.7781228545792
43546	43.7781228545778
43548	43.7781228545764
43556	43.7781228545614
43590	43.7781228545584
43592	43.7781228545507
43602	43.7781228545488
43636	43.7781228545421
43648	43.7781228545343
43672	43.7781228545318
43674	43.7781228545304
43678	43.7781228545202
43684	43.7781228545144
43706	43.7781228545068
43724	43.7781228545033
43732	43.7781228545009
43738	43.7781228545003
43742	43.7781228544999
43748	43.7781228544888
43772	43.7781228544878
43778	43.7781228544817
43816	43.7781228544802
43828	43.7781228544786
43832	43.7781228544785
43834	43.7781228544751
43854	43.7781228544739
43856	43.778122854472
43858	43.7781228544701
43876	43.7781228544694
43888	43.7781228544651
43896	43.778122854464
43900	43.7781228544637
43916	43.7781228544603
43918	43.7781228544593
43926	43.7781228544585
43932	43.7781228544576
43936	43.7781228544562
43946	43.7781228544507
43948	43.7781228544435
43958	43.7781228544396
43982	43.7781228544377
44028	43.7781228544372
44052	43.7781228544356
44066	43.7781228544348
44072	43.7781228544334
44082	43.7781228544307
44140	43.7781228544295
44144	43.7781228544294
44152	43.7781228544293
44178	43.7781228544288
44186	43.7781228544283
44198	43.7781228544282
44208	43.7781228544272
44236	43.7781228544255
44272	43.7781228544252
44284	43.7781228544247
44286	43.7781228544244
44290	43.7781228544240
44298	43.7781228544214
44302	43.7781228544202
44312	43.7781228544196
44330	43.7781228544178
44336	43.7781228544178
44344	43.7781228544163
44358	43.7781228544143
44360	43.7781228544134
44370	43.7781228544123
44374	43.7781228544119
44376	43.7781228544116
44380	43.7781228544114
44382	43.7781228544108
44390	43.778122854408
44404	43.7781228544076
44406	43.7781228544075
44412	43.7781228544062
44420	43.7781228544045
44424	43.7781228544041
44428	43.7781228544036
44430	43.7781228544004
44446	43.7781228543993
44452	43.7781228543973
44468	43.7781228543929
44474	43.7781228543905
44484	43.7781228543862
44496	43.7781228543805
44514	43.7781228543799
44518	43.7781228543788
44532	43.778122854375
44534	43.7781228543725
44556	43.7781228543680
44558	43.7781228543647
44606	43.7781228543623
44614	43.7781228543601
44618	43.7781228543533
44628	43.7781228543511
44630	43.7781228543502
44638	43.7781228543472
44650	43.7781228543449
44664	43.7781228543407
44678	43.7781228543387
44680	43.778122854333
44686	43.7781228543329
44712	43.7781228543302
44720	43.7781228543301
44724	43.7781228543292
44728	43.7781228543278
44740	43.7781228543231
44752	43.7781228543138
44764	43.7781228543137
44768	43.778122854307
44812	43.7781228543061
44822	43.778122854306
44824	43.778122854295
44844	43.7781228542937
44852	43.7781228542936
44856	43.7781228542905
44862	43.7781228542891
44864	43.7781228542831
44878	43.7781228542822
44882	43.77812285428
44888	43.7781228542769
44902	43.7781228542764
44934	43.7781228542749
44936	43.778122854273
44938	43.7781228542711
44944	43.778122854266
44950	43.7781228542644
44954	43.7781228542634
44964	43.7781228542614
44972	43.7781228542604
44980	43.7781228542586
44982	43.7781228542549
44984	43.7781228542544
44996	43.7781228542536
45000	43.7781228542516
45026	43.7781228542509
45046	43.7781228542474
45068	43.7781228542407
45080	43.7781228542348
45084	43.7781228542337
45094	43.7781228542219
45114	43.7781228542199
45126	43.7781228542148
45138	43.7781228542137
45142	43.7781228542131
45162	43.7781228542097
45184	43.7781228542077
45188	43.7781228542061
45214	43.7781228542054
45242	43.7781228542024
45250	43.7781228542012
45254	43.7781228541986
45256	43.7781228541962
45320	43.7781228541935
45326	43.778122854193
45328	43.7781228541927
45348	43.7781228541924
45366	43.7781228541906
45370	43.7781228541902
45374	43.7781228541901
45380	43.7781228541898
45390	43.7781228541894
45396	43.7781228541887
45404	43.7781228541885
45406	43.7781228541881
45416	43.7781228541863
45426	43.7781228541860
45436	43.7781228541857
45440	43.7781228541853
45444	43.7781228541834
45462	43.7781228541817
45464	43.7781228541817
45468	43.7781228541781
45474	43.7781228541773
45486	43.7781228541769
45488	43.7781228541763
45510	43.7781228541756
45526	43.778122854175
45544	43.7781228541738
45556	43.7781228541726
45570	43.7781228541725
45596	43.7781228541709
45598	43.7781228541704
45604	43.7781228541684
45612	43.7781228541665
45614	43.7781228541637
45616	43.7781228541634
45646	43.7781228541624
45650	43.7781228541622
45652	43.778122854161
45656	43.7781228541564
45666	43.7781228541548
45688	43.7781228541546
45690	43.7781228541533
45698	43.7781228541528
45700	43.7781228541491
45706	43.778122854147
45710	43.7781228541376
45726	43.7781228541342
45730	43.7781228541331
45744	43.7781228541318
45750	43.7781228541276
45762	43.7781228541219
45772	43.77812285412
45774	43.7781228541154
45782	43.7781228541149
45804	43.7781228541111
45806	43.7781228541077
45814	43.7781228541075
45824	43.7781228541055
45842	43.7781228541037
45850	43.7781228540994
45886	43.7781228540987
45892	43.7781228540958
45906	43.7781228540954
45910	43.7781228540945
45912	43.7781228540941
45914	43.7781228540928
45918	43.7781228540915
45926	43.7781228540844
45946	43.778122854084
45950	43.7781228540823
45956	43.7781228540746
45982	43.7781228540723
45996	43.7781228540716
46028	43.7781228540715
46030	43.7781228540692
46036	43.7781228540684
46046	43.7781228540679
46050	43.7781228540674
46068	43.7781228540658
46092	43.7781228540634
46098	43.7781228540625
46116	43.7781228540613
46138	43.7781228540603
46142	43.7781228540601
46146	43.7781228540594
46148	43.7781228540577
46166	43.778122854057
46194	43.7781228540559
46200	43.7781228540538
46230	43.7781228540537
46232	43.7781228540534
46234	43.7781228540527
46246	43.7781228540523
46254	43.7781228540510
46288	43.7781228540495
46308	43.7781228540457
46320	43.7781228540448
46322	43.7781228540447
46324	43.7781228540428
46326	43.7781228540418
46340	43.7781228540403
46348	43.77812285404
46352	43.778122854039
46358	43.7781228540358
46370	43.7781228540356
46378	43.778122854035
46410	43.7781228540325
46422	43.7781228540313
46438	43.7781228540298
46468	43.7781228540286
46470	43.7781228540284
46488	43.7781228540271
46526	43.7781228540264
46544	43.7781228540253
46564	43.7781228540248
46568	43.7781228540224
46602	43.7781228540215
46612	43.7781228540206
46624	43.7781228540203
46648	43.77812285402
46654	43.7781228540190
46660	43.7781228540187
46662	43.7781228540183
46668	43.7781228540173
46698	43.7781228540173
46702	43.7781228540159
46708	43.7781228540157
46712	43.7781228540157
46722	43.7781228540155
46724	43.7781228540147
46736	43.7781228540143
46750	43.7781228540121
46758	43.7781228540121
46766	43.778122854012
46774	43.778122854012
46776	43.7781228540111
46790	43.7781228540107
46798	43.7781228540093
46808	43.7781228540091
46828	43.7781228540086
46860	43.7781228540082
46862	43.7781228540079
46866	43.7781228540079
46876	43.7781228540075
46878	43.7781228540074
46880	43.7781228540071
46896	43.7781228540064
46924	43.7781228540059
46956	43.7781228540058
46958	43.7781228540057
46960	43.7781228540056
46968	43.7781228540049
47002	43.7781228540040
47016	43.7781228540032
47028	43.7781228540021
47038	43.7781228540009
47062	43.7781228540004
47078	43.7781228539997
47080	43.7781228539986
47084	43.7781228539985
47088	43.7781228539978
47092	43.7781228539975
47102	43.7781228539956
47120	43.7781228539954
47128	43.7781228539949
47146	43.7781228539942
47152	43.7781228539938
47156	43.7781228539929
47224	43.7781228539925
47238	43.7781228539924
47256	43.7781228539919
47270	43.7781228539907
47280	43.77812285399
47288	43.778122853989
47290	43.7781228539881
47300	43.778122853988
47306	43.7781228539852
47312	43.7781228539852
47314	43.7781228539843
47316	43.7781228539835
47332	43.7781228539821
47342	43.7781228539819
47364	43.7781228539807
47372	43.7781228539805
47380	43.7781228539793
47390	43.778122853979
47394	43.7781228539779
47400	43.7781228539765
47422	43.7781228539765
47438	43.7781228539764
47444	43.7781228539761
47450	43.7781228539751
47470	43.7781228539749
47506	43.7781228539746
47512	43.7781228539733
47534	43.7781228539726
47562	43.7781228539715
47578	43.7781228539714
47582	43.7781228539707
47608	43.7781228539707
47618	43.7781228539707
47620	43.77812285397
47634	43.77812285397
47636	43.7781228539696
47642	43.7781228539695
47656	43.778122853969
47662	43.7781228539685
47664	43.7781228539683
47676	43.7781228539677
47706	43.7781228539675
47712	43.7781228539674
47714	43.7781228539674
47720	43.7781228539668
47738	43.7781228539668
47754	43.7781228539667
47758	43.7781228539665
47760	43.7781228539664
47768	43.7781228539663
47772	43.7781228539658
47798	43.7781228539656
47834	43.7781228539654
47848	43.7781228539647
47872	43.7781228539646
47878	43.7781228539645
47916	43.7781228539645
47918	43.7781228539642
47926	43.7781228539642
47942	43.7781228539641
47960	43.7781228539639
47984	43.7781228539639
47992	43.7781228539635
47994	43.7781228539631
48014	43.778122853963
48022	43.7781228539628
48030	43.7781228539625
48032	43.7781228539624
48048	43.7781228539624
48064	43.7781228539622
48076	43.7781228539620
48102	43.7781228539618
48104	43.7781228539618
48112	43.7781228539617
48118	43.7781228539617
48136	43.7781228539614
48142	43.7781228539612
48170	43.7781228539611
48194	43.778122853961
48228	43.7781228539609
48234	43.7781228539606
48264	43.7781228539605
48270	43.7781228539605
48288	43.7781228539602
48296	43.7781228539602
48304	43.7781228539601
48306	43.7781228539599
48316	43.7781228539593
48366	43.7781228539591
48368	43.7781228539591
48374	43.778122853959
48376	43.778122853959
48380	43.7781228539587
48384	43.7781228539586
48392	43.7781228539586
48410	43.7781228539586
48420	43.7781228539584
48436	43.7781228539582
48464	43.7781228539582
48468	43.7781228539579
48484	43.7781228539577
48502	43.7781228539574
48526	43.7781228539572
48554	43.7781228539569
48564	43.7781228539567
48572	43.7781228539567
48576	43.7781228539564
48580	43.7781228539559
48584	43.7781228539557
48600	43.7781228539556
48610	43.7781228539555
48616	43.7781228539554
48620	43.7781228539553
48626	43.7781228539552
48648	43.7781228539552
48656	43.7781228539549
48680	43.7781228539546
48718	43.7781228539544
48750	43.7781228539543
48774	43.7781228539542
48792	43.7781228539541
48822	43.7781228539540
48856	43.7781228539539
48858	43.7781228539538
48870	43.7781228539537
48876	43.7781228539537
48888	43.7781228539536
48892	43.7781228539535
48914	43.7781228539534
48916	43.7781228539533
48936	43.7781228539532
48968	43.7781228539532
48978	43.7781228539532
48980	43.7781228539532
48984	43.778122853953
49020	43.778122853953
49024	43.7781228539530
49026	43.7781228539529
49028	43.7781228539528
49038	43.7781228539528
49054	43.7781228539526
49060	43.7781228539525
49094	43.7781228539524
49102	43.7781228539524
49108	43.7781228539523
49116	43.7781228539523
49118	43.7781228539523
49122	43.7781228539522
49130	43.778122853952
49150	43.778122853952
49162	43.7781228539518
49186	43.7781228539518
49194	43.7781228539516
49202	43.7781228539515
49210	43.7781228539514
49220	43.7781228539514
49234	43.7781228539514
49250	43.7781228539512
49294	43.7781228539512
49304	43.7781228539512
49310	43.7781228539511
49340	43.7781228539511
49346	43.778122853951
49354	43.778122853951
49370	43.7781228539509
49394	43.7781228539508
49400	43.7781228539507
49408	43.7781228539507
49422	43.7781228539506
49424	43.7781228539506
49454	43.7781228539505
49466	43.7781228539505
49494	43.7781228539505
49498	43.7781228539505
49502	43.7781228539505
49522	43.7781228539504
49532	43.7781228539504
49550	43.7781228539504
49560	43.7781228539504
49576	43.7781228539503
49598	43.7781228539503
49602	43.7781228539503
49620	43.7781228539503
49632	43.7781228539502
49636	43.7781228539502
49638	43.7781228539502
49646	43.7781228539501
49664	43.7781228539501
49668	43.7781228539501
49686	43.77812285395
49692	43.77812285395
49698	43.77812285395
49712	43.77812285395
49716	43.7781228539499
49720	43.7781228539499
49724	43.7781228539499
49752	43.7781228539499
49772	43.7781228539499
49776	43.7781228539498
49796	43.7781228539498
49822	43.7781228539498
49830	43.7781228539498
49832	43.7781228539497
49842	43.7781228539497
49872	43.7781228539497
49876	43.7781228539497
49912	43.7781228539497
49916	43.7781228539497
49922	43.7781228539496
49942	43.7781228539496
49944	43.7781228539496
49948	43.7781228539495
49964	43.7781228539495
49970	43.7781228539495
49976	43.7781228539495
49980	43.7781228539494
49988	43.7781228539494
49990	43.7781228539494
49996	43.7781228539493
50008	43.7781228539493
50020	43.7781228539492
50026	43.7781228539492
50038	43.7781228539492
50056	43.7781228539491
50066	43.7781228539491
50068	43.7781228539491
50072	43.7781228539491
50074	43.7781228539491
50076	43.778122853949
50080	43.778122853949
50086	43.778122853949
50090	43.778122853949
50104	43.778122853949
50108	43.778122853949
50114	43.7781228539489
50142	43.7781228539489
50146	43.7781228539489
50158	43.7781228539488
50160	43.7781228539488
50170	43.7781228539488
50172	43.7781228539488
50196	43.7781228539487
50198	43.7781228539487
50210	43.7781228539486
50236	43.7781228539486
50240	43.7781228539486
50254	43.7781228539485
50286	43.7781228539485
50290	43.7781228539485
50298	43.7781228539485
50326	43.7781228539484
50336	43.7781228539484
50338	43.7781228539484
50364	43.7781228539483
50384	43.7781228539483
50388	43.7781228539483
50408	43.7781228539483
50410	43.7781228539482
50428	43.7781228539482
50436	43.7781228539481
50438	43.7781228539481
50466	43.7781228539481
50488	43.778122853948
50496	43.778122853948
50508	43.778122853948
50526	43.778122853948
50536	43.7781228539479
50544	43.7781228539479
50548	43.7781228539479
50558	43.7781228539479
50566	43.7781228539479
50574	43.7781228539479
50582	43.7781228539478
50588	43.7781228539478
50592	43.7781228539478
50594	43.7781228539478
50602	43.7781228539477
50620	43.7781228539477
50638	43.7781228539477
50642	43.7781228539477
50660	43.7781228539476
50668	43.7781228539475
50694	43.7781228539475
50720	43.7781228539473
50732	43.7781228539472
50744	43.7781228539472
50758	43.7781228539472
50764	43.7781228539471
50770	43.7781228539471
50780	43.778122853947
50790	43.7781228539470
50796	43.7781228539469
50804	43.7781228539468
50808	43.7781228539467
50840	43.7781228539467
50850	43.7781228539466
50862	43.7781228539466
50896	43.7781228539465
50906	43.7781228539465
50912	43.7781228539465
50932	43.7781228539465
50934	43.7781228539464
50956	43.7781228539464
50962	43.7781228539464
50966	43.7781228539464
50972	43.7781228539463
50986	43.7781228539463
50998	43.7781228539463
51000	43.7781228539463
51002	43.7781228539462
51028	43.7781228539462
51044	43.7781228539461
51068	43.7781228539461
51078	43.7781228539461
51082	43.7781228539461
51094	43.778122853946
51102	43.778122853946
51116	43.7781228539460
51140	43.7781228539460
51168	43.7781228539459
51172	43.7781228539459
51174	43.7781228539459
51188	43.7781228539458
51198	43.7781228539458
51206	43.7781228539457
51230	43.7781228539457
51264	43.7781228539457
51288	43.7781228539457
51294	43.7781228539456
51326	43.7781228539456
51330	43.7781228539456
51342	43.7781228539455
51350	43.7781228539455
51402	43.7781228539455
51428	43.7781228539454
51442	43.7781228539454
51446	43.7781228539454
51452	43.7781228539454
51476	43.7781228539454
51496	43.7781228539454
51502	43.7781228539454
51516	43.7781228539454
51524	43.7781228539453
51526	43.7781228539453
51568	43.7781228539453
51588	43.7781228539452
51602	43.7781228539452
51626	43.7781228539452
51636	43.7781228539452
51640	43.7781228539452
51642	43.7781228539451
51662	43.7781228539451
51670	43.7781228539451
51672	43.7781228539451
51682	43.7781228539451
51704	43.778122853945
51718	43.778122853945
51720	43.778122853945
51724	43.7781228539449
51756	43.7781228539449
51758	43.7781228539449
51774	43.7781228539449
51782	43.7781228539448
51794	43.7781228539448
51828	43.7781228539448
51836	43.7781228539448
51898	43.7781228539447
51920	43.7781228539447
51926	43.7781228539447
51930	43.7781228539446
51936	43.7781228539446
51946	43.7781228539446
51950	43.7781228539446
51962	43.7781228539446
51992	43.7781228539445
51994	43.7781228539445
52004	43.7781228539445
52046	43.7781228539445
52054	43.7781228539445
52068	43.7781228539445
52070	43.7781228539445
52100	43.7781228539444
52104	43.7781228539444
52124	43.7781228539444
52146	43.7781228539444
52176	43.7781228539444
52204	43.7781228539444
52236	43.7781228539443
52252	43.7781228539443
52256	43.7781228539443
52288	43.7781228539443
52296	43.7781228539443
52308	43.7781228539443
52314	43.7781228539443
52332	43.7781228539443
52340	43.7781228539443
52368	43.7781228539443
52370	43.7781228539442
52374	43.7781228539442
52382	43.7781228539442
52394	43.7781228539442
52396	43.7781228539442
52404	43.7781228539442
52406	43.7781228539442
52410	43.7781228539441
52422	43.7781228539441
52460	43.7781228539441
52514	43.7781228539441
52516	43.7781228539441
52522	43.7781228539441
52542	43.7781228539441
52572	43.7781228539441
52582	43.7781228539441
52594	43.778122853944
52598	43.778122853944
52626	43.778122853944
52628	43.778122853944
52636	43.778122853944
52668	43.778122853944
52674	43.778122853944
52684	43.778122853944
52686	43.7781228539440
52700	43.7781228539439
52720	43.7781228539439
52732	43.7781228539439
52734	43.7781228539439
52760	43.7781228539438
52778	43.7781228539438
52784	43.7781228539438
52808	43.7781228539438
52812	43.7781228539438
52828	43.7781228539438
52872	43.7781228539438
52886	43.7781228539438
52896	43.7781228539438
52918	43.7781228539438
52922	43.7781228539437
52946	43.7781228539437
52956	43.7781228539437
52988	43.7781228539437
52998	43.7781228539437
53018	43.7781228539437
53028	43.7781228539437
53036	43.7781228539437
53058	43.7781228539437
53064	43.7781228539436
53110	43.7781228539436
53116	43.7781228539436
53120	43.7781228539436
53126	43.7781228539435
53128	43.7781228539435
53148	43.7781228539435
53156	43.7781228539435
53184	43.7781228539435
53190	43.7781228539435
53194	43.7781228539434
53232	43.7781228539434
53248	43.7781228539434
53252	43.7781228539434
53264	43.7781228539434
53302	43.7781228539433
53322	43.7781228539433
53348	43.7781228539433
53366	43.7781228539433
53372	43.7781228539433
53376	43.7781228539433
53400	43.7781228539433
53402	43.7781228539433
53424	43.7781228539433
53448	43.7781228539432
53468	43.7781228539432
53484	43.7781228539432
53508	43.7781228539432
53514	43.7781228539432
53542	43.7781228539432
53556	43.7781228539431
53586	43.7781228539431
53594	43.7781228539431
53626	43.7781228539431
53642	43.7781228539431
53658	43.7781228539431
53728	43.7781228539431
53730	43.7781228539431
53768	43.7781228539431
53792	43.7781228539431
53818	43.778122853943
53830	43.778122853943
53846	43.778122853943
53854	43.778122853943
53868	43.778122853943
53898	43.778122853943
53902	43.778122853943
53910	43.7781228539429
53938	43.7781228539429
53954	43.7781228539429
53958	43.7781228539429
53978	43.7781228539429
54012	43.7781228539429
54038	43.7781228539429
54060	43.7781228539429
54100	43.7781228539429
54112	43.7781228539428
54274	43.7781228539428
54386	43.7781228539428
54430	43.7781228539428
54444	43.7781228539428
54514	43.7781228539428
54520	43.7781228539428
54578	43.7781228539428
54616	43.7781228539428
54622	43.7781228539428
54648	43.7781228539427
54664	43.7781228539427
54700	43.7781228539427
54766	43.7781228539427
54784	43.7781228539427
54828	43.7781228539427
54838	43.7781228539427
54896	43.7781228539427
54980	43.7781228539427
55046	43.7781228539426
55078	43.7781228539426
55102	43.7781228539426
55238	43.7781228539426
55268	43.7781228539426
55318	43.7781228539426
55366	43.7781228539426
55436	43.7781228539426
55468	43.7781228539426
55476	43.7781228539426
55486	43.7781228539426
55512	43.7781228539425
55660	43.7781228539425
55822	43.7781228539425
55894	43.7781228539425
56086	43.7781228539425
56164	43.7781228539425
56458	43.7781228539425
56566	43.7781228539425
56598	43.7781228539425
57042	43.7781228539425
57092	43.7781228539425
57114	43.7781228539425
57330	43.7781228539424
57850	43.7781228539424
58694	43.7781228539424
59442	43.7781228539424
60712	43.7781228539424
66920	43.7781228539424
68474	43.7781228539424
70776	43.7781228539424
71318	43.7781228539424
73568	43.7781228539424
74706	43.7781228539424
173060	43.7781228539424
193652	43.7781228539424
262302	43.7781228539424
300000	43.7781228539424
