52	612.706271436311
54	573.235611711609
58	568.567800381102
70	400.168672268009
88	389.936117982518
130	355.753081851378
172	335.799190556699
214	328.148407686663
236	299.354079795748
312	286.390151396801
336	279.584102477026
442	260.088549206937
704	245.068485763848
720	208.165723806132
2252	200.081183635188
2640	174.658186616589
3406	153.031470156436
3446	152.718044299737
3460	152.418074778736
3468	146.976797836091
3490	133.524002883843
3520	129.819823210529
3534	123.262365513626
3596	120.874956095588
3652	117.905341495595
3686	117.225463766901
3716	116.353003407477
3742	111.316817012150
3786	111.261653461392
3788	108.923384483361
3822	108.197359429760
3824	107.380590564537
3826	106.655607676075
3838	105.694757247693
3854	103.884453297462
3856	103.511530305890
3868	102.780637727107
3886	102.595569233498
3894	100.901800358358
3900	100.488731792527
3906	99.667999187713
3938	99.662058678096
3958	99.4944642790576
3966	98.066666333986
4002	97.50728058438
4010	96.2087412983256
4032	95.0711135353779
4034	94.8133860833601
4040	94.7653190088762
4056	93.8621527535742
4070	92.8495233196102
4082	91.6085987380683
4088	91.283034656207
4108	91.1710408080569
4116	90.5839181282501
4138	90.2195931606026
4140	89.703502501429
4152	89.4463673767998
4154	88.7716313011305
4160	87.1657103512277
4176	86.1932437115699
4196	85.996446502989
4206	85.7342569228455
4234	85.1055960420414
4244	84.7181361948266
4250	83.4593502564938
4268	83.3649527664535
4278	82.6304714782917
4312	82.5699176018746
4314	82.5152133060681
4324	82.2443540921993
4328	81.9744661260484
4334	81.8816585864194
4336	81.8288813130617
4338	81.5076702139353
4340	81.5075371797934
4350	81.2538765604832
4356	80.785392858683
4358	80.6791115469661
4364	80.5412496174767
4366	79.9860951343282
4386	79.4848439787379
4390	79.1608461596702
4396	78.7599728239916
4398	78.6600087320169
4404	78.5335200157538
4410	78.1141225733515
4412	77.8365458475484
4438	77.6693462846237
4442	77.1656680877548
4496	76.7098199070301
4502	76.4051821167344
4520	76.3668113618223
4522	75.898842344144
4524	75.8164081096129
4546	75.6153935030635
4554	75.4033850929386
4584	75.3414203923185
4588	75.2045038702365
4590	75.0150457865264
4596	74.3750329835105
4652	74.1736634909971
4666	73.9605398498667
4690	73.7970845321761
4692	73.5230606115615
4696	73.3060873526906
4712	72.9037052518102
4718	72.6941972086934
4742	72.3532671252564
4752	72.0015346747516
4790	71.8381744645711
4792	71.3595150363923
4802	71.345895450838
4820	70.7659533572998
4860	70.6625000217501
4870	70.514976491385
4878	70.0420699793076
4882	69.7532150539361
4898	69.7053539635052
4902	69.3981196722956
4906	68.2156586597916
4912	67.1766081959006
4936	67.0445334778537
4956	67.0031033324251
4958	66.2833916100746
4994	66.2122446314575
5014	66.1671242897694
5026	66.0940154653097
5034	65.9595696815342
5040	65.8988707642713
5044	65.8943046686183
5062	65.3830409958034
5080	65.271268415901
5108	65.1515853201831
5150	65.0681639631956
5156	65.0502074429964
5164	64.7701658049037
5184	64.75887762307
5192	64.4420579508356
5206	64.4167948739274
5210	64.0391472138816
5216	64.0385208424936
5220	63.8889107311521
5226	63.6691519052816
5232	63.6584474098988
5246	63.5458739559171
5252	63.4304529762018
5256	63.1434337256756
5268	62.9416742944395
5272	62.7243278850541
5278	62.4970468882548
5286	62.152517957972
5306	61.9517694945549
5326	61.8278351462118
5334	61.7260267913436
5346	61.5378005569087
5350	61.1372490772671
5374	60.9128859611031
5380	60.8241914711608
5386	60.6571490122018
5410	60.5055494099245
5426	60.1845249104852
5432	60.05648168415
5442	60.0070705563440
5448	59.7470014455629
5462	59.6127661547674
5472	59.5477653441977
5484	59.4889771170466
5486	59.2361867679632
5494	59.1933768703777
5498	59.1627879253962
5504	59.0813322922429
5554	58.9746501499333
5560	58.9600214508314
5564	58.8708073709851
5566	58.6897837663865
5590	58.6622496309739
5592	58.6404367742868
5594	58.6151152661279
5596	58.6014945948268
5602	58.5475933965444
5606	58.536109139455
5616	58.4210791108052
5622	58.2761812844048
5652	58.2705846420697
5654	58.1033178354397
5672	58.085282102831
5678	58.0839660252391
5682	57.9516768304213
5692	57.780243515397
5700	57.6956185844059
5716	57.580930698177
5730	57.5147083214073
5734	57.4665688832045
5746	57.4544246231767
5750	57.3579553060236
5752	57.2750822584563
5760	57.2683151536204
5762	57.2199096564649
5766	57.1794317444937
5772	57.1336891041104
5780	57.118216642255
5784	57.1129052970267
5822	57.1099256974884
5824	57.0926627762793
5826	57.0760820436671
5828	57.0431426219679
5840	56.9972606267253
5870	56.956501657808
5874	56.9227913572677
5878	56.8706552883173
5900	56.8612684412804
5910	56.792693380191
5914	56.6749988185773
5940	56.6336354052261
5954	56.5249546747351
5970	56.4238188386703
5978	56.3948978265864
5996	56.3473102627449
6006	56.220539863223
6010	56.2181006127341
6022	56.1973222908244
6024	56.1930298724067
6036	56.1597678753446
6038	56.1401230383581
6044	56.0785468126386
6046	56.0036453270266
6052	55.9853917260002
6054	55.9545182289651
6062	55.9382385547477
6074	55.8033348325803
6094	55.5011960009883
6106	55.3757979506459
6122	55.2582161724444
6130	55.1914839798086
6136	55.1262556890605
6142	55.0444832869313
6144	54.9408279382394
6160	54.911423712108
6164	54.8440111267881
6170	54.8009775105455
6184	54.764118685036
6190	54.7517279449411
6194	54.7150108958528
6208	54.6895984323724
6210	54.5098985370185
6226	54.4661106118163
6230	54.450980407234
6240	54.4292171892441
6252	54.3923843389736
6256	54.2405487391694
6262	54.1268134358093
6268	53.6567195542764
6282	53.3791681682690
6298	53.3027028951149
6302	53.2360908273361
6304	53.1338587158698
6310	52.9899539395139
6324	52.9220513472674
6330	52.872811397837
6334	52.7707301589758
6344	52.6210856701061
6354	52.2234840198685
6372	52.2133459049954
6382	51.9905678334663
6394	51.9352149501125
6402	51.8681380833502
6410	51.7188815762971
6428	51.2951405363597
6454	51.0521943278466
6464	50.7209721479224
6494	50.6262278622448
6504	50.4481669509934
6516	50.3643615024544
6518	50.1070803904976
6528	49.9747753635014
6550	49.848026594103
6554	49.8418926503186
6570	49.7353828762313
6574	49.4920624790058
6590	49.4342503225982
6602	49.1629996835347
6604	49.1308123172216
6612	49.0461356121851
6620	49.0035838246886
6630	48.9943106429756
6632	48.7213405827546
6636	48.5983989250508
6656	48.43427662649
6676	48.303503918425
6680	48.0898443966408
6698	48.0239181755523
6704	47.9834673622821
6710	47.92208852927
6712	47.8536553368796
6718	47.6311003157574
6746	47.3142117199406
6752	47.2030760114171
6758	47.0652240552162
6770	46.8753658400651
6784	46.5794446782714
6792	46.5790205596861
6794	46.5404358752913
6798	46.4865879339307
6800	46.3700093663993
6812	45.9957779345884
6828	45.9131671119946
6836	45.906920757874
6838	45.5169910330911
6844	45.1276751145378
6860	45.1223486757605
6870	45.1115942283559
6886	44.8695238770877
6898	44.8384623763999
6908	44.8080072308878
6910	44.7697786104043
6922	44.7327617072137
6934	44.63644516396
6936	44.6243284496021
6940	44.593930371816
6944	44.505307747777
6950	44.0361261772953
6974	43.7159992618116
6984	43.6662825597139
7022	43.5301969631414
7024	43.2784745754182
7040	43.2594007146252
7052	43.2542032655333
7054	43.2339835071662
7058	43.150870795029
7066	43.0887101053706
7068	43.0692958719938
7070	43.0552199024084
7090	43.0548694808743
7094	43.0078393431604
7104	42.9283980435182
7136	42.8854328554896
7152	42.8479643806702
7170	42.7794530961059
7174	42.7531509761369
7178	42.6972102195528
7180	42.6383265555899
7186	42.5789505091479
7212	42.5693141643439
7238	42.4312103531102
7242	42.413010688969
7258	42.3956841867956
7266	42.3885656501405
7286	42.3592185336811
7298	42.328936790689
7312	42.2717675287215
7328	42.2549238954572
7336	42.2365243652967
7342	42.1762896114911
7348	42.1550795271233
7350	42.1436755475476
7372	42.069645036107
7388	42.0645131670296
7394	42.0400514482714
7400	41.9991764059677
7442	41.9263313075894
7444	41.8951588983392
7446	41.8740864987491
7448	41.8285731367463
7470	41.8166859484153
7518	41.773016317348
7520	41.7496861028248
7538	41.7226981584115
7548	41.6825523726617
7550	41.670932040786
7552	41.6653370915686
7562	41.6168636855232
7588	41.5829032785245
7590	41.4196047623707
7606	41.3710243214470
7612	41.3559848104176
7644	41.3153077550417
7666	41.3000036508938
7690	41.2350516764281
7692	41.1886742412273
7738	41.1800048806829
7766	41.1537026407588
7768	41.1119269690679
7790	41.111137091944
7792	41.1051095127739
7800	41.0927737301395
7802	41.0520766752916
7840	41.0368327925031
7858	41.0327144805911
7862	41.0315124628213
7868	41.0255613639227
7870	41.0105282308333
7874	41.0093382515681
7882	40.9825172287368
7884	40.9653983802632
7904	40.9422489814055
7908	40.9237196484668
7942	40.8882603677028
7950	40.8369521052912
7958	40.8175146640819
7966	40.7928077845766
7984	40.7261614083816
7998	40.7228113908938
8006	40.6337149865154
8026	40.5687235890085
8054	40.5328105850967
8098	40.4095703446384
8100	40.3029192494187
8122	40.2383934337686
8158	40.2154443851344
8160	40.1869021685317
8164	40.1695448591163
8174	40.0790670210201
8176	40.0190909918984
8180	39.8847410279818
8216	39.7261597180364
8236	39.7255306426203
8248	39.6192984519747
8262	39.6013301971035
8274	39.5504816494898
8282	39.4770352501555
8336	39.4441052739759
8338	39.3768572435729
8352	39.3601247248413
8354	39.3197091242719
8356	39.2789646775
8388	39.2764511193572
8390	39.1644188995446
8418	39.1627796698802
8422	39.1592893741786
8428	39.1530088301677
8430	39.1131697931732
8432	39.1049231602289
8440	39.0989619550193
8442	39.0825576620962
8444	39.0773200614227
8446	39.0222953906929
8466	38.9854036865873
8470	38.8785380922003
8486	38.8422398124325
8488	38.8358988005887
8490	38.8146705636245
8494	38.7980324468294
8510	38.782127576558
8526	38.7572447758749
8532	38.745088121868
8544	38.7446392905905
8568	38.7279744843205
8578	38.6900523924084
8582	38.660293211859
8600	38.6366833724415
8622	38.6319025344507
8626	38.6064618649279
8638	38.5918660825132
8648	38.5876203801889
8656	38.5816122972757
8662	38.5710226480073
8672	38.5455792689192
8682	38.5441204904478
8692	38.5371500113634
8698	38.5325110005380
8702	38.5114129788248
8706	38.4741646851305
8724	38.4416746597638
8760	38.4401883608746
8770	38.3988045269519
8776	38.3926756573271
8780	38.3527551694853
8788	38.3084423628932
8800	38.294226958849
8812	38.2905679326391
8826	38.2587867392575
8834	38.2409304188569
8846	38.2179484850605
8870	38.2072190626672
8896	38.1921729075765
8900	38.1870577473773
8906	38.1669085424291
8908	38.1589143106382
8916	38.1368962885995
8922	38.134040518876
8926	38.1289713113277
8938	38.1183169986672
8940	38.1172775513383
8948	38.0732562091955
8968	38.0493284699206
8980	38.0086325847149
9006	38.0068523942313
9012	38.002377740382
9034	38.0000367371347
9046	37.9988188425702
9050	37.9327984721705
9116	37.8991645052085
9150	37.896282118569
9168	37.8943821991178
9184	37.8841520344393
9188	37.880649634961
9198	37.8764219329495
9204	37.8586041324359
9214	37.847426226167
9218	37.8428382030812
9226	37.8229861521164
9252	37.8081722751399
9270	37.804321470733
9272	37.793771745027
9274	37.7866294698845
9286	37.7512772378340
9298	37.7311309218899
9302	37.718466552557
9322	37.680974091948
9328	37.6779999301479
9338	37.6498746007568
9358	37.6123754786727
9362	37.5960860406695
9376	37.5777243986369
9390	37.5553789398114
9398	37.5405219770643
9420	37.5159729661751
9452	37.508352051607
9460	37.4707200962628
9496	37.4393833443359
9520	37.4387176763922
9522	37.4175454175598
9526	37.4032498537311
9556	37.4027463402405
9570	37.3949598371312
9572	37.3935269999567
9578	37.3798964994515
9600	37.37916033941
9604	37.3593076109101
9612	37.3543110465134
9616	37.3489532477676
9622	37.3397679780887
9628	37.3343211773542
9632	37.3035441994582
9648	37.2959922579715
9664	37.2920345690850
9686	37.2749475219229
9688	37.2670205892079
9692	37.2663691011037
9700	37.2563760455163
9720	37.2295900039893
9738	37.2265602514395
9748	37.2204953607090
9758	37.2000757239493
9774	37.1915203678838
9778	37.1718661766465
9822	37.1573145000279
9826	37.1533442600093
9846	37.1494146646927
9850	37.140475614192
9854	37.1374993019932
9862	37.1149013734392
9880	37.1075955732733
9890	37.1016371034594
9902	37.1002629220956
9906	37.0886836818215
9934	37.0863032692283
9936	37.0619317967771
9942	37.0500791837936
9952	37.0481480346709
9974	37.0382522427079
9982	37.0183999131667
9984	37.0098859596554
9988	37.0054067432421
10006	36.9923084119066
10012	36.9865258246192
10030	36.9734373374938
10032	36.9611177855039
10034	36.9429383950073
10042	36.9395775141734
10044	36.9261226993707
10048	36.9026725715536
10064	36.8995786278456
10066	36.8985618038618
10090	36.8957646808422
10092	36.8813717697593
10140	36.8807256202562
10144	36.8777622400274
10148	36.8770991035509
10158	36.8714965897126
10166	36.8650989411763
10188	36.8629414367414
10192	36.8538201934436
10210	36.8529021081712
10216	36.8448331751962
10236	36.8397557720165
10242	36.8311862406657
10258	36.8308271784374
10268	36.8259771839228
10280	36.8210273367263
10298	36.8169473745314
10304	36.8124478193945
10310	36.8067215857276
10332	36.8064028808492
10340	36.8041205880816
10342	36.784532182361
10366	36.7825625313748
10380	36.7771567788351
10384	36.7734832081686
10390	36.7594078989428
10418	36.7588669221208
10420	36.7574144667921
10426	36.7540298671703
10448	36.7405320659898
10478	36.7310106296615
10516	36.7207634800685
10528	36.7090640719516
10548	36.7059647901632
10558	36.6961946903613
10564	36.6956062898241
10570	36.6911101519647
10582	36.6787137793078
10618	36.6596487649984
10660	36.6572751058051
10664	36.6562444296192
10666	36.6559617013513
10668	36.6401450314148
10674	36.6267906821103
10698	36.6022744459409
10712	36.5914883604557
10768	36.5910344782822
10774	36.577766387034
10786	36.5747964775296
10808	36.570771332526
10810	36.5706614823947
10814	36.5668744510856
10828	36.5640895453901
10848	36.5630106617269
10852	36.5630034609236
10856	36.5616109632365
10866	36.5609262823882
10868	36.5599231751389
10874	36.5595635892684
10876	36.5543037797006
10894	36.5471791555573
10900	36.5426087751770
10902	36.5297728994546
10926	36.5272011489223
10932	36.5260121811879
10942	36.5255105418781
10946	36.5206666806091
10958	36.5198535896391
10978	36.51557976393
10982	36.5089535447203
10994	36.5064268530845
11016	36.4966952086387
11034	36.4905286291115
11040	36.4877591437499
11046	36.4842320316764
11060	36.4819753962935
11082	36.4811786320209
11084	36.478488116582
11088	36.4770480179098
11098	36.4748796102024
11122	36.47259574397
11134	36.4722497408139
11136	36.4708252381521
11148	36.4673079634017
11150	36.4667233311047
11166	36.4651458452657
11170	36.4626474511362
11174	36.4569476190411
11192	36.4549474017156
11220	36.4516036928516
11246	36.4506663122668
11248	36.4450942247991
11256	36.4436633535209
11266	36.4417353441077
11270	36.4410041274255
11272	36.4404176083505
11276	36.4364147199494
11282	36.4354899213544
11294	36.4310178919584
11318	36.4249104395013
11332	36.4236326218303
11334	36.4171754534447
11342	36.4144664964978
11354	36.3909891488801
11356	36.3808079965039
11372	36.3530158990569
11376	36.3517007716025
11414	36.3466431989715
11416	36.344293250379
11426	36.3290552129554
11454	36.3210836443841
11472	36.3205471752362
11486	36.3152596445391
11492	36.3104931595475
11510	36.3069052292120
11532	36.3056749538157
11540	36.3049568519160
11558	36.3033455810878
11560	36.2984440779200
11570	36.2963368384467
11614	36.2920020127956
11640	36.2912723810166
11646	36.2843808968125
11696	36.2838051734763
11702	36.2795867315608
11714	36.2770798357396
11740	36.2722803542961
11760	36.2697834615411
11772	36.2623382411409
11796	36.256831103468
11798	36.2525861345593
11818	36.2492804296342
11824	36.2468136465533
11828	36.2411928927243
11832	36.2398541775137
11850	36.2377903368653
11854	36.2336799472968
11884	36.2327536783982
11888	36.2325242370656
11896	36.2241235517245
11898	36.2238976847396
11904	36.2211142706181
11908	36.2203691403036
11930	36.2182974453254
11940	36.2168475096318
11944	36.2075882936971
11978	36.2073360925046
11980	36.207149534755
11982	36.2044255151696
11988	36.2021319336876
12002	36.2018916521243
12008	36.1982189638594
12012	36.1950864890648
12028	36.1931134999419
12036	36.1897416692720
12044	36.1858964407189
12050	36.1846490087157
12058	36.1834415074014
12078	36.1779421039639
12098	36.1759274157535
12100	36.1740961682986
12110	36.1718828388404
12120	36.1656656369513
12122	36.1585874221687
12124	36.1521097381587
12144	36.1481152459942
12180	36.1451178428213
12184	36.1395793452605
12194	36.1372102155776
12196	36.1364536664008
12210	36.1327919110548
12214	36.1301460281464
12230	36.1286161697247
12232	36.1275613211219
12236	36.1264046527060
12250	36.1247698403297
12264	36.1247283178716
12266	36.1197723922238
12272	36.1181061667059
12282	36.1157520445584
12304	36.1116535052732
12314	36.104124411073
12320	36.1031814498946
12340	36.1024006715427
12350	36.1014261731031
12358	36.0999006931210
12364	36.09503321887
12378	36.0940958747731
12380	36.0933365356337
12398	36.0850232297085
12410	36.0813807962784
12466	36.0708351898798
12486	36.0687020096874
12498	36.0653077896226
12500	36.0651661780478
12502	36.0643160906472
12514	36.0625371434925
12536	36.0604477835103
12540	36.0563965824463
12574	36.0495925735683
12602	36.0491832794055
12606	36.0464647104766
12608	36.0457857754041
12612	36.0430902575288
12620	36.0395794876902
12626	36.0375324312203
12634	36.0334043448987
12642	36.0301320445006
12646	36.0300176482761
12660	36.0269442617242
12664	36.0258719444895
12676	36.0256744867921
12680	36.0214608361761
12696	36.020420104028
12702	36.0173145869743
12712	36.0167054722493
12724	36.0144428116247
12726	36.0132499209626
12746	36.0127938233860
12748	36.0111338854486
12754	36.0008444598166
12770	35.9996543172386
12790	35.9972771218144
12792	35.9958733102873
12802	35.9927756904101
12830	35.9906964219153
12832	35.9897796010818
12840	35.9884354238064
12852	35.9870261044697
12856	35.9844507373626
12870	35.980088912183
12880	35.978503529459
12894	35.9770519322288
12912	35.9763794181332
12924	35.9757765495073
12950	35.9726796944316
12954	35.9709917366713
12972	35.9703710275462
12980	35.9703355638263
12990	35.9700371373576
13004	35.9697587007678
13006	35.9686295455529
13008	35.9669517134884
13036	35.9661358448825
13054	35.9658733678850
13064	35.9635319286895
13084	35.9630298782439
13088	35.9605235819134
13094	35.9598240671567
13096	35.9587420594552
13100	35.9552900348014
13118	35.9529366803587
13122	35.9515077153322
13132	35.9477359009054
13138	35.946534191213
13140	35.9434178351811
13170	35.9409412540943
13176	35.9400315620061
13216	35.9398892639406
13234	35.9397370954868
13236	35.9395860102471
13240	35.9395148696227
13264	35.9377482811916
13296	35.9369973076436
13302	35.9363051995324
13316	35.9361781866616
13318	35.9359223728584
13328	35.9342064464394
13340	35.9335582668054
13344	35.9334303312231
13348	35.9325990545454
13352	35.9314725335331
13360	35.9310772369621
13362	35.9296592391826
13382	35.9293487495363
13398	35.9292922208225
13406	35.9278780999739
13424	35.9244649080757
13426	35.9242552121359
13442	35.9239726935181
13448	35.9234655781139
13456	35.9233311728831
13472	35.9206384318111
13502	35.9195133676306
13528	35.9193488340752
13538	35.9188845848763
13542	35.9185117248313
13544	35.9180576081058
13550	35.9157875129425
13578	35.915646371945
13584	35.9142109002037
13592	35.9140744683341
13598	35.9140461095944
13602	35.9122629655249
13604	35.9119410836287
13606	35.9116206528736
13608	35.9071046751345
13656	35.9045862185691
13658	35.9041962318433
13670	35.902985023682
13684	35.9027018358059
13706	35.9015052988494
13724	35.90136811181
13742	35.9007755586805
13744	35.9007115626606
13752	35.9006064347962
13756	35.9000185820443
13758	35.8998644713579
13786	35.8992964080598
13794	35.8992706572573
13828	35.8987562594344
13846	35.8975765741592
13860	35.8963617805709
13872	35.8961538162262
13882	35.8956570724467
13894	35.8945502494303
13922	35.8937086527693
13924	35.8925494935422
13932	35.8913407417567
13956	35.8906954617655
13960	35.8906232772235
13972	35.8884891023826
13988	35.8874198690440
14004	35.8866830834059
14008	35.8866798535445
14010	35.8853938377438
14028	35.8821523014773
14034	35.8786871507174
14046	35.878180144126
14050	35.8761575634811
14068	35.8730250863168
14108	35.8726632478381
14112	35.8709616164157
14170	35.8709415126238
14178	35.8706350105719
14184	35.8706201657329
14188	35.8704847704964
14200	35.8676846026789
14208	35.8672730997857
14218	35.8671756079584
14226	35.8661116245817
14238	35.8653654890018
14240	35.8648340351801
14248	35.863789105702
14284	35.8636586787839
14296	35.8631819275
14298	35.8628447783188
14306	35.8623420159190
14332	35.8622472479868
14352	35.861123597179
14390	35.8611077314786
14400	35.8606508963307
14406	35.8604192896773
14408	35.8599110591643
14410	35.859768382839
14422	35.8594585825386
14434	35.8594388611075
14440	35.8592979334895
14470	35.8586637025383
14500	35.8586199246972
14506	35.8582952568867
14518	35.8579507466079
14530	35.8577856736054
14532	35.8574001817613
14544	35.856842744309
14564	35.856307427162
14592	35.8559658291012
14610	35.8551274439860
14620	35.8551060132757
14640	35.8549818032847
14652	35.85481878073
14654	35.8547915760293
14662	35.8542228647892
14678	35.8539002196612
14684	35.8538104084586
14708	35.853351533754
14710	35.8530174577317
14712	35.8529072693422
14716	35.8523758170245
14718	35.8509770871904
14732	35.8500363424985
14750	35.8495433646440
14752	35.8495065213054
14756	35.8494896224908
14782	35.8494594883744
14784	35.8490196815884
14802	35.8490021440886
14804	35.8483379818121
14820	35.8481315876049
14828	35.8477895108754
14836	35.8470937653096
14850	35.846890492859
14856	35.8457166940204
14866	35.8454956490966
14874	35.8446491456789
14886	35.8443955441011
14896	35.8443502990945
14902	35.8438480829532
14906	35.8437011720677
14912	35.8435524389498
14914	35.8427261340547
14930	35.8426467250841
14934	35.8419608328721
14938	35.8411953119318
14950	35.8404683902587
14994	35.8400331356999
15014	35.8398170667744
15026	35.8395132969191
15042	35.838741405379
15046	35.8383542470483
15056	35.8380698017524
15072	35.8370486746384
15100	35.8368476257534
15122	35.8362333244567
15138	35.83607706587
15148	35.8354644893333
15178	35.8348035564225
15216	35.8345370891414
15220	35.8344022960737
15226	35.8343924525878
15242	35.8343055178722
15250	35.8341805708545
15254	35.8336337358436
15266	35.8335329018389
15274	35.833522733485
15280	35.8333348499775
15302	35.8333138139867
15304	35.8330379997375
15316	35.8328619781892
15346	35.8327702278589
15356	35.8326693294239
15366	35.8324978556848
15370	35.8322412289033
15384	35.8320046149917
15418	35.831809901759
15444	35.8311925412656
15502	35.8307508628319
15518	35.8306322431433
15536	35.8300106716790
15544	35.8299835280666
15546	35.8295410240802
15586	35.8294075843413
15594	35.8293943169940
15598	35.8292995721495
15628	35.8289776009541
15642	35.8287508654657
15656	35.828380222565
15680	35.8282093170145
15690	35.8281123291485
15698	35.8278905251026
15714	35.8277964387544
15716	35.8277141666833
15738	35.8275956019679
15766	35.8274409642038
15770	35.8273669792472
15780	35.827288187679
15788	35.8270998408905
15810	35.8270347767367
15822	35.8270190659055
15830	35.8268748444917
15836	35.8268600003966
15840	35.8268546772806
15852	35.8265672306051
15862	35.8264650204116
15866	35.826389520769
15890	35.8262920220484
15922	35.8262856082164
15924	35.8261479044919
15928	35.8260530025129
15934	35.8257364322714
15954	35.8256122196609
15966	35.8255799197088
15970	35.8254570557896
15976	35.8253414170422
15992	35.8253048668591
15994	35.8252602225295
16014	35.8249899588115
16038	35.8248645835367
16050	35.8246653226615
16062	35.8245685793281
16070	35.8245228196772
16080	35.8244180396572
16096	35.8242732253497
16126	35.8242057283501
16134	35.8241443703529
16158	35.8240968697324
16166	35.8240720218162
16176	35.8238704667629
16206	35.8238480662236
16218	35.8237606361374
16230	35.8237042457096
16240	35.8236969531199
16246	35.8236889885465
16258	35.8236381312554
16262	35.8235487017165
16264	35.8234481274803
16296	35.8233603483125
16316	35.8233153231044
16346	35.8232094804598
16376	35.8231693491342
16390	35.8231217506455
16402	35.8231150299447
16408	35.8231089880762
16410	35.8230996223096
16416	35.8230325338009
16438	35.8229967798264
16464	35.8229734278474
16470	35.8229699154582
16478	35.8229482182393
16482	35.8229414553053
16488	35.822938505094
16506	35.8229023257552
16534	35.8228960064618
16554	35.8228732586924
16584	35.8228503147297
16588	35.8228356997599
16630	35.8228280229603
16636	35.8228266538736
16638	35.8228100836556
16652	35.8227843716076
16676	35.8227782763052
16682	35.8227651636150
16696	35.8227625664783
16698	35.8227592372437
16702	35.8227452740547
16724	35.8227434872405
16730	35.8227407833876
16732	35.82272481046
16738	35.8227207801872
16742	35.8227184590801
16750	35.8227033969711
16766	35.8227017490747
16776	35.8226937108503
16780	35.8226800660039
16820	35.8226734584794
16840	35.8226532541111
16876	35.8226512124104
16882	35.8226480294739
16894	35.8226454228944
16896	35.8226453542870
16902	35.8226333725066
16926	35.8226319539915
16930	35.8226304324652
16932	35.8226297040123
16934	35.8226271299813
16936	35.8226220354811
16938	35.8225977898595
16954	35.8225883414207
16964	35.8225767410673
16978	35.8225591291922
16988	35.822535083237
17022	35.8225335217983
17034	35.8225246625205
17044	35.8225001477917
17046	35.8224797133252
17052	35.8224729432525
17060	35.8224716662679
17068	35.8224702518400
17074	35.8224611298603
17086	35.8224592550108
17092	35.8224512018832
17100	35.8224355289533
17104	35.8224281871078
17106	35.8224052893408
17140	35.8223963180276
17142	35.8223777026701
17158	35.8223773425222
17162	35.8223716766178
17180	35.8223612150518
17182	35.822350273695
17184	35.8223154985433
17208	35.8223112641849
17228	35.8222928425553
17236	35.82228665212
17238	35.8222831272549
17252	35.8222414904556
17294	35.8222303644336
17298	35.8222250847713
17306	35.8222018249842
17354	35.8221910993665
17360	35.8221766667502
17368	35.8221679175091
17394	35.8221542883987
17416	35.8221360931449
17418	35.8221271749873
17442	35.8221073667417
17448	35.8221029306196
17452	35.822100578359
17470	35.8220987618310
17478	35.8220797744601
17528	35.8220740781644
17534	35.8220717410377
17536	35.8220672874047
17538	35.8220563252029
17540	35.8220544832414
17546	35.8220418963689
17560	35.8220417949516
17574	35.8220314496062
17580	35.8220241982586
17586	35.8220162109179
17612	35.8220056097131
17614	35.8219991999682
17622	35.8219939915481
17628	35.8219922390491
17630	35.8219903828730
17646	35.8219738587149
17656	35.8219668285384
17658	35.821959044368
17668	35.8219375197558
17674	35.8219182631457
17682	35.8219035143508
17688	35.821902703158
17696	35.8218871791135
17716	35.8218839552864
17736	35.8218697445884
17746	35.821866310713
17754	35.8218488856919
17776	35.8218420260426
17782	35.8218381154159
17794	35.821831321554
17796	35.8218162787081
17800	35.821814493011
17830	35.8218088795682
17834	35.8217925592669
17848	35.8217869205742
17858	35.8217571160529
17876	35.8217491785418
17880	35.8217477921169
17882	35.8217332996141
17888	35.8217307098472
17896	35.8216925404593
17914	35.8216725253772
17920	35.8216648581226
17926	35.8216075403586
17950	35.8215963254022
17978	35.8215921153615
17982	35.8215866794405
17996	35.8215550461017
18000	35.8215532605439
18006	35.8215489442132
18014	35.8214802275047
18034	35.8214647949662
18036	35.8214512624018
18048	35.8214445692706
18050	35.8213628572817
18056	35.8213404997398
18064	35.8213229988446
18086	35.8213140372567
18100	35.8212845492028
18110	35.8212743111109
18120	35.8212644327243
18124	35.8212601575099
18126	35.8212553656345
18130	35.8212128253870
18142	35.8211197565366
18176	35.8210874471796
18192	35.8210839105377
18194	35.8210778736605
18200	35.8210613277416
18202	35.8210539370813
18208	35.8210383352619
18218	35.8209991581760
18228	35.8209763212574
18234	35.8209324741577
18236	35.8209138240187
18240	35.8208217534495
18246	35.8208211603503
18266	35.8208141578718
18276	35.8207303399329
18294	35.8207249740871
18298	35.8207144645325
18304	35.8206623358695
18310	35.8205216548881
18316	35.8204800902328
18318	35.8203750728482
18372	35.820344896129
18382	35.8203440996187
18388	35.8203275163797
18394	35.8203213736191
18406	35.8203211135595
18412	35.8202997180344
18414	35.8202598214028
18428	35.8202579336722
18430	35.820237267004
18458	35.8202029405968
18478	35.8201967374612
18492	35.8201957009778
18498	35.8201939651253
18502	35.8201893983997
18508	35.8201317205422
18514	35.8200690279177
18522	35.8200643433594
18536	35.8200083210172
18564	35.8199995467458
18574	35.8199523913011
18582	35.8199444095315
18604	35.8199080478457
18658	35.819901426272
18668	35.8198827720363
18672	35.8198767409279
18688	35.8198697736721
18698	35.8198581622653
18704	35.8198538913164
18714	35.8198340919854
18716	35.8198315304367
18728	35.8198297331823
18748	35.8197991691175
18754	35.8197952809314
18760	35.8197884165304
18772	35.8197747287471
18822	35.8197622768382
18840	35.8197528646957
18848	35.8197523328524
18852	35.8197488239349
18854	35.8197482130636
18856	35.8197421033929
18892	35.8197221390962
18904	35.8197149425442
18918	35.8197091010362
18930	35.8196942354744
18942	35.8196931302073
18944	35.8196718336735
18962	35.8196701940636
18968	35.8196643304787
18982	35.8196547298515
18994	35.8196420564116
19000	35.8196365789135
19006	35.8196334131825
19024	35.8196195618938
19030	35.8196101938718
19042	35.8196069589396
19046	35.8196008724487
19048	35.8195928475154
19054	35.8195798212180
19060	35.8195725574597
19068	35.8195722730362
19074	35.8195619616153
19082	35.8195489770553
19096	35.8195271084683
19134	35.8195257478000
19144	35.8195177856753
19154	35.8195103805234
19160	35.8195045062335
19180	35.8195041190076
19192	35.8194965222662
19196	35.8194937900952
19208	35.8194935478349
19216	35.8194865430433
19226	35.8194752411880
19240	35.8194691110521
19248	35.8194628513696
19270	35.8194608987562
19286	35.819446486488
19294	35.8194432344745
19300	35.8194379718145
19304	35.8194333286429
19308	35.8194327054352
19322	35.8194304675612
19330	35.8194065747634
19352	35.8194064427908
19362	35.8194017539503
19384	35.8193944382268
19386	35.8193919378036
19388	35.8193810220433
19412	35.8193786127430
19414	35.8193773190818
19416	35.8193687158625
19438	35.819367521378
19442	35.8193611820697
19468	35.8193610385892
19470	35.8193586997039
19474	35.8193570974052
19482	35.8193513020933
19496	35.8193479710246
19498	35.8193252350621
19528	35.8193233690191
19534	35.8193196161295
19566	35.8193155908980
19574	35.8193128833598
19590	35.8193083239587
19604	35.8193044930735
19606	35.8192963081936
19620	35.8192955041687
19646	35.8192951489385
19648	35.8192887180217
19654	35.8192884568964
19666	35.8192814245916
19684	35.8192753079552
19704	35.8192725998887
19730	35.8192677552266
19752	35.8192676916719
19756	35.8192666545074
19766	35.8192646040558
19770	35.8192600149706
19794	35.8192585973559
19798	35.8192543300664
19822	35.819253565922
19826	35.8192449424296
19830	35.8192437748114
19858	35.8192393808920
19860	35.8192320563493
19882	35.8192299071649
19890	35.8192258946666
19892	35.8192258123594
19894	35.8192252890226
19908	35.8192242645179
19914	35.8192226613898
19916	35.8192189859039
19926	35.8192165937715
19930	35.8192163316542
19948	35.8192110706534
19952	35.8192060620139
19956	35.8192055102175
19964	35.819199931777
19970	35.819198555773
19980	35.8191953714647
19986	35.8191912955583
19992	35.8191898837514
20004	35.8191799606379
20024	35.8191756325307
20040	35.8191751934183
20046	35.8191724089968
20062	35.8191661712184
20064	35.8191642944045
20072	35.8191611640546
20088	35.8191603197170
20104	35.8191546845987
20138	35.8191512268135
20156	35.8191486801744
20186	35.819142098555
20200	35.8191389717217
20206	35.8191370791615
20210	35.8191345188312
20222	35.8191280486078
20226	35.8191278838793
20242	35.8191228932886
20254	35.8191215230263
20256	35.819108056636
20294	35.8191059194919
20324	35.8191029874079
20340	35.8191025745632
20344	35.8190971149442
20360	35.8190964773114
20388	35.8190896549133
20396	35.8190881593986
20404	35.8190851731881
20406	35.8190850296975
20408	35.8190821853144
20426	35.8190773617272
20438	35.8190715448741
20470	35.8190700049909
20472	35.8190687998151
20498	35.8190664375359
20504	35.8190643735882
20522	35.8190600785176
20562	35.8190582811993
20570	35.8190568411059
20578	35.8190568399280
20586	35.8190538594828
20594	35.8190512770562
20618	35.8190417453255
20644	35.8190410811556
20650	35.8190388018949
20662	35.8190378406611
20664	35.8190367012279
20672	35.8190308997128
20694	35.8190302298106
20732	35.819028145904
20746	35.8190275915152
20770	35.8190267350189
20786	35.8190242120106
20790	35.8190238624509
20804	35.8190187786013
20816	35.8190166306379
20830	35.8190145670851
20834	35.8190049780578
20862	35.8189959145586
20864	35.8189943063536
20876	35.8189941714485
20878	35.8189940537675
20882	35.8189919055599
20900	35.818990764052
20906	35.8189892546838
20914	35.8189890521521
20918	35.8189872795116
20932	35.8189817889063
20946	35.8189758443638
20970	35.8189736264268
20980	35.8189729701057
20984	35.8189700446921
21012	35.8189697652631
21014	35.8189696312171
21018	35.8189693704436
21020	35.818968549534
21034	35.8189671090317
21038	35.8189669963767
21066	35.8189627422269
21068	35.8189616112816
21084	35.8189606110388
21092	35.8189566036356
21106	35.8189545475741
21138	35.8189534428546
21166	35.8189504942242
21204	35.8189491125332
21212	35.8189476041841
21228	35.8189451390613
21238	35.8189402030939
21240	35.8189397965386
21242	35.8189383149899
21264	35.8189382058624
21268	35.8189372352655
21276	35.8189335743837
21284	35.8189318799342
21314	35.8189291316857
21324	35.8189253782375
21334	35.8189237630515
21346	35.8189166806515
21390	35.8189149572019
21414	35.8189106250403
21416	35.8189105276225
21418	35.8189087041938
21426	35.8189083200776
21440	35.818907390301
21450	35.8189004760764
21454	35.8188990217621
21464	35.8188979747863
21476	35.8188970759404
21482	35.8188960698154
21506	35.8188956659381
21512	35.8188934765522
21532	35.8188930268043
21536	35.8188919287533
21552	35.8188874712918
21562	35.8188865939068
21582	35.8188857929276
21590	35.8188828224905
21606	35.8188792631118
21620	35.818879216967
21630	35.818877560005
21632	35.8188741587488
21636	35.8188672413985
21666	35.8188668893552
21674	35.818857176483
21686	35.8188545528943
21700	35.8188525217967
21708	35.8188500133288
21732	35.8188495422797
21740	35.8188442431721
21742	35.8188429032074
21750	35.8188419429697
21760	35.8188401518331
21766	35.818837098035
21768	35.8188345652049
21784	35.8188344931580
21786	35.8188301579116
21792	35.8188300021027
21798	35.8188298347419
21810	35.8188208671152
21848	35.8188199024197
21856	35.8188164057443
21870	35.8188160776904
21872	35.8188152740129
21886	35.8188112217369
21902	35.8188100010584
21922	35.8188079046635
21936	35.818807330738
21938	35.8188062089974
21942	35.8188056424844
21958	35.8188034058654
21964	35.8188028106209
21972	35.8187976253214
21978	35.8187956450231
21998	35.8187938683344
22008	35.8187929140455
22024	35.8187918456646
22030	35.8187917330557
22034	35.8187891990218
22050	35.8187855380775
22060	35.8187798076731
22068	35.818776270891
22082	35.8187726767611
22086	35.8187715356476
22088	35.81876989338
22092	35.8187635488363
22096	35.8187614193937
22106	35.818759715406
22144	35.8187587532097
22164	35.8187575506126
22168	35.8187560458692
22184	35.8187541693078
22186	35.8187510202846
22198	35.8187486658066
22214	35.8187455812654
22224	35.8187428776732
22236	35.8187373284927
22264	35.8187370184129
22292	35.8187353674836
22308	35.8187352195175
22310	35.818733552761
22318	35.8187319024827
22334	35.8187310860457
22336	35.8187301070971
22338	35.8187296895673
22350	35.8187283878909
22354	35.8187281117246
22362	35.8187255661103
22364	35.8187248394229
22374	35.8187243165913
22384	35.8187234554763
22392	35.818723002515
22394	35.8187204663685
22404	35.818719244659
22422	35.8187169209241
22434	35.8187167411055
22436	35.8187166392075
22446	35.8187154218578
22452	35.8187130444393
22480	35.8187118368393
22492	35.8187112513826
22496	35.8187086654205
22520	35.8187044034289
22538	35.8187039251059
22544	35.8187032037262
22550	35.8187007242036
22556	35.8186990971902
22578	35.8186976726268
22594	35.8186975148895
22600	35.8186973035433
22602	35.8186910855444
22618	35.8186899931176
22620	35.8186899332987
22622	35.8186887044484
22632	35.8186879989327
22642	35.8186865107934
22644	35.818679445997
22654	35.8186783754241
22674	35.8186764322392
22686	35.8186744796964
22694	35.8186696774068
22716	35.818662902387
22740	35.8186618277800
22748	35.8186601377963
22750	35.8186576506951
22752	35.8186488468378
22774	35.8186464733686
22796	35.8186456799545
22798	35.8186454392608
22816	35.818639687007
22822	35.8186396444387
22826	35.8186382713499
22840	35.8186379176323
22844	35.818636161067
22846	35.8186351237530
22852	35.81863277849
22862	35.8186321270351
22870	35.8186313352992
22874	35.8186287396237
22888	35.8186265526135
22902	35.8186240037009
22918	35.8186208479306
22922	35.8186171926698
22934	35.8186157395174
22952	35.8186155334241
22958	35.8186111664248
22972	35.8186086645217
23024	35.8186062996444
23040	35.8186061317
23048	35.81860546793
23080	35.8186053923958
23082	35.8186044352310
23084	35.8186041698389
23092	35.8186036273272
23096	35.8186036206498
23106	35.8186013382563
23108	35.8186009107646
23118	35.8185983966453
23140	35.8185975363306
23156	35.8185966693484
23178	35.8185963274261
23188	35.8185936955595
23234	35.8185936452625
23242	35.8185934994208
23244	35.8185934381538
23254	35.8185934266076
23258	35.8185927888519
23268	35.8185926552128
23276	35.818591568696
23278	35.8185906639723
23282	35.8185899382647
23292	35.8185886323927
23322	35.8185880047542
23328	35.8185875306566
23348	35.818586899745
23360	35.8185864539236
23382	35.8185858376294
23400	35.8185848289814
23416	35.8185825686179
23442	35.8185823005888
23458	35.8185821353335
23466	35.8185817593710
23474	35.818581086168
23484	35.8185798402085
23498	35.8185784300268
23508	35.8185767948697
23522	35.8185761877548
23524	35.8185754262880
23534	35.8185751834417
23544	35.8185743791951
23562	35.818574132517
23564	35.8185731614785
23584	35.8185730168383
23592	35.8185709455074
23596	35.8185688733864
23602	35.8185683795745
23620	35.8185679677375
23662	35.81856789069
23668	35.8185676332109
23670	35.8185673760306
23684	35.8185667932429
23686	35.8185665538889
23688	35.8185664034201
23690	35.8185660532827
23692	35.8185656933684
23704	35.8185653407227
23708	35.8185650815213
23710	35.8185643559816
23712	35.8185640911358
23726	35.818563065633
23736	35.8185629322747
23740	35.818562559196
23742	35.8185625128251
23752	35.818560367778
23778	35.8185603108204
23782	35.8185593780567
23786	35.8185588638304
23808	35.8185576533704
23824	35.8185569650337
23830	35.8185569075164
23840	35.8185564466154
23842	35.8185554985844
23848	35.8185552581122
23850	35.8185530059437
23874	35.8185518871588
23884	35.8185506283945
23916	35.8185503259218
23922	35.8185491786929
23938	35.8185487170868
23956	35.8185484243923
23964	35.8185461460419
23972	35.8185459771750
23986	35.8185436267989
24004	35.8185432755069
24016	35.8185415922683
24040	35.8185410181488
24080	35.8185405754958
24082	35.818540169363
24090	35.8185397950793
24116	35.8185396629197
24122	35.8185395785788
24124	35.8185394810067
24128	35.8185394104413
24136	35.8185392264939
24156	35.8185392223722
24158	35.8185381721436
24160	35.8185379661244
24182	35.8185375471856
24196	35.8185369552608
24202	35.8185368504963
24218	35.8185366008133
24228	35.8185362051836
24236	35.818535913604
24244	35.8185355154070
24260	35.8185348577
24262	35.8185347065655
24264	35.8185343771748
24272	35.8185336656912
24322	35.8185335449722
24330	35.8185334574961
24332	35.8185334293249
24346	35.8185333611664
24348	35.8185333293736
24350	35.818533288976
24358	35.8185331565254
24362	35.8185320345832
24372	35.8185316824369
24398	35.8185313195229
24414	35.8185311062395
24434	35.8185309644143
24436	35.8185308277305
24440	35.8185306514939
24442	35.8185296760808
24460	35.8185296395949
24462	35.8185290348997
24476	35.8185287872264
24486	35.8185286923144
24494	35.8185276545001
24496	35.8185274413104
24498	35.8185271667823
24516	35.8185270647242
24520	35.8185268879387
24522	35.818526459049
24540	35.8185255274213
24566	35.8185247645897
24580	35.8185246286272
24582	35.8185242302066
24592	35.8185242297346
24594	35.8185235029253
24600	35.8185232272623
24628	35.8185231240431
24636	35.8185228386837
24638	35.8185222153845
24696	35.818522091558
24698	35.818522024311
24702	35.8185219454493
24706	35.8185216758849
24718	35.8185215095047
24724	35.8185210196759
24740	35.818520852706
24746	35.8185200475057
24768	35.8185200349295
24778	35.8185198490269
24786	35.8185195619815
24790	35.8185192584046
24794	35.8185191537703
24796	35.818518965023
24838	35.8185186830232
24844	35.8185186261236
24850	35.8185182604915
24858	35.8185179528298
24882	35.8185179022217
24892	35.818517179461
24952	35.8185166494536
24966	35.8185162076405
24980	35.8185158520472
25012	35.8185158039325
25014	35.8185152438060
25038	35.8185149482535
25040	35.8185144980573
25058	35.8185141818175
25082	35.8185139733586
25096	35.8185133024965
25130	35.8185128436671
25160	35.8185127623962
25164	35.8185126164086
25168	35.818512256231
25206	35.8185120852286
25214	35.8185120169825
25220	35.8185119762443
25222	35.8185119462634
25226	35.8185119023487
25232	35.8185116131252
25238	35.8185113538886
25258	35.8185113221058
25260	35.8185113179754
25278	35.8185108181797
25284	35.8185107479549
25314	35.8185106242043
25318	35.818510192162
25338	35.8185101336947
25340	35.8185100934515
25348	35.8185097484862
25354	35.8185093963025
25358	35.8185092037277
25396	35.8185091763089
25398	35.8185089372533
25408	35.8185086494812
25414	35.8185084867025
25422	35.8185082603344
25424	35.8185082238906
25430	35.8185081049143
25442	35.8185076613284
25484	35.8185075456345
25490	35.8185074867878
25492	35.818507468821
25494	35.8185072926986
25502	35.8185072295495
25504	35.8185071785732
25516	35.8185071605115
25518	35.8185069296637
25520	35.8185063472458
25560	35.8185061985075
25572	35.8185061715579
25578	35.8185061425375
25584	35.818506115013
25586	35.8185055512089
25594	35.8185054876638
25596	35.8185045781190
25612	35.818503980082
25634	35.8185034824581
25660	35.8185032904904
25668	35.8185029573452
25684	35.8185028679475
25700	35.8185028134663
25702	35.8185026870378
25722	35.8185019879225
25728	35.8185019485059
25736	35.8185019269023
25746	35.8185017345778
25774	35.8185015069102
25782	35.8185014606511
25790	35.818501427372
25794	35.8185013475455
25812	35.8185011721268
25824	35.818501021803
25856	35.818500827057
25860	35.8185004950332
25872	35.8185004226275
25874	35.818500315609
25886	35.8185001134193
25888	35.8185000694993
25890	35.8184998913478
25906	35.818499889786
25920	35.8184997537952
25926	35.8184997330673
25948	35.8184995966804
25950	35.8184994562064
25960	35.8184994189221
25966	35.8184993843824
25978	35.8184991744298
26002	35.8184990535602
26008	35.818498740568
26010	35.8184986841286
26020	35.8184983033114
26022	35.8184980845628
26044	35.8184979546976
26064	35.8184977850359
26092	35.8184972460198
26102	35.8184969037583
26118	35.8184968041867
26138	35.8184962246351
26208	35.8184961930903
26218	35.8184961336903
26236	35.818496112734
26252	35.8184959452253
26266	35.8184957990832
26272	35.8184957541408
26276	35.8184956704353
26292	35.8184956357560
26300	35.8184954565407
26330	35.8184953002675
26354	35.8184950508642
26370	35.818495024662
26374	35.818494867224
26392	35.8184947406197
26410	35.8184946698056
26414	35.8184946375312
26438	35.8184945785913
26452	35.818494485746
26454	35.8184943234085
26458	35.8184943144954
26460	35.8184942378947
26464	35.8184939716323
26476	35.8184939145665
26478	35.8184938659325
26486	35.818493853143
26492	35.8184938416664
26506	35.8184936523738
26522	35.8184935654765
26544	35.8184935231323
26548	35.8184933928667
26598	35.8184932911458
26600	35.8184932510029
26630	35.8184932355892
26634	35.8184931996323
26654	35.8184931462904
26666	35.8184930574241
26686	35.8184930557163
26688	35.8184929663808
26694	35.8184929577525
26696	35.8184929470746
26706	35.8184929247882
26726	35.8184929164353
26732	35.8184927714813
26746	35.8184927703930
26748	35.818492665315
26770	35.8184926063504
26794	35.8184925864109
26800	35.8184925593859
26804	35.8184925083894
26816	35.8184923614753
26842	35.8184923479734
26844	35.818492341228
26846	35.8184922720101
26874	35.8184922258999
26878	35.8184922225171
26880	35.8184922214245
26882	35.8184921409203
26886	35.8184919825481
26892	35.8184917251218
26928	35.8184917093696
26932	35.8184916752188
26936	35.8184916565641
26938	35.8184916355142
26956	35.8184916316789
26960	35.8184915431317
26966	35.8184915132863
26970	35.8184914624535
26972	35.8184914223085
26988	35.8184914189566
26990	35.8184914001968
27000	35.8184913462232
27018	35.8184912809365
27038	35.8184912671188
27040	35.8184912157401
27060	35.8184912139142
27064	35.8184912114273
27082	35.8184911427545
27090	35.8184911217367
27094	35.8184910904319
27108	35.8184910307857
27146	35.8184909411154
27156	35.8184908883899
27162	35.8184908156953
27184	35.8184907350365
27194	35.818490616831
27196	35.8184905666937
27244	35.8184905544747
27252	35.8184905379829
27254	35.8184904999151
27260	35.8184904959229
27262	35.8184904802508
27270	35.8184904328218
27278	35.8184903641742
27294	35.8184903427779
27298	35.8184902355056
27308	35.8184901953354
27318	35.8184901299866
27322	35.8184901277175
27340	35.8184901258035
27344	35.8184901086271
27358	35.818489950815
27392	35.8184899287398
27414	35.818489915823
27416	35.8184898791552
27430	35.8184898551146
27432	35.8184898338526
27450	35.8184897500223
27456	35.8184896564646
27478	35.8184895223128
27504	35.8184895219293
27530	35.8184895145587
27536	35.8184894719921
27554	35.818489471486
27556	35.8184893464740
27578	35.8184892920684
27592	35.8184892878847
27596	35.8184892832989
27606	35.8184892778419
27616	35.8184891890787
27624	35.8184891823342
27630	35.8184891725257
27634	35.8184889993642
27650	35.8184889772642
27668	35.8184889640686
27670	35.8184889356563
27672	35.8184888710787
27676	35.8184888586586
27682	35.8184886746745
27706	35.8184886046593
27710	35.8184884857076
27722	35.8184883785604
27732	35.8184881955623
27742	35.8184879942359
27780	35.8184879331877
27782	35.8184878992732
27784	35.8184878855348
27788	35.8184878433399
27790	35.8184877971491
27794	35.8184876966282
27802	35.8184876495724
27830	35.8184876444373
27836	35.8184875043229
27842	35.8184874720813
27854	35.8184874332386
27860	35.8184873195996
27896	35.8184872360426
27918	35.8184871061171
27922	35.8184870476924
27926	35.8184868859889
27934	35.8184868064298
27976	35.8184867803961
27986	35.8184867766933
27996	35.8184867129967
28006	35.8184866876976
28028	35.8184866578126
28034	35.8184866502802
28036	35.8184865761611
28038	35.8184865746326
28050	35.8184865365702
28074	35.8184864807149
28086	35.8184864288856
28090	35.8184863977176
28102	35.8184862794213
28114	35.8184862678594
28126	35.8184862065934
28132	35.8184861502112
28148	35.8184860899344
28154	35.818486064277
28160	35.8184859700944
28174	35.8184858629734
28180	35.8184858516146
28206	35.8184857472013
28214	35.8184857437303
28238	35.8184856477349
28254	35.8184856421868
28278	35.8184855508039
28298	35.8184855359855
28304	35.8184855348899
28310	35.8184854729506
28312	35.8184854521576
28334	35.8184854478793
28350	35.8184854129048
28352	35.8184853871751
28356	35.8184853164973
28364	35.8184853126713
28372	35.818485293829
28386	35.8184852569877
28400	35.8184852277624
28416	35.818485140241
28428	35.8184850947987
28472	35.8184850273855
28496	35.818485014998
28502	35.8184849592797
28510	35.8184849385351
28518	35.8184849292036
28526	35.8184849121297
28538	35.8184848873952
28548	35.8184848627814
28554	35.8184848577154
28556	35.8184848374573
28574	35.8184848359292
28590	35.818484805645
28606	35.8184847999771
28608	35.8184847781577
28622	35.818484713744
28630	35.8184847045622
28634	35.8184847039682
28642	35.8184846748300
28648	35.8184846741106
28654	35.818484649918
28660	35.8184846142642
28664	35.8184845729394
28686	35.8184845225853
28706	35.8184844895796
28714	35.8184844817122
28740	35.8184844294986
28766	35.8184843944705
28786	35.8184843794937
28794	35.8184843559441
28804	35.8184843501927
28806	35.8184843453257
28814	35.818484343637
28826	35.8184843195167
28828	35.8184843088555
28836	35.8184842967776
28838	35.8184842942625
28848	35.8184842375939
28858	35.8184842297691
28862	35.8184842162793
28896	35.8184842115174
28902	35.8184842064041
28908	35.8184841810303
28916	35.8184841792773
28932	35.818484177685
28944	35.8184841713708
28948	35.8184841704593
28952	35.8184841394114
28956	35.8184841352137
28958	35.8184841081138
28974	35.8184840659837
28976	35.8184840518706
28990	35.8184840467493
28992	35.8184840194731
28994	35.8184840086124
28998	35.8184840078002
29000	35.8184839968497
29010	35.8184839887163
29022	35.8184839570517
29024	35.8184839158589
29026	35.8184839007108
29030	35.8184838934028
29034	35.8184838372870
29072	35.8184837579844
29086	35.8184837410646
29088	35.8184836626283
29098	35.8184836536013
29110	35.8184836424021
29112	35.8184836328725
29114	35.8184836077924
29136	35.8184835736505
29140	35.8184835371253
29142	35.8184835262079
29152	35.8184835124720
29162	35.8184834570715
29172	35.8184834250279
29180	35.8184834208331
29192	35.8184834072387
29194	35.8184833715988
29222	35.8184833337324
29244	35.8184833263657
29248	35.8184833231694
29252	35.8184833159506
29254	35.8184832981211
29278	35.8184832970176
29290	35.8184832893601
29298	35.8184832751487
29320	35.8184832682462
29322	35.8184832618091
29330	35.8184832613535
29350	35.8184832613368
29358	35.8184832457659
29370	35.8184832121201
29398	35.8184832114109
29408	35.8184831960831
29410	35.818483195377
29424	35.8184831933573
29432	35.8184831909597
29438	35.8184831781789
29450	35.8184831750271
29460	35.8184831717884
29476	35.8184831631373
29480	35.8184831589802
29498	35.8184831533426
29500	35.8184831507311
29510	35.8184831475382
29514	35.818483142736
29536	35.8184831341717
29554	35.8184831334878
29562	35.8184831111635
29566	35.8184831107327
29568	35.8184831076003
29586	35.8184831074895
29606	35.81848308771
29612	35.818483083552
29640	35.8184830721895
29654	35.8184830502365
29672	35.8184830270289
29678	35.8184829969524
29708	35.8184829834011
29724	35.8184829767625
29728	35.8184829717898
29744	35.8184829544237
29746	35.8184829511533
29756	35.8184829284939
29782	35.8184829264633
29802	35.8184829150014
29808	35.8184828970147
29820	35.8184828893715
29838	35.8184828758832
29846	35.8184828720511
29854	35.8184828590348
29864	35.8184828565217
29866	35.8184828238296
29878	35.8184827874315
29894	35.8184827864491
29910	35.8184827706456
29920	35.818482768711
29924	35.8184827625468
29926	35.8184827190697
29978	35.8184827104175
29988	35.8184826942854
29990	35.8184826863481
30002	35.8184826820103
30008	35.8184826799537
30018	35.8184826780105
30024	35.8184826767427
30036	35.8184826650325
30042	35.8184826570495
30044	35.8184826450424
30058	35.8184826120169
30092	35.8184826058235
30094	35.8184826013421
30098	35.8184825899671
30112	35.8184825851306
30116	35.8184825736375
30118	35.8184825723483
30134	35.8184825694453
30144	35.8184825693519
30160	35.8184825690232
30162	35.8184825575738
30188	35.8184825495622
30192	35.8184825408748
30204	35.8184825252271
30214	35.8184825227642
30220	35.8184825111538
30270	35.8184825038395
30280	35.8184825012522
30286	35.8184825008556
30288	35.8184824947236
30302	35.8184824880640
30308	35.8184824860855
30322	35.8184824712556
30338	35.8184824693006
30346	35.8184824575122
30366	35.8184824541714
30382	35.8184824538975
30384	35.8184824506608
30392	35.8184824439352
30418	35.8184824427155
30422	35.8184824412111
30428	35.8184824362788
30434	35.8184824269101
30450	35.8184824251845
30454	35.8184824152765
30466	35.8184824061787
30532	35.818482399054
30534	35.8184823983759
30544	35.8184823950533
30556	35.8184823898456
30558	35.8184823881832
30560	35.8184823738108
30584	35.818482371197
30586	35.818482365864
30588	35.8184823596582
30590	35.818482358346
30600	35.818482356009
30602	35.8184823339803
30628	35.8184823202276
30656	35.8184823199982
30668	35.8184823163042
30676	35.8184823141559
30678	35.8184823001298
30690	35.8184822899475
30696	35.8184822861801
30706	35.8184822815496
30708	35.818482261237
30724	35.8184822526473
30738	35.8184822497919
30758	35.818482248229
30760	35.8184822411255
30770	35.8184822340924
30786	35.8184822234484
30794	35.8184822233075
30810	35.8184822191065
30814	35.8184822151401
30830	35.8184822070308
30836	35.8184821976477
30840	35.8184821888225
30850	35.8184821798785
30866	35.8184821704988
30890	35.8184821635319
30918	35.8184821598167
30944	35.8184821496917
30960	35.8184821442205
30966	35.8184821318093
31004	35.8184821118371
31012	35.8184821112160
31016	35.8184821012807
31028	35.8184820971963
31040	35.8184820897784
31056	35.8184820866707
31062	35.8184820782316
31064	35.8184820687059
31102	35.8184820661189
31106	35.818482065219
31120	35.8184820216007
31152	35.8184820202249
31166	35.8184820194609
31170	35.8184820083432
31180	35.8184820040500
31184	35.818481994936
31188	35.8184819942504
31200	35.8184819930269
31206	35.8184819878668
31208	35.8184819876826
31210	35.8184819851419
31218	35.8184819845805
31226	35.8184819791795
31234	35.8184819776693
31238	35.8184819762912
31256	35.8184819703806
31288	35.8184819580592
31298	35.8184819553107
31300	35.8184819474346
31306	35.8184819427828
31330	35.8184819215945
31346	35.8184819124845
31370	35.8184819020747
31394	35.8184818969128
31404	35.8184818958754
31406	35.8184818916196
31412	35.8184818902273
31416	35.8184818856532
31422	35.8184818748709
31424	35.8184818716005
31426	35.8184818678222
31432	35.8184818605603
31434	35.8184818539877
31436	35.8184818520774
31440	35.8184818509386
31442	35.818481841618
31460	35.8184818400127
31462	35.8184818273161
31472	35.8184818248317
31482	35.8184818239888
31492	35.8184817935506
31508	35.8184817792704
31536	35.8184817732231
31544	35.8184817667694
31550	35.8184817603483
31558	35.8184817569136
31566	35.8184817518498
31568	35.8184817486161
31570	35.8184817321048
31574	35.8184817036359
31616	35.8184816852304
31626	35.8184816768974
31640	35.8184816431141
31650	35.8184816345885
31660	35.818481610932
31686	35.8184816009608
31692	35.8184815771421
31704	35.8184815725429
31708	35.8184815652390
31712	35.8184815328827
31718	35.8184815295332
31736	35.8184815177442
31754	35.8184814976975
31768	35.818481487883
31774	35.8184814839555
31778	35.8184814732422
31816	35.8184814716280
31820	35.8184814696483
31822	35.8184814675958
31824	35.8184814623635
31830	35.8184814592897
31838	35.8184814571053
31850	35.8184814565915
31852	35.8184814481303
31858	35.8184814291158
31872	35.8184814264043
31878	35.8184814177034
31914	35.8184814160547
31918	35.8184814120081
31936	35.8184814099773
31942	35.8184814017496
31944	35.8184814007668
31946	35.8184813943242
31956	35.8184813788689
32014	35.8184813666235
32060	35.8184813568925
32082	35.8184813544469
32092	35.8184813486445
32106	35.8184813480358
32116	35.8184813407623
32124	35.8184813376307
32154	35.8184813339996
32158	35.8184813286118
32182	35.8184813280602
32184	35.8184813280364
32186	35.8184813193835
32208	35.8184813153279
32230	35.8184813150479
32232	35.8184813090601
32264	35.818481308778
32278	35.818481307302
32282	35.8184813031998
32290	35.8184813010046
32296	35.8184813000273
32312	35.8184812953000
32324	35.818481293601
32328	35.8184812886126
32332	35.8184812865394
32336	35.8184812861679
32338	35.8184812823872
32360	35.8184812811650
32368	35.8184812759966
32378	35.8184812745094
32380	35.8184812729273
32398	35.8184812690642
32404	35.818481268361
32424	35.8184812584884
32426	35.818481256844
32432	35.8184812526811
32440	35.8184812494168
32446	35.8184812485360
32464	35.8184812418162
32482	35.818481236728
32488	35.8184812337321
32492	35.818481225814
32496	35.8184812104768
32534	35.8184811983187
32540	35.8184811891277
32550	35.8184811869593
32554	35.8184811834861
32564	35.8184811804606
32574	35.8184811769657
32584	35.818481172036
32608	35.8184811674275
32632	35.8184811510347
32656	35.8184811480278
32658	35.8184811439851
32678	35.8184811340737
32702	35.8184811183141
32722	35.8184811088783
32730	35.8184810940917
32738	35.818481080817
32742	35.818481066472
32752	35.8184810596262
32768	35.8184810454480
32808	35.8184810394099
32834	35.818481032188
32840	35.8184810115327
32846	35.8184810114082
32876	35.8184810071536
32902	35.8184810042972
32906	35.8184809814096
32938	35.8184809809691
32960	35.81848097609
32972	35.8184809705545
32978	35.8184809612553
32986	35.8184809427965
33020	35.8184809380171
33022	35.8184809249985
33054	35.8184809249744
33070	35.8184809189350
33086	35.8184809172081
33096	35.8184808952498
33116	35.8184808864649
33124	35.8184808635123
33166	35.8184808596916
33192	35.8184808548542
33210	35.8184808544901
33218	35.8184808467359
33230	35.8184808434273
33232	35.8184808422595
33250	35.8184808421664
33260	35.8184808415816
33262	35.8184808388066
33280	35.8184808382186
33306	35.8184808311778
33332	35.8184808306271
33338	35.8184808253496
33354	35.818480820483
33372	35.8184808181704
33404	35.8184808179795
33408	35.8184808179426
33410	35.8184808175842
33412	35.8184808169232
33432	35.8184808152407
33434	35.8184808137810
33438	35.8184808120009
33450	35.8184808092161
33486	35.8184808075068
33528	35.8184808029389
33538	35.8184807968445
33570	35.8184807965673
33572	35.8184807962224
33582	35.8184807948552
33584	35.8184807917983
33608	35.8184807913988
33612	35.8184807913122
33626	35.8184807888573
33630	35.8184807873906
33634	35.8184807870812
33650	35.8184807804658
33700	35.8184807768916
33710	35.8184807756912
33730	35.8184807748758
33740	35.8184807743174
33744	35.8184807726094
33754	35.8184807688449
33770	35.8184807686854
33788	35.818480766096
33798	35.8184807639299
33810	35.8184807616744
33814	35.8184807592162
33846	35.8184807541488
33884	35.8184807487083
33904	35.8184807481524
33914	35.8184807460977
33916	35.8184807440017
33954	35.8184807428355
33968	35.8184807418333
33990	35.8184807417036
34016	35.8184807401918
34034	35.8184807394039
34064	35.8184807390186
34070	35.8184807389866
34074	35.8184807384609
34078	35.8184807383245
34092	35.818480737975
34094	35.818480737338
34096	35.8184807359211
34116	35.818480735719
34132	35.81848073567
34138	35.8184807353784
34152	35.8184807351135
34162	35.8184807345901
34166	35.8184807343313
34180	35.8184807340234
34192	35.8184807335763
34200	35.8184807327482
34214	35.8184807322669
34216	35.8184807319727
34218	35.818480731294
34228	35.8184807306792
34258	35.8184807294751
34274	35.8184807294221
34286	35.8184807283528
34290	35.8184807278138
34300	35.8184807268329
34310	35.8184807261076
34314	35.8184807258216
34320	35.8184807257075
34344	35.8184807252803
34348	35.8184807247641
34364	35.818480724204
34370	35.8184807231333
34384	35.8184807228395
34396	35.8184807227105
34402	35.8184807224819
34406	35.8184807223111
34414	35.8184807214535
34434	35.8184807211243
34438	35.8184807199521
34442	35.8184807199497
34450	35.8184807194688
34454	35.8184807193708
34460	35.8184807193366
34484	35.8184807185685
34508	35.8184807178158
34530	35.8184807176643
34552	35.8184807173797
34556	35.8184807173305
34564	35.8184807161299
34580	35.8184807160518
34584	35.8184807159036
34588	35.8184807153339
34606	35.8184807152685
34610	35.8184807150412
34616	35.8184807139920
34628	35.8184807136547
34640	35.8184807136439
34644	35.8184807126073
34650	35.8184807123061
34658	35.8184807120749
34700	35.8184807109351
34710	35.818480709905
34744	35.8184807092905
34748	35.8184807092076
34754	35.8184807089435
34758	35.8184807088011
34774	35.8184807083592
34792	35.8184807071706
34800	35.8184807062154
34802	35.8184807061672
34818	35.8184807060386
34840	35.8184807060382
34844	35.818480705192
34860	35.8184807043186
34874	35.8184807034608
34900	35.8184807028011
34918	35.818480702391
34936	35.8184807023099
34938	35.8184807021259
34944	35.8184807017931
34954	35.8184807017393
34960	35.8184807013986
34988	35.8184807013622
35000	35.8184807012959
35020	35.8184807008456
35036	35.8184807007252
35038	35.8184807005356
35060	35.8184807003194
35062	35.818480700319
35074	35.8184807002900
35080	35.8184807001009
35082	35.818480699526
35120	35.818480699436
35132	35.8184806993284
35140	35.8184806990788
35152	35.8184806987901
35156	35.8184806986167
35192	35.8184806985102
35196	35.8184806984534
35206	35.8184806984478
35210	35.818480698291
35220	35.8184806982355
35222	35.8184806976082
35254	35.8184806972709
35256	35.8184806966516
35262	35.8184806963909
35284	35.8184806961643
35292	35.8184806958409
35296	35.818480695703
35326	35.8184806956719
35334	35.8184806955691
35338	35.8184806952882
35358	35.8184806948883
35386	35.8184806948739
35396	35.8184806945534
35406	35.8184806944669
35446	35.8184806941797
35464	35.8184806941360
35480	35.8184806941131
35492	35.8184806940443
35498	35.8184806940301
35502	35.8184806937304
35510	35.8184806937083
35524	35.8184806936876
35526	35.8184806936828
35532	35.8184806936313
35534	35.8184806934945
35544	35.8184806932264
35554	35.8184806931391
35560	35.8184806930357
35574	35.8184806929666
35580	35.8184806928281
35598	35.818480692827
35614	35.8184806928202
35628	35.8184806927942
35632	35.8184806925634
35636	35.8184806924968
35642	35.8184806924465
35646	35.8184806924279
35652	35.8184806923854
35690	35.8184806921097
35730	35.8184806921013
35734	35.8184806919918
35764	35.8184806919313
35798	35.8184806918010
35804	35.8184806917816
35806	35.8184806917117
35808	35.8184806916785
35832	35.8184806915876
35842	35.8184806915876
35846	35.8184806914799
35902	35.8184806914788
35904	35.8184806913938
35950	35.8184806913649
35952	35.8184806913630
35996	35.8184806913286
36016	35.8184806913232
36034	35.8184806913231
36044	35.8184806913178
36060	35.818480691266
36066	35.8184806912518
36080	35.8184806912214
36090	35.8184806911901
36092	35.8184806911852
36094	35.8184806911726
36096	35.8184806911613
36106	35.8184806911238
36112	35.8184806910272
36118	35.8184806909591
36148	35.8184806908264
36152	35.8184806906869
36156	35.8184806906478
36158	35.8184806905670
36160	35.8184806905295
36176	35.8184806904183
36182	35.8184806903520
36186	35.8184806902373
36196	35.8184806901132
36228	35.8184806899984
36230	35.8184806898061
36240	35.8184806897665
36256	35.8184806896607
36282	35.8184806892881
36294	35.8184806892427
36298	35.8184806889853
36320	35.8184806889556
36326	35.8184806886828
36328	35.8184806885942
36350	35.8184806885773
36354	35.8184806880997
36356	35.8184806880069
36390	35.8184806879632
36392	35.8184806877633
36396	35.8184806877299
36410	35.818480687727
36412	35.8184806877122
36414	35.8184806877057
36424	35.8184806876059
36436	35.8184806873661
36438	35.8184806873645
36440	35.8184806869393
36452	35.8184806868602
36456	35.8184806864301
36460	35.8184806863389
36464	35.8184806860608
36494	35.8184806854005
36528	35.8184806851914
36530	35.8184806850599
36536	35.8184806849558
36574	35.8184806845356
36584	35.8184806840917
36596	35.8184806839457
36600	35.8184806837312
36652	35.8184806836888
36662	35.8184806835091
36664	35.8184806831165
36674	35.8184806830826
36682	35.8184806828328
36726	35.8184806822485
36734	35.8184806821798
36766	35.8184806820546
36782	35.8184806818881
36798	35.8184806818539
36812	35.8184806817930
36818	35.8184806817334
36834	35.8184806815959
36862	35.8184806814555
36870	35.8184806813755
36878	35.8184806813287
36890	35.8184806813179
36898	35.8184806812942
36902	35.8184806811475
36936	35.818480681087
36948	35.8184806810592
36966	35.8184806810512
36976	35.8184806809580
36980	35.8184806808907
36990	35.818480680864
36996	35.8184806808205
37032	35.8184806807284
37048	35.8184806806554
37054	35.8184806806306
37062	35.8184806805681
37076	35.818480680514
37084	35.8184806804788
37098	35.8184806804559
37100	35.8184806803242
37106	35.8184806802339
37114	35.8184806801471
37150	35.8184806800308
37162	35.8184806800068
37172	35.8184806799633
37180	35.8184806799178
37204	35.8184806798487
37208	35.8184806798431
37212	35.8184806798253
37222	35.8184806798193
37230	35.8184806796428
37236	35.8184806795655
37252	35.818480679467
37254	35.8184806794554
37262	35.8184806794053
37276	35.8184806793994
37282	35.8184806793596
37286	35.8184806793548
37292	35.8184806791547
37320	35.8184806790524
37328	35.8184806789485
37336	35.8184806789385
37356	35.8184806789121
37372	35.8184806788322
37382	35.8184806787808
37398	35.8184806787749
37400	35.8184806787584
37404	35.8184806786955
37424	35.8184806785155
37446	35.8184806785091
37452	35.8184806782035
37454	35.8184806779305
37466	35.8184806778274
37470	35.8184806776763
37512	35.8184806776385
37520	35.8184806775197
37536	35.818480677478
37544	35.8184806774691
37548	35.8184806773825
37554	35.8184806773618
37556	35.8184806771653
37560	35.8184806770619
37562	35.8184806769865
37564	35.818480676907
37568	35.8184806768891
37570	35.8184806766967
37576	35.8184806764688
37582	35.8184806763739
37586	35.8184806761814
37624	35.8184806759856
37636	35.8184806758551
37646	35.8184806758106
37658	35.8184806757958
37680	35.8184806757107
37682	35.8184806754524
37690	35.8184806753345
37692	35.8184806752467
37704	35.8184806752278
37718	35.8184806749946
37728	35.8184806749810
37752	35.8184806749653
37766	35.8184806749209
37788	35.8184806748860
37792	35.8184806748182
37800	35.8184806746893
37802	35.8184806746754
37818	35.8184806746681
37822	35.8184806746073
37826	35.8184806745904
37832	35.8184806745588
37836	35.8184806743596
37838	35.818480674355
37856	35.8184806743303
37858	35.8184806742976
37860	35.8184806742274
37866	35.8184806741431
37868	35.8184806741044
37882	35.8184806740354
37898	35.8184806740167
37920	35.8184806739651
37948	35.8184806739138
37966	35.8184806739002
37968	35.8184806738722
37994	35.8184806738722
37996	35.8184806738623
38000	35.8184806737807
38036	35.8184806737286
38046	35.818480673704
38060	35.8184806736577
38064	35.8184806736347
38066	35.8184806736267
38082	35.8184806736241
38084	35.8184806735088
38102	35.8184806735058
38108	35.8184806734835
38120	35.8184806734164
38122	35.8184806733104
38138	35.8184806732903
38154	35.8184806732713
38158	35.8184806732281
38176	35.8184806732146
38184	35.8184806731761
38188	35.8184806731304
38198	35.8184806731149
38200	35.8184806731092
38208	35.8184806730398
38214	35.8184806730336
38236	35.8184806730184
38242	35.8184806729649
38244	35.818480672898
38258	35.8184806728797
38280	35.8184806728773
38296	35.8184806727717
38328	35.8184806727602
38340	35.8184806727534
38344	35.818480672735
38348	35.8184806727258
38352	35.8184806726648
38392	35.818480672604
38404	35.8184806725936
38408	35.8184806725912
38422	35.8184806725687
38434	35.8184806725468
38444	35.8184806724529
38464	35.8184806724179
38484	35.8184806723802
38520	35.8184806722697
38544	35.8184806722287
38548	35.8184806721734
38572	35.8184806720863
38580	35.8184806720720
38592	35.8184806720422
38600	35.8184806720281
38604	35.8184806719578
38634	35.818480671925
38644	35.8184806719243
38654	35.8184806718852
38680	35.8184806718841
38686	35.8184806717825
38708	35.8184806717539
38724	35.8184806717062
38748	35.8184806716975
38758	35.818480671697
38762	35.8184806716582
38764	35.8184806715921
38784	35.8184806715711
38794	35.8184806715136
38842	35.8184806715095
38846	35.8184806714787
38862	35.8184806714589
38868	35.8184806714150
38872	35.818480671364
38888	35.8184806713305
38930	35.8184806713242
38968	35.8184806713087
38984	35.8184806712932
39004	35.8184806712762
39020	35.8184806712664
39024	35.8184806712564
39032	35.8184806712505
39046	35.8184806712251
39056	35.8184806712228
39062	35.8184806712085
39072	35.818480671206
39084	35.8184806711938
39096	35.8184806711871
39098	35.8184806711718
39120	35.8184806711633
39140	35.8184806711443
39150	35.8184806711351
39154	35.8184806711219
39160	35.8184806711189
39176	35.8184806711184
39180	35.8184806711176
39182	35.8184806710897
39192	35.8184806710818
39202	35.8184806710321
39222	35.8184806710118
39246	35.8184806709984
39260	35.8184806709962
39264	35.8184806709848
39274	35.8184806709769
39284	35.8184806709683
39290	35.8184806709642
39302	35.8184806709433
39314	35.8184806709345
39336	35.8184806709275
39350	35.8184806709238
39354	35.8184806709201
39362	35.8184806709031
39386	35.8184806708892
39432	35.8184806708877
39450	35.8184806708876
39452	35.8184806708861
39468	35.8184806708831
39470	35.8184806708814
39474	35.8184806708726
39484	35.8184806708722
39486	35.8184806708677
39488	35.8184806708643
39490	35.8184806708635
39492	35.8184806708631
39494	35.8184806708568
39518	35.8184806708549
39526	35.8184806708442
39546	35.8184806708243
39558	35.8184806708194
39564	35.8184806708173
39574	35.8184806708068
39576	35.8184806707909
39588	35.8184806707902
39606	35.818480670787
39610	35.8184806707736
39626	35.8184806707644
39636	35.8184806707621
39638	35.8184806707356
39646	35.8184806707209
39664	35.8184806707163
39668	35.8184806706852
39694	35.8184806706664
39714	35.8184806706371
39722	35.818480670636
39738	35.8184806706214
39742	35.8184806706144
39754	35.818480670587
39784	35.8184806705702
39788	35.8184806705529
39804	35.8184806705367
39824	35.8184806705345
39830	35.8184806705142
39852	35.8184806705043
39874	35.8184806705007
39880	35.8184806704917
39884	35.8184806704901
39886	35.8184806704751
39920	35.8184806704701
39942	35.8184806704686
39950	35.8184806704586
39958	35.8184806704497
39968	35.8184806704435
39972	35.8184806704405
39978	35.8184806704258
39984	35.8184806704227
39992	35.818480670403
39996	35.8184806703935
40022	35.8184806703679
40054	35.8184806703594
40056	35.8184806703579
40060	35.8184806703548
40072	35.8184806703386
40086	35.8184806703343
40092	35.8184806703239
40106	35.8184806703214
40122	35.8184806703210
40124	35.8184806703156
40130	35.818480670307
40146	35.8184806702984
40154	35.8184806702815
40162	35.8184806702669
40184	35.8184806702589
40186	35.8184806702379
40206	35.8184806702288
40212	35.8184806702274
40226	35.8184806702207
40248	35.8184806702102
40284	35.8184806701988
40304	35.8184806701836
40338	35.8184806701833
40346	35.8184806701779
40350	35.8184806701749
40360	35.8184806701702
40362	35.8184806701678
40366	35.8184806701666
40368	35.818480670163
40382	35.8184806701621
40384	35.8184806701587
40398	35.8184806701571
40402	35.818480670157
40406	35.8184806701522
40410	35.8184806701511
40420	35.818480670144
40422	35.8184806701439
40424	35.8184806701416
40438	35.8184806701413
40440	35.8184806701354
40450	35.818480670135
40458	35.8184806701312
40476	35.8184806701273
40478	35.8184806701178
40488	35.8184806701136
40532	35.8184806701135
40534	35.8184806701117
40538	35.8184806701108
40566	35.8184806701082
40568	35.8184806701075
40578	35.8184806701065
40582	35.8184806701047
40584	35.8184806701017
40598	35.8184806700998
40622	35.8184806700991
40640	35.8184806700975
40648	35.8184806700969
40660	35.8184806700969
40662	35.8184806700951
40680	35.8184806700931
40688	35.8184806700929
40696	35.8184806700912
40712	35.8184806700903
40718	35.8184806700898
40726	35.818480670088
40736	35.8184806700878
40740	35.8184806700826
40760	35.8184806700805
40774	35.8184806700804
40780	35.8184806700750
40782	35.8184806700737
40810	35.8184806700706
40822	35.8184806700676
40824	35.8184806700656
40840	35.8184806700646
40846	35.8184806700615
40864	35.8184806700604
40872	35.8184806700602
40882	35.8184806700592
40888	35.8184806700588
40906	35.8184806700572
40914	35.8184806700571
40920	35.8184806700569
40928	35.8184806700559
40930	35.8184806700534
40940	35.8184806700449
40956	35.8184806700386
40978	35.8184806700354
41006	35.818480670029
41054	35.8184806700274
41062	35.8184806700264
41076	35.8184806700188
41086	35.8184806700161
41100	35.818480670012
41126	35.8184806700051
41132	35.8184806700014
41144	35.8184806699927
41146	35.8184806699878
41166	35.8184806699814
41186	35.8184806699771
41200	35.8184806699703
41246	35.8184806699692
41248	35.818480669968
41258	35.8184806699673
41286	35.8184806699647
41298	35.8184806699643
41308	35.8184806699607
41310	35.8184806699579
41314	35.8184806699572
41320	35.8184806699562
41338	35.8184806699504
41350	35.8184806699485
41364	35.8184806699441
41370	35.8184806699422
41372	35.8184806699413
41376	35.818480669939
41382	35.8184806699381
41388	35.8184806699336
41406	35.8184806699265
41442	35.8184806699238
41456	35.8184806699214
41466	35.8184806699192
41474	35.8184806699172
41480	35.8184806699171
41486	35.818480669916
41488	35.818480669914
41504	35.8184806699106
41520	35.8184806699096
41522	35.8184806699083
41526	35.8184806699043
41530	35.8184806698984
41550	35.8184806698941
41558	35.8184806698909
41596	35.8184806698843
41600	35.8184806698802
41608	35.8184806698779
41614	35.8184806698776
41616	35.8184806698764
41620	35.8184806698705
41624	35.8184806698699
41628	35.8184806698642
41648	35.8184806698621
41654	35.8184806698551
41668	35.8184806698532
41676	35.8184806698483
41702	35.8184806698459
41718	35.8184806698364
41746	35.8184806698274
41768	35.8184806698271
41772	35.8184806698216
41778	35.8184806698109
41800	35.8184806698033
41812	35.8184806698022
41838	35.818480669795
41850	35.8184806697923
41864	35.8184806697839
41902	35.8184806697802
41930	35.8184806697749
41952	35.8184806697739
41962	35.8184806697701
41966	35.8184806697692
41980	35.8184806697675
41982	35.8184806697666
41998	35.8184806697644
42008	35.81848066976
42022	35.8184806697578
42044	35.8184806697564
42048	35.8184806697528
42068	35.8184806697518
42076	35.8184806697507
42088	35.8184806697453
42102	35.8184806697451
42114	35.8184806697439
42126	35.8184806697375
42136	35.8184806697368
42150	35.8184806697343
42172	35.8184806697342
42186	35.8184806697339
42194	35.8184806697307
42208	35.8184806697297
42238	35.8184806697261
42262	35.8184806697253
42278	35.8184806697244
42282	35.8184806697241
42296	35.818480669723
42298	35.818480669723
42306	35.8184806697205
42312	35.8184806697199
42330	35.8184806697189
42344	35.8184806697178
42346	35.8184806697158
42370	35.8184806697149
42390	35.8184806697145
42392	35.8184806697132
42396	35.8184806697128
42402	35.818480669712
42408	35.8184806697117
42410	35.8184806697110
42416	35.8184806697107
42428	35.8184806697098
42432	35.8184806697086
42442	35.8184806697081
42444	35.8184806697066
42458	35.8184806697061
42460	35.8184806697051
42502	35.8184806697039
42524	35.8184806697032
42538	35.8184806697018
42554	35.8184806697000
42568	35.8184806697000
42570	35.8184806696994
42582	35.8184806696989
42584	35.8184806696977
42602	35.8184806696972
42608	35.8184806696958
42616	35.8184806696949
42646	35.8184806696944
42650	35.8184806696941
42662	35.818480669694
42672	35.8184806696927
42674	35.8184806696925
42684	35.8184806696917
42686	35.8184806696913
42694	35.8184806696894
42696	35.8184806696884
42736	35.8184806696861
42760	35.8184806696860
42776	35.8184806696850
42780	35.8184806696848
42788	35.8184806696841
42790	35.8184806696814
42794	35.8184806696795
42822	35.8184806696787
42824	35.8184806696781
42848	35.8184806696781
42854	35.818480669676
42864	35.8184806696725
42870	35.8184806696712
42872	35.8184806696675
42876	35.8184806696629
42898	35.8184806696594
42930	35.8184806696575
42984	35.8184806696563
43024	35.8184806696558
43034	35.8184806696554
43042	35.8184806696553
43048	35.8184806696535
43064	35.8184806696534
43088	35.8184806696533
43098	35.8184806696529
43118	35.8184806696524
43122	35.8184806696521
43126	35.8184806696516
43140	35.8184806696516
43152	35.8184806696516
43156	35.818480669651
43172	35.8184806696509
43178	35.8184806696505
43204	35.8184806696504
43208	35.8184806696502
43218	35.8184806696498
43224	35.8184806696496
43240	35.8184806696496
43256	35.8184806696486
43284	35.8184806696478
43304	35.8184806696477
43318	35.8184806696471
43324	35.818480669647
43350	35.8184806696469
43358	35.8184806696467
43380	35.8184806696462
43392	35.8184806696452
43418	35.8184806696451
43426	35.8184806696447
43432	35.8184806696444
43468	35.8184806696444
43476	35.8184806696439
43496	35.8184806696436
43512	35.818480669643
43550	35.8184806696429
43558	35.8184806696428
43570	35.8184806696426
43578	35.8184806696412
43618	35.8184806696410
43620	35.8184806696407
43628	35.8184806696403
43630	35.81848066964
43666	35.8184806696395
43668	35.8184806696387
43672	35.8184806696386
43676	35.8184806696381
43686	35.8184806696381
43688	35.8184806696378
43704	35.8184806696374
43708	35.8184806696372
43724	35.8184806696363
43732	35.8184806696358
43746	35.8184806696356
43764	35.8184806696353
43770	35.818480669635
43780	35.8184806696347
43792	35.8184806696347
43806	35.8184806696346
43810	35.8184806696345
43820	35.8184806696343
43822	35.8184806696342
43832	35.8184806696341
43834	35.8184806696336
43838	35.8184806696327
43862	35.8184806696326
43868	35.8184806696322
43876	35.8184806696318
43882	35.818480669631
43892	35.8184806696309
43906	35.8184806696291
43922	35.818480669629
43932	35.8184806696288
43940	35.8184806696282
43946	35.8184806696279
43950	35.8184806696274
43976	35.8184806696267
44018	35.8184806696267
44020	35.8184806696261
44028	35.8184806696257
44048	35.8184806696257
44054	35.8184806696254
44060	35.8184806696251
44092	35.8184806696247
44132	35.8184806696235
44150	35.8184806696228
44160	35.8184806696226
44164	35.8184806696225
44172	35.8184806696224
44176	35.8184806696223
44178	35.818480669622
44188	35.8184806696212
44200	35.8184806696211
44202	35.8184806696209
44204	35.8184806696205
44210	35.8184806696204
44228	35.8184806696199
44246	35.8184806696196
44254	35.8184806696196
44258	35.8184806696184
44298	35.8184806696179
44326	35.8184806696179
44328	35.8184806696172
44346	35.8184806696167
44358	35.8184806696162
44392	35.8184806696162
44398	35.8184806696155
44412	35.8184806696153
44414	35.8184806696147
44430	35.8184806696146
44446	35.8184806696140
44460	35.8184806696137
44470	35.8184806696135
44482	35.8184806696135
44488	35.8184806696134
44490	35.8184806696133
44492	35.8184806696125
44504	35.8184806696124
44512	35.818480669612
44518	35.8184806696118
44520	35.8184806696118
44532	35.8184806696117
44534	35.8184806696107
44558	35.8184806696102
44578	35.8184806696099
44582	35.8184806696098
44612	35.8184806696091
44624	35.8184806696091
44626	35.818480669609
44628	35.8184806696088
44638	35.8184806696084
44640	35.8184806696083
44648	35.8184806696076
44652	35.8184806696071
44670	35.8184806696069
44684	35.8184806696067
44704	35.8184806696065
44712	35.8184806696064
44716	35.8184806696058
44728	35.8184806696057
44736	35.8184806696054
44744	35.8184806696048
44758	35.8184806696047
44768	35.8184806696046
44782	35.8184806696041
44784	35.8184806696039
44792	35.8184806696037
44794	35.8184806696031
44812	35.8184806696028
44818	35.8184806696027
44820	35.8184806696022
44828	35.8184806696017
44848	35.8184806696016
44860	35.8184806696016
44864	35.8184806696011
44882	35.8184806696011
44884	35.8184806696005
44930	35.8184806696001
44974	35.8184806695997
44982	35.8184806695991
45022	35.8184806695985
45024	35.8184806695977
45028	35.8184806695975
45062	35.8184806695973
45066	35.818480669597
45070	35.8184806695969
45086	35.8184806695969
45092	35.8184806695966
45094	35.8184806695965
45098	35.818480669596
45112	35.818480669596
45118	35.8184806695952
45126	35.8184806695951
45136	35.8184806695950
45140	35.818480669595
45142	35.8184806695948
45154	35.8184806695945
45172	35.8184806695942
45188	35.8184806695941
45196	35.818480669594
45204	35.8184806695940
45208	35.8184806695934
45214	35.8184806695932
45220	35.8184806695931
45234	35.8184806695922
45254	35.8184806695916
45266	35.8184806695911
45280	35.818480669591
45282	35.8184806695908
45300	35.8184806695908
45304	35.8184806695904
45336	35.8184806695903
45344	35.8184806695902
45356	35.8184806695897
45370	35.8184806695891
45384	35.8184806695885
45418	35.8184806695879
45422	35.8184806695876
45434	35.8184806695875
45452	35.818480669587
45464	35.8184806695862
45486	35.8184806695859
45498	35.8184806695857
45506	35.8184806695856
45510	35.8184806695856
45512	35.8184806695852
45520	35.8184806695848
45540	35.8184806695846
45568	35.8184806695845
45570	35.8184806695845
45572	35.8184806695844
45580	35.8184806695844
45586	35.8184806695830
45614	35.8184806695827
45632	35.8184806695824
45638	35.8184806695821
45642	35.8184806695821
45646	35.8184806695819
45662	35.8184806695818
45686	35.8184806695813
45690	35.8184806695805
45720	35.8184806695799
45742	35.8184806695794
45760	35.8184806695793
45772	35.8184806695788
45784	35.8184806695784
45792	35.8184806695783
45812	35.818480669578
45814	35.8184806695777
45818	35.8184806695770
45838	35.8184806695767
45862	35.8184806695766
45870	35.8184806695764
45888	35.8184806695756
45890	35.8184806695752
45928	35.8184806695743
45932	35.8184806695740
45938	35.8184806695733
45948	35.8184806695731
45974	35.818480669573
45988	35.818480669573
45994	35.8184806695729
46002	35.8184806695719
46012	35.8184806695719
46026	35.8184806695712
46028	35.8184806695711
46042	35.8184806695711
46046	35.8184806695707
46056	35.8184806695705
46078	35.8184806695703
46088	35.8184806695700
46096	35.8184806695695
46142	35.8184806695693
46150	35.8184806695692
46172	35.8184806695689
46194	35.8184806695686
46218	35.8184806695686
46226	35.8184806695684
46230	35.8184806695683
46242	35.8184806695682
46246	35.8184806695678
46286	35.8184806695678
46290	35.8184806695676
46292	35.8184806695675
46308	35.8184806695675
46330	35.8184806695675
46336	35.8184806695674
46348	35.8184806695674
46350	35.8184806695672
46370	35.8184806695670
46382	35.8184806695668
46412	35.8184806695665
46420	35.8184806695664
46446	35.8184806695663
46462	35.8184806695658
46474	35.8184806695656
46484	35.8184806695655
46496	35.8184806695654
46514	35.8184806695653
46528	35.818480669565
46530	35.8184806695649
46540	35.8184806695648
46548	35.8184806695646
46574	35.8184806695643
46590	35.8184806695643
46594	35.8184806695638
46602	35.8184806695637
46614	35.8184806695636
46616	35.8184806695634
46618	35.8184806695633
46650	35.8184806695632
46664	35.8184806695632
46666	35.8184806695632
46676	35.8184806695629
46704	35.8184806695629
46734	35.8184806695626
46746	35.8184806695626
46764	35.8184806695626
46784	35.8184806695626
46786	35.8184806695625
46788	35.8184806695624
46818	35.8184806695624
46824	35.8184806695623
46836	35.8184806695623
46844	35.8184806695623
46850	35.8184806695622
46860	35.8184806695622
46862	35.8184806695619
46908	35.8184806695618
46910	35.8184806695617
46924	35.8184806695616
46930	35.8184806695615
46942	35.8184806695614
46966	35.8184806695614
46976	35.8184806695613
46988	35.8184806695613
46992	35.8184806695611
47020	35.818480669561
47024	35.8184806695610
47026	35.8184806695609
47060	35.8184806695608
47110	35.8184806695607
47122	35.8184806695607
47126	35.8184806695607
47130	35.8184806695607
47150	35.8184806695606
47158	35.8184806695606
47160	35.8184806695605
47188	35.8184806695604
47194	35.8184806695604
47198	35.8184806695602
47212	35.8184806695601
47236	35.8184806695601
47268	35.8184806695600
47272	35.81848066956
47274	35.81848066956
47278	35.8184806695599
47294	35.8184806695599
47322	35.8184806695598
47332	35.8184806695598
47334	35.8184806695598
47350	35.8184806695598
47374	35.8184806695597
47384	35.8184806695597
47386	35.8184806695597
47392	35.8184806695595
47420	35.8184806695593
47438	35.8184806695592
47450	35.8184806695592
47470	35.8184806695591
47518	35.8184806695591
47520	35.818480669559
47532	35.818480669559
47536	35.818480669559
47542	35.818480669559
47550	35.8184806695588
47560	35.8184806695588
47578	35.8184806695587
47596	35.8184806695587
47616	35.8184806695586
47630	35.8184806695586
47638	35.8184806695586
47644	35.8184806695586
47666	35.8184806695585
47670	35.8184806695585
47678	35.8184806695585
47684	35.8184806695585
47690	35.8184806695584
47700	35.8184806695584
47708	35.8184806695584
47714	35.8184806695582
47720	35.8184806695582
47754	35.8184806695581
47756	35.8184806695581
47764	35.8184806695581
47784	35.8184806695581
47792	35.8184806695581
47804	35.8184806695580
47810	35.8184806695579
47832	35.8184806695579
47864	35.8184806695578
47874	35.8184806695578
47890	35.8184806695578
47902	35.8184806695578
47908	35.8184806695577
47916	35.8184806695577
47926	35.8184806695577
47946	35.8184806695577
47962	35.8184806695575
47964	35.8184806695574
47992	35.8184806695573
48000	35.8184806695573
48042	35.8184806695573
48044	35.8184806695573
48052	35.8184806695572
48062	35.8184806695572
48070	35.8184806695571
48082	35.818480669557
48086	35.818480669557
48094	35.8184806695569
48100	35.8184806695567
48108	35.8184806695566
48116	35.8184806695566
48130	35.8184806695565
48136	35.8184806695565
48138	35.8184806695565
48146	35.8184806695564
48162	35.8184806695563
48176	35.8184806695563
48180	35.8184806695562
48192	35.8184806695562
48210	35.8184806695561
48216	35.8184806695561
48218	35.8184806695561
48222	35.818480669556
48226	35.818480669556
48246	35.8184806695560
48250	35.8184806695559
48260	35.8184806695558
48276	35.8184806695557
48290	35.8184806695556
48294	35.8184806695556
48328	35.8184806695556
48334	35.8184806695556
48342	35.8184806695554
48354	35.8184806695551
48370	35.8184806695551
48376	35.818480669555
48398	35.818480669555
48414	35.818480669555
48430	35.8184806695549
48448	35.8184806695549
48476	35.8184806695549
48486	35.8184806695548
48492	35.8184806695548
48510	35.8184806695548
48538	35.8184806695547
48556	35.8184806695547
48578	35.8184806695547
48582	35.8184806695547
48608	35.8184806695547
48610	35.8184806695546
48614	35.8184806695546
48638	35.8184806695546
48650	35.8184806695545
48660	35.8184806695545
48684	35.8184806695544
48686	35.8184806695543
48692	35.8184806695543
48746	35.8184806695542
48766	35.8184806695542
48792	35.8184806695541
48818	35.8184806695541
48836	35.818480669554
48856	35.818480669554
48866	35.818480669554
48868	35.8184806695539
48880	35.8184806695539
48894	35.8184806695538
48908	35.8184806695538
48926	35.8184806695538
48934	35.8184806695538
48958	35.8184806695538
48964	35.8184806695537
48972	35.8184806695537
48990	35.8184806695537
48992	35.8184806695537
49006	35.8184806695536
49038	35.8184806695536
49042	35.8184806695536
49062	35.8184806695536
49064	35.8184806695535
49080	35.8184806695534
49088	35.8184806695533
49098	35.8184806695533
49104	35.8184806695533
49108	35.8184806695532
49122	35.8184806695532
49136	35.8184806695531
49142	35.8184806695531
49160	35.8184806695530
49206	35.818480669553
49222	35.8184806695530
49238	35.8184806695529
49240	35.8184806695529
49256	35.8184806695529
49262	35.8184806695528
49286	35.8184806695528
49302	35.8184806695528
49318	35.8184806695527
49326	35.8184806695527
49332	35.8184806695527
49334	35.8184806695526
49340	35.8184806695526
49384	35.8184806695526
49394	35.8184806695525
49460	35.8184806695525
49476	35.8184806695524
49486	35.8184806695524
49490	35.8184806695524
49500	35.8184806695524
49512	35.8184806695524
49514	35.8184806695524
49524	35.8184806695523
49542	35.8184806695523
49560	35.8184806695523
49568	35.8184806695522
49572	35.8184806695522
49588	35.8184806695522
49592	35.8184806695522
49598	35.8184806695522
49600	35.8184806695521
49610	35.8184806695521
49614	35.8184806695521
49626	35.8184806695521
49628	35.8184806695520
49630	35.818480669552
49656	35.8184806695519
49692	35.8184806695519
49704	35.8184806695519
49708	35.8184806695519
49758	35.8184806695519
49760	35.8184806695519
49762	35.8184806695519
49774	35.8184806695518
49794	35.8184806695518
49854	35.8184806695518
49880	35.8184806695518
49882	35.8184806695518
49894	35.8184806695518
49904	35.8184806695517
49906	35.8184806695517
49922	35.8184806695517
49948	35.8184806695517
49954	35.8184806695517
49966	35.8184806695517
49974	35.8184806695516
49982	35.8184806695516
50022	35.8184806695516
50034	35.8184806695515
50040	35.8184806695515
50060	35.8184806695515
50064	35.8184806695515
50082	35.8184806695515
50086	35.8184806695514
50092	35.8184806695514
50104	35.8184806695514
50116	35.8184806695513
50122	35.8184806695513
50124	35.8184806695513
50126	35.8184806695513
50138	35.8184806695513
50152	35.8184806695513
50160	35.8184806695512
50178	35.8184806695512
50194	35.8184806695512
50198	35.8184806695512
50212	35.8184806695512
50222	35.8184806695512
50228	35.8184806695512
50246	35.8184806695511
50270	35.8184806695511
50286	35.8184806695511
50290	35.8184806695511
50296	35.8184806695511
50298	35.818480669551
50346	35.818480669551
50366	35.818480669551
50404	35.8184806695509
50436	35.8184806695509
50438	35.8184806695509
50470	35.8184806695509
50482	35.8184806695509
50486	35.8184806695509
50518	35.8184806695508
50538	35.8184806695508
50554	35.8184806695508
50556	35.8184806695508
50570	35.8184806695508
50572	35.8184806695508
50580	35.8184806695507
50604	35.8184806695507
50610	35.8184806695506
50614	35.8184806695506
50624	35.8184806695506
50628	35.8184806695506
50636	35.8184806695506
50640	35.8184806695506
50648	35.8184806695505
50654	35.8184806695505
50658	35.8184806695505
50678	35.8184806695505
50682	35.8184806695505
50688	35.8184806695504
50696	35.8184806695504
50724	35.8184806695503
50744	35.8184806695503
50750	35.8184806695503
50758	35.8184806695503
50762	35.8184806695503
50778	35.8184806695503
50782	35.8184806695502
50800	35.8184806695502
50814	35.8184806695501
50840	35.8184806695501
50848	35.8184806695501
50854	35.8184806695500
50864	35.8184806695500
50872	35.8184806695500
50888	35.8184806695499
50944	35.8184806695499
50950	35.8184806695499
50974	35.8184806695499
51006	35.8184806695499
51016	35.8184806695498
51022	35.8184806695498
51026	35.8184806695498
51040	35.8184806695498
51068	35.8184806695498
51090	35.8184806695498
51106	35.8184806695498
51120	35.8184806695497
51138	35.8184806695497
51164	35.8184806695497
51168	35.8184806695497
51172	35.8184806695497
51176	35.8184806695497
51178	35.8184806695497
51186	35.8184806695497
51212	35.8184806695497
51248	35.8184806695497
51262	35.8184806695497
51276	35.8184806695496
51308	35.8184806695496
51312	35.8184806695496
51332	35.8184806695496
51344	35.8184806695496
51370	35.8184806695496
51390	35.8184806695496
51406	35.8184806695496
51412	35.8184806695496
51456	35.8184806695495
51504	35.8184806695495
51516	35.8184806695495
51544	35.8184806695495
51550	35.8184806695495
51582	35.8184806695495
51604	35.8184806695495
51632	35.8184806695495
51658	35.8184806695495
51708	35.8184806695495
51714	35.8184806695494
51730	35.8184806695494
51754	35.8184806695494
51764	35.8184806695494
51808	35.8184806695494
51824	35.8184806695494
51828	35.8184806695494
51856	35.8184806695493
51882	35.8184806695493
51898	35.8184806695493
51918	35.8184806695493
51942	35.8184806695493
51944	35.8184806695493
51972	35.8184806695493
51992	35.8184806695493
52000	35.8184806695493
52012	35.8184806695493
52028	35.8184806695492
52070	35.8184806695492
52094	35.8184806695492
52096	35.8184806695492
52104	35.8184806695492
52126	35.8184806695492
52168	35.8184806695492
52198	35.8184806695491
52232	35.8184806695491
52234	35.8184806695491
52272	35.8184806695491
52280	35.8184806695491
52306	35.8184806695491
52310	35.8184806695491
52318	35.8184806695491
52348	35.8184806695491
52352	35.8184806695491
52384	35.8184806695491
52424	35.8184806695491
52442	35.8184806695491
52450	35.8184806695490
52464	35.8184806695490
52502	35.818480669549
52518	35.818480669549
52526	35.818480669549
52582	35.818480669549
52616	35.818480669549
52668	35.818480669549
52692	35.8184806695490
52726	35.8184806695489
52758	35.8184806695489
52784	35.8184806695489
52828	35.8184806695489
52842	35.8184806695489
52944	35.8184806695489
52962	35.8184806695489
52990	35.8184806695489
53010	35.8184806695489
53050	35.8184806695489
53084	35.8184806695488
53098	35.8184806695488
53154	35.8184806695488
53472	35.8184806695488
53834	35.8184806695488
54316	35.8184806695488
54398	35.8184806695488
54622	35.8184806695488
55078	35.8184806695488
55268	35.8184806695488
55552	35.8184806695488
55732	35.8184806695488
55832	35.8184806695487
55908	35.8184806695487
56108	35.8184806695487
56362	35.8184806695487
56548	35.8184806695487
56778	35.8184806695487
57646	35.8184806695487
58362	35.8184806695487
58890	35.8184806695487
59206	35.8184806695487
59592	35.8184806695487
59670	35.8184806695487
59944	35.8184806695487
63898	35.8184806695487
65842	35.8184806695486
77934	35.8184806695486
80812	35.8184806695486
300000	35.8184806695486
