52	446.434066604629
68	409.190966313782
102	406.184966505185
104	374.754028727692
108	329.810079129096
210	316.447488735523
214	312.162107419627
222	306.406985265537
290	290.848724688965
322	260.390639304393
328	259.795815021590
1102	245.809489087775
1676	239.117135834456
2070	232.76115609996
3120	228.526990016669
3308	209.317013001844
4588	204.53385667087
5314	203.447602929906
5862	203.104489938194
5934	189.090330850734
6138	181.351238671826
6414	174.510746867267
6568	158.943248873428
6712	150.625421982357
6776	146.727807574214
6854	142.041824848997
6882	141.384646041257
6902	140.603520940769
6932	133.893731796508
6978	133.103442396095
6998	124.479278535361
7018	115.310991799635
7050	115.221548476671
7072	107.965032997492
7122	103.880346453964
7188	102.315627765435
7194	102.106166493371
7206	98.2001187677334
7266	97.7548055331524
7314	97.5001503772783
7324	96.918698284515
7348	95.384111379009
7374	95.0330829215535
7390	94.4827848691213
7392	93.6206817553306
7394	93.6196166350896
7398	92.2411530233358
7408	91.947516787045
7412	91.5752790493286
7426	91.0518694530723
7458	90.5349296609486
7462	89.2972106822638
7478	89.2517667482953
7490	88.795196608006
7496	88.4318444537367
7498	88.4091443273765
7502	88.0023393635108
7524	86.8056546460748
7544	86.3064223574306
7550	85.840301109793
7558	85.7710756510837
7560	85.741339411724
7590	85.107448171871
7602	84.3230689910925
7622	84.0531068558996
7636	83.9687325250277
7648	83.3995761919628
7650	83.1924064579626
7654	83.0824831488618
7668	82.7934670653695
7688	82.7752987818186
7690	82.7105607465346
7694	82.6783378721019
7696	82.2105638045768
7710	81.9011506118283
7736	81.2880171935907
7742	80.6334712015497
7770	80.0558214700216
7788	79.807902061352
7804	79.4633350741541
7818	77.9004247190515
7830	77.8844278895466
7834	77.1191932619766
7858	76.9020053247086
7886	76.8654556035375
7902	76.7463291344951
7910	76.483941290806
7912	76.015841573437
7922	75.7761582861118
7924	75.7222448462005
7934	75.6487429497619
7974	75.1355840567263
7976	75.1296498114455
7980	75.059056508258
8004	74.4435567995472
8062	74.387488387914
8064	74.0884902521331
8066	73.9632560014815
8088	73.8348961527713
8092	73.1866976585906
8098	73.1341349873557
8100	72.600366716282
8110	72.4414237122127
8124	72.3317788438467
8132	72.0469999557434
8152	72.0196638904332
8156	71.890091418948
8178	71.7163501365734
8188	71.6991557754575
8194	71.666975353288
8202	71.2608948444554
8206	71.0281540925514
8222	70.9766368616826
8240	70.9439462367253
8242	70.9267395599415
8244	70.3552041525467
8248	70.3405671869956
8260	69.9671683150734
8282	69.7414020286051
8298	69.732129690328
8306	69.160361334307
8308	69.0440660011424
8312	68.9531933525116
8344	68.4746594840048
8348	68.0395650803015
8352	67.8564720358155
8362	67.8205918015191
8364	67.3993469772297
8368	67.3744993041747
8382	67.1975559518156
8386	66.8686055951118
8392	66.604925218394
8424	66.1845377368232
8426	65.434628083684
8436	65.0759679754514
8448	64.9669358843166
8470	64.8592721905997
8476	64.7229335273056
8516	64.4562950282342
8526	64.0913774683423
8534	64.0168865562539
8554	63.7774078249639
8558	63.6534623134854
8570	63.6078021688184
8574	63.5632645407067
8576	63.495650706927
8582	63.3780651501249
8596	63.1921463082168
8606	63.0781087809096
8636	62.9041416393878
8638	62.8602074540304
8646	62.49993851516
8654	61.933636064031
8670	61.7744455385573
8694	61.4654922776624
8698	61.2948123395819
8702	61.2256675149782
8720	61.2014070682459
8724	61.1336076538271
8728	61.0490385021754
8742	60.9703768124723
8744	60.933627320505
8752	60.809196219843
8754	60.7136807322994
8758	60.6957862175002
8764	60.5446859168718
8786	60.3588492208158
8788	59.8759135362338
8806	59.7335762934043
8814	59.1420872035448
8830	58.8610191242316
8894	58.5883757077954
8900	58.5371694429446
8912	58.3003338747181
8926	57.8050781743305
8938	57.7687008301569
8964	57.3483216871013
8978	57.3398699598637
9000	57.2663406049644
9020	57.2509218335491
9024	57.1858812114428
9028	57.0845542038278
9054	56.5282895293932
9062	56.4281905497733
9074	56.3583117593615
9076	56.3069994164727
9110	56.2189407037186
9122	56.1852533976388
9124	56.136312293046
9144	55.8881225940651
9156	55.5347448591868
9170	55.4882361825817
9176	55.4448530250564
9186	55.0669822687472
9192	54.8363899327584
9198	54.402116649368
9212	54.256646639672
9214	54.2143596374905
9216	54.0763513158607
9220	53.7619376817543
9228	53.3591934471507
9266	53.3325825952797
9296	53.3205287147232
9300	53.1231944058336
9322	52.908717564036
9328	52.6956455978081
9334	52.6849186538198
9350	52.6010112476049
9356	52.4584092571558
9370	52.0727480178895
9382	51.9520506203783
9398	51.6806683899222
9414	51.5184205171515
9444	51.435945093807
9456	51.3836062639133
9458	50.898760927267
9462	50.8381027085948
9478	50.679924199746
9492	50.5613502256106
9510	50.0527702796514
9514	50.0443706927596
9516	49.917462889534
9518	49.7775002586952
9540	49.7526803160783
9542	49.7029473248795
9550	49.5897750483849
9552	49.3634198129078
9566	49.3353320484905
9568	49.0765106670285
9570	49.0018781651383
9578	48.9946087848955
9584	48.8391215386536
9598	48.679553764076
9600	48.365642477058
9608	48.2554794134987
9618	48.0779785589169
9624	47.9677826044111
9662	47.9580039914801
9664	47.8889574934106
9678	47.8661222850122
9682	47.7485072407688
9692	47.6794554361904
9708	47.6248309667628
9712	47.5299063658664
9742	47.5284507053116
9750	47.4941385309975
9770	47.3898556929667
9774	47.0698795488478
9790	46.8007562111643
9812	46.7801832841113
9820	46.7133050810555
9826	46.5771409065079
9830	46.5549407595698
9832	46.5396968925441
9840	46.4657760315133
9842	46.4620602982131
9866	46.4524335977051
9874	46.4472630000672
9882	46.3487494242862
9894	46.3389730454977
9896	46.31371350833
9898	46.2099373649363
9924	46.1539275214171
9936	46.1271358658245
9952	45.9200793952902
9958	45.8907498965069
9968	45.7700463711069
10006	45.7060994200816
10030	45.5946339130109
10046	45.5773197983672
10052	45.5303375521599
10060	45.5068547106007
10064	45.4071069205405
10072	45.3784745088756
10080	45.2618117423288
10088	45.0513472143259
10106	45.0220899544107
10108	44.9831293755329
10114	44.9822568766644
10122	44.870026911298
10126	44.6252145483443
10146	44.4282782642464
10150	44.2701444628661
10160	44.174063520316
10168	43.9442677129129
10204	43.8722641505313
10206	43.7592234328452
10236	43.6387731203407
10298	43.6364564709475
10300	43.6072774038722
10302	43.3924310644806
10314	43.2554246495905
10316	43.1559008085133
10344	43.1407834041545
10348	43.0836832377784
10360	42.9864272254056
10384	42.8447710517631
10406	42.8008730802835
10408	42.7467709551195
10418	42.5995546272599
10426	42.5470820873646
10452	42.5459870375692
10458	42.5326519535275
10466	42.3942239249463
10488	42.3935680700625
10492	42.3674669153345
10506	42.3529604517401
10520	42.3525725216892
10524	42.2239905127048
10526	42.170704453141
10540	42.1035255192202
10552	41.9233204599511
10602	41.9065940628033
10616	41.7872968899219
10628	41.7228737768107
10646	41.6634052075888
10648	41.6488548677612
10666	41.6101821846679
10680	41.6101165881886
10690	41.5837801964341
10700	41.557539784089
10704	41.4647282325237
10710	41.3965261286604
10724	41.3840650551714
10734	41.231757766733
10746	41.1486915732482
10752	40.9298966419433
10772	40.9250156519972
10780	40.8307998832747
10788	40.8024502172221
10794	40.6730409621076
10836	40.6046209950666
10840	40.502081675573
10850	40.4133869004073
10884	40.3551109422837
10896	40.3444930805484
10904	40.3243623736741
10926	40.3015166834833
10930	40.212925328859
10932	40.1704444837692
10950	40.0861084373707
10968	40.0593154473731
10976	40.0261498449271
10984	39.9221569864577
11000	39.8247738493787
11016	39.7838710269554
11018	39.6726766114107
11030	39.6639857998196
11032	39.5394130034594
11052	39.4894466746253
11062	39.3857214878767
11072	39.2843650836087
11124	39.22609770079
11126	39.2255211263855
11128	39.1880995456754
11130	39.1798390619885
11140	39.1634260914063
11148	39.1476076893865
11156	39.1449449448972
11174	39.1427963923775
11176	39.1118509257144
11192	39.0872789617686
11198	39.0848977212529
11216	39.0741782012406
11222	39.06811646119
11230	39.0567026115423
11248	39.0513178687803
11254	39.0416798438463
11260	39.0264031489679
11266	39.0228000193871
11270	39.0091465983892
11288	39.0021219441995
11294	38.9989554555545
11310	38.9964766472864
11314	38.9696558265712
11324	38.9528580012592
11332	38.9440066271962
11344	38.9326773887394
11346	38.8998251435772
11358	38.8883546305024
11366	38.8617532851552
11386	38.8443290256921
11414	38.8280221033482
11416	38.8254026640609
11418	38.8245016888089
11420	38.8235605007580
11430	38.8079993455834
11434	38.7474965503316
11442	38.7244572423675
11448	38.7157414600612
11452	38.7044080747055
11460	38.6566196377823
11464	38.6281851993434
11488	38.5889919086649
11496	38.5497766943675
11524	38.5416437329952
11538	38.5070325830157
11542	38.4769740637204
11574	38.4760613478389
11578	38.3994822422014
11600	38.3686919572046
11644	38.3623478042510
11646	38.3200858223518
11656	38.3110441574660
11660	38.2873554904041
11668	38.2767306445673
11672	38.2746050181722
11678	38.2597356745135
11682	38.2441626232752
11696	38.2350843207855
11700	38.1671979097747
11724	38.1168274235742
11728	38.082562509432
11740	37.9667923557924
11756	37.8545050118507
11784	37.7762721069043
11812	37.7045355579716
11844	37.6786164389867
11856	37.6193970786814
11872	37.6191133651119
11876	37.5873547143979
11882	37.5571878381326
11906	37.5129756996641
11922	37.5127017510631
11926	37.507844960584
11942	37.4044286514902
11966	37.4010078757860
11968	37.3884414566284
11972	37.3677641357316
11976	37.3485211458123
11980	37.2592878344859
12000	37.2491217182266
12016	37.1919819466257
12046	37.1849395711548
12066	37.1738958639448
12072	37.1704733894044
12076	37.1588642500906
12082	37.1388585026061
12092	37.0859932128655
12100	37.0620784302598
12134	37.0594106006767
12146	37.0473313948731
12148	37.0457220686668
12152	37.0180224407845
12160	37.0123840201579
12162	36.9858075730276
12192	36.9823746845304
12200	36.9760853627503
12202	36.9240410771378
12206	36.9177128361892
12226	36.9175413317369
12234	36.884868788309
12238	36.8846502946472
12254	36.8761974183625
12260	36.837026009601
12276	36.8338789012167
12286	36.8311136090341
12314	36.8259626754173
12320	36.8027707376623
12326	36.8026737879496
12334	36.8006208791544
12340	36.7831129969496
12344	36.7088167237792
12370	36.6761275248213
12382	36.634572636948
12388	36.6257142364163
12396	36.561262749047
12410	36.5470618846727
12412	36.5360689906081
12422	36.5315447938052
12426	36.5021723237352
12440	36.4791692457694
12460	36.4719388058771
12468	36.4631564841012
12476	36.4608673782226
12484	36.4107679524436
12512	36.4053416438614
12534	36.3886452950206
12578	36.37852299148
12586	36.3750450527052
12596	36.3614789523722
12602	36.3575344957591
12616	36.3541234092266
12618	36.3518495410756
12622	36.3391206989486
12634	36.3237135829813
12652	36.2864923005467
12670	36.2858249749371
12682	36.2677039009901
12698	36.2646723456989
12716	36.2335115550075
12750	36.2232769752791
12768	36.2220030977095
12774	36.1904713670191
12780	36.1481455771926
12796	36.1403808404687
12798	36.1172597777203
12816	36.1009550056065
12830	36.0686059672339
12862	36.034850870904
12882	36.0260984288488
12892	36.0228649451159
12894	36.0155199735848
12904	36.0096405430885
12906	36.0004525533423
12910	35.995314058086
12928	35.990243584019
12946	35.9819261273299
12960	35.9666097949865
12962	35.9613094264044
12968	35.9573750575349
12994	35.954116695791
13014	35.9425555103763
13018	35.9390521153436
13030	35.9260534297303
13032	35.9186018713636
13044	35.8996055059579
13046	35.8958496064183
13054	35.89500880355
13056	35.8749239571226
13058	35.8722393287051
13076	35.8638543968413
13084	35.8505274458861
13098	35.8392229299963
13106	35.8382791134567
13114	35.8381006428209
13116	35.8361243495695
13124	35.8336445359816
13130	35.8296823661016
13142	35.8155664593914
13152	35.8099357871977
13154	35.8073062066795
13160	35.8063870787245
13170	35.7765033581365
13172	35.7689423903635
13176	35.7573308459164
13178	35.7337466309462
13194	35.7157521793436
13228	35.7058517352831
13236	35.6967509314076
13242	35.6899501768815
13246	35.6805682833077
13266	35.6692119009745
13274	35.6547987506756
13288	35.6535123574562
13304	35.6396658722819
13330	35.6351307800787
13360	35.6311645399138
13382	35.6235551861098
13404	35.6198891386109
13412	35.6198360453737
13416	35.6055311956807
13426	35.5996073897823
13464	35.5719386072776
13478	35.5683014415865
13520	35.5667197612931
13524	35.5567944449032
13546	35.5444833439171
13548	35.5414817089133
13552	35.5375335799032
13562	35.5214550590892
13578	35.5102158203754
13660	35.5062487857156
13662	35.4967182078951
13692	35.4932090870694
13704	35.4931430805424
13716	35.4865505875889
13726	35.4841531330661
13766	35.476337660615
13776	35.4759988597207
13782	35.4759013835772
13784	35.4628836298293
13792	35.4596149958488
13806	35.4451500955061
13820	35.4428844969474
13828	35.4383705751365
13840	35.4224754037295
13846	35.4110994096233
13864	35.4049592484036
13872	35.4026230313595
13886	35.3939299906123
13896	35.3890382385175
13898	35.3867622112403
13908	35.3611243800168
13910	35.3596185601245
13926	35.3538301830455
13934	35.3428403106905
13956	35.3349400653148
13958	35.3283557120568
13964	35.3258787196568
13980	35.3246873871836
13984	35.3107841095073
13988	35.3097885744138
13994	35.3009877512205
13998	35.2902515734719
14004	35.2856587924213
14018	35.2855540967883
14038	35.2842172785441
14044	35.2797942063145
14058	35.2791850380891
14060	35.2699459735140
14078	35.262340094784
14088	35.2486435330492
14098	35.2444925929999
14122	35.2407241872862
14160	35.2378794144145
14164	35.2263281012128
14170	35.2167685241103
14198	35.2114041362941
14202	35.2090890144856
14232	35.2073290951226
14234	35.2037552932791
14244	35.1985787950979
14246	35.1923339309460
14266	35.186490645147
14274	35.1816688908172
14288	35.1725640660761
14330	35.168250202498
14346	35.156480427428
14348	35.1484380206362
14384	35.1474291131573
14390	35.1337317107901
14396	35.1281854267041
14436	35.1278862551648
14446	35.1254616916187
14450	35.1116567266821
14488	35.1066439912947
14490	35.0895947701816
14508	35.0753900290489
14514	35.0535629096636
14550	35.0511743523157
14560	35.047731186128
14580	35.0423614483584
14590	35.0413083173869
14594	35.0400153077667
14602	35.0392354252663
14614	35.0355757863416
14618	35.0279962144394
14622	35.0225227268114
14636	35.0217247502331
14648	35.0207131276726
14656	35.0045350750775
14682	34.9996090829404
14688	34.9993834535297
14698	34.9895940855657
14712	34.9825204641323
14716	34.9764228561833
14728	34.9730138121523
14730	34.9691724805342
14734	34.9549106225742
14744	34.9457980872813
14754	34.9457027034754
14758	34.9434197459205
14766	34.940955469815
14768	34.9292755742922
14776	34.9261380384304
14788	34.9245447054788
14796	34.9221349373973
14816	34.9133688268152
14830	34.9057915523612
14868	34.9042966812371
14876	34.9006577413815
14882	34.8985429749427
14886	34.8968578812458
14890	34.8914579803830
14896	34.890211628394
14904	34.8882220516214
14912	34.8874799123131
14916	34.8780444451795
14930	34.8675209303068
14956	34.8662541533455
14970	34.8648279441289
14980	34.8620245185458
14992	34.850563703878
15002	34.8465130466286
15004	34.8436719788518
15010	34.8424807261386
15022	34.8411172166123
15038	34.8402742230777
15042	34.8195892172996
15058	34.8173328541921
15064	34.8166072227237
15074	34.8151545012106
15090	34.8066534583653
15110	34.8028443800728
15144	34.8019117125049
15148	34.7989995320379
15168	34.7935369814115
15172	34.7899143128248
15184	34.7837399506658
15208	34.7798581494886
15252	34.7788144548901
15254	34.7651251474638
15256	34.7623986276182
15300	34.7621022009335
15308	34.7593652365901
15314	34.7514465532338
15336	34.7473540655753
15358	34.7394502547015
15370	34.7370213200651
15408	34.7327789470449
15424	34.7247466898138
15434	34.7199635365319
15496	34.7183821482378
15508	34.7088625292932
15510	34.7034007338918
15542	34.7029160998451
15544	34.7021134941099
15546	34.7002361441979
15550	34.6984893551213
15558	34.6930521734673
15578	34.6925089548293
15592	34.6917744932224
15600	34.6907398353307
15604	34.6891484464657
15610	34.6887484077267
15612	34.6881422044802
15616	34.6853105849748
15620	34.6831929255405
15638	34.6826585565135
15650	34.6816024896533
15662	34.6796267851295
15696	34.6790521600465
15710	34.6782900484175
15722	34.6746244124458
15742	34.673019840502
15752	34.6723965323608
15770	34.6719971161759
15774	34.6693060779952
15782	34.6689039679177
15786	34.6646757631408
15810	34.6567055650533
15846	34.6554800060357
15848	34.653598880846
15850	34.6520645081059
15862	34.6507278636669
15868	34.6500211989883
15874	34.6465684510797
15906	34.646455914992
15948	34.6459753220427
15962	34.6431339768357
15968	34.6429244114906
15980	34.6414489316935
15990	34.6408999720962
16004	34.6404690277739
16008	34.6398962220941
16012	34.6385779872347
16014	34.6367592062479
16030	34.6335616184105
16052	34.6300807011454
16086	34.6257696138966
16096	34.6234837506081
16112	34.6226893603083
16114	34.6226431158736
16120	34.6200221032154
16122	34.6173560118596
16130	34.6154218635463
16140	34.6135538052546
16166	34.6108785718216
16176	34.6074712096333
16192	34.6052323081655
16212	34.6044118242794
16230	34.6032092057522
16234	34.600396121233
16244	34.5981243603207
16270	34.5969588340030
16282	34.5941033548132
16308	34.5934134047152
16314	34.5903178058529
16316	34.5896711156932
16368	34.5872764655202
16382	34.5867256043292
16388	34.5854388971104
16394	34.5843417517453
16408	34.5839936598898
16412	34.5830299252796
16420	34.5784095078518
16428	34.5776574904689
16444	34.5773435935777
16456	34.5772064052857
16470	34.5765018304541
16472	34.5730602104105
16484	34.5704366762558
16498	34.5686202342384
16514	34.5682636966717
16518	34.5664220463335
16526	34.5660570982052
16540	34.5624712931714
16546	34.5608067548621
16568	34.5601032738121
16572	34.5589063840870
16580	34.5566905887489
16590	34.555741773426
16594	34.5528942771149
16626	34.5517657927484
16652	34.5490764902288
16688	34.5427692231015
16692	34.5419661041154
16700	34.5378552531012
16728	34.5368071743951
16732	34.534924124773
16742	34.5344124773562
16746	34.5326824996246
16750	34.5272349516816
16762	34.5252132732802
16794	34.5233395415153
16800	34.5210454416504
16810	34.5175950856886
16828	34.516834009696
16838	34.5140026207860
16848	34.510262216344
16856	34.5096748648916
16858	34.5090317271265
16864	34.5053409520112
16876	34.5035920279878
16878	34.5004138582103
16918	34.496406942517
16934	34.4949406393867
16948	34.4873881296198
16966	34.4873511139129
16978	34.483654850581
16988	34.4818540851651
16990	34.4800104509018
16994	34.4790948607590
17014	34.4769955440801
17028	34.4740602437976
17036	34.4721656130482
17048	34.4669729102941
17066	34.4669085811941
17068	34.4640436242699
17080	34.463566291609
17092	34.4602070367786
17100	34.4591143590628
17130	34.4572594999833
17132	34.4523607363324
17150	34.4479432791079
17152	34.4428299131932
17188	34.4369656249594
17192	34.4351503139467
17202	34.4341558646859
17222	34.4337573110095
17226	34.4307953353458
17240	34.4301107277883
17248	34.4231667906616
17258	34.4218017578533
17266	34.4217423786749
17268	34.4149946343984
17284	34.4127674469537
17292	34.4063279559008
17314	34.4049763429876
17318	34.4005635720147
17338	34.3973063915675
17344	34.3970739157919
17364	34.3964164344138
17376	34.3957998529159
17384	34.3937640713309
17424	34.3911991917108
17452	34.3901831637336
17454	34.3886320057888
17462	34.3881071967475
17468	34.3855936399276
17484	34.3824709215154
17504	34.3790719449503
17522	34.3766260087414
17542	34.3746392592071
17586	34.3743115752913
17604	34.3723498703859
17612	34.3712447336533
17628	34.3700690158094
17658	34.3686723129641
17662	34.3675961406009
17674	34.36585220123
17688	34.3628995608938
17714	34.3621204215021
17720	34.3597066068911
17734	34.3592636148603
17748	34.3587315217982
17766	34.3587215374617
17772	34.3584576614397
17776	34.3580535210269
17778	34.357876055874
17788	34.3566041715034
17804	34.3552469404219
17836	34.3544365315407
17848	34.3544218802328
17880	34.3541177773997
17882	34.3531373071321
17908	34.3526133811576
17920	34.3521715844294
17928	34.3504008556996
17948	34.3480604531807
17972	34.3477696400847
17978	34.3466948162549
17986	34.3434469747735
18006	34.3427269693375
18014	34.3420306218734
18022	34.3417767609496
18024	34.3390641910983
18042	34.3385959837051
18044	34.3373082091404
18068	34.3337198330833
18094	34.3327621551254
18098	34.3325051314764
18104	34.3314413770305
18118	34.3312644278970
18120	34.3308523977009
18124	34.3302743635451
18134	34.3281529562101
18138	34.3272270801221
18140	34.3268799054368
18142	34.3244681914910
18154	34.324246946314
18170	34.3241124792486
18182	34.3214953947476
18184	34.3212443565708
18186	34.3199121229587
18204	34.3191472180082
18206	34.3182984913781
18208	34.3168343921748
18216	34.3134492585986
18220	34.3112201896355
18256	34.3105464335359
18274	34.3099153279788
18278	34.309116946193
18280	34.306986612769
18282	34.3064535573972
18290	34.3053597383443
18304	34.3035117485561
18306	34.3011463842475
18334	34.3006084901758
18342	34.3001318895498
18348	34.298879791242
18352	34.2977955839835
18360	34.2960754290076
18374	34.2942870500084
18400	34.2939190037341
18428	34.2931184832849
18460	34.2921858825763
18466	34.2917958171185
18480	34.291357036621
18482	34.2907634058222
18500	34.2900715763476
18508	34.2899919085673
18520	34.2894787838812
18522	34.2888385922513
18530	34.2878586114018
18532	34.2866846007629
18560	34.2851455220414
18582	34.2844351577978
18620	34.2840374733237
18626	34.2835552626378
18630	34.280959141533
18642	34.2800676505576
18650	34.2796471433872
18684	34.2791168384094
18690	34.2790933840494
18696	34.2780269438457
18710	34.2771044093909
18732	34.2768497528896
18740	34.2761569082084
18742	34.2752185435991
18752	34.2751493341087
18764	34.2749219937294
18768	34.2733997200936
18774	34.2719472469349
18788	34.2703300204969
18818	34.2700546949245
18820	34.2686641038177
18824	34.2679793926243
18836	34.2677734387759
18840	34.2674628805581
18842	34.2654663549365
18872	34.2652324788537
18910	34.2641788720144
18918	34.2641586441550
18924	34.2630043127899
18934	34.2624979371883
18962	34.2607718964547
18964	34.2606089530144
18972	34.2592077428782
18978	34.2588205769413
18992	34.2570124918881
18998	34.2560951376248
19016	34.2558611901253
19018	34.254243133921
19034	34.2519681828152
19052	34.2510642700803
19058	34.2496821567070
19066	34.2472395716655
19070	34.2437805110187
19094	34.2372809318559
19098	34.2369776910774
19112	34.2333242433609
19118	34.2327287568623
19130	34.2316189872503
19144	34.2287965256557
19154	34.2285891287477
19160	34.2253112805095
19164	34.2246554419817
19184	34.2242582521349
19186	34.2229115651774
19188	34.2227758245999
19202	34.2201964733827
19234	34.2172099041789
19236	34.2159312570301
19244	34.2155028374173
19256	34.2154845807472
19260	34.2141411624797
19266	34.2106770664049
19270	34.2086467105476
19278	34.2011171377936
19316	34.1991921247389
19318	34.1974552818750
19322	34.1922740968988
19354	34.189297910514
19360	34.1877351969961
19368	34.1846146804413
19378	34.1835254897644
19386	34.1784604530340
19394	34.1776403628648
19398	34.1769662663869
19408	34.1757550702935
19420	34.1738747298365
19426	34.1736505146534
19428	34.1661992939545
19462	34.1596013926635
19492	34.1584315496028
19496	34.1569957284836
19498	34.1455572277621
19532	34.1446246238453
19556	34.1409961990695
19562	34.1376259956979
19568	34.136891699214
19600	34.1334489297949
19602	34.129478934434
19606	34.1286249722015
19616	34.1233404948019
19640	34.1193765569671
19644	34.1183159062921
19674	34.1165173071011
19682	34.1159570753517
19694	34.1121700663961
19700	34.1119496692539
19710	34.1112761479048
19728	34.1106704737074
19740	34.1048844588946
19778	34.0988536594668
19792	34.0958357466553
19810	34.0937933852341
19816	34.0897288525266
19818	34.0892487236185
19846	34.0871412247008
19856	34.0849845944161
19872	34.083287295597
19876	34.0831858962446
19880	34.0767163501275
19886	34.0764371739059
19894	34.0762461363325
19906	34.0724271579059
19908	34.0561491364534
19932	34.0551022349404
19934	34.0497035701505
19938	34.0490898818162
19946	34.0412340566879
19970	34.0412149135573
19984	34.0404683152645
20008	34.0337046515305
20010	34.0269145656414
20042	34.0237362958963
20048	34.0169288258829
20086	34.0156725297016
20094	34.0151505013070
20110	34.0073368329769
20132	34.0066672956949
20136	34.0003393409237
20138	33.9945284179699
20142	33.9879281216987
20146	33.9830135512017
20174	33.9785446662507
20186	33.9770811871322
20194	33.969985593339
20210	33.9671464511382
20224	33.9650590532427
20230	33.964169336653
20248	33.9625965903171
20250	33.9610310849390
20258	33.9596748628281
20262	33.9548768238903
20304	33.9538463409754
20322	33.9510149326502
20356	33.9490773447378
20364	33.9490762286361
20370	33.9480391596146
20374	33.9478394759896
20406	33.947644554974
20410	33.9470468751304
20432	33.9468621267186
20444	33.9451934534231
20448	33.9448193906142
20454	33.9442739258048
20456	33.9430280707257
20458	33.9425894434170
20472	33.9422351201011
20480	33.9417976584419
20492	33.9409234993519
20522	33.9404123776412
20528	33.9392465952702
20546	33.9376875097302
20568	33.9366459619735
20608	33.9363349010728
20610	33.9361019034267
20616	33.9359716584675
20630	33.9355131570441
20632	33.9351200475943
20638	33.9344904708901
20640	33.9341169658885
20656	33.9339421155755
20658	33.9335677600289
20666	33.9331538930073
20668	33.9329090391277
20670	33.9325816958026
20672	33.9313998396864
20676	33.9300558354095
20700	33.9283179910490
20702	33.9276009586420
20710	33.9273499042669
20724	33.9268409843912
20736	33.9266527660792
20738	33.9258776989876
20762	33.9251491080917
20786	33.9251259757285
20790	33.9249198013158
20808	33.9247881380765
20822	33.9247118246096
20830	33.9246515757568
20844	33.9246240197673
20846	33.9241605292597
20852	33.9240262378691
20870	33.9236320068947
20872	33.9234450000658
20890	33.9228783292406
20894	33.9226940928777
20900	33.9225091826494
20906	33.9223654173257
20918	33.9221648054283
20920	33.9218425406912
20938	33.9218195494455
20942	33.9214963401071
20944	33.9212313466501
20946	33.9212151908293
20950	33.9210162567986
20958	33.9209520814562
20966	33.9208869118005
20968	33.9207974891079
20978	33.9207375284165
20980	33.9204004401825
20990	33.9199328741540
21006	33.9195654533347
21040	33.9195292012023
21044	33.9190007461842
21080	33.9179860135801
21104	33.9177853629711
21114	33.9177623788352
21124	33.9176033289826
21128	33.9173996909229
21136	33.9172849663352
21140	33.917247621547
21148	33.9168994617662
21160	33.9168425907859
21168	33.9166194067968
21172	33.9165093840321
21180	33.916391953519
21184	33.9159150568724
21186	33.915674941747
21202	33.9150525129663
21222	33.9149792325645
21230	33.9146256904120
21232	33.9144348059984
21240	33.9140844656781
21266	33.9140095459523
21278	33.9132620444696
21306	33.9121468422254
21320	33.9121191285793
21340	33.9118431203838
21358	33.9111490085767
21362	33.9109525003205
21374	33.9097191544286
21434	33.9091040412800
21444	33.909016980488
21446	33.9087518895742
21464	33.908561162829
21474	33.9080896554457
21478	33.9078178115419
21482	33.907518632828
21500	33.9071568765791
21504	33.9067229127284
21512	33.9058951637858
21528	33.9052255956486
21568	33.9048982766901
21604	33.9035050201304
21622	33.9028913553958
21630	33.9025513961666
21640	33.902223630477
21642	33.9022176038312
21646	33.9020244359757
21656	33.9017734885421
21660	33.9013387907109
21666	33.9009050803595
21692	33.8998814017424
21714	33.8998756481914
21716	33.8988049412385
21722	33.8986403471014
21738	33.8971526498883
21740	33.8971156685324
21754	33.8964003522507
21758	33.8961376703755
21776	33.8951102386001
21788	33.8939978115558
21790	33.8935698721981
21798	33.8922257684951
21800	33.8920887656318
21806	33.8906596097551
21816	33.889902181903
21834	33.8896081336413
21840	33.8887860523794
21850	33.8878458771884
21854	33.8876721862104
21864	33.8871391581826
21870	33.8858845299873
21882	33.8853768542938
21884	33.885089006286
21906	33.8846143342625
21918	33.8835021354383
21946	33.8831264797495
21950	33.8826694966051
21956	33.8826520196819
21976	33.8804234134060
21978	33.8802880751007
21986	33.8791219820012
21998	33.8791190248870
22004	33.8790843598105
22012	33.8788791028474
22020	33.8786612037970
22038	33.8776610294318
22058	33.8771032965173
22068	33.8763087886622
22094	33.8761050512945
22110	33.8754629075126
22118	33.874626383579
22184	33.8738683155100
22210	33.8737458184021
22222	33.8735689332316
22238	33.8731418934181
22240	33.8731269295438
22270	33.8729980795803
22292	33.8729974537918
22324	33.8729915909744
22328	33.8727577497675
22336	33.8726069575421
22342	33.8724447523769
22350	33.8722836248356
22368	33.872145698473
22392	33.8721300761952
22396	33.8720370778779
22404	33.8720130448482
22408	33.871874547859
22442	33.8714462110224
22450	33.8713192475857
22454	33.871270534374
22492	33.8712331040546
22496	33.8709581309161
22500	33.8706304997116
22546	33.8703885667625
22568	33.869765429285
22574	33.8694276237229
22588	33.8692175806956
22594	33.8691757000516
22598	33.8689905287444
22602	33.8689494971526
22610	33.8687242621281
22616	33.8686431185256
22628	33.8681201335199
22632	33.868116337658
22634	33.8671700156901
22652	33.8668737770425
22658	33.8662808251769
22682	33.865715654853
22690	33.8655464061356
22694	33.8655355292348
22704	33.8654622894528
22714	33.8651717240259
22736	33.8651302106993
22754	33.8646381299719
22766	33.8646326809561
22772	33.864523830243
22780	33.8645073706282
22784	33.8643482818752
22794	33.8640071187284
22818	33.8634189652571
22850	33.8615517721765
22860	33.8610926479859
22882	33.8608061401536
22940	33.8607076216003
22944	33.8601925021613
22962	33.8599748538890
22970	33.8595260286824
22976	33.8593493756247
22992	33.8587846640072
23000	33.8577687052252
23016	33.8574668340203
23022	33.856810027574
23034	33.8557390536551
23042	33.8547446426115
23044	33.8546957533894
23046	33.8533900314341
23072	33.8531833796567
23104	33.8526700429888
23116	33.8525584325771
23120	33.8515267469217
23160	33.8513312120889
23168	33.8507597730974
23180	33.8505767047779
23202	33.8501299266586
23204	33.8493495735948
23222	33.8490870423477
23236	33.8488747703481
23260	33.8488367254942
23262	33.8482763087669
23276	33.8481590238044
23288	33.847984973324
23292	33.8475544578858
23314	33.8472513244244
23324	33.8468932489109
23354	33.8467045918701
23360	33.8466238719421
23362	33.8461075641139
23374	33.8460587504124
23384	33.8456741742912
23398	33.8455338302014
23408	33.8453637507476
23434	33.8451324039541
23468	33.8450179527913
23488	33.8449973507092
23500	33.8449918729953
23504	33.8449238760648
23506	33.8447592979225
23522	33.8444911467952
23528	33.8444080356331
23532	33.8440851106636
23542	33.8440435267071
23546	33.8438294359188
23586	33.8437959392503
23590	33.843757997414
23596	33.8437007538777
23602	33.8436602835839
23614	33.8434837509117
23620	33.8434731818231
23622	33.8433821689338
23624	33.8433016636249
23630	33.84310115947
23638	33.8430121852704
23640	33.8429006540219
23654	33.8428011771173
23694	33.8426720330108
23712	33.842670675262
23726	33.8426436639136
23730	33.8425543583311
23742	33.8423936007212
23762	33.8422246256676
23774	33.8421592582663
23776	33.8419817285706
23794	33.8418374807949
23830	33.8416956380217
23842	33.8416676476565
23850	33.8415959765881
23854	33.8415118668084
23884	33.8414868443511
23900	33.8414582200034
23918	33.8412773612561
23936	33.8412731309415
23942	33.8411566074724
23948	33.8411367205137
23950	33.8411141962686
23964	33.8410708627431
23980	33.8409818261016
23988	33.8409811249036
23990	33.8408663235337
23996	33.8408353521125
24010	33.8407786035186
24030	33.840667508821
24044	33.8406594538769
24052	33.8405870504458
24058	33.8405382518859
24062	33.8404793467737
24072	33.8404404924642
24090	33.8403153536648
24094	33.8402939981599
24102	33.8401422458558
24130	33.8400928770299
24158	33.8400194666199
24170	33.8400181035533
24172	33.8400050002536
24176	33.8398676378796
24206	33.8398149844903
24212	33.8397484702472
24240	33.8397258365620
24252	33.8397249499357
24258	33.839704466302
24262	33.8396914170034
24264	33.8395512668001
24280	33.8395451400931
24292	33.839533716662
24294	33.839469927968
24314	33.8394160429647
24322	33.8394018935034
24326	33.8392644379321
24344	33.8392030067906
24370	33.8391672677285
24372	33.8391274147896
24392	33.8389177473355
24394	33.8389086778476
24398	33.8388267615373
24404	33.838717969125
24446	33.8386337838134
24458	33.8386299310974
24468	33.8385592494385
24470	33.8385110442448
24472	33.838370288329
24496	33.8383668057706
24510	33.8382232717519
24520	33.8381220715494
24546	33.8380388492131
24566	33.8378857324334
24592	33.8378730591097
24608	33.8377813362227
24618	33.837651074857
24628	33.8376351275331
24650	33.8375750930591
24676	33.837556733588
24680	33.8372707499135
24702	33.837235683552
24706	33.8371995550242
24716	33.8371295937322
24748	33.8370880332063
24752	33.837054577915
24758	33.8370405598557
24762	33.8369728086234
24768	33.8368750066452
24774	33.8367699071299
24786	33.8366310161386
24790	33.8366018110695
24798	33.8365946913682
24804	33.8363740182884
24826	33.8363281177621
24830	33.8362394727605
24836	33.8361679032351
24848	33.8360581304000
24876	33.8359371084405
24898	33.8358509216426
24914	33.8357158085113
24934	33.8357112388146
24946	33.8356760199643
24950	33.8356742007008
24956	33.8356389631160
24976	33.8356264694181
24984	33.8355945155932
24992	33.8355141091454
25002	33.835436473267
25014	33.8354269724435
25016	33.8353478465265
25030	33.8353074283438
25070	33.8352407311087
25078	33.8351293951539
25120	33.8350707466462
25166	33.8350254246649
25170	33.8350042699025
25200	33.8349103338
25212	33.8348938564637
25216	33.8348456895944
25224	33.8347642930025
25230	33.8347015673091
25250	33.8345637475025
25256	33.8345063539742
25270	33.8344910797292
25282	33.8344762844509
25288	33.8344307268988
25328	33.8344015070041
25334	33.8343980968118
25340	33.834380773504
25346	33.8342621714741
25374	33.8341593675560
25386	33.8340357178046
25390	33.8338772490306
25392	33.8338626758731
25404	33.8337832985895
25412	33.8337552916490
25420	33.8337436604678
25422	33.8337280333666
25426	33.8337011290473
25434	33.8336988977210
25442	33.833674902603
25444	33.8336305098225
25464	33.8335846673264
25474	33.8335644108039
25480	33.8335307125705
25492	33.8335269093868
25514	33.8334974231253
25526	33.833491561879
25530	33.8334540260086
25536	33.8334405425608
25544	33.8334359213386
25546	33.8334325107529
25562	33.8334194878960
25572	33.8334124153531
25584	33.8333943357629
25586	33.8333800209629
25598	33.8333624152918
25602	33.8333486927479
25614	33.8333273578262
25624	33.8333082316148
25632	33.8333055314217
25650	33.8332397460064
25662	33.8332362491353
25666	33.8332242745254
25688	33.833178339218
25714	33.8331593221237
25726	33.8331579997532
25730	33.8331408374635
25738	33.8331144543595
25748	33.8331005714753
25758	33.8330977707184
25768	33.8330747838261
25772	33.8330029840453
25792	33.8329204796579
25814	33.8328756779667
25828	33.8328727823817
25838	33.8328667847724
25844	33.8328653381544
25864	33.8328526825642
25878	33.8328146637772
25888	33.8328054587648
25896	33.8327484308291
25908	33.832746591438
25916	33.8327322342581
25920	33.8327208205269
25922	33.8327127979816
25926	33.8326999381823
25928	33.8326760170087
25934	33.8325918672796
25956	33.8325879278208
25984	33.8325562957569
25998	33.8325148326695
26028	33.8324715630359
26038	33.832438006804
26054	33.8324246856145
26068	33.8323103912339
26090	33.8322778829352
26106	33.8322487541568
26114	33.8321275045064
26132	33.8320787035912
26156	33.8320395056414
26176	33.8319748586472
26188	33.8319364853053
26196	33.8318866446303
26208	33.831857331644
26212	33.831843332827
26218	33.8317972008365
26248	33.8317606602584
26254	33.83172624682
26274	33.8317029902296
26282	33.8316977341723
26294	33.8316971979791
26306	33.831694733805
26308	33.8316866075738
26318	33.8316807343062
26324	33.831676292488
26328	33.8316751323864
26332	33.8316112638589
26348	33.8315852181919
26356	33.8315410670478
26380	33.8315189865679
26382	33.8315072669174
26400	33.8314902648175
26404	33.8314638602781
26408	33.8314632762912
26426	33.8314346572868
26430	33.8314161345782
26446	33.8314061481362
26474	33.831376173798
26480	33.8313287272253
26494	33.8312650133862
26510	33.8312569341404
26514	33.8311942968334
26556	33.8311931004981
26560	33.8311808928819
26578	33.8311676043531
26588	33.831149984663
26602	33.8311420934581
26604	33.8311214216874
26608	33.8310920619653
26616	33.831083302415
26622	33.8310782159598
26636	33.8310720390756
26638	33.831065120603
26668	33.8310259091734
26688	33.8310156758434
26706	33.8310014532724
26722	33.8309883556722
26726	33.8309798229717
26728	33.8309608645096
26732	33.8309594394765
26734	33.8309451795478
26742	33.8309246925418
26774	33.8309092355366
26782	33.8309028225
26788	33.8308809863513
26796	33.8308787212096
26800	33.8308726780691
26802	33.8308430157359
26826	33.8308428905522
26830	33.830808953595
26832	33.8308051794694
26838	33.8307796081441
26858	33.8307488244409
26866	33.8307165812894
26882	33.8306864814901
26890	33.8306835657124
26894	33.8306745476511
26898	33.8306397780443
26902	33.8306153070932
26910	33.8305999673819
26918	33.8305828837601
26934	33.8305472022175
26954	33.8305447608407
26964	33.8305348629942
26966	33.8305022384160
26968	33.8305013966553
26972	33.8305009920982
26988	33.8304862039824
26990	33.8304643451643
26992	33.8304329900709
27010	33.8303990552808
27032	33.8303943808208
27036	33.8303893581203
27040	33.8303777037358
27046	33.8303666433603
27066	33.8303659849138
27068	33.8303654141758
27070	33.830361244204
27086	33.8303477239982
27098	33.8303323964266
27126	33.830313549806
27146	33.8303111865519
27150	33.8303109182539
27152	33.8303040891742
27156	33.83028951043
27174	33.8302606616116
27182	33.8302559854427
27202	33.8302105634164
27218	33.8302055121891
27228	33.8301807398054
27232	33.8301653031852
27250	33.830158895426
27254	33.8301558901039
27256	33.8301375546887
27270	33.83010204608
27304	33.8300956148044
27326	33.8300934800405
27330	33.830044855625
27372	33.8300093905338
27396	33.8300020466922
27400	33.8299949370574
27404	33.8299913873697
27422	33.8299779576888
27448	33.8299759586174
27454	33.8299441839324
27458	33.8299426427764
27464	33.8299049091034
27508	33.8298984246708
27520	33.829857151276
27542	33.8298426875454
27546	33.829841109184
27558	33.8298253176771
27588	33.8297805309982
27636	33.8297759382669
27654	33.8297610713104
27658	33.8297545922484
27672	33.8297536959894
27674	33.8297264735642
27682	33.8297178797744
27684	33.8297116570172
27730	33.8296852238434
27756	33.8296551921541
27770	33.8296444901287
27776	33.8296414932659
27780	33.829623607765
27816	33.8296186176453
27820	33.8296180227079
27822	33.8296069139096
27838	33.8296031724653
27852	33.8295934086887
27868	33.8295790525632
27918	33.8295738170303
27934	33.8295722994859
27938	33.8295671480175
27958	33.8295622344021
27972	33.8295537760331
27978	33.8295457819565
28004	33.8295428179722
28016	33.8295413558536
28024	33.8295381248066
28034	33.8295288571451
28054	33.8295282173889
28080	33.8295276865032
28082	33.8295271680133
28088	33.8295202290207
28112	33.8295089141288
28146	33.8295062489787
28154	33.8295061942934
28160	33.8294855884799
28166	33.8294846393387
28188	33.8294518160120
28224	33.8294449352846
28228	33.8294395041119
28244	33.8294363109714
28250	33.8294263143327
28252	33.8294207336458
28258	33.8294200460653
28260	33.8294031690615
28272	33.8294024272414
28292	33.8294010605612
28294	33.8293981276755
28298	33.8293813868796
28314	33.8293754749107
28334	33.8293585778357
28360	33.829354836413
28386	33.8293422673581
28412	33.8293379647225
28438	33.8293354658050
28450	33.8293345309912
28460	33.8293326668388
28464	33.829329603945
28482	33.8293167885622
28488	33.8293144035012
28502	33.8293127925166
28504	33.8293077249973
28528	33.8293051868177
28554	33.8293050425902
28570	33.8293028423814
28586	33.8293015668015
28594	33.8292947957737
28598	33.829292959899
28626	33.8292888630082
28630	33.8292834788848
28646	33.8292811311532
28662	33.8292774374737
28670	33.8292770614175
28678	33.8292692026073
28696	33.8292683643284
28706	33.8292682621001
28718	33.8292608324467
28738	33.8292607632428
28740	33.8292585765111
28746	33.829258266087
28760	33.8292556045514
28778	33.8292549827489
28782	33.8292529189777
28786	33.8292490200955
28796	33.8292473579456
28800	33.8292373570224
28804	33.8292365724157
28808	33.8292354483024
28832	33.8292292475023
28834	33.8292255995547
28862	33.8292182126738
28864	33.8292087719782
28910	33.8292037269587
28914	33.8292013072116
28930	33.8291968905753
28944	33.8291943573083
28950	33.8291896272143
28962	33.8291809099360
28966	33.8291804255786
28974	33.8291793858618
29010	33.8291786387564
29028	33.8291774725007
29032	33.8291721751572
29036	33.8291692965762
29042	33.8291692784594
29044	33.8291679711513
29054	33.8291633119182
29076	33.8291589371656
29080	33.8291577648412
29098	33.8291555684946
29100	33.8291454328734
29114	33.8291436676327
29120	33.8291401404765
29154	33.8291335327996
29158	33.8291268775498
29194	33.8291143284128
29238	33.8291132748845
29248	33.8291118693687
29270	33.8291062682
29290	33.8291031540503
29302	33.8291028245307
29308	33.8290993903689
29312	33.8290989680068
29320	33.8290957061579
29336	33.8290956875106
29360	33.8290927740799
29366	33.8290888605814
29376	33.8290880485236
29388	33.8290827132576
29400	33.8290786037737
29422	33.8290745938646
29426	33.8290715691493
29442	33.8290690792677
29446	33.8290685370327
29448	33.8290673071414
29464	33.8290566272054
29488	33.8290558517407
29496	33.8290548448859
29514	33.8290504154844
29520	33.8290473494777
29522	33.8290393578631
29528	33.8290344414162
29564	33.8290178145047
29586	33.8290158825821
29608	33.8290156135954
29614	33.8290118886605
29626	33.8290003125363
29636	33.8289903350479
29664	33.8289902291033
29676	33.8289862862214
29682	33.8289781137336
29684	33.828976361941
29694	33.8289671339203
29742	33.8289652829316
29752	33.8289585928138
29760	33.8289565896685
29766	33.8289550059447
29772	33.8289514106683
29780	33.8289425015827
29802	33.8289418492738
29804	33.8289412737593
29824	33.8289407451246
29828	33.8289341263897
29840	33.8289325001039
29842	33.8289318775508
29844	33.8289260279402
29860	33.8289189694026
29874	33.8289186205817
29876	33.8289157931443
29880	33.8289150686329
29882	33.8289005093803
29928	33.8288998003567
29930	33.8288969224276
29942	33.8288933360549
29948	33.8288921503453
29950	33.8288917865478
29966	33.8288901069583
29968	33.8288804677061
29988	33.8288760855693
30020	33.8288734074287
30030	33.8288728784880
30042	33.828870979816
30052	33.8288698061804
30074	33.8288694559917
30076	33.8288692667202
30078	33.8288685244768
30092	33.8288629056363
30110	33.8288611541621
30124	33.8288610900487
30132	33.8288608911449
30134	33.8288595664948
30146	33.8288574576381
30150	33.8288561840998
30172	33.8288539450408
30176	33.8288539354296
30184	33.8288503031928
30202	33.8288480376637
30212	33.8288441301605
30258	33.8288404534023
30266	33.8288385515347
30294	33.8288365365632
30298	33.8288359794865
30322	33.8288356976068
30328	33.8288335994251
30334	33.828831382054
30344	33.8288247226273
30378	33.8288237250839
30380	33.828823060287
30382	33.8288217425293
30398	33.8288216291079
30414	33.8288185996093
30434	33.828817950923
30454	33.8288162651117
30456	33.8288160357869
30464	33.8288155990765
30492	33.8288134032071
30506	33.8288121448056
30510	33.8288116901075
30514	33.8288115719289
30528	33.8288084538126
30536	33.8288046930942
30538	33.8288038568308
30544	33.8288037941805
30554	33.8288019428018
30558	33.8287969805948
30560	33.8287964190257
30576	33.8287914982006
30590	33.8287914735791
30592	33.8287901087251
30600	33.8287893911733
30610	33.8287831902637
30618	33.8287808435798
30652	33.8287785460763
30654	33.8287783795493
30658	33.8287777717719
30662	33.8287751411587
30690	33.8287715216216
30706	33.8287660918015
30732	33.828765563503
30738	33.8287639893306
30746	33.8287634263764
30766	33.8287630517923
30780	33.8287623636984
30782	33.8287615314405
30784	33.8287612382172
30790	33.8287589058512
30834	33.8287579566291
30836	33.8287572356109
30838	33.8287568852215
30840	33.8287547458596
30868	33.8287542070391
30882	33.82875321893
30886	33.8287516763100
30900	33.8287510865007
30906	33.8287491986964
30922	33.8287484903775
30942	33.8287469058915
30958	33.8287465083906
30974	33.8287459400044
30994	33.8287454393316
31010	33.8287447813639
31014	33.8287445909985
31020	33.8287441982615
31024	33.8287433449694
31028	33.8287417423144
31036	33.8287410053313
31068	33.8287400169829
31070	33.8287399434987
31072	33.8287387059458
31074	33.828736784556
31086	33.8287360957702
31100	33.8287358451500
31114	33.8287354237606
31116	33.8287337517063
31126	33.8287336846563
31134	33.8287303317828
31158	33.8287302966619
31160	33.8287299372135
31188	33.8287285450079
31202	33.8287276156125
31210	33.8287262702534
31212	33.8287250270150
31226	33.828722341256
31274	33.8287203826753
31280	33.8287192358591
31288	33.828718312538
31296	33.8287175676691
31300	33.8287165228227
31312	33.828715611917
31316	33.8287152645842
31318	33.8287150144622
31322	33.8287145093500
31324	33.8287118760962
31328	33.8287112824464
31338	33.8287072920094
31372	33.8287042834932
31400	33.8287031709662
31410	33.8287030288291
31412	33.8287009385965
31426	33.8287007208688
31434	33.8286975709905
31442	33.8286970839161
31446	33.8286951843173
31458	33.8286951835294
31468	33.8286906173338
31492	33.8286890773495
31528	33.8286884673257
31530	33.8286881624750
31550	33.8286870707546
31562	33.8286860561532
31568	33.8286857323793
31570	33.8286850688405
31592	33.8286842613962
31596	33.8286827565611
31602	33.8286819543574
31606	33.8286819387577
31624	33.8286800998002
31626	33.8286800498047
31642	33.8286799443219
31646	33.8286790216726
31648	33.8286787557056
31658	33.828678664992
31664	33.8286785976482
31666	33.8286739325657
31708	33.8286738639863
31710	33.8286736884123
31726	33.8286722325457
31736	33.8286705537177
31768	33.8286703912109
31776	33.8286691777638
31812	33.8286685919132
31822	33.8286680687215
31826	33.8286674292368
31832	33.8286669964957
31846	33.8286658417675
31856	33.8286657473482
31864	33.8286643841221
31884	33.8286620559917
31892	33.8286590116008
31926	33.8286562501544
31940	33.8286560830898
31942	33.8286552171668
31974	33.8286547098124
31990	33.8286536735525
31996	33.8286528186984
32000	33.8286493326303
32020	33.8286484716218
32034	33.8286477485485
32068	33.8286465982671
32074	33.8286459211010
32078	33.8286454698672
32082	33.8286446403901
32112	33.8286434287849
32114	33.8286425710018
32118	33.8286421019091
32136	33.8286407265151
32178	33.828640471684
32186	33.8286403465898
32198	33.8286393537701
32204	33.8286392647806
32222	33.8286389315768
32262	33.8286389286448
32280	33.8286381833013
32282	33.8286377662417
32300	33.8286374543576
32312	33.8286373596409
32318	33.8286372276603
32324	33.8286370230963
32342	33.8286368336691
32346	33.8286367012549
32362	33.8286361843362
32364	33.8286360682838
32370	33.8286358982211
32376	33.828635575928
32388	33.8286354950984
32400	33.8286349907325
32404	33.8286347841222
32438	33.8286346113722
32450	33.8286342347576
32454	33.8286341698782
32466	33.8286340871134
32486	33.828633635956
32500	33.8286332117899
32504	33.8286331320253
32510	33.8286330857294
32526	33.8286330736311
32528	33.8286324443336
32532	33.8286322970855
32536	33.8286321716548
32548	33.8286319222035
32550	33.82863130002
32560	33.8286301493620
32600	33.8286295728745
32618	33.8286291287732
32630	33.8286288028024
32642	33.8286286160221
32650	33.8286283118441
32664	33.8286275829608
32684	33.8286268478258
32716	33.8286267606222
32734	33.8286267546487
32744	33.8286261639398
32762	33.8286259875292
32768	33.8286258183421
32770	33.8286256377473
32774	33.8286255332396
32786	33.8286254441513
32790	33.8286251692042
32794	33.8286248621008
32806	33.8286241686157
32814	33.8286241499406
32818	33.8286234076055
32830	33.8286232020621
32848	33.8286229973661
32858	33.8286226519670
32862	33.8286226036651
32868	33.828622213254
32874	33.8286209054158
32888	33.8286206080752
32904	33.8286204657805
32918	33.8286199683332
32922	33.8286198721942
32932	33.8286195414994
32940	33.8286192818847
32942	33.8286192210682
32958	33.8286191905901
32970	33.8286189119845
32972	33.8286186919155
32978	33.8286185788943
32986	33.8286185589756
32988	33.8286182599549
32998	33.8286177898257
33000	33.8286177529806
33008	33.8286176222453
33010	33.8286168816853
33014	33.8286167287112
33022	33.8286156445469
33066	33.8286151996345
33074	33.8286149818986
33076	33.8286145732255
33078	33.8286135684274
33126	33.8286132091413
33130	33.8286125320723
33140	33.8286123131642
33142	33.8286122821041
33144	33.8286112450832
33150	33.828610806036
33188	33.8286105373738
33212	33.8286095952981
33244	33.8286095199467
33250	33.8286088558649
33282	33.8286086514468
33290	33.8286086229914
33294	33.8286084970263
33312	33.8286082952204
33320	33.8286079913294
33334	33.828607437501
33358	33.8286073492826
33368	33.8286071242357
33390	33.8286069046551
33394	33.8286066451672
33398	33.8286065819795
33408	33.8286059101531
33428	33.8286055348053
33438	33.8286053373998
33440	33.8286042263707
33444	33.8286038951194
33464	33.8286038182902
33492	33.8286036729387
33498	33.8286034461611
33514	33.8286033167901
33518	33.8286031254248
33520	33.8286030467789
33526	33.8286027983738
33542	33.8286026009521
33560	33.8286023599473
33586	33.8286022355197
33604	33.8286022049102
33610	33.8286020334016
33618	33.8286018489018
33638	33.8286017174134
33644	33.8286016100607
33668	33.8286014235365
33672	33.8286012627083
33690	33.8286010526195
33700	33.828600769794
33724	33.8286005783068
33740	33.8286001022604
33748	33.8285996378356
33760	33.8285993167597
33766	33.8285993155149
33772	33.8285990325726
33790	33.8285989944739
33802	33.8285988555234
33808	33.8285988100659
33814	33.8285987808607
33816	33.8285984751708
33834	33.8285984278046
33844	33.82859832863
33852	33.8285983091139
33854	33.8285982185762
33862	33.8285981921455
33870	33.8285981771227
33882	33.8285981448908
33888	33.8285979403705
33896	33.8285976059527
33902	33.8285975793776
33908	33.8285974956933
33916	33.8285972496724
33924	33.8285970213397
33944	33.8285964756587
33970	33.8285963321022
33974	33.8285961934533
33976	33.8285960724905
33984	33.8285959363773
34008	33.8285955052528
34018	33.8285953701282
34026	33.8285951927699
34040	33.8285950974453
34052	33.8285950294150
34058	33.8285949513993
34080	33.8285949253592
34090	33.8285948400276
34102	33.8285945435187
34110	33.8285942139579
34130	33.8285941901326
34136	33.8285941351711
34138	33.8285936997462
34158	33.8285936938321
34174	33.8285935375244
34182	33.8285935225302
34184	33.8285934970564
34196	33.8285932433078
34234	33.8285932185637
34240	33.8285931520021
34246	33.8285930584172
34262	33.8285929300429
34274	33.8285928597454
34284	33.8285927197323
34294	33.8285927089154
34308	33.8285926829155
34324	33.8285926037827
34330	33.8285925192065
34342	33.8285925161941
34350	33.8285924061229
34358	33.8285922654933
34362	33.8285922366100
34376	33.8285921815375
34388	33.8285919836744
34390	33.8285918370085
34394	33.8285918000581
34438	33.8285917572049
34440	33.8285916963749
34442	33.8285916536387
34452	33.8285915900226
34458	33.8285915659620
34482	33.8285914352508
34494	33.8285914296802
34504	33.8285913264197
34516	33.8285910884149
34530	33.8285910464396
34534	33.8285908959166
34538	33.8285908554099
34542	33.8285908447331
34548	33.8285908076821
34552	33.8285907335939
34570	33.8285906093255
34576	33.8285905714809
34590	33.8285905639336
34598	33.8285905134917
34602	33.8285904523553
34608	33.8285903572290
34616	33.8285901603112
34632	33.828590155192
34636	33.828590145845
34656	33.8285900838331
34658	33.8285900838095
34670	33.828589956517
34682	33.8285899357444
34686	33.8285899046864
34692	33.8285897377266
34722	33.828589681265
34724	33.828589659174
34726	33.8285896437627
34758	33.8285895866581
34790	33.8285895616164
34792	33.8285895312478
34794	33.8285895280594
34796	33.8285894064001
34824	33.8285893525612
34832	33.8285892674917
34852	33.8285891243882
34854	33.8285890950804
34856	33.8285890815170
34858	33.8285890567576
34862	33.8285889267384
34870	33.8285888967883
34892	33.8285886393956
34916	33.82858862052
34918	33.8285885459689
34938	33.8285884156838
34940	33.8285884085146
34966	33.8285881862816
34982	33.82858811318
34988	33.8285879225882
35020	33.8285878670972
35036	33.8285878536283
35046	33.8285876862958
35060	33.8285876334766
35070	33.8285876001213
35082	33.8285875554785
35102	33.8285875514016
35110	33.8285874918266
35128	33.8285874344623
35136	33.8285873466828
35144	33.8285873072477
35172	33.8285872921019
35178	33.8285872747333
35186	33.8285872405154
35222	33.8285871460254
35236	33.828587081191
35252	33.8285870488713
35260	33.8285870477582
35280	33.8285870328172
35292	33.8285869637884
35310	33.82858694927
35318	33.8285868340482
35334	33.8285867985403
35336	33.8285867353336
35366	33.8285866470857
35370	33.8285865029973
35376	33.8285864621788
35392	33.8285864463241
35408	33.8285864427546
35410	33.8285864153213
35414	33.8285862919628
35420	33.8285862606326
35426	33.828586082235
35436	33.8285860813278
35450	33.8285860801576
35456	33.8285860403363
35462	33.8285860398106
35474	33.8285860173224
35480	33.8285859570399
35482	33.8285859412009
35500	33.8285857995511
35512	33.8285856953526
35518	33.828585658039
35540	33.8285856120521
35550	33.8285854499549
35592	33.8285851034769
35634	33.8285849453791
35662	33.8285849202827
35678	33.8285848081984
35688	33.8285847890924
35698	33.8285847293455
35700	33.8285846872446
35734	33.828584555145
35744	33.8285845204787
35764	33.8285845137005
35770	33.8285844362281
35784	33.8285843468574
35786	33.8285843289256
35808	33.8285842770230
35818	33.828584151447
35826	33.8285841450978
35832	33.8285839948181
35846	33.8285839749874
35848	33.8285839495175
35854	33.8285839176441
35858	33.828583863627
35888	33.8285838333208
35904	33.8285838117648
35906	33.8285838053207
35910	33.8285837749649
35914	33.8285836920276
35920	33.8285835733236
35940	33.8285834882143
35944	33.8285834369748
35974	33.8285834163067
35982	33.8285833811409
36002	33.828583348391
36006	33.8285833015912
36024	33.8285832038395
36038	33.8285831407677
36084	33.8285830993357
36094	33.8285830877928
36098	33.8285830437271
36108	33.8285830324751
36116	33.8285830125917
36124	33.8285829867963
36130	33.8285829726554
36138	33.8285828945916
36148	33.8285828924287
36162	33.8285828419339
36174	33.8285828398279
36176	33.828582799147
36184	33.8285827881917
36204	33.8285827462603
36218	33.8285826730846
36220	33.8285826393765
36222	33.8285826013041
36230	33.8285825386507
36262	33.8285824363422
36282	33.8285823680324
36292	33.8285823571984
36302	33.828582351336
36320	33.8285823084782
36332	33.8285822986254
36358	33.8285822278232
36360	33.8285821978242
36364	33.8285821841748
36374	33.8285821721888
36380	33.8285820941275
36384	33.828582031136
36412	33.8285820239725
36422	33.8285820086171
36426	33.8285819565420
36434	33.8285819407424
36448	33.8285818899928
36468	33.8285818726997
36472	33.8285817998528
36506	33.8285817614156
36524	33.8285816975368
36536	33.8285816721179
36538	33.8285815394889
36540	33.8285815298681
36548	33.8285815183966
36550	33.8285814624644
36554	33.8285813338403
36564	33.8285812794507
36594	33.8285812121584
36598	33.8285811585749
36614	33.8285811333208
36628	33.8285810163523
36634	33.8285809915208
36652	33.828580988415
36658	33.8285809055936
36668	33.8285808835380
36686	33.8285808141301
36694	33.8285807961084
36710	33.8285806126745
36752	33.8285805498328
36776	33.8285804947807
36780	33.828580475355
36786	33.8285804336494
36790	33.8285804151190
36796	33.8285803306782
36798	33.8285803203432
36814	33.8285802499351
36850	33.8285802194246
36872	33.8285801973129
36900	33.8285801695424
36908	33.8285801631593
36910	33.8285800801069
36956	33.828580051288
36966	33.8285800372659
36972	33.8285800178503
36978	33.8285799884186
37016	33.8285799675823
37056	33.8285799506118
37058	33.8285799156361
37068	33.8285799072586
37070	33.8285799008611
37078	33.8285798896310
37084	33.8285798649493
37096	33.8285798411791
37104	33.8285798393445
37112	33.8285798289002
37120	33.8285798243173
37130	33.828579822778
37132	33.8285798099983
37134	33.8285797995061
37138	33.8285797961876
37158	33.8285797721165
37216	33.8285797570063
37226	33.8285797530301
37228	33.8285797455823
37234	33.8285797183782
37258	33.8285797016885
37278	33.8285796695465
37286	33.8285796640491
37304	33.828579650682
37342	33.8285796150503
37364	33.8285796013508
37374	33.828579596788
37402	33.8285795813482
37406	33.8285795722078
37418	33.8285795302537
37426	33.8285795115165
37442	33.8285795040613
37462	33.8285794769439
37476	33.8285794022596
37484	33.8285794014589
37490	33.8285793964131
37496	33.8285793828339
37502	33.8285793665362
37504	33.8285793498887
37518	33.8285793198622
37522	33.8285792963475
37530	33.8285792484136
37536	33.8285792315215
37556	33.8285792275965
37578	33.8285792053811
37584	33.8285791962788
37600	33.8285791876665
37602	33.828579184231
37616	33.8285791816887
37630	33.8285791496395
37644	33.8285791482221
37646	33.8285791459899
37648	33.8285791425315
37684	33.8285791376491
37712	33.8285791344625
37724	33.8285791323504
37726	33.8285791156485
37732	33.828579111303
37736	33.8285791108905
37740	33.8285790887949
37746	33.8285790740571
37770	33.8285790721753
37776	33.8285790542704
37798	33.8285790533685
37802	33.828579046228
37820	33.8285790461981
37822	33.8285790311663
37826	33.8285790251054
37828	33.8285790250392
37846	33.8285790240744
37850	33.8285790215583
37852	33.8285790193768
37856	33.8285790173447
37876	33.82857901472
37888	33.828579004821
37898	33.8285790030878
37900	33.8285790003141
37914	33.8285789986201
37916	33.8285789882457
37944	33.8285789849242
37952	33.8285789847875
37960	33.8285789841917
37970	33.8285789794852
37990	33.828578979346
37996	33.8285789779440
38000	33.8285789664899
38014	33.8285789594764
38020	33.8285789590674
38038	33.8285789459457
38054	33.8285789450052
38074	33.8285789340135
38088	33.8285789246762
38098	33.8285789134678
38120	33.8285789040426
38130	33.8285788965962
38132	33.8285788945429
38160	33.8285788865904
38168	33.8285788849356
38196	33.8285788817098
38220	33.8285788769935
38232	33.8285788733935
38244	33.8285788707338
38276	33.8285788704462
38290	33.8285788552165
38302	33.8285788471601
38322	33.828578842749
38330	33.8285788378213
38342	33.8285788372805
38346	33.828578833728
38370	33.8285788250602
38376	33.8285788225480
38406	33.8285788214291
38414	33.8285788115305
38420	33.8285788107316
38428	33.8285788054546
38432	33.8285788044305
38436	33.8285788005979
38438	33.8285788000289
38444	33.828578798993
38454	33.8285787959108
38456	33.8285787957399
38466	33.8285787947252
38484	33.8285787916071
38492	33.8285787881775
38496	33.8285787856049
38518	33.8285787844002
38520	33.8285787827035
38526	33.8285787801129
38528	33.8285787676134
38562	33.828578765937
38564	33.8285787628226
38566	33.8285787604984
38572	33.8285787599608
38590	33.8285787562733
38598	33.8285787562106
38618	33.828578755566
38630	33.8285787498602
38660	33.8285787477244
38664	33.8285787456713
38686	33.8285787365422
38706	33.8285787361840
38710	33.8285787325995
38712	33.8285787300681
38722	33.8285787270488
38730	33.8285787232592
38738	33.8285787228012
38746	33.8285787218481
38748	33.8285787038639
38766	33.8285787026167
38790	33.8285786738621
38794	33.8285786698719
38816	33.8285786624716
38828	33.8285786547763
38846	33.8285786482912
38854	33.8285786460465
38858	33.8285786416449
38876	33.8285786059009
38880	33.8285785931785
38894	33.8285785744195
38926	33.8285785661275
38930	33.8285785640289
38934	33.8285785579117
38946	33.8285785514783
38960	33.8285785480643
38976	33.8285785378586
38994	33.8285785371996
38996	33.8285785297232
39004	33.8285785286232
39008	33.8285785060722
39032	33.8285785058333
39038	33.8285784987353
39054	33.8285784946730
39060	33.828578493585
39074	33.8285784792378
39084	33.828578470938
39094	33.8285784674499
39118	33.8285784659453
39122	33.8285784618336
39130	33.828578460384
39136	33.8285784578001
39140	33.8285784561204
39154	33.8285784410841
39158	33.8285784303539
39178	33.8285784300579
39186	33.8285784283091
39194	33.8285784178484
39224	33.8285784067666
39236	33.8285783959748
39262	33.8285783947113
39270	33.8285783865288
39280	33.8285783619485
39292	33.8285783599758
39300	33.8285783396917
39334	33.8285783339526
39336	33.8285783326165
39338	33.8285783107822
39348	33.828578301007
39372	33.8285782761565
39388	33.8285782557334
39432	33.8285782511961
39438	33.8285782401027
39460	33.8285782396922
39464	33.8285782349288
39472	33.8285782288798
39478	33.8285782252557
39492	33.8285782026579
39512	33.8285781927915
39532	33.8285781892356
39554	33.8285781821561
39566	33.828578175108
39570	33.8285781727044
39580	33.8285781642902
39586	33.8285781573499
39626	33.8285781572518
39632	33.8285781357668
39654	33.8285781321785
39660	33.828578120836
39714	33.8285781147329
39716	33.8285780964897
39746	33.8285780929151
39762	33.8285780879042
39768	33.8285780843634
39796	33.8285780836864
39800	33.8285780810941
39808	33.8285780794923
39824	33.8285780734702
39834	33.8285780701748
39836	33.8285780641058
39840	33.8285780605071
39860	33.8285780585777
39864	33.8285780538536
39884	33.8285780516955
39898	33.8285780483624
39914	33.8285780405856
39934	33.8285780304581
39956	33.8285780238569
39984	33.8285780225793
39986	33.828578019022
39996	33.8285780136154
40014	33.8285780100038
40016	33.8285780083221
40020	33.8285780038002
40030	33.8285780023133
40038	33.828578001107
40052	33.828577993562
40060	33.8285779805828
40076	33.8285779741155
40108	33.8285779677422
40140	33.8285779578219
40152	33.8285779574109
40168	33.8285779544059
40174	33.8285779541669
40200	33.8285779500343
40226	33.8285779464222
40262	33.8285779445605
40270	33.8285779444891
40272	33.8285779408759
40276	33.8285779396396
40314	33.8285779394326
40320	33.8285779372944
40322	33.8285779365163
40336	33.8285779353343
40340	33.8285779342291
40358	33.8285779335857
40370	33.828577933201
40378	33.8285779326073
40388	33.8285779310775
40390	33.8285779303634
40404	33.8285779269603
40438	33.8285779250654
40458	33.8285779234726
40464	33.8285779217626
40488	33.8285779168083
40536	33.8285779135126
40546	33.8285779128893
40550	33.8285779122044
40554	33.8285779120856
40562	33.8285779079026
40564	33.8285779077095
40568	33.8285779074954
40572	33.8285779060787
40576	33.8285779051093
40578	33.8285779051068
40580	33.8285779012462
40600	33.8285778993781
40620	33.828577897486
40658	33.8285778972079
40660	33.8285778941811
40684	33.8285778939318
40686	33.8285778928640
40718	33.8285778916269
40736	33.8285778915246
40738	33.8285778913371
40740	33.8285778911973
40768	33.8285778884079
40792	33.8285778859109
40828	33.8285778855483
40854	33.8285778844965
40870	33.8285778842426
40880	33.8285778841478
40886	33.8285778837618
40894	33.8285778830286
40940	33.8285778808063
40948	33.8285778807
40954	33.8285778799222
40960	33.8285778793017
40966	33.828577879249
40990	33.8285778785819
41004	33.8285778784987
41008	33.8285778784285
41010	33.8285778778485
41016	33.8285778769432
41028	33.8285778764268
41030	33.8285778753599
41046	33.8285778751981
41052	33.8285778737269
41058	33.8285778737212
41060	33.8285778735419
41084	33.8285778734543
41088	33.8285778730344
41098	33.8285778723624
41110	33.8285778721071
41112	33.8285778718082
41118	33.8285778711992
41122	33.8285778701097
41130	33.8285778666097
41152	33.8285778664186
41166	33.8285778659086
41172	33.8285778653313
41174	33.8285778612465
41204	33.8285778604219
41210	33.8285778599692
41214	33.8285778584311
41232	33.8285778563003
41262	33.8285778562306
41288	33.8285778559129
41296	33.8285778548621
41298	33.8285778542232
41316	33.8285778541947
41322	33.8285778538885
41340	33.828577853369
41350	33.8285778533489
41354	33.8285778505356
41386	33.8285778503496
41394	33.8285778501021
41406	33.8285778500906
41408	33.8285778497833
41412	33.8285778497212
41424	33.828577848836
41446	33.8285778467094
41470	33.8285778458939
41472	33.8285778444294
41488	33.8285778438539
41512	33.8285778434133
41520	33.8285778419037
41526	33.8285778416531
41534	33.8285778410761
41544	33.8285778405444
41546	33.8285778403606
41562	33.8285778402814
41574	33.8285778382189
41582	33.8285778374760
41596	33.8285778368728
41624	33.8285778358749
41632	33.8285778343809
41654	33.8285778342344
41656	33.8285778341529
41670	33.8285778328343
41692	33.828577832828
41702	33.8285778321745
41706	33.8285778319602
41708	33.8285778319370
41712	33.828577831293
41714	33.8285778308988
41722	33.8285778307461
41730	33.8285778302941
41732	33.8285778297171
41740	33.8285778295606
41744	33.8285778288824
41750	33.8285778268121
41758	33.8285778242281
41764	33.8285778223599
41770	33.8285778217472
41782	33.8285778206701
41788	33.828577820217
41792	33.8285778198758
41794	33.8285778186567
41800	33.8285778183098
41806	33.8285778176638
41810	33.8285778152850
41822	33.8285778133972
41826	33.8285778120131
41842	33.8285778118592
41870	33.8285778095918
41896	33.828577807897
41906	33.8285778068301
41908	33.8285778048973
41922	33.8285778044434
41944	33.8285778038819
41952	33.8285778035703
41954	33.8285778022194
41978	33.828577801421
41992	33.8285778008561
41996	33.8285778005494
42016	33.8285777996761
42018	33.8285777979719
42042	33.8285777967816
42046	33.828577795861
42058	33.828577792776
42080	33.828577791899
42100	33.828577791821
42106	33.8285777910750
42110	33.8285777905509
42134	33.8285777896655
42144	33.82857778916
42152	33.8285777880052
42158	33.8285777871992
42186	33.8285777861568
42188	33.8285777857516
42206	33.8285777853282
42224	33.8285777847608
42234	33.8285777836002
42254	33.828577783568
42260	33.828577782081
42272	33.8285777817783
42294	33.8285777816672
42304	33.8285777814652
42308	33.8285777813901
42324	33.8285777811117
42342	33.8285777805756
42350	33.8285777803753
42358	33.8285777803015
42362	33.8285777798799
42376	33.8285777795448
42380	33.8285777794175
42392	33.8285777786644
42400	33.8285777783342
42424	33.8285777772523
42430	33.8285777764791
42444	33.8285777761471
42450	33.8285777754486
42460	33.8285777752606
42466	33.8285777749199
42474	33.8285777739819
42478	33.8285777737857
42486	33.8285777736569
42490	33.8285777722518
42500	33.8285777719931
42506	33.8285777706433
42532	33.8285777691473
42540	33.8285777667405
42558	33.8285777667112
42578	33.8285777664047
42582	33.8285777658250
42588	33.8285777645442
42600	33.8285777643571
42622	33.8285777635895
42636	33.8285777629282
42644	33.8285777612789
42654	33.8285777612364
42664	33.8285777599333
42686	33.8285777596217
42702	33.828577758732
42758	33.8285777575644
42788	33.8285777572499
42800	33.8285777571685
42814	33.8285777563910
42820	33.8285777561122
42822	33.8285777556810
42844	33.8285777556468
42846	33.8285777552974
42852	33.8285777551771
42870	33.8285777548993
42874	33.8285777536321
42878	33.8285777531877
42884	33.8285777529467
42890	33.8285777525305
42892	33.8285777521779
42894	33.8285777514870
42912	33.8285777511552
42924	33.8285777509225
42926	33.8285777504349
42942	33.8285777501464
42956	33.8285777500542
42964	33.8285777496286
42972	33.8285777495074
42980	33.8285777483865
42994	33.8285777482425
43004	33.8285777482075
43018	33.8285777478837
43024	33.8285777475770
43050	33.8285777473008
43052	33.828577746902
43078	33.8285777466512
43088	33.828577746577
43114	33.8285777456765
43144	33.8285777455763
43150	33.8285777454576
43152	33.8285777452286
43170	33.8285777449902
43174	33.828577744944
43182	33.8285777442913
43208	33.8285777441283
43218	33.8285777440237
43228	33.8285777438423
43230	33.8285777433845
43272	33.8285777430558
43292	33.8285777429026
43304	33.8285777427781
43320	33.8285777426653
43322	33.8285777425438
43326	33.8285777424362
43330	33.8285777423629
43334	33.8285777422437
43346	33.828577741798
43364	33.8285777416234
43382	33.8285777413510
43410	33.8285777412553
43416	33.8285777411757
43420	33.8285777410223
43440	33.8285777410111
43446	33.8285777409326
43460	33.8285777406375
43470	33.8285777406143
43472	33.8285777403048
43474	33.8285777402003
43482	33.8285777400119
43494	33.8285777399745
43500	33.8285777397233
43506	33.8285777396916
43508	33.8285777395155
43534	33.828577739317
43542	33.8285777393043
43546	33.8285777391369
43554	33.8285777384592
43560	33.8285777382940
43562	33.8285777382351
43570	33.828577738046
43574	33.8285777378161
43588	33.8285777377138
43600	33.8285777377052
43606	33.8285777376917
43608	33.8285777375041
43618	33.8285777372202
43620	33.8285777370207
43656	33.8285777370059
43668	33.8285777369427
43670	33.8285777367982
43686	33.8285777364013
43690	33.8285777361879
43708	33.8285777361696
43720	33.828577736047
43722	33.8285777358939
43724	33.8285777352798
43754	33.8285777351375
43772	33.8285777348438
43778	33.8285777348075
43784	33.8285777342719
43794	33.8285777341591
43806	33.8285777341124
43812	33.8285777341049
43816	33.8285777338450
43852	33.8285777337041
43858	33.8285777333968
43864	33.8285777328527
43878	33.8285777327042
43890	33.8285777324820
43898	33.8285777323689
43908	33.8285777322024
43912	33.8285777319735
43946	33.8285777318087
43960	33.8285777311975
43980	33.8285777311385
44008	33.8285777310444
44024	33.8285777304543
44044	33.8285777303419
44046	33.8285777303344
44050	33.8285777301870
44054	33.8285777300120
44058	33.8285777299736
44062	33.8285777297402
44072	33.8285777291891
44098	33.8285777287552
44128	33.8285777284407
44130	33.8285777282445
44158	33.8285777281448
44166	33.8285777279841
44176	33.8285777279424
44186	33.828577727851
44198	33.8285777276472
44210	33.8285777275874
44224	33.8285777269684
44232	33.828577726938
44242	33.8285777267816
44252	33.8285777263354
44254	33.8285777262179
44280	33.8285777261533
44288	33.8285777259073
44292	33.8285777258276
44296	33.8285777256834
44350	33.8285777256779
44352	33.8285777254696
44354	33.8285777253637
44358	33.8285777253591
44372	33.8285777252371
44380	33.8285777252095
44386	33.8285777251675
44390	33.8285777250933
44394	33.8285777249708
44404	33.8285777249209
44416	33.8285777247336
44420	33.8285777244396
44430	33.8285777242048
44440	33.8285777240163
44442	33.8285777240091
44480	33.8285777238859
44482	33.8285777237871
44510	33.8285777237545
44534	33.8285777237301
44556	33.8285777234413
44574	33.8285777233834
44578	33.8285777233620
44580	33.8285777231605
44592	33.8285777230358
44626	33.8285777229693
44638	33.8285777226041
44682	33.8285777225562
44702	33.8285777223257
44724	33.8285777222624
44746	33.8285777221892
44800	33.8285777221683
44814	33.8285777220907
44816	33.8285777219552
44822	33.8285777219135
44898	33.8285777218957
44904	33.8285777218925
44908	33.8285777217395
44920	33.8285777216133
44922	33.8285777215941
44944	33.8285777215446
44960	33.8285777215189
44986	33.8285777215107
44996	33.8285777215088
45000	33.8285777215028
45004	33.8285777215016
45010	33.828577721442
45026	33.8285777214326
45030	33.8285777214287
45034	33.8285777213633
45044	33.8285777212829
45056	33.8285777212311
45068	33.8285777212307
45070	33.828577721127
45090	33.8285777210265
45104	33.8285777210024
45106	33.8285777209877
45122	33.8285777208318
45130	33.8285777208296
45138	33.8285777207697
45144	33.8285777207553
45148	33.8285777206801
45154	33.8285777206124
45176	33.8285777204761
45210	33.828577720434
45218	33.8285777203299
45232	33.8285777202705
45246	33.8285777202232
45256	33.8285777201435
45276	33.8285777200971
45284	33.8285777200731
45290	33.8285777200569
45292	33.8285777200455
45306	33.8285777200137
45316	33.8285777199480
45320	33.8285777199119
45322	33.8285777198805
45326	33.8285777198758
45344	33.8285777198382
45354	33.8285777198026
45364	33.8285777197997
45382	33.8285777197861
45384	33.8285777197379
45420	33.8285777197261
45446	33.8285777196989
45452	33.8285777196805
45454	33.828577719675
45456	33.8285777196467
45458	33.8285777196279
45464	33.8285777195435
45476	33.8285777195113
45480	33.8285777194554
45482	33.8285777194219
45494	33.8285777193923
45518	33.8285777193707
45526	33.8285777193626
45540	33.8285777193512
45550	33.8285777193455
45558	33.8285777193259
45570	33.8285777193036
45578	33.8285777192883
45580	33.8285777192653
45598	33.8285777192573
45600	33.8285777192449
45610	33.8285777192446
45612	33.8285777192044
45630	33.8285777192037
45642	33.8285777191557
45664	33.8285777191181
45684	33.8285777190745
45714	33.8285777190489
45724	33.8285777190083
45734	33.8285777189638
45736	33.8285777189369
45756	33.8285777189187
45772	33.8285777188791
45802	33.8285777188495
45826	33.8285777187955
45850	33.8285777187471
45858	33.8285777187274
45860	33.8285777186695
45864	33.8285777186225
45870	33.8285777186176
45894	33.8285777186141
45896	33.8285777185873
45902	33.8285777185082
45946	33.8285777184443
45954	33.8285777184339
45980	33.8285777183602
46006	33.8285777183169
46008	33.828577718308
46010	33.8285777183062
46012	33.8285777182991
46016	33.8285777182291
46022	33.8285777181785
46034	33.8285777181779
46066	33.8285777181733
46076	33.8285777181647
46084	33.828577718164
46108	33.8285777181632
46112	33.8285777181381
46134	33.8285777181369
46142	33.8285777181047
46150	33.8285777180942
46158	33.8285777180894
46164	33.8285777180843
46180	33.8285777180782
46188	33.8285777180605
46190	33.8285777180510
46196	33.828577718042
46198	33.8285777180239
46222	33.8285777180194
46228	33.828577718006
46238	33.8285777179835
46244	33.828577717921
46254	33.8285777179184
46266	33.8285777179145
46270	33.8285777179136
46276	33.8285777178653
46280	33.8285777178617
46284	33.828577717783
46326	33.8285777177768
46330	33.8285777177763
46342	33.828577717747
46346	33.8285777177431
46350	33.828577717739
46368	33.8285777177387
46376	33.8285777176789
46392	33.8285777176763
46394	33.8285777176557
46404	33.8285777176457
46430	33.8285777176328
46436	33.8285777176284
46458	33.8285777176131
46464	33.828577717609
46486	33.8285777176027
46488	33.8285777175734
46490	33.8285777175639
46498	33.8285777175327
46528	33.8285777174853
46552	33.8285777174612
46556	33.8285777174458
46568	33.8285777173984
46584	33.8285777173921
46588	33.8285777173912
46594	33.8285777172629
46596	33.8285777172453
46608	33.8285777172333
46626	33.8285777172221
46656	33.8285777172126
46658	33.8285777172035
46680	33.8285777171902
46694	33.8285777171371
46738	33.8285777170998
46744	33.8285777170928
46760	33.8285777170506
46766	33.8285777169977
46780	33.8285777169813
46786	33.8285777169729
46790	33.8285777168914
46806	33.8285777168823
46808	33.8285777168225
46810	33.8285777167783
46816	33.8285777167641
46828	33.8285777167460
46830	33.8285777166864
46884	33.82857771668
46888	33.8285777166548
46890	33.8285777166538
46906	33.8285777166248
46934	33.8285777165890
46938	33.8285777165872
46958	33.8285777165853
46970	33.8285777165791
46976	33.8285777165722
46980	33.8285777165714
46982	33.8285777165676
46990	33.8285777165490
47002	33.828577716543
47008	33.8285777165217
47016	33.8285777165049
47026	33.8285777164852
47038	33.8285777164669
47066	33.8285777164561
47084	33.8285777164326
47108	33.8285777164187
47136	33.8285777164156
47140	33.8285777164014
47158	33.8285777163995
47162	33.8285777163918
47176	33.8285777163910
47182	33.8285777163768
47188	33.8285777163683
47198	33.8285777163545
47218	33.8285777163409
47220	33.82857771634
47232	33.8285777163376
47260	33.8285777163318
47266	33.8285777163193
47274	33.8285777163142
47278	33.8285777162986
47308	33.8285777162714
47326	33.8285777162677
47334	33.8285777162677
47342	33.8285777162502
47370	33.828577716243
47400	33.8285777162358
47414	33.8285777162292
47422	33.8285777162109
47450	33.8285777162076
47458	33.828577716201
47484	33.8285777161844
47514	33.8285777161776
47526	33.828577716176
47530	33.8285777161749
47544	33.8285777161727
47548	33.8285777161709
47562	33.8285777161703
47564	33.8285777161658
47578	33.8285777161639
47586	33.8285777161605
47608	33.8285777161545
47618	33.8285777161528
47622	33.8285777161519
47624	33.8285777161422
47638	33.828577716136
47640	33.8285777161269
47680	33.8285777161142
47696	33.8285777161121
47702	33.8285777161051
47726	33.8285777160964
47728	33.8285777160943
47730	33.8285777160928
47744	33.8285777160904
47746	33.8285777160885
47754	33.8285777160748
47756	33.8285777160682
47774	33.8285777160650
47800	33.8285777160648
47812	33.8285777160595
47834	33.8285777160565
47862	33.8285777160473
47888	33.8285777160436
47908	33.8285777160426
47912	33.8285777160361
47932	33.8285777160344
47938	33.8285777160328
47940	33.8285777160306
47958	33.8285777160288
47976	33.8285777160243
47994	33.8285777160242
48002	33.8285777160234
48020	33.8285777160156
48028	33.8285777160106
48060	33.8285777160101
48066	33.8285777160079
48070	33.8285777160039
48082	33.8285777160013
48090	33.8285777159947
48108	33.828577715985
48124	33.8285777159791
48130	33.8285777159679
48148	33.8285777159676
48150	33.8285777159621
48164	33.8285777159505
48168	33.8285777159441
48178	33.8285777159362
48184	33.8285777159347
48204	33.8285777159335
48220	33.8285777159316
48222	33.8285777159273
48248	33.8285777159252
48260	33.8285777159165
48270	33.8285777159129
48288	33.8285777159107
48292	33.8285777159039
48308	33.8285777159038
48316	33.8285777158986
48328	33.8285777158982
48332	33.8285777158965
48340	33.8285777158921
48344	33.828577715892
48348	33.8285777158814
48358	33.8285777158809
48364	33.8285777158786
48368	33.8285777158782
48388	33.8285777158709
48394	33.8285777158637
48414	33.8285777158570
48418	33.8285777158477
48426	33.8285777158366
48428	33.8285777158346
48430	33.8285777158289
48440	33.8285777158252
48464	33.8285777158195
48478	33.8285777158153
48488	33.8285777158054
48514	33.8285777158032
48538	33.8285777157934
48548	33.8285777157873
48550	33.8285777157835
48558	33.8285777157829
48560	33.8285777157813
48570	33.8285777157790
48576	33.8285777157632
48598	33.8285777157605
48612	33.8285777157462
48638	33.8285777157398
48644	33.828577715738
48678	33.8285777157243
48706	33.8285777157159
48710	33.8285777157136
48714	33.8285777157073
48718	33.8285777157065
48724	33.8285777157024
48726	33.8285777156923
48728	33.8285777156897
48734	33.8285777156886
48740	33.8285777156761
48748	33.8285777156693
48768	33.8285777156551
48804	33.8285777156503
48810	33.8285777156274
48844	33.8285777156129
48858	33.8285777156035
48864	33.8285777155774
48896	33.8285777155351
48942	33.8285777155339
48948	33.8285777155326
48986	33.8285777155182
48990	33.828577715515
49002	33.8285777155106
49026	33.8285777155083
49036	33.8285777155041
49058	33.8285777155039
49062	33.8285777155028
49072	33.8285777155022
49076	33.8285777154958
49080	33.8285777154943
49090	33.8285777154927
49092	33.8285777154906
49104	33.828577715478
49118	33.8285777154742
49124	33.8285777154715
49136	33.8285777154605
49150	33.8285777154509
49152	33.8285777154429
49154	33.8285777154279
49184	33.8285777154159
49200	33.8285777154072
49214	33.8285777153908
49236	33.8285777153871
49242	33.8285777153802
49270	33.8285777153725
49280	33.8285777153552
49304	33.8285777153484
49312	33.8285777153480
49336	33.8285777153351
49346	33.8285777153326
49352	33.8285777153321
49368	33.8285777153161
49386	33.828577715315
49394	33.8285777153098
49420	33.8285777152931
49424	33.8285777152849
49452	33.8285777152835
49454	33.8285777152458
49486	33.8285777152355
49510	33.8285777152302
49518	33.8285777152251
49528	33.8285777152155
49538	33.8285777152149
49544	33.828577715214
49546	33.8285777152131
49552	33.8285777151934
49584	33.8285777151901
49586	33.8285777151785
49600	33.828577715174
49608	33.8285777151676
49618	33.828577715167
49624	33.8285777151619
49640	33.8285777151564
49646	33.828577715152
49658	33.8285777151486
49662	33.8285777151469
49668	33.8285777151446
49670	33.8285777151394
49674	33.8285777151261
49678	33.8285777151188
49688	33.8285777151054
49702	33.8285777150983
49706	33.8285777150942
49718	33.8285777150885
49726	33.8285777150692
49728	33.8285777150581
49742	33.8285777150516
49768	33.8285777150511
49784	33.8285777150431
49794	33.8285777150391
49814	33.8285777150386
49820	33.8285777150168
49858	33.8285777150073
49880	33.8285777150068
49888	33.8285777150056
49898	33.8285777149986
49914	33.8285777149932
49922	33.8285777149894
49932	33.8285777149892
49952	33.8285777149865
49956	33.8285777149862
49962	33.8285777149835
49974	33.8285777149734
49982	33.8285777149700
50000	33.8285777149648
50036	33.8285777149636
50040	33.8285777149615
50054	33.8285777149613
50062	33.8285777149595
50064	33.8285777149591
50066	33.828577714957
50072	33.828577714957
50076	33.8285777149535
50088	33.8285777149518
50098	33.8285777149433
50104	33.8285777149414
50114	33.8285777149381
50116	33.8285777149309
50136	33.8285777149248
50166	33.8285777149143
50226	33.8285777149133
50230	33.8285777149094
50248	33.8285777149064
50250	33.8285777149057
50260	33.8285777149042
50268	33.8285777148969
50290	33.828577714895
50304	33.8285777148941
50318	33.8285777148895
50338	33.8285777148892
50344	33.8285777148878
50356	33.8285777148833
50382	33.8285777148823
50384	33.8285777148817
50388	33.8285777148816
50398	33.8285777148811
50400	33.8285777148781
50410	33.8285777148748
50416	33.8285777148720
50456	33.8285777148705
50472	33.8285777148694
50478	33.8285777148668
50492	33.8285777148632
50502	33.8285777148612
50522	33.8285777148602
50536	33.8285777148601
50548	33.8285777148588
50554	33.8285777148585
50560	33.8285777148585
50564	33.8285777148566
50576	33.8285777148546
50580	33.828577714853
50590	33.8285777148481
50602	33.8285777148474
50626	33.8285777148427
50634	33.8285777148410
50642	33.8285777148401
50648	33.8285777148376
50652	33.8285777148362
50666	33.8285777148307
50702	33.8285777148275
50706	33.8285777148247
50726	33.8285777148237
50732	33.8285777148215
50734	33.8285777148213
50736	33.8285777148204
50744	33.8285777148186
50746	33.8285777148156
50748	33.8285777148156
50752	33.8285777148142
50762	33.8285777148133
50776	33.8285777148118
50778	33.8285777148108
50800	33.8285777148068
50802	33.8285777148065
50812	33.8285777148016
50826	33.8285777147993
50846	33.8285777147988
50848	33.8285777147945
50870	33.8285777147902
50884	33.8285777147871
50910	33.8285777147849
50918	33.8285777147836
50920	33.8285777147818
50938	33.8285777147797
50940	33.8285777147784
50944	33.8285777147776
50948	33.8285777147751
50954	33.8285777147728
50966	33.8285777147698
50976	33.8285777147662
51026	33.8285777147599
51036	33.8285777147599
51048	33.8285777147537
51068	33.828577714751
51074	33.8285777147498
51080	33.8285777147377
51112	33.8285777147367
51134	33.828577714735
51152	33.8285777147303
51160	33.8285777147257
51194	33.8285777147244
51204	33.8285777147232
51220	33.8285777147204
51236	33.8285777147203
51240	33.8285777147123
51250	33.8285777147114
51258	33.8285777147102
51268	33.82857771471
51274	33.8285777147058
51300	33.8285777147058
51314	33.8285777147045
51326	33.8285777147023
51332	33.8285777146999
51354	33.8285777146972
51364	33.8285777146954
51376	33.8285777146928
51380	33.8285777146921
51382	33.8285777146909
51406	33.8285777146862
51418	33.8285777146854
51422	33.8285777146839
51424	33.8285777146833
51450	33.8285777146821
51456	33.8285777146811
51464	33.8285777146738
51506	33.8285777146731
51520	33.828577714673
51530	33.828577714669
51538	33.8285777146669
51546	33.828577714665
51564	33.8285777146643
51570	33.8285777146606
51578	33.8285777146579
51584	33.8285777146526
51586	33.8285777146494
51596	33.828577714644
51608	33.8285777146436
51624	33.8285777146336
51654	33.8285777146313
51656	33.8285777146304
51658	33.8285777146295
51666	33.8285777146277
51668	33.8285777146254
51672	33.8285777146194
51700	33.8285777146187
51718	33.8285777146167
51728	33.8285777146149
51734	33.8285777146105
51754	33.8285777146081
51766	33.8285777146061
51776	33.8285777146061
51792	33.8285777146047
51802	33.8285777145967
51824	33.8285777145967
51834	33.8285777145933
51836	33.828577714592
51846	33.8285777145875
51868	33.828577714583
51882	33.8285777145815
51900	33.8285777145811
51904	33.8285777145796
51916	33.8285777145771
51920	33.8285777145763
51928	33.8285777145703
51940	33.8285777145702
51946	33.8285777145651
51960	33.8285777145608
52012	33.828577714559
52018	33.8285777145586
52028	33.8285777145585
52032	33.8285777145579
52036	33.8285777145579
52054	33.8285777145564
52056	33.8285777145551
52064	33.8285777145551
52066	33.8285777145536
52082	33.8285777145535
52098	33.8285777145529
52114	33.8285777145506
52118	33.828577714548
52126	33.8285777145466
52144	33.8285777145462
52148	33.8285777145446
52168	33.8285777145426
52184	33.8285777145419
52192	33.8285777145408
52194	33.8285777145391
52198	33.8285777145383
52204	33.8285777145373
52208	33.8285777145340
52242	33.8285777145316
52258	33.8285777145253
52264	33.8285777145248
52266	33.8285777145235
52270	33.8285777145167
52272	33.8285777145133
52284	33.8285777145077
52314	33.8285777145058
52324	33.8285777145013
52326	33.828577714497
52350	33.8285777144961
52360	33.8285777144955
52366	33.8285777144949
52378	33.8285777144909
52386	33.8285777144882
52400	33.8285777144825
52406	33.8285777144745
52442	33.8285777144742
52450	33.8285777144718
52456	33.8285777144654
52462	33.8285777144621
52478	33.8285777144566
52496	33.8285777144546
52508	33.8285777144531
52526	33.8285777144524
52548	33.8285777144513
52562	33.8285777144509
52564	33.8285777144505
52580	33.8285777144468
52584	33.8285777144435
52586	33.8285777144389
52594	33.8285777144329
52620	33.8285777144306
52628	33.8285777144305
52642	33.8285777144304
52648	33.8285777144276
52650	33.8285777144267
52664	33.8285777144263
52684	33.8285777144215
52708	33.8285777144176
52744	33.8285777144154
52750	33.8285777144136
52764	33.8285777144131
52784	33.8285777144123
52786	33.8285777144095
52794	33.8285777144083
52800	33.8285777144064
52822	33.8285777144062
52830	33.8285777144027
52838	33.8285777143998
52848	33.8285777143946
52872	33.8285777143918
52886	33.8285777143882
52896	33.8285777143875
52952	33.8285777143867
52972	33.8285777143859
52978	33.828577714383
53014	33.8285777143829
53030	33.8285777143805
53046	33.8285777143789
53058	33.8285777143778
53068	33.8285777143777
53072	33.8285777143772
53086	33.8285777143763
53098	33.8285777143751
53110	33.8285777143749
53122	33.8285777143738
53124	33.8285777143733
53142	33.8285777143728
53156	33.8285777143703
53170	33.8285777143699
53180	33.8285777143692
53182	33.8285777143688
53192	33.8285777143678
53246	33.8285777143675
53248	33.8285777143665
53274	33.8285777143656
53286	33.8285777143651
53288	33.8285777143626
53306	33.8285777143620
53320	33.8285777143617
53336	33.8285777143606
53342	33.8285777143591
53350	33.828577714359
53384	33.8285777143586
53392	33.8285777143583
53398	33.8285777143576
53408	33.8285777143575
53426	33.828577714357
53436	33.8285777143567
53474	33.8285777143562
53480	33.8285777143559
53482	33.828577714355
53492	33.828577714354
53502	33.8285777143536
53506	33.8285777143532
53538	33.8285777143525
53540	33.8285777143518
53550	33.8285777143513
53552	33.8285777143502
53560	33.8285777143502
53562	33.8285777143501
53572	33.8285777143487
53592	33.8285777143485
53604	33.8285777143482
53630	33.8285777143481
53632	33.828577714348
53644	33.8285777143475
53664	33.8285777143471
53676	33.8285777143468
53706	33.8285777143465
53708	33.8285777143458
53744	33.8285777143457
53752	33.8285777143457
53754	33.8285777143454
53760	33.8285777143452
53812	33.828577714345
53820	33.8285777143447
53822	33.8285777143444
53830	33.8285777143443
53860	33.828577714344
53870	33.8285777143439
53876	33.8285777143433
53880	33.8285777143427
53890	33.8285777143418
53916	33.8285777143416
53928	33.8285777143411
53932	33.8285777143411
53950	33.8285777143404
53966	33.82857771434
53980	33.8285777143398
53990	33.8285777143395
54004	33.8285777143394
54016	33.8285777143388
54018	33.8285777143387
54030	33.8285777143372
54034	33.8285777143371
54050	33.8285777143362
54058	33.8285777143361
54060	33.8285777143360
54066	33.8285777143351
54084	33.8285777143344
54088	33.8285777143344
54092	33.8285777143343
54100	33.8285777143340
54124	33.8285777143338
54126	33.8285777143334
54148	33.8285777143329
54162	33.8285777143326
54166	33.828577714332
54176	33.8285777143319
54188	33.8285777143316
54198	33.8285777143314
54222	33.8285777143314
54224	33.8285777143311
54226	33.8285777143305
54244	33.8285777143305
54256	33.8285777143302
54268	33.828577714329
54286	33.8285777143281
54294	33.8285777143269
54332	33.8285777143257
54338	33.8285777143250
54346	33.8285777143244
54350	33.8285777143243
54362	33.8285777143243
54366	33.8285777143242
54386	33.8285777143238
54404	33.8285777143236
54406	33.8285777143235
54410	33.8285777143234
54412	33.8285777143223
54438	33.828577714322
54446	33.8285777143215
54494	33.8285777143213
54500	33.8285777143203
54508	33.8285777143201
54526	33.828577714319
54560	33.8285777143188
54562	33.8285777143187
54578	33.8285777143173
54626	33.8285777143167
54656	33.8285777143163
54676	33.8285777143161
54680	33.8285777143157
54690	33.8285777143149
54692	33.8285777143142
54704	33.828577714314
54706	33.8285777143136
54714	33.8285777143121
54726	33.8285777143111
54806	33.8285777143102
54816	33.8285777143094
54818	33.8285777143092
54830	33.8285777143092
54832	33.8285777143091
54838	33.8285777143074
54848	33.8285777143072
54866	33.8285777143065
54890	33.8285777143064
54910	33.8285777143062
54918	33.8285777143062
54932	33.828577714306
54938	33.8285777143057
54944	33.8285777143056
54948	33.8285777143054
54974	33.8285777143053
54982	33.8285777143047
55008	33.8285777143047
55010	33.8285777143047
55018	33.8285777143044
55028	33.8285777143035
55052	33.8285777143031
55056	33.8285777143027
55070	33.8285777143027
55088	33.8285777143026
55092	33.8285777143023
55098	33.8285777143020
55102	33.8285777143018
55112	33.8285777143017
55132	33.8285777143005
55136	33.8285777143003
55162	33.8285777142999
55164	33.8285777142993
55196	33.8285777142992
55218	33.8285777142984
55252	33.8285777142981
55290	33.8285777142980
55300	33.8285777142979
55304	33.8285777142975
55316	33.8285777142975
55322	33.8285777142973
55324	33.828577714297
55328	33.8285777142969
55342	33.8285777142968
55364	33.8285777142966
55378	33.8285777142965
55390	33.8285777142963
55404	33.8285777142959
55410	33.8285777142959
55418	33.8285777142956
55456	33.8285777142956
55460	33.8285777142955
55468	33.8285777142953
55472	33.8285777142950
55518	33.8285777142949
55522	33.8285777142944
55538	33.8285777142943
55540	33.8285777142939
55552	33.8285777142937
55558	33.8285777142933
55582	33.8285777142928
55590	33.8285777142925
55594	33.8285777142923
55622	33.8285777142922
55638	33.8285777142919
55646	33.8285777142917
55648	33.8285777142916
55678	33.8285777142913
55684	33.8285777142907
55714	33.8285777142907
55720	33.8285777142904
55738	33.8285777142903
55744	33.8285777142901
55752	33.8285777142899
55754	33.8285777142898
55766	33.8285777142897
55770	33.8285777142896
55774	33.8285777142893
55780	33.8285777142892
55802	33.8285777142891
55814	33.8285777142884
55824	33.8285777142881
55848	33.8285777142881
55856	33.8285777142877
55862	33.8285777142877
55870	33.8285777142875
55902	33.8285777142875
55912	33.8285777142875
55914	33.8285777142873
55922	33.828577714287
55938	33.8285777142867
55960	33.8285777142864
55970	33.8285777142858
55986	33.8285777142852
56000	33.8285777142847
56008	33.8285777142843
56034	33.8285777142843
56052	33.8285777142835
56072	33.828577714283
56078	33.8285777142828
56088	33.8285777142827
56096	33.8285777142827
56104	33.8285777142824
56122	33.828577714282
56148	33.8285777142815
56154	33.8285777142814
56168	33.8285777142812
56196	33.8285777142812
56210	33.8285777142811
56214	33.8285777142811
56220	33.8285777142811
56262	33.8285777142809
56278	33.8285777142808
56314	33.8285777142806
56316	33.8285777142805
56322	33.8285777142804
56330	33.8285777142804
56342	33.8285777142802
56354	33.8285777142800
56366	33.8285777142799
56376	33.8285777142798
56382	33.8285777142797
56386	33.8285777142796
56388	33.8285777142796
56390	33.8285777142794
56394	33.828577714279
56404	33.8285777142784
56412	33.8285777142782
56428	33.8285777142775
56464	33.8285777142775
56470	33.8285777142771
56472	33.8285777142767
56474	33.8285777142764
56478	33.8285777142758
56488	33.8285777142753
56556	33.8285777142748
56572	33.8285777142748
56576	33.8285777142745
56578	33.8285777142743
56584	33.8285777142743
56590	33.8285777142742
56592	33.8285777142741
56596	33.828577714274
56610	33.8285777142735
56622	33.8285777142735
56632	33.8285777142734
56634	33.8285777142733
56644	33.8285777142729
56650	33.8285777142729
56652	33.8285777142728
56656	33.8285777142728
56664	33.8285777142727
56668	33.8285777142725
56678	33.8285777142723
56682	33.8285777142713
56706	33.8285777142710
56716	33.8285777142708
56744	33.8285777142707
56752	33.82857771427
56760	33.8285777142696
56770	33.8285777142695
56798	33.8285777142692
56814	33.8285777142689
56816	33.8285777142688
56838	33.8285777142686
56852	33.8285777142683
56858	33.828577714268
56874	33.8285777142679
56890	33.8285777142676
56898	33.828577714267
56910	33.8285777142667
56952	33.8285777142666
56978	33.8285777142665
57012	33.8285777142664
57022	33.8285777142662
57056	33.8285777142662
57058	33.8285777142662
57070	33.8285777142662
57076	33.8285777142661
57090	33.828577714266
57102	33.8285777142659
57112	33.8285777142658
57114	33.8285777142658
57122	33.8285777142656
57126	33.8285777142656
57142	33.8285777142655
57152	33.8285777142654
57168	33.8285777142653
57172	33.8285777142653
57178	33.8285777142652
57180	33.8285777142651
57228	33.828577714265
57232	33.8285777142649
57262	33.8285777142648
57280	33.8285777142647
57304	33.8285777142647
57318	33.8285777142645
57326	33.8285777142644
57346	33.8285777142644
57374	33.8285777142643
57390	33.8285777142642
57402	33.8285777142641
57450	33.828577714264
57454	33.8285777142639
57456	33.8285777142638
57470	33.8285777142637
57476	33.8285777142637
57508	33.8285777142636
57510	33.8285777142636
57522	33.8285777142636
57524	33.8285777142635
57528	33.8285777142635
57538	33.8285777142634
57544	33.8285777142634
57574	33.8285777142634
57578	33.8285777142633
57584	33.8285777142633
57602	33.8285777142633
57608	33.828577714263
57616	33.8285777142629
57646	33.8285777142629
57648	33.8285777142628
57680	33.8285777142627
57742	33.8285777142627
57754	33.8285777142626
57770	33.8285777142625
57780	33.8285777142625
57804	33.8285777142623
57830	33.8285777142622
57854	33.8285777142622
57856	33.8285777142621
57860	33.8285777142621
57862	33.8285777142621
57878	33.8285777142621
57904	33.8285777142620
57910	33.828577714262
57916	33.8285777142619
57928	33.8285777142618
57970	33.8285777142617
57992	33.8285777142617
57994	33.8285777142617
57998	33.8285777142617
58002	33.8285777142615
58018	33.8285777142615
58020	33.8285777142615
58044	33.8285777142614
58062	33.8285777142614
58072	33.8285777142613
58082	33.8285777142613
58084	33.8285777142613
58088	33.8285777142612
58104	33.8285777142612
58110	33.8285777142612
58114	33.8285777142612
58134	33.8285777142611
58148	33.8285777142611
58174	33.828577714261
58198	33.828577714261
58232	33.8285777142609
58252	33.8285777142609
58266	33.8285777142609
58284	33.8285777142608
58306	33.8285777142607
58322	33.8285777142607
58330	33.8285777142607
58342	33.8285777142607
58354	33.8285777142607
58356	33.8285777142606
58362	33.8285777142606
58382	33.8285777142606
58418	33.8285777142606
58434	33.8285777142605
58446	33.8285777142603
58472	33.8285777142603
58476	33.8285777142602
58494	33.8285777142602
58536	33.8285777142602
58544	33.8285777142601
58556	33.8285777142601
58568	33.8285777142601
58584	33.8285777142600
58606	33.82857771426
58612	33.82857771426
58624	33.82857771426
58630	33.8285777142599
58672	33.8285777142598
58674	33.8285777142598
58682	33.8285777142596
58736	33.8285777142596
58740	33.8285777142596
58778	33.8285777142595
58796	33.8285777142595
58814	33.8285777142595
58818	33.8285777142595
58824	33.8285777142595
58850	33.8285777142594
58852	33.8285777142594
58860	33.8285777142594
58862	33.8285777142594
58878	33.8285777142593
58880	33.8285777142593
58884	33.8285777142593
58886	33.8285777142593
58926	33.8285777142593
58930	33.8285777142592
58932	33.8285777142592
58944	33.8285777142592
58960	33.8285777142592
58974	33.8285777142591
59012	33.8285777142591
59024	33.8285777142591
59052	33.8285777142591
59068	33.828577714259
59078	33.828577714259
59120	33.828577714259
59138	33.828577714259
59140	33.8285777142590
59176	33.8285777142589
59188	33.8285777142589
59192	33.8285777142589
59230	33.8285777142589
59246	33.8285777142589
59248	33.8285777142589
59274	33.8285777142588
59314	33.8285777142588
59332	33.8285777142588
59378	33.8285777142588
59396	33.8285777142587
59434	33.8285777142587
59438	33.8285777142587
59452	33.8285777142587
59472	33.8285777142587
59490	33.8285777142587
59510	33.8285777142586
59516	33.8285777142586
59518	33.8285777142586
59520	33.8285777142586
59524	33.8285777142586
59534	33.8285777142586
59560	33.8285777142586
59576	33.8285777142585
59592	33.8285777142585
59646	33.8285777142585
59668	33.8285777142585
59680	33.8285777142585
59694	33.8285777142585
59702	33.8285777142585
59706	33.8285777142585
59716	33.8285777142585
59728	33.8285777142585
59738	33.8285777142584
59742	33.8285777142584
59764	33.8285777142584
59782	33.8285777142584
59798	33.8285777142584
59804	33.8285777142583
59828	33.8285777142583
59860	33.8285777142583
59882	33.8285777142583
59892	33.8285777142583
59916	33.8285777142583
59928	33.8285777142583
59956	33.8285777142583
59972	33.8285777142583
59998	33.8285777142583
60010	33.8285777142582
60034	33.8285777142582
60046	33.8285777142582
60080	33.8285777142582
60092	33.8285777142582
60100	33.8285777142582
60112	33.8285777142582
60152	33.8285777142582
60204	33.8285777142582
60254	33.8285777142582
60276	33.8285777142581
60284	33.8285777142581
60312	33.8285777142581
60338	33.8285777142581
60360	33.8285777142580
60372	33.828577714258
60416	33.828577714258
60440	33.828577714258
60470	33.828577714258
60500	33.828577714258
60530	33.828577714258
60586	33.8285777142580
60602	33.8285777142579
60662	33.8285777142579
60718	33.8285777142579
60736	33.8285777142579
60770	33.8285777142579
60778	33.8285777142579
60784	33.8285777142579
60836	33.8285777142579
60878	33.8285777142579
60886	33.8285777142579
61006	33.8285777142579
61036	33.8285777142578
61102	33.8285777142578
61114	33.8285777142578
61152	33.8285777142578
61162	33.8285777142578
61192	33.8285777142578
61248	33.8285777142578
61286	33.8285777142578
61346	33.8285777142578
61390	33.8285777142578
61450	33.8285777142578
61492	33.8285777142578
61596	33.8285777142577
61644	33.8285777142577
61690	33.8285777142577
61718	33.8285777142577
61792	33.8285777142577
61850	33.8285777142577
61880	33.8285777142577
62060	33.8285777142577
62164	33.8285777142577
62326	33.8285777142576
62374	33.8285777142576
62382	33.8285777142576
62482	33.8285777142576
62688	33.8285777142576
62922	33.8285777142576
62946	33.8285777142576
63026	33.8285777142576
63418	33.8285777142576
63762	33.8285777142575
63972	33.8285777142575
64296	33.8285777142575
64390	33.8285777142575
64912	33.8285777142575
65068	33.8285777142575
65212	33.8285777142575
66772	33.8285777142575
66830	33.8285777142575
67406	33.8285777142575
67670	33.8285777142575
67892	33.8285777142575
68648	33.8285777142575
70184	33.8285777142574
80516	33.8285777142574
90414	33.8285777142574
91324	33.8285777142574
160674	33.8285777142574
300000	33.8285777142574
