52	685.061217693307
56	548.52305928175
58	396.956327166539
122	360.078688889479
124	357.519438892366
140	321.923090903829
240	314.847382252975
328	300.443521973526
424	294.922666899039
500	290.956230497964
526	269.622530707025
822	267.702084469619
862	251.841276446507
972	213.100681357081
1510	197.859170671972
1624	187.653539500379
1924	153.751662685208
2044	151.126599609099
2106	144.33695247632
2144	135.785524000846
2162	125.762106710122
2190	123.334174227538
2224	110.707345658565
2254	105.069675312391
2322	100.666371813882
2378	100.102704628582
2380	97.3350577214917
2388	96.6365808972095
2404	95.953464676783
2410	95.7860832068582
2420	95.7168487110823
2426	94.4649556003644
2428	92.5175669760333
2456	92.254039894438
2460	91.4453556486243
2466	89.0066948570106
2480	87.7432065400538
2484	87.0159553830182
2498	85.8435835491448
2542	85.1110668637237
2558	84.4244975558922
2564	84.2610785957856
2572	83.7210197364727
2576	82.8457572166095
2620	82.6138153533276
2622	81.8117576654244
2652	81.2655097257955
2662	80.4482633353208
2690	80.3256687773526
2696	80.3058316593488
2706	79.3093669068877
2720	78.660651077832
2742	78.1119235963149
2756	78.0871479654456
2766	77.5934017329111
2776	77.278332891936
2810	77.157791262315
2814	76.9140479957167
2824	76.120193526557
2834	75.6579260212298
2842	75.5428241020197
2868	75.1594358512815
2872	74.343603344826
2876	74.342472763687
2882	74.0788089917299
2890	73.9404757722554
2896	73.5650422106018
2900	73.4994736592193
2912	73.3937321570615
2944	73.3650764650125
2952	73.2748751767152
2956	73.1742265547717
2962	72.817056123297
2964	72.4258808421549
2970	72.0953156127263
3010	71.9391801485583
3038	71.7800207367607
3048	71.7673095845895
3052	71.5134960512718
3082	71.4496535763448
3090	71.4237153741692
3094	71.2325263502896
3106	71.0105512268037
3110	70.9336417686388
3122	70.9253866292143
3130	70.8369812712337
3146	70.7829926034398
3160	70.6419683622383
3168	70.5386491504945
3178	70.4359291035354
3184	70.4064767606771
3186	70.3959660819161
3190	70.2166953277828
3202	69.9952301824645
3204	69.9075967015227
3218	69.3770105869175
3230	69.282477074817
3248	69.1079770846036
3260	69.0950947736298
3268	68.8289351254157
3278	68.4708716147203
3296	67.5942281595083
3310	67.5630932712766
3312	67.495830078654
3322	67.4424404328143
3324	66.676984515598
3330	66.564759360497
3346	66.4624040112557
3372	66.4401287381639
3378	66.1785431338254
3402	65.8096696418022
3418	65.5200757518698
3436	65.4183772675093
3448	65.1379173819534
3456	64.7552395861035
3460	64.7161642261267
3476	64.6032560201602
3486	64.3808529387553
3500	64.1519059263231
3520	64.0398706752144
3526	63.6203753269236
3530	63.6003535147895
3536	63.2209873339237
3554	63.1109090643579
3564	62.9604989719772
3586	62.5385744793995
3610	62.3159746770221
3632	61.643552193501
3642	61.4736157366074
3648	61.3367981177834
3666	60.8933024551746
3682	60.5526048145292
3704	60.4862745631036
3708	60.2701021756214
3712	60.194452427655
3750	60.1535688974241
3758	60.0402205932796
3760	59.9728548234539
3766	59.9178966953438
3768	59.7908036927705
3770	59.2563501164046
3784	58.6969403161536
3802	58.6757924384045
3810	58.2298680241054
3830	57.4017651297433
3852	57.0998854641677
3866	56.959573673008
3892	56.6537143105589
3936	56.5905591998178
3944	56.4710621909212
3952	56.3854917261338
3956	56.2702176555031
3958	56.0780186796913
3962	55.9514420406041
3964	55.2669497811961
3986	54.9812290992396
3988	54.8743831512422
3990	54.824095622253
4018	54.5358095768931
4024	54.3888979635685
4052	54.354106774578
4054	54.0805841172652
4070	54.0701316141490
4074	53.9230997414918
4096	53.8964513524728
4098	53.8673345103687
4100	53.8242462799934
4108	53.7021565055428
4110	53.6828663372345
4126	53.3851900365893
4166	53.2847216149355
4176	53.2413943898906
4178	53.1328303132674
4182	53.0619981067138
4208	53.0158920259338
4226	52.9107694274351
4258	52.6501990277917
4268	52.5874985104779
4272	52.5539628401406
4280	52.5508475589306
4296	52.3661769271292
4308	51.9602517569984
4316	51.8662374735987
4336	51.7489629446233
4356	51.7221336043291
4374	51.6884229634195
4378	51.5261377157574
4396	51.3099160196793
4400	51.2543963182118
4406	51.1363132736551
4422	51.1111310016768
4428	51.0605643912474
4436	51.0535357972836
4438	51.021253314806
4442	50.919775404177
4456	50.7115385891678
4490	50.639493593731
4492	50.5333582862873
4494	50.4702226321456
4498	50.3994869470169
4504	50.3775193961465
4516	50.3764416344235
4536	50.2805002649751
4538	50.2488178196914
4558	50.2114527542748
4560	50.1308589149785
4604	50.1026075540607
4616	50.0027329604248
4636	49.9489246798094
4654	49.9412198097489
4664	49.8435126858905
4672	49.7288587270112
4682	49.7066427455463
4686	49.6712331186167
4700	49.6656623911637
4702	49.5843691891748
4720	49.4985848555802
4722	49.4862623600418
4738	49.4101586145965
4748	49.2760497948139
4760	49.2501132867259
4762	49.2282663343393
4778	49.2276510687695
4784	49.0873647893548
4800	49.081204898165
4814	48.9766377403267
4826	48.9617658229742
4836	48.9409801229652
4840	48.9315277826135
4866	48.9052672943484
4872	48.8822214035797
4878	48.7919027704532
4906	48.7488060436114
4920	48.7396267637858
4930	48.7012220632167
4938	48.6677786859953
4946	48.6452351245258
4992	48.5856174842738
5000	48.5586831842406
5006	48.5511801654913
5008	48.5386107844172
5034	48.5222310041942
5036	48.4708401891853
5050	48.4378041742887
5066	48.4176853174728
5068	48.4075485956821
5076	48.3717165762545
5084	48.3544222125515
5104	48.2765468334937
5106	48.2746697335061
5110	48.2141411484922
5136	48.1821009053557
5148	48.1410342670557
5168	48.117826389156
5186	48.1086812196495
5198	48.0798609951367
5202	48.0432629381241
5206	48.0303163145196
5220	48.0148889910419
5224	47.9353418871231
5252	47.875050681226
5282	47.8452630962939
5286	47.8226019389308
5288	47.7104640893524
5302	47.6787102639408
5312	47.6392335808704
5328	47.5440832654943
5338	47.5346344026405
5350	47.4205727854619
5358	47.3867878481123
5384	47.2963781176301
5408	47.2163760268088
5426	47.1376231068129
5456	47.08366294269
5458	47.0240323906497
5476	46.9813608312753
5482	46.9623414209181
5508	46.8855830116918
5520	46.8698194518276
5536	46.8391359285181
5546	46.8044366213947
5566	46.7971017321008
5570	46.7481720122738
5588	46.6887488256592
5606	46.672809062268
5612	46.6407972864865
5622	46.5918700460899
5638	46.5357773893602
5656	46.4875880984390
5668	46.4631222689563
5676	46.3894783307678
5702	46.3702760040055
5716	46.3550465902998
5724	46.3123408965245
5730	46.2716019337870
5756	46.2543510819738
5774	46.1859205890278
5790	46.1819607285228
5792	46.160322876829
5796	46.1507067853619
5802	46.1155890169833
5804	46.0925795070687
5810	46.029347107463
5820	46.0291303640085
5840	46.0122793547621
5850	45.9945208576066
5856	45.9595242057577
5862	45.9110082649961
5896	45.8725910792625
5914	45.8063559976259
5934	45.785331978385
5954	45.7725343175417
5958	45.7326365084067
5960	45.7210044725981
5964	45.6383394726544
5974	45.5613627691055
6004	45.463631411979
6008	45.4562115327017
6042	45.4171223201393
6050	45.3798549249548
6054	45.3499196441265
6062	45.2902668613719
6066	45.2452850350927
6098	45.2174858769183
6104	45.1384978234235
6118	45.1087596832943
6130	45.0552165657692
6180	45.0470434311651
6192	45.0446589798541
6206	45.0047677635485
6212	44.9984624043331
6226	44.9785769101636
6238	44.9757207678647
6258	44.9376204695326
6298	44.9296089308092
6300	44.9039429261545
6304	44.8461683232775
6316	44.8335902910735
6322	44.8083038734389
6334	44.6692565955728
6360	44.6538720606278
6370	44.6430490788372
6380	44.64163255492
6386	44.6319360886989
6388	44.6037799130319
6392	44.5825376534459
6426	44.5672802635615
6428	44.5046089741839
6430	44.5020054150176
6440	44.4986120724367
6446	44.4538538824136
6462	44.449477538525
6468	44.4150448185756
6480	44.414789351232
6484	44.4086233080535
6490	44.3589966643228
6504	44.3057666419974
6512	44.2930274441976
6522	44.2610539454532
6548	44.2089771981053
6576	44.2051544343147
6586	44.1749672498287
6618	44.1594972206018
6632	44.1520695637121
6656	44.1458973042353
6662	44.1344975648581
6680	44.1231340392702
6688	44.0887879774441
6710	44.0779579200228
6724	44.048495335596
6734	44.0443687592104
6752	44.0302148783112
6756	43.9845615254101
6796	43.9460743356455
6810	43.9224818156478
6834	43.8759644895926
6840	43.8747211350311
6848	43.8663794660925
6850	43.8633983373664
6854	43.8150014576607
6872	43.769583276
6876	43.7479805153466
6884	43.7452699538065
6886	43.7384764886267
6890	43.6256146505484
6930	43.5751378394997
6952	43.5113452471302
6968	43.5106553095969
7002	43.4771311862794
7036	43.4750616399376
7040	43.4526358946011
7050	43.4303967628888
7056	43.4292692532693
7084	43.4104954345067
7112	43.3931286858747
7120	43.3858955731126
7140	43.3566740776945
7152	43.3556540263586
7158	43.3263121258306
7162	43.3035526109781
7190	43.2884193053816
7194	43.2785714139635
7196	43.2668946262181
7202	43.2612368624567
7234	43.2416711235233
7238	43.2170510489706
7254	43.2057096021302
7256	43.1920090425389
7284	43.1908600447506
7296	43.185384818059
7302	43.1635389444668
7308	43.1474862807793
7316	43.1439193696214
7326	43.1150366308139
7346	43.071549163751
7358	43.0573795864276
7362	43.0496325851739
7372	43.0243714089573
7382	42.9773390439761
7402	42.915119291455
7460	42.9139014281401
7464	42.8816305072014
7476	42.8727248874732
7494	42.8414405186802
7502	42.8362876370637
7506	42.8153906918768
7538	42.7844021375674
7560	42.7724439820118
7578	42.7704698512479
7586	42.7699783882873
7588	42.7456127346071
7592	42.7295142986335
7596	42.7091710563155
7642	42.6954183283804
7656	42.6623267703177
7672	42.6585720318402
7674	42.6484485433498
7686	42.6354376630383
7696	42.6188039648112
7708	42.6149125378621
7710	42.5883696492201
7742	42.5883517084152
7754	42.5708226644143
7770	42.5622158331049
7778	42.5565079153103
7784	42.5292040358941
7790	42.5233401233955
7814	42.5193582251442
7824	42.5144353743346
7834	42.5143325957798
7836	42.5082545680055
7844	42.5059422085566
7870	42.5027157486498
7878	42.4980403750689
7890	42.4865547274247
7896	42.4846654113835
7914	42.4805502735617
7918	42.4803069020391
7920	42.4781980313256
7928	42.4712772990659
7942	42.4701794442225
7948	42.4683615290844
7950	42.4674620252167
7956	42.4651187645316
7962	42.4648305402804
7974	42.4613631335388
7978	42.4585346260066
7994	42.4546456211951
7996	42.4439348795901
8048	42.4403733229106
8080	42.4400452866408
8088	42.4399696587141
8090	42.4352681191013
8098	42.4308474951405
8110	42.4269775158368
8124	42.4216377897989
8142	42.419952964131
8144	42.4186672658633
8152	42.4160362357015
8182	42.4146278811667
8184	42.4135029236923
8188	42.4103879201655
8202	42.4101353853224
8216	42.4093926459724
8230	42.4092177472368
8236	42.4052795188568
8238	42.4033410386273
8260	42.3973983778564
8264	42.3942560643460
8284	42.3892932144272
8306	42.3873754126554
8308	42.3868684855915
8314	42.3863435304535
8320	42.3826959960005
8342	42.3773401934481
8348	42.37674913061
8376	42.3754014277695
8386	42.3722923261908
8392	42.3668717143128
8394	42.3591322248919
8458	42.3590710010677
8462	42.3572458242319
8466	42.3554469316784
8476	42.3553484424017
8490	42.353599946461
8494	42.3499632506517
8498	42.3468159281721
8502	42.3448953606382
8510	42.3392202321610
8514	42.3367400800387
8556	42.3345032942515
8562	42.3343433479331
8572	42.3314277970219
8576	42.3264582864287
8592	42.3226964267052
8648	42.3212387776625
8654	42.3207041197402
8662	42.3153266058306
8672	42.3126748924511
8680	42.3093737658061
8692	42.3092175746422
8696	42.3067623675832
8706	42.3063760358502
8714	42.3055675088363
8716	42.3030340778091
8718	42.2997333622483
8738	42.2971638125025
8746	42.2908995137299
8770	42.2891449419555
8776	42.2872847258916
8788	42.2854229149764
8800	42.2837674371197
8822	42.2798198612657
8838	42.2795501332985
8842	42.2748357330077
8850	42.2730904508523
8860	42.272302208537
8864	42.2653148792665
8868	42.262981489712
8880	42.2605128561238
8886	42.2575735118787
8926	42.2551504450056
8950	42.2491010137244
8954	42.2431377012447
8984	42.2420999444541
8992	42.2384450497293
9000	42.2383503003721
9012	42.2373454306004
9016	42.2333313457563
9020	42.2314353201563
9046	42.2307184771645
9066	42.2276712696892
9086	42.224856433538
9110	42.2239133644077
9114	42.2238904178508
9118	42.2205272034561
9142	42.2199765702462
9152	42.2185427859321
9156	42.2178959121191
9176	42.2146559226127
9210	42.2144362701007
9214	42.2112985871604
9234	42.2073679218867
9246	42.2062689243884
9262	42.2041697071543
9272	42.1998866001177
9300	42.1977505428759
9308	42.1931599226826
9312	42.1887138748697
9316	42.1821234045954
9348	42.1778034668453
9364	42.1776042431442
9370	42.1737399159897
9384	42.1698844065594
9392	42.1652444792999
9420	42.1652061607507
9432	42.1649876052206
9436	42.1599160732794
9440	42.1525687717522
9458	42.1521154194444
9468	42.1504990585005
9494	42.1381260586937
9510	42.1376567676121
9514	42.1355978592812
9516	42.1347026145661
9522	42.1342616946149
9528	42.1323918655319
9530	42.1310852970031
9546	42.1255442229525
9564	42.1147507896153
9596	42.1091148503440
9600	42.1089963581741
9610	42.1057051289122
9638	42.105370076436
9650	42.1019461060038
9652	42.1009108615283
9658	42.0941005247071
9660	42.093504114797
9686	42.0920351267007
9696	42.0881164788243
9702	42.0867901937874
9710	42.085828000932
9718	42.0847161960731
9728	42.08392416236
9738	42.0829508264097
9754	42.0807051414696
9758	42.0775692332482
9762	42.0723253301948
9772	42.0704131299143
9796	42.0698941361818
9806	42.0694179425138
9812	42.0688282366512
9836	42.0673559976048
9840	42.0672693829699
9850	42.0664375936640
9856	42.0640797688073
9868	42.0637114133583
9894	42.0626720490797
9902	42.0610727308421
9918	42.0599963641487
9926	42.0568650907576
9954	42.0554187167807
9956	42.0520216312053
9962	42.05146762737
9970	42.0510321619968
9990	42.050701012985
9996	42.0483292958509
10016	42.0467468102953
10026	42.046587890249
10038	42.0456494650267
10048	42.0450869711253
10088	42.0440147468855
10094	42.0434818588180
10110	42.0423881084988
10120	42.0408108101477
10132	42.0405289638867
10142	42.0393557123388
10146	42.0384895168147
10158	42.0377490255742
10162	42.0376544137104
10170	42.0374441713214
10172	42.0370653781553
10180	42.0361298003376
10224	42.0354721489336
10232	42.0352526754412
10234	42.035060185887
10236	42.0340281069138
10240	42.0327936782381
10248	42.0304756363593
10282	42.0292290112159
10298	42.0273158309402
10332	42.026505304616
10352	42.0255461055912
10376	42.0244126671603
10384	42.0236740762896
10398	42.0234449973891
10406	42.0229717467964
10426	42.0222470511312
10434	42.0217836706511
10446	42.0203606524588
10466	42.0167354342611
10476	42.0160683452126
10478	42.0146886010246
10484	42.0132133596808
10494	42.0125880355119
10508	42.0125460981076
10518	42.0116741256604
10538	42.0108875888033
10554	42.0106293816249
10570	42.0074174276608
10580	42.0058280077729
10604	42.0031989815234
10622	42.0014710734184
10624	42.0014509771742
10626	42.0011355560621
10628	41.9998013148684
10638	41.9979525294637
10680	41.9970837953137
10684	41.9966957550465
10686	41.996010956359
10688	41.995225781847
10722	41.9952018214965
10726	41.9950290234331
10730	41.9939596148509
10736	41.993633755625
10744	41.9915307398865
10762	41.9909163767060
10772	41.9905547479731
10780	41.9901705788446
10786	41.9895313260723
10798	41.9883419620005
10802	41.9869485611861
10812	41.9848068503202
10832	41.9834012733333
10864	41.9833884312594
10866	41.9812029355229
10876	41.9804578375368
10896	41.9796971157139
10902	41.979501481765
10914	41.9766196499644
10920	41.9764905308441
10930	41.9744525753663
10932	41.9739516223666
10934	41.9735226508308
10972	41.9708504791135
11000	41.9690932384222
11020	41.9662447758067
11048	41.9657628323592
11052	41.9649955231128
11064	41.9621935617311
11070	41.9610785364664
11074	41.9607447374393
11076	41.9606252478114
11078	41.9600238619018
11084	41.9557605675209
11102	41.95512135693
11128	41.9550589265972
11172	41.9542057894085
11182	41.9522238080827
11188	41.9499697472169
11198	41.9452548006622
11224	41.9402525149635
11232	41.9393101654738
11240	41.9390900230486
11242	41.9382800220838
11258	41.9382574146618
11268	41.9362338626449
11290	41.9333377757425
11300	41.9322016013291
11316	41.9319351716559
11324	41.9288281468528
11330	41.9266033728276
11350	41.9254345736837
11354	41.9158781853334
11360	41.9126395010778
11406	41.9122128538295
11414	41.9080636043018
11450	41.9066783672101
11454	41.9028748328612
11484	41.9002497071649
11492	41.8984194464599
11516	41.8982950052531
11524	41.8967663316821
11548	41.8962350047431
11560	41.8958153757668
11568	41.8956035661338
11606	41.8946354243684
11644	41.8934900737252
11646	41.8934097373189
11660	41.8929361707367
11664	41.8926516943152
11672	41.8924850260453
11682	41.8909957250022
11690	41.8908150982381
11694	41.890283858851
11698	41.8894034346781
11720	41.888852279208
11728	41.8882114045088
11736	41.8880377461807
11742	41.8872129318503
11752	41.8871543403554
11778	41.8866792328314
11788	41.8866323224622
11790	41.8856796317286
11826	41.8856512505726
11834	41.8844685421059
11842	41.8841386435067
11848	41.8839118918993
11888	41.8827715788787
11904	41.8826885047887
11920	41.8822968789149
11928	41.8818152653633
11966	41.8808907795075
11988	41.8803245306598
12002	41.8796497829585
12008	41.8794348208985
12020	41.8784573427537
12030	41.8781420270956
12038	41.878135818207
12054	41.8778650140484
12060	41.877564267577
12064	41.8770675058536
12066	41.8768251805037
12076	41.8762455628019
12082	41.8760096929856
12100	41.875383945865
12108	41.8745420872909
12110	41.8736382300203
12116	41.872390612358
12130	41.8712102859967
12158	41.8711703589649
12164	41.8706310465098
12184	41.8702975047357
12186	41.8702197018140
12190	41.869174288308
12200	41.8691585023762
12208	41.8683177828666
12216	41.8677825796679
12218	41.8673220054247
12240	41.8664826952366
12262	41.8658608154985
12284	41.8657784180159
12286	41.8655232052899
12290	41.8646627117381
12306	41.8643878768722
12310	41.8640036607315
12320	41.8639201993326
12326	41.8637637368788
12330	41.8634398874718
12340	41.8634129381803
12352	41.8628450321615
12362	41.8603001928895
12386	41.8575402471517
12402	41.8546246707761
12442	41.8525663352203
12446	41.8519049062318
12488	41.8518698297323
12496	41.8510734102618
12526	41.8499649462716
12538	41.8490956792611
12546	41.8488910446478
12562	41.8488388719218
12578	41.8488215528248
12592	41.8474985822690
12608	41.8471685018431
12624	41.846391025922
12640	41.8457901694986
12650	41.8455185318541
12652	41.8448858371145
12674	41.8448768855041
12680	41.8445858648063
12686	41.8436084946369
12712	41.8433865610571
12714	41.8428131898322
12736	41.8425435287368
12748	41.8423903105288
12754	41.8421269735088
12758	41.8420290551113
12766	41.8416108553082
12784	41.8413002039166
12790	41.8409372348256
12798	41.8405047901067
12816	41.8404476769174
12818	41.8404426377022
12824	41.8403216806016
12826	41.840227068551
12836	41.8400158803316
12840	41.8398943566346
12844	41.8392266262705
12850	41.8385946866705
12852	41.8382620824884
12870	41.8378620537564
12876	41.8376418651368
12888	41.8375836146205
12914	41.8375242763662
12926	41.8372471117912
12956	41.8370386352844
12962	41.8367828575057
12968	41.8355328335229
12974	41.835481824161
12978	41.8349600420463
12986	41.8348989686077
13000	41.8346718183977
13008	41.8346483711804
13024	41.8339533716643
13046	41.8335445899893
13058	41.8332691497958
13080	41.8332208594922
13084	41.8323687410276
13106	41.8322760557762
13124	41.832252555161
13126	41.8322307103831
13128	41.8321446098076
13132	41.8318485370594
13152	41.8313284194966
13156	41.8311143465936
13158	41.8306532925142
13174	41.8300797066919
13188	41.8300352438113
13202	41.8294399085774
13206	41.8293284103118
13218	41.8289820990213
13226	41.8288717107776
13232	41.8286419779732
13234	41.8281464945541
13240	41.8275155483275
13266	41.8271326652738
13278	41.8266483304672
13304	41.8263075363655
13314	41.825908239489
13340	41.8252980252257
13370	41.8248282582997
13384	41.8248127312942
13392	41.8242636491135
13416	41.8241066651362
13424	41.8240137971021
13440	41.8236517924002
13462	41.8234934774072
13468	41.8234349814456
13486	41.8233648567258
13510	41.823040334043
13534	41.8229796492744
13538	41.8228033015703
13556	41.8226650697656
13570	41.8225991193926
13574	41.8223790283458
13590	41.8223661542062
13606	41.8222428572953
13610	41.8222319607395
13640	41.8221092944755
13644	41.8217117443135
13680	41.8215638601332
13692	41.8214411431433
13710	41.8211998026794
13716	41.8210199669621
13726	41.8208558043632
13750	41.8207266620748
13758	41.8206580820186
13768	41.8205917791456
13776	41.8203389607027
13788	41.8203181000222
13804	41.8202211550749
13816	41.8199476966203
13828	41.8196931062148
13866	41.8193643103218
13874	41.8191322357589
13892	41.8190306146896
13896	41.8188265956278
13902	41.8187076927034
13912	41.8186071874235
13920	41.8186060827353
13924	41.8182242177304
13938	41.8178027699226
13942	41.8177559036532
13946	41.8177045006695
13952	41.8177026297487
13958	41.8174300961037
13964	41.8167106474974
14030	41.8165624844974
14034	41.8162940262675
14046	41.8160827803994
14068	41.8160444029876
14092	41.8159680343307
14096	41.8159629625014
14116	41.8159536955178
14124	41.8158279540367
14142	41.8156943708913
14146	41.8156546442357
14148	41.8155988287644
14152	41.8152063166313
14162	41.8150962927115
14174	41.8150062417892
14176	41.8148176414369
14184	41.8146615004984
14200	41.8145483223996
14244	41.8145197500559
14252	41.8144027552611
14262	41.8143785609375
14268	41.8142827694986
14288	41.8142535754092
14298	41.8142177543279
14314	41.8140776625909
14316	41.8140072059792
14336	41.8139462965563
14344	41.8136535602524
14370	41.8136470858745
14378	41.8136165949464
14382	41.8135670811227
14384	41.8134692123847
14412	41.8133852369593
14418	41.813371805833
14430	41.8133584248448
14434	41.8132451924646
14452	41.8132102799491
14466	41.8131734809067
14472	41.8131313267973
14474	41.8129153930907
14490	41.8128998657693
14518	41.8128887131972
14528	41.8127886363873
14550	41.8126914095500
14562	41.812671456
14584	41.8124928841762
14596	41.8123898035822
14628	41.8121558680813
14634	41.811950699415
14636	41.8119373998763
14658	41.8118993086955
14664	41.811836655779
14680	41.811555763512
14704	41.811548704976
14722	41.8113908812119
14724	41.8112464206126
14730	41.8112411593696
14744	41.8110641876655
14748	41.811005961674
14750	41.8110035689705
14756	41.8108637822036
14774	41.810774284237
14778	41.8107363636039
14786	41.8107223514779
14788	41.8105805552367
14798	41.810558219533
14812	41.8103824616758
14826	41.8098964372027
14854	41.8098764776456
14860	41.8095195809027
14862	41.8093641535949
14868	41.8093626725521
14892	41.8092217801288
14900	41.8089940792728
14914	41.8087658193953
14916	41.8086161074880
14926	41.8085148466869
14944	41.8081599942241
14960	41.8081156176327
14974	41.808085629344
14978	41.8079541782968
14986	41.8077246861635
15014	41.8076426187727
15036	41.8073761284766
15054	41.8073637839873
15058	41.8073480332266
15072	41.8073199681857
15096	41.8072712383023
15116	41.8072518418477
15140	41.8072420424160
15148	41.8072175352695
15158	41.8071795766390
15184	41.8071615384457
15190	41.8070818869706
15192	41.8070783841075
15202	41.8070677066315
15204	41.8069763479623
15214	41.8069559344451
15240	41.8069200125057
15252	41.8068908406757
15262	41.8068479980358
15268	41.8068340751937
15276	41.8068156636493
15280	41.8066936670200
15282	41.8066554592795
15284	41.8065261725264
15288	41.8064652242895
15302	41.8064589906082
15312	41.8063405563829
15348	41.806250720845
15352	41.8061772235331
15384	41.806118324397
15398	41.8061179948786
15402	41.8061117025472
15420	41.8059632542815
15436	41.8059293572685
15440	41.8058890043728
15444	41.805714694494
15454	41.805708871185
15456	41.8056685414413
15472	41.8056467021045
15480	41.8055998382669
15484	41.8055647807925
15486	41.8055571072528
15492	41.8054935078392
15498	41.8054869709584
15504	41.8054556118663
15506	41.805446789478
15512	41.8054320890918
15514	41.8053613514392
15522	41.8053107971856
15540	41.8052817129915
15554	41.8052279415892
15564	41.8051428159547
15620	41.8051092408009
15632	41.8050956539476
15634	41.8050923825156
15680	41.8050748180842
15706	41.8050626719833
15722	41.8050416786061
15746	41.8050306871085
15798	41.8050280080225
15800	41.8050188981428
15802	41.8050180818779
15804	41.8050076080356
15806	41.8050028033196
15810	41.8049797128749
15830	41.8049719017913
15852	41.8049622942888
15874	41.8049547762219
15876	41.8049462680654
15886	41.8049257157778
15890	41.8049173375076
15920	41.8049161709186
15944	41.8049012329661
15950	41.8048925641598
15966	41.8048733411519
15978	41.8048428082696
15984	41.8048139528065
15988	41.8047468938103
16000	41.8047373491646
16010	41.8046896124512
16022	41.8046507936602
16024	41.8046238195342
16036	41.8045841927602
16040	41.8045198856779
16042	41.8045085669018
16068	41.8044299168489
16074	41.8044214649287
16080	41.8043674836358
16100	41.8043241817665
16106	41.8043020309426
16108	41.8042973445236
16114	41.8042459760596
16122	41.8042299323886
16124	41.8041942111594
16128	41.8041655245831
16144	41.8041167778555
16160	41.8041062344422
16184	41.8041019873363
16186	41.803989346015
16198	41.8039236134477
16200	41.803850686495
16216	41.8038364851197
16220	41.8037959363565
16230	41.8037932748308
16236	41.8035249853906
16238	41.8034761339389
16248	41.803284706699
16282	41.8032241408642
16284	41.8032031663891
16314	41.8029021556383
16346	41.8026617447037
16378	41.802612550208
16396	41.8025777701622
16418	41.8025471274263
16422	41.8024786751047
16440	41.8024580427417
16442	41.8024155911682
16454	41.8022588849717
16458	41.802158103501
16462	41.8019823399912
16464	41.8019727309772
16478	41.8018247096396
16498	41.8017677707162
16518	41.8016682011013
16522	41.801560552744
16550	41.8015398191018
16560	41.8014154518279
16598	41.8013284775915
16618	41.8012432295482
16638	41.8012215754901
16642	41.8010853699423
16694	41.8009714308495
16698	41.800954950324
16708	41.8006197416777
16716	41.8006030939898
16746	41.8004202177117
16774	41.8004138887098
16782	41.8003623388627
16808	41.800318501622
16814	41.8002586218104
16834	41.8002483912239
16840	41.8002479785170
16842	41.8001976390312
16848	41.8001111318724
16858	41.8000948371233
16864	41.8000857309222
16870	41.7998614624990
16876	41.7997924036166
16884	41.79971565308
16894	41.7996965872359
16898	41.7996882628593
16900	41.7994337314948
16908	41.7992730845457
16922	41.7991795017972
16924	41.7991001821591
16942	41.7990951300338
16944	41.798877625892
16956	41.7988192512002
16962	41.7987426511645
17000	41.7986322630825
17014	41.7983497519197
17042	41.7980469828558
17076	41.7978459146841
17106	41.7978076704874
17132	41.7976853799217
17152	41.7976124362708
17158	41.7975154507088
17174	41.7974606983373
17178	41.797443099065
17182	41.797436909089
17198	41.7973471655985
17206	41.797301411882
17210	41.7972483844081
17218	41.7972166452619
17224	41.7970754064439
17234	41.7970289620622
17262	41.7970239202269
17274	41.7970156132373
17282	41.7969253593614
17302	41.7968035137346
17322	41.7967481046755
17332	41.7966419456972
17336	41.7966415744226
17340	41.7965633883342
17348	41.796552496848
17362	41.7964456263236
17370	41.7963810911513
17390	41.7963528873986
17396	41.7962611977635
17410	41.796234920272
17416	41.796193495451
17426	41.7961849536654
17428	41.7961627910091
17444	41.7960573755908
17448	41.7960467196942
17462	41.7958586090833
17468	41.7957773936707
17486	41.7957363680911
17522	41.7957359903282
17532	41.7956271973525
17534	41.7956031566549
17568	41.7955364779920
17578	41.795423899267
17582	41.795364536575
17586	41.7953274313102
17592	41.7953144271555
17600	41.7952968093033
17608	41.7952848762197
17616	41.7951729187196
17640	41.7951595635688
17646	41.7951449380181
17652	41.7949371754978
17656	41.7948913064493
17668	41.7948480218713
17682	41.7948212957794
17690	41.7947900444188
17704	41.7946866159755
17712	41.7946466269885
17744	41.7946276029852
17750	41.7945003326968
17756	41.7944459200414
17784	41.794292239806
17794	41.7942633404965
17808	41.794253812347
17814	41.794036527659
17840	41.7938261807631
17870	41.7937829729824
17878	41.7937346140381
17882	41.7937029147687
17892	41.7936612657447
17916	41.7936575338796
17920	41.7935977347995
17924	41.7935446742653
17934	41.7932894974517
17956	41.7932889536659
17958	41.7930906949244
17962	41.7929937485424
17982	41.7929702173077
17990	41.7928123818176
18034	41.7926125047217
18060	41.7925895941445
18070	41.7924853589922
18086	41.7924651861367
18088	41.7923145236357
18132	41.7922814122875
18156	41.7922677329651
18158	41.7922668596217
18170	41.7921660051265
18180	41.7920502925099
18182	41.7920306604104
18190	41.7919758237764
18196	41.7917461050306
18210	41.7916564297467
18218	41.7915764040263
18256	41.7913602689612
18288	41.7913543600847
18290	41.7913464146458
18328	41.7912875820973
18344	41.7912036724884
18364	41.7911715501692
18368	41.7911122242189
18376	41.7911113529579
18380	41.7910935220351
18382	41.7910510399128
18402	41.7910466728338
18404	41.7909585132374
18420	41.7909547855103
18428	41.790910701484
18446	41.7908999726581
18456	41.7908895541268
18458	41.7908235894255
18462	41.7907930445057
18464	41.7907533715984
18468	41.7907331379
18472	41.7907145822223
18496	41.7907038342959
18504	41.7905798899191
18534	41.7905687974549
18536	41.7905681451169
18542	41.7905267014368
18550	41.7905138416583
18552	41.7905039162385
18558	41.7904758115115
18566	41.7904369833944
18568	41.7903619848817
18588	41.7902750223588
18612	41.7902235100186
18618	41.7902144152928
18622	41.7901480576762
18644	41.7901269616333
18654	41.7900755558998
18672	41.7899891429772
18706	41.7899758669842
18714	41.7899689759452
18716	41.7899642137793
18718	41.7899214997011
18724	41.7899071413731
18736	41.7898597379863
18750	41.7897661549121
18760	41.7897375729543
18764	41.7897372630599
18794	41.789712966144
18800	41.7897129052706
18816	41.7897002168893
18818	41.789691585317
18824	41.7896566464198
18840	41.7896232803438
18908	41.7896085145922
18920	41.7895959605812
18948	41.7895733275819
18978	41.7895674557519
18980	41.7895419233285
18998	41.7895397812997
19020	41.789534207486
19022	41.7895260901350
19030	41.7895062512736
19042	41.7894993104581
19046	41.7894924240059
19088	41.7894840537839
19092	41.7894712518607
19100	41.7894558796765
19126	41.7894416649472
19136	41.7894378860228
19138	41.7894345492114
19146	41.7894289613403
19150	41.7894238604667
19152	41.7894088408734
19188	41.7893940999755
19196	41.7893873645055
19210	41.7893626797341
19220	41.7893620853275
19224	41.7893492533909
19238	41.7893220085680
19244	41.7893162055954
19256	41.7892991431168
19264	41.7892929023388
19266	41.7892621462191
19292	41.7892514836472
19298	41.7892255052396
19320	41.7892092885711
19336	41.7892056874267
19346	41.7892051899431
19360	41.7891970762159
19368	41.7891833062738
19380	41.7891808972771
19408	41.7891714876343
19412	41.7891697068766
19420	41.7891696555696
19422	41.7891671439981
19428	41.7891627133293
19430	41.7891593820797
19432	41.7891523893826
19436	41.7891474310512
19444	41.7891366994645
19466	41.7891195698898
19496	41.789116744053
19504	41.7891133483284
19514	41.7891123363302
19516	41.7891109859501
19520	41.7891106066553
19532	41.7891092458364
19534	41.7891045084683
19544	41.7890983975884
19548	41.789091347992
19556	41.7890874569818
19588	41.7890793140058
19602	41.7890678110871
19644	41.7890611124053
19648	41.7890516237454
19698	41.7890477113641
19714	41.7890460216232
19716	41.7890453262616
19718	41.7890420252047
19730	41.7890416298317
19734	41.7890381652275
19738	41.7890328406878
19748	41.7890325529439
19750	41.7890290922135
19776	41.7890277024406
19784	41.7890103014881
19812	41.7890019559244
19836	41.7889986710377
19846	41.7889980692826
19848	41.7889881082353
19868	41.7889829751885
19886	41.7889818330474
19896	41.7889706932674
19902	41.7889657212954
19904	41.7889631918879
19926	41.7889559242183
19932	41.7889554379081
19956	41.7889534834539
19958	41.7889434587428
19966	41.7889404049234
19986	41.7889394544014
20000	41.7889360506594
20010	41.788936038777
20022	41.7889354890653
20036	41.7889317356408
20040	41.7889282931744
20054	41.7889280796759
20068	41.7889203776305
20086	41.7889066411941
20108	41.7889011390255
20110	41.7889004492799
20132	41.7888992789446
20134	41.7888879617656
20148	41.7888862629329
20166	41.7888837144367
20168	41.7888763649418
20182	41.7888651196616
20208	41.7888648886551
20214	41.7888614005326
20236	41.7888606344546
20254	41.7888581771495
20258	41.7888549416246
20262	41.7888519067515
20272	41.7888476573912
20278	41.7888473293347
20284	41.7888453771209
20286	41.7888435218124
20300	41.7888392788908
20334	41.7888265732335
20370	41.7888255231408
20392	41.7888214604375
20402	41.7888208404448
20408	41.7888202324044
20422	41.7888111812995
20440	41.7887999127218
20450	41.7887960110379
20456	41.7887892003783
20460	41.788783518537
20466	41.7887830009449
20482	41.7887789724804
20484	41.7887739690079
20486	41.788759145733
20492	41.7887539760151
20504	41.788744407595
20524	41.7887412738351
20538	41.7887318019719
20594	41.7887235972202
20610	41.7887208244938
20624	41.7887165975017
20634	41.7887145310785
20636	41.7887066568791
20640	41.7887010980742
20660	41.7886991569071
20670	41.7886942306618
20672	41.7886939914634
20678	41.7886876687935
20690	41.78868306078
20694	41.7886829999223
20700	41.788682673333
20702	41.7886758738381
20706	41.7886740812975
20744	41.7886688248886
20758	41.7886646220382
20764	41.7886642272076
20776	41.7886629159881
20780	41.788660646971
20798	41.7886585474657
20806	41.7886577071998
20812	41.7886572238063
20814	41.7886539328179
20822	41.7886538860053
20826	41.7886406595143
20862	41.7886380490142
20864	41.7886318557121
20872	41.7886315697738
20874	41.7886267157219
20904	41.7886211858747
20928	41.7886189755579
20930	41.788615827528
20950	41.7886136846836
20952	41.7886110315762
20984	41.7886054548003
21012	41.7886031688459
21014	41.7885998843182
21078	41.7885995936205
21096	41.7885974585796
21100	41.7885964790774
21102	41.7885958294073
21130	41.7885919068643
21166	41.7885910137202
21188	41.7885888197503
21192	41.7885875661938
21194	41.7885856754581
21214	41.7885812719996
21222	41.788577068537
21240	41.7885750675233
21262	41.7885719907393
21276	41.7885679451944
21288	41.7885678932594
21302	41.7885667655609
21324	41.7885626416465
21332	41.7885608605936
21346	41.7885577704282
21348	41.7885561468572
21352	41.7885544353349
21356	41.7885508187115
21362	41.7885472583753
21382	41.7885461930615
21400	41.7885408748963
21414	41.7885398675840
21420	41.7885371120006
21424	41.7885324366655
21484	41.7885315097241
21498	41.7885259764041
21518	41.7885217732885
21542	41.7885187149457
21566	41.7885168797429
21578	41.7885162059354
21602	41.7885161700512
21610	41.7885148603384
21616	41.7885138395517
21632	41.7885133683035
21644	41.788510414363
21664	41.7885099076237
21686	41.7885089973553
21696	41.7885083839754
21698	41.7885078243568
21704	41.7885050061213
21708	41.7885039500053
21720	41.7885031728592
21734	41.7885018772835
21766	41.7885014967233
21768	41.7885005380622
21780	41.7884999731708
21786	41.7884984088515
21804	41.7884983514080
21816	41.7884966293959
21818	41.7884965778106
21822	41.7884965285722
21834	41.7884952421398
21838	41.7884946238075
21840	41.7884945369972
21844	41.7884929276476
21868	41.7884926763427
21874	41.7884924969199
21884	41.7884919266684
21890	41.7884915168363
21904	41.7884908369785
21908	41.7884902950798
21914	41.7884901071257
21938	41.7884892012517
21946	41.7884885702543
21980	41.78848774346
21982	41.7884869022284
22014	41.7884867734819
22020	41.7884859893032
22024	41.7884835843117
22046	41.7884833900793
22056	41.7884822724614
22058	41.7884821988439
22068	41.7884821846765
22070	41.7884821796375
22076	41.788480944908
22092	41.7884808407992
22098	41.7884795653161
22108	41.7884782874469
22144	41.7884763767116
22150	41.7884760923002
22152	41.7884757509121
22158	41.7884756422559
22160	41.7884716317879
22174	41.7884694064835
22210	41.7884677225382
22220	41.7884675626056
22222	41.788467003806
22224	41.7884659476219
22238	41.7884642345057
22242	41.7884637293315
22258	41.7884623536439
22266	41.7884595114503
22304	41.7884582967339
22306	41.7884582847549
22324	41.7884554082045
22346	41.788453805491
22354	41.7884528509239
22358	41.7884521540086
22366	41.7884504039257
22380	41.7884500582484
22382	41.7884498501876
22388	41.7884483333605
22402	41.7884453628969
22424	41.7884426017631
22426	41.78843764135
22438	41.7884364620029
22442	41.7884343944935
22450	41.7884320590655
22460	41.7884318346638
22470	41.7884302597953
22482	41.7884265959831
22494	41.7884253089393
22498	41.7884224574302
22506	41.7884174744341
22510	41.7884168928489
22518	41.7884161750565
22528	41.7884121457678
22552	41.7884101387746
22570	41.7884066316425
22576	41.7884051648885
22624	41.7884031986888
22640	41.7884015473707
22650	41.7883986500374
22656	41.7883981137785
22662	41.7883967265167
22682	41.788396413864
22694	41.788392870015
22704	41.7883912387355
22718	41.7883894101826
22726	41.78838847604
22732	41.7883858306374
22744	41.7883821491819
22754	41.7883812805233
22758	41.7883805682535
22774	41.7883782203885
22776	41.7883775377155
22784	41.7883772068351
22786	41.7883766292290
22804	41.7883760283203
22808	41.7883756816122
22814	41.7883736491274
22822	41.788373254027
22826	41.788372613711
22828	41.7883705334976
22838	41.7883682042423
22848	41.7883667045855
22856	41.7883642163256
22858	41.7883628254821
22864	41.7883601040441
22872	41.7883600228433
22878	41.7883579735553
22912	41.7883578712985
22930	41.7883561715806
22934	41.7883538019159
22944	41.7883536796288
22948	41.7883525341203
22974	41.7883504416009
22976	41.7883501762411
22980	41.7883499156874
22984	41.7883496450569
22992	41.788348496026
23008	41.7883467491988
23022	41.7883458041544
23032	41.7883454471847
23034	41.7883415529707
23044	41.7883398820979
23102	41.7883372113254
23116	41.7883367848280
23120	41.7883359425116
23136	41.7883321532453
23176	41.7883316717372
23184	41.7883290137178
23186	41.7883273121367
23190	41.7883258471019
23204	41.7883251219896
23210	41.7883249943909
23216	41.7883240707648
23226	41.7883237932259
23228	41.7883235843342
23252	41.7883223123805
23266	41.7883221009977
23270	41.7883210508592
23278	41.7883204760032
23320	41.7883198737122
23332	41.7883192141081
23346	41.7883191795835
23354	41.7883187060381
23364	41.7883182165402
23380	41.7883168191914
23408	41.7883164655891
23412	41.7883163718684
23414	41.7883156179782
23416	41.7883155913281
23422	41.7883155286252
23426	41.7883148294274
23446	41.7883143143243
23458	41.788313735336
23466	41.7883128487097
23484	41.7883108167001
23506	41.7883106944048
23514	41.7883105956588
23522	41.7883096280503
23552	41.7883084303554
23568	41.7883083291425
23574	41.7883079348389
23576	41.7883073007907
23582	41.788306562277
23592	41.7883059687709
23612	41.7883051380852
23620	41.788304338176
23622	41.7883040634375
23624	41.7882999625617
23628	41.7882994432832
23632	41.7882986017219
23640	41.7882971921522
23668	41.7882946156008
23686	41.7882943422383
23706	41.7882929812858
23720	41.788292511734
23722	41.7882920974248
23726	41.7882920580964
23730	41.7882901255300
23746	41.7882890917651
23752	41.7882888836135
23786	41.7882879174327
23790	41.7882872141697
23816	41.7882858132957
23822	41.7882838510666
23838	41.7882835525485
23858	41.7882827719621
23862	41.7882818249657
23876	41.7882807159681
23882	41.7882806101688
23888	41.7882800241016
23894	41.7882783838688
23896	41.788276630032
23916	41.7882757003429
23926	41.7882752120288
23930	41.7882750473654
23936	41.7882750293957
23942	41.7882745751145
23952	41.7882695922273
23962	41.7882695589802
23986	41.7882677413725
24008	41.7882671335165
24014	41.7882654299624
24022	41.7882646570154
24042	41.7882645132079
24044	41.7882638540636
24054	41.7882637669481
24068	41.7882635523216
24084	41.7882626087348
24104	41.7882615229764
24170	41.7882606221242
24190	41.7882605450623
24194	41.7882601833980
24208	41.7882601704090
24212	41.7882600304329
24218	41.7882599214366
24224	41.788259691596
24230	41.7882593697559
24266	41.7882592351635
24272	41.788259119647
24284	41.7882589968222
24286	41.7882589205596
24310	41.7882584684034
24326	41.788258150115
24340	41.7882575902457
24350	41.7882572527918
24378	41.7882568667356
24394	41.7882568294816
24398	41.7882566063892
24408	41.7882563672174
24418	41.788255981958
24422	41.7882553694301
24436	41.7882553446385
24442	41.7882551268638
24448	41.7882548470829
24502	41.7882544282639
24508	41.7882543564171
24510	41.788254075759
24516	41.7882540202083
24526	41.7882539875969
24528	41.7882536935905
24550	41.7882535286594
24574	41.7882534807312
24576	41.7882532202482
24584	41.7882531480468
24586	41.7882519962705
24650	41.7882518908658
24668	41.788251615041
24672	41.7882514494789
24698	41.7882513511057
24700	41.7882513248678
24706	41.7882513197084
24718	41.7882511756463
24724	41.7882504225129
24726	41.7882501252165
24736	41.7882498374202
24790	41.7882496390408
24818	41.7882494339112
24822	41.7882493206962
24828	41.7882491493083
24840	41.788248837508
24870	41.788248719478
24884	41.7882484983215
24886	41.7882483483686
24896	41.7882482630254
24904	41.7882482020795
24914	41.7882481358037
24916	41.7882479802181
24942	41.7882478590714
24946	41.7882476945336
24948	41.7882476787476
24966	41.7882475960545
24994	41.7882475054181
25000	41.7882472410364
25022	41.7882470084284
25028	41.7882469343020
25030	41.7882467767925
25032	41.7882465133457
25040	41.7882462599949
25044	41.7882460913000
25066	41.7882460001632
25080	41.7882453652435
25092	41.7882451074218
25102	41.7882449918721
25104	41.7882447333471
25148	41.7882439841331
25182	41.7882439554966
25184	41.7882437260886
25204	41.788243725403
25210	41.7882433393834
25234	41.7882428527383
25254	41.7882428269913
25256	41.7882427619225
25268	41.7882424989357
25276	41.7882424648834
25286	41.7882424611128
25302	41.7882424063903
25306	41.7882422257733
25310	41.788242047949
25324	41.7882420218782
25334	41.7882419018039
25344	41.7882417879789
25350	41.7882417309266
25374	41.7882416532671
25382	41.7882414405272
25404	41.7882412172913
25420	41.7882411953974
25430	41.7882406560423
25466	41.7882405629449
25486	41.7882405105223
25492	41.7882403726572
25506	41.788240039009
25542	41.7882400054429
25552	41.7882399050711
25588	41.7882397298109
25614	41.7882397164107
25616	41.7882395897093
25618	41.7882394645972
25638	41.7882394589385
25642	41.7882393959623
25648	41.7882393335195
25662	41.788239322446
25668	41.7882392707297
25670	41.7882391968713
25676	41.78823904139
25680	41.7882390182831
25686	41.7882387515556
25730	41.788238680848
25744	41.7882386295241
25762	41.7882386031034
25766	41.788238585696
25776	41.7882384683254
25788	41.7882384521315
25832	41.7882384511202
25842	41.788238329712
25868	41.7882383241501
25872	41.7882382574976
25886	41.7882381297712
25902	41.7882381038067
25910	41.7882380776039
25912	41.7882379600698
25916	41.7882379048431
25924	41.7882378498154
25964	41.788237842162
25972	41.7882376151266
25996	41.7882375978170
26006	41.7882375903369
26008	41.7882374738389
26010	41.7882374351964
26056	41.7882373690132
26070	41.7882373403935
26072	41.7882372761279
26074	41.788237249501
26090	41.7882372087264
26106	41.7882371284601
26110	41.7882370448322
26144	41.7882369650108
26164	41.7882369526912
26166	41.7882368575346
26168	41.7882367670252
26184	41.7882367516604
26190	41.7882366656911
26192	41.7882364857156
26198	41.7882362654818
26238	41.788236176473
26250	41.7882359305632
26254	41.7882358459749
26288	41.788235763789
26290	41.7882357097806
26312	41.7882356565731
26334	41.7882355792262
26356	41.7882355421392
26358	41.7882353885979
26366	41.7882353578072
26368	41.7882352715189
26374	41.7882352320505
26410	41.7882350624392
26434	41.78823493413
26490	41.7882349264617
26546	41.7882349084726
26552	41.7882348845824
26566	41.7882348647185
26574	41.7882348347997
26578	41.7882348143744
26586	41.7882347722499
26594	41.7882347471849
26598	41.7882347464193
26608	41.7882347175967
26624	41.7882346670161
26626	41.7882345532398
26628	41.7882344524856
26634	41.7882344066182
26646	41.7882343370924
26648	41.7882343302632
26652	41.7882342447949
26668	41.788234240171
26696	41.7882341778021
26708	41.788234128174
26710	41.7882340824395
26724	41.7882340067826
26734	41.7882339268401
26754	41.7882339039802
26762	41.7882337635846
26810	41.7882337521498
26814	41.7882337189015
26824	41.788233669793
26856	41.7882336339984
26858	41.7882336322526
26864	41.7882335990891
26868	41.7882335759239
26882	41.7882335544855
26898	41.7882335343379
26904	41.7882334940659
26910	41.7882334932656
26912	41.7882334405050
26922	41.7882334287011
26932	41.7882334013572
26938	41.7882333087283
26972	41.7882332972799
26986	41.7882332752221
26988	41.7882332154001
26998	41.7882331925123
27016	41.7882331909275
27026	41.7882330690673
27038	41.7882330425282
27050	41.7882330222227
27064	41.7882329746258
27080	41.7882329668265
27082	41.7882329652133
27088	41.7882329477455
27096	41.7882328925926
27098	41.7882328482425
27124	41.7882328138761
27140	41.7882327974093
27148	41.7882327802509
27168	41.788232770876
27172	41.7882327241395
27184	41.7882327223823
27200	41.7882327112845
27216	41.7882326681092
27220	41.78823263474
27224	41.7882326018168
27242	41.7882325706048
27254	41.7882325323221
27260	41.7882325032771
27264	41.7882324898632
27288	41.7882324615164
27292	41.7882324573185
27308	41.7882324495335
27310	41.7882324225419
27344	41.788232369093
27346	41.7882323612038
27366	41.7882323492439
27376	41.7882322945600
27414	41.7882322788272
27420	41.7882322273827
27448	41.7882321968621
27494	41.7882321228521
27506	41.7882321066132
27534	41.7882320607019
27536	41.7882320560988
27544	41.7882319930111
27562	41.7882319791546
27570	41.7882319784495
27574	41.7882319538900
27592	41.7882319222705
27598	41.7882318606244
27600	41.788231829725
27612	41.7882318194292
27614	41.7882317998145
27624	41.7882317683676
27628	41.788231756501
27636	41.7882316188827
27664	41.7882314991519
27690	41.7882314457298
27694	41.7882314102892
27714	41.7882313784645
27716	41.7882313492515
27770	41.7882312952371
27798	41.7882312650176
27824	41.7882312559129
27850	41.7882312348776
27862	41.7882311921468
27888	41.7882311919967
27894	41.7882311803774
27898	41.7882311570244
27902	41.7882311499848
27906	41.7882311396202
27936	41.7882311276894
27940	41.7882311230695
27946	41.7882311035917
27962	41.7882310921294
27964	41.7882310912025
27968	41.7882310668862
27974	41.7882310629960
27984	41.7882310127226
27998	41.7882310101717
28006	41.7882310011731
28010	41.7882309953221
28016	41.7882309896527
28022	41.7882309282557
28046	41.7882309128792
28048	41.7882309025905
28056	41.7882308919351
28064	41.7882308789823
28074	41.7882308234814
28078	41.7882308201909
28086	41.7882307775629
28088	41.7882307194314
28106	41.7882307093385
28112	41.7882307089412
28122	41.7882306749918
28134	41.7882306399086
28150	41.7882305953852
28152	41.7882305610769
28168	41.7882305507722
28186	41.7882305140113
28190	41.7882304920053
28196	41.7882304491617
28218	41.7882304154759
28234	41.7882303760918
28248	41.7882303297486
28254	41.7882302897121
28284	41.7882302734096
28292	41.7882302466236
28314	41.7882302225135
28322	41.7882302185248
28330	41.7882302086072
28348	41.7882301821761
28366	41.7882301817602
28386	41.7882301549271
28404	41.7882301528037
28406	41.7882301526851
28422	41.7882301355092
28424	41.7882301056332
28436	41.7882300677841
28452	41.7882300379087
28454	41.7882300213498
28458	41.7882300118602
28468	41.7882299825885
28486	41.7882299430025
28498	41.7882299121078
28502	41.7882298703922
28510	41.7882298641102
28524	41.7882298151339
28544	41.7882298089858
28552	41.788229773744
28570	41.7882297680284
28590	41.7882297554873
28594	41.7882297348840
28612	41.7882297243019
28620	41.7882297183995
28638	41.7882296931192
28652	41.7882296881347
28654	41.7882296702596
28660	41.7882296456918
28678	41.7882296156303
28680	41.7882295997158
28686	41.7882295926838
28688	41.7882295504035
28736	41.7882295445751
28740	41.7882295227326
28762	41.788229514627
28764	41.7882294979379
28778	41.7882294961626
28806	41.7882294641716
28810	41.7882294357867
28828	41.7882294354636
28836	41.7882294318217
28844	41.7882294259637
28848	41.7882293763694
28872	41.7882293752478
28882	41.7882293668008
28912	41.7882293625993
28914	41.7882293609731
28924	41.7882293566987
28926	41.7882293360306
28930	41.788229315864
28936	41.7882292953226
28944	41.7882292546349
28968	41.788229241656
28992	41.7882292260422
29004	41.7882292154196
29022	41.7882291902798
29026	41.7882291795394
29032	41.7882291596310
29064	41.7882291373066
29070	41.7882291150190
29098	41.7882290960125
29116	41.7882290666458
29132	41.7882290474032
29134	41.7882290356037
29160	41.7882290237996
29172	41.7882290167823
29176	41.7882290107469
29196	41.7882289874222
29206	41.7882289634253
29216	41.7882289624882
29222	41.7882289557856
29236	41.7882289489799
29240	41.7882289431619
29242	41.7882289081844
29258	41.7882288945002
29272	41.7882288868094
29290	41.7882288779812
29340	41.7882288654558
29344	41.7882288583238
29348	41.7882288548174
29370	41.7882288458053
29374	41.7882288446639
29382	41.7882288361549
29400	41.788228831944
29414	41.7882288294732
29416	41.7882288284236
29422	41.7882288199491
29450	41.7882288133936
29474	41.7882288082979
29484	41.7882288059936
29486	41.7882288046443
29494	41.7882288024184
29500	41.7882287978909
29504	41.7882287976721
29506	41.7882287840438
29540	41.7882287777022
29542	41.7882287654906
29548	41.7882287626185
29550	41.7882287394838
29568	41.7882287262216
29590	41.7882287226188
29602	41.7882287159729
29606	41.7882287112149
29622	41.7882287083102
29624	41.7882287047085
29630	41.7882286864952
29636	41.7882286707572
29648	41.7882286687585
29660	41.7882286664451
29670	41.7882286499027
29672	41.7882286261859
29682	41.7882286177993
29714	41.7882286144121
29716	41.7882286033836
29720	41.7882285934521
29742	41.7882285885069
29744	41.7882285866147
29746	41.7882285797388
29752	41.7882285795542
29772	41.7882285564408
29776	41.7882285518164
29784	41.7882285440077
29792	41.7882285431021
29808	41.7882285389976
29820	41.7882285288273
29822	41.7882285271339
29836	41.788228506322
29840	41.788228463097
29850	41.7882284503357
29862	41.7882284257918
29882	41.7882284127495
29894	41.7882284059032
29924	41.7882283906315
29930	41.7882283749808
29948	41.7882283626296
29962	41.7882283566677
29964	41.7882283499859
29972	41.7882283402736
29984	41.7882283042460
30002	41.7882283028889
30012	41.7882282810436
30046	41.7882282790426
30050	41.7882282752564
30068	41.7882282751288
30072	41.7882282682583
30076	41.7882282390776
30096	41.7882282293869
30106	41.7882282235358
30126	41.7882282146003
30140	41.7882282123901
30144	41.7882281973009
30152	41.7882281956894
30154	41.7882281835983
30162	41.7882281694373
30184	41.7882281338623
30204	41.788228121329
30220	41.7882281137953
30246	41.7882280875651
30254	41.7882280874572
30256	41.7882280745259
30272	41.78822804995
30298	41.7882280386526
30310	41.7882280386378
30326	41.7882280304991
30344	41.7882280206165
30352	41.7882280188381
30362	41.7882280015826
30368	41.7882279975673
30370	41.7882279807154
30382	41.7882279749569
30384	41.788227954897
30416	41.7882279315883
30418	41.7882279278301
30442	41.7882279196304
30448	41.7882279137993
30452	41.7882279025324
30492	41.7882278630047
30538	41.788227861049
30542	41.7882278430323
30568	41.7882278384974
30574	41.7882278329374
30592	41.7882278232557
30608	41.7882278198698
30612	41.7882278152432
30614	41.788227801483
30626	41.7882277992493
30634	41.7882277866477
30680	41.7882277747836
30684	41.7882277552069
30702	41.788227754868
30710	41.7882277531648
30714	41.7882277409533
30726	41.7882277374714
30728	41.788227732486
30734	41.7882277252741
30738	41.7882277232297
30742	41.7882277099805
30746	41.7882277091632
30750	41.7882276981264
30754	41.788227696142
30758	41.788227683641
30778	41.7882276559987
30786	41.7882276538159
30808	41.7882276536116
30818	41.7882276481172
30826	41.7882276419219
30852	41.7882276412622
30864	41.7882276345311
30872	41.78822761451
30876	41.7882275989788
30894	41.7882275537102
30904	41.7882275444198
30922	41.7882275192771
30928	41.7882275186138
30938	41.7882275074552
30944	41.7882274867619
30952	41.7882274608974
30960	41.7882274589629
30974	41.7882274407927
30986	41.7882274031704
30998	41.7882273898496
31008	41.7882273636588
31010	41.7882273627892
31014	41.7882273615901
31020	41.788227356714
31022	41.7882273044465
31030	41.7882272575770
31034	41.7882272402703
31038	41.7882271912264
31050	41.7882271187379
31058	41.7882271062076
31074	41.7882270983931
31082	41.7882270652765
31088	41.7882270374831
31092	41.7882269839768
31148	41.7882269516651
31160	41.7882269513743
31170	41.7882269208602
31176	41.7882269127257
31188	41.7882268819707
31208	41.788226827267
31216	41.7882268241708
31228	41.7882268238181
31246	41.7882267821568
31248	41.7882267266002
31264	41.7882267158106
31266	41.7882267056444
31282	41.7882266803699
31304	41.7882266641191
31320	41.7882266594066
31328	41.7882266519647
31350	41.7882266514151
31356	41.7882266415156
31358	41.7882265906743
31360	41.7882265510051
31366	41.7882265166016
31394	41.7882265127765
31402	41.7882264716341
31414	41.7882264547983
31422	41.7882264528707
31428	41.7882264392423
31446	41.7882263878725
31484	41.7882263780474
31486	41.7882263525562
31494	41.7882263317004
31512	41.7882263281623
31544	41.7882263140745
31546	41.7882262997378
31574	41.7882262913714
31606	41.7882262772032
31622	41.7882262734543
31632	41.7882262697667
31652	41.7882262616889
31658	41.7882262615239
31670	41.7882262544394
31676	41.788226248777
31680	41.7882262481918
31688	41.7882262384005
31694	41.7882262353487
31718	41.7882262129232
31726	41.7882262058082
31734	41.7882261991043
31744	41.7882261915883
31754	41.7882261792863
31778	41.7882261752793
31800	41.7882261620109
31824	41.7882261589583
31842	41.7882261583423
31848	41.78822615191
31858	41.7882261494438
31866	41.7882261462086
31868	41.7882261378099
31890	41.7882261368828
31900	41.7882261280191
31916	41.7882261207224
31918	41.7882261181769
31928	41.7882261024825
31936	41.7882261020552
31940	41.7882260834853
31944	41.7882260740696
31966	41.7882260516975
31978	41.7882260350744
31988	41.788226033504
31992	41.7882260315514
32002	41.7882260231957
32008	41.7882260132113
32020	41.7882259897109
32032	41.7882259805953
32076	41.7882259794318
32092	41.7882259771262
32104	41.7882259759545
32106	41.7882259700344
32110	41.7882259613261
32112	41.7882259563038
32122	41.7882259393323
32134	41.7882259362204
32140	41.7882259083324
32196	41.7882259025781
32208	41.7882259016154
32236	41.7882258897254
32252	41.7882258815934
32260	41.7882258732844
32282	41.7882258664032
32304	41.7882258631859
32330	41.7882258631466
32336	41.7882258625803
32352	41.7882258568771
32358	41.7882258539857
32366	41.7882258487882
32376	41.7882258382713
32402	41.7882258297408
32406	41.7882258270097
32424	41.7882258191495
32430	41.7882258116324
32436	41.7882257918412
32462	41.7882257839690
32464	41.7882257806326
32468	41.7882257639731
32506	41.788225762847
32512	41.7882257447808
32516	41.7882257332614
32566	41.7882257243236
32590	41.788225723121
32594	41.7882257224702
32602	41.7882257203724
32612	41.7882257186724
32634	41.7882257138064
32636	41.7882257119213
32644	41.7882257092816
32650	41.7882257078764
32670	41.7882257046952
32682	41.7882257028727
32692	41.7882257027921
32710	41.7882257026921
32712	41.7882256995203
32716	41.7882256970262
32738	41.7882256961348
32742	41.7882256932612
32748	41.7882256931449
32752	41.7882256919394
32768	41.7882256898833
32770	41.7882256873906
32794	41.7882256852724
32826	41.7882256818828
32828	41.7882256797209
32842	41.7882256791789
32856	41.7882256778719
32858	41.7882256730304
32864	41.788225672249
32868	41.7882256674351
32880	41.7882256594558
32884	41.7882256585279
32890	41.7882256581519
32920	41.7882256510105
32934	41.7882256428437
32964	41.7882256400025
32972	41.7882256308064
33008	41.7882256267652
33012	41.7882256180672
33028	41.7882256152712
33032	41.7882256138065
33058	41.7882256120982
33060	41.7882256067589
33064	41.7882256048296
33066	41.7882256046181
33068	41.7882256020797
33074	41.7882255979195
33088	41.7882255972879
33092	41.7882255891897
33096	41.7882255837702
33100	41.7882255799805
33102	41.7882255776939
33112	41.7882255616177
33116	41.7882255472871
33144	41.788225546622
33152	41.7882255260829
33178	41.7882255174028
33184	41.7882255000135
33190	41.7882254948879
33198	41.7882254926543
33206	41.7882254922477
33210	41.7882254886207
33212	41.7882254831045
33220	41.7882254782284
33238	41.7882254705492
33242	41.7882254669519
33246	41.7882254621769
33258	41.7882254535832
33284	41.7882254435291
33290	41.7882254434613
33316	41.7882254433581
33324	41.7882254420217
33326	41.7882254334586
33348	41.7882254293066
33378	41.7882254262457
33380	41.7882254201534
33410	41.7882254154537
33416	41.7882254095616
33444	41.7882254088722
33448	41.7882254079893
33452	41.7882254043344
33472	41.7882254033334
33482	41.7882253986981
33484	41.7882253967358
33486	41.7882253954344
33488	41.7882253934581
33508	41.7882253912025
33512	41.7882253902045
33524	41.7882253890134
33534	41.7882253820073
33566	41.7882253780615
33568	41.7882253727911
33576	41.788225372438
33584	41.7882253712085
33588	41.7882253687232
33604	41.7882253685523
33620	41.7882253652691
33628	41.7882253616648
33654	41.7882253593349
33682	41.7882253559857
33698	41.7882253481753
33702	41.7882253474984
33720	41.7882253462202
33724	41.7882253451471
33740	41.7882253447899
33744	41.7882253385836
33772	41.7882253384601
33774	41.7882253346085
33790	41.7882253310159
33800	41.7882253305599
33810	41.7882253287573
33830	41.788225326342
33832	41.7882253212569
33842	41.7882253200244
33874	41.7882253198278
33888	41.7882253175889
33892	41.7882253149708
33902	41.7882253120045
33914	41.7882253095003
33916	41.7882253030804
33922	41.7882253000298
33930	41.7882252959248
33932	41.7882252935702
33964	41.7882252922073
33972	41.788225287384
34016	41.7882252847528
34036	41.7882252845042
34040	41.7882252842888
34052	41.7882252842222
34056	41.7882252832628
34078	41.7882252812589
34086	41.7882252772617
34092	41.7882252756157
34104	41.7882252751295
34108	41.7882252740467
34122	41.7882252734695
34124	41.7882252726466
34132	41.7882252713795
34136	41.7882252712273
34146	41.7882252702762
34148	41.788225269008
34154	41.7882252666697
34160	41.7882252659314
34172	41.7882252626804
34176	41.7882252617076
34180	41.7882252607293
34190	41.7882252603263
34194	41.7882252598452
34202	41.7882252598193
34212	41.7882252586827
34214	41.7882252583203
34218	41.7882252568975
34220	41.7882252564743
34232	41.7882252539874
34250	41.7882252525455
34272	41.7882252509825
34276	41.7882252501932
34298	41.7882252499936
34300	41.7882252480669
34306	41.7882252457664
34366	41.7882252434444
34372	41.7882252430493
34380	41.7882252410659
34382	41.7882252397251
34386	41.7882252343151
34400	41.788225233715
34404	41.7882252337121
34406	41.7882252249024
34416	41.7882252214491
34454	41.7882252190536
34464	41.7882252100017
34466	41.7882252096001
34488	41.7882252087348
34496	41.7882252000939
34512	41.7882251963893
34526	41.7882251946385
34528	41.7882251944871
34536	41.7882251896627
34556	41.7882251882137
34568	41.7882251877134
34572	41.7882251838431
34590	41.7882251714785
34630	41.7882251671479
34654	41.7882251649083
34656	41.7882251526462
34666	41.7882251517646
34688	41.7882251508579
34690	41.7882251457778
34692	41.7882251439879
34702	41.7882251416603
34710	41.7882251393345
34720	41.7882251370933
34740	41.78822513656
34748	41.7882251337368
34750	41.7882251287616
34770	41.7882251258464
34786	41.7882251242812
34808	41.7882251208149
34830	41.7882251189066
34840	41.7882251188521
34842	41.7882251173567
34850	41.7882251146598
34856	41.7882251141473
34860	41.7882251140722
34890	41.7882251077310
34912	41.7882251074316
34914	41.7882251052942
34924	41.7882251025641
34938	41.788225099665
34942	41.7882250954479
34970	41.7882250953676
34972	41.7882250947464
34978	41.788225093873
34994	41.7882250915891
35010	41.7882250897104
35020	41.788225088202
35034	41.7882250849080
35042	41.7882250845913
35064	41.7882250823871
35072	41.7882250817521
35084	41.7882250806242
35086	41.7882250781078
35100	41.7882250758124
35118	41.7882250739524
35124	41.7882250730531
35126	41.7882250726086
35138	41.7882250703597
35144	41.7882250695255
35152	41.7882250685597
35174	41.7882250665485
35184	41.7882250652697
35194	41.7882250630259
35218	41.7882250618896
35254	41.7882250604644
35258	41.7882250594921
35266	41.7882250592061
35278	41.7882250591889
35280	41.7882250575996
35282	41.7882250575859
35308	41.7882250563786
35314	41.7882250558225
35342	41.7882250558088
35352	41.7882250553284
35370	41.7882250545287
35374	41.7882250543914
35380	41.7882250538227
35388	41.7882250532733
35408	41.7882250531860
35432	41.7882250525493
35438	41.7882250519719
35446	41.7882250507899
35448	41.7882250507891
35460	41.7882250475901
35470	41.7882250468547
35500	41.7882250462162
35516	41.7882250451361
35522	41.7882250442168
35540	41.7882250418137
35548	41.7882250416835
35562	41.7882250415705
35564	41.7882250412682
35590	41.7882250402626
35602	41.7882250399807
35604	41.7882250390348
35630	41.788225038369
35634	41.7882250376706
35650	41.7882250374330
35694	41.7882250370314
35700	41.7882250345198
35712	41.7882250341187
35722	41.7882250314866
35748	41.78822503068
35762	41.7882250293252
35764	41.7882250292645
35768	41.788225028203
35772	41.7882250281429
35786	41.7882250279006
35790	41.7882250277225
35792	41.7882250277083
35800	41.7882250275837
35802	41.7882250266715
35804	41.7882250260018
35806	41.7882250252193
35814	41.7882250243879
35832	41.7882250242970
35840	41.788225023892
35842	41.7882250220467
35846	41.7882250220142
35850	41.7882250208196
35860	41.7882250191462
35886	41.7882250182964
35896	41.7882250158578
35906	41.7882250141195
35944	41.7882250134692
35954	41.7882250122296
35958	41.7882250092019
35976	41.7882250081428
36002	41.7882250067042
36028	41.788225005992
36042	41.7882250049036
36050	41.7882250019275
36054	41.7882250006953
36072	41.7882249994009
36128	41.7882249977093
36136	41.7882249972603
36140	41.7882249965749
36156	41.7882249949396
36174	41.788224994262
36184	41.7882249940406
36188	41.7882249926172
36218	41.7882249923211
36224	41.7882249921016
36248	41.7882249915458
36250	41.7882249914118
36252	41.7882249912102
36260	41.7882249893887
36292	41.7882249883577
36296	41.7882249879421
36308	41.7882249864132
36326	41.7882249864029
36340	41.7882249844385
36350	41.7882249839714
36360	41.7882249838857
36368	41.7882249831335
36372	41.7882249829712
36390	41.7882249826969
36412	41.7882249824153
36424	41.7882249820748
36432	41.7882249818083
36450	41.7882249814975
36452	41.7882249809198
36476	41.7882249807516
36480	41.7882249805496
36484	41.7882249803419
36502	41.7882249796283
36514	41.7882249790077
36518	41.7882249781721
36540	41.78822497809
36554	41.7882249773554
36568	41.7882249768546
36576	41.7882249763253
36624	41.7882249760677
36632	41.7882249750918
36654	41.788224973589
36656	41.7882249732108
36662	41.7882249726597
36678	41.7882249726032
36684	41.7882249724015
36698	41.7882249721688
36702	41.7882249718342
36708	41.7882249715037
36710	41.7882249709838
36732	41.7882249708216
36734	41.7882249707925
36744	41.7882249707175
36750	41.7882249703648
36776	41.7882249699027
36790	41.788224969689
36802	41.7882249696258
36810	41.788224969519
36812	41.7882249693149
36822	41.7882249688842
36852	41.7882249687809
36860	41.7882249683119
36862	41.7882249682811
36876	41.78822496814
36892	41.7882249676606
36920	41.7882249676179
36932	41.7882249674564
36954	41.7882249671753
36962	41.7882249668928
36980	41.7882249668408
36984	41.788224966836
36990	41.7882249667846
36992	41.7882249665913
37000	41.7882249663047
37016	41.7882249662472
37036	41.7882249660861
37056	41.7882249659067
37068	41.7882249657404
37112	41.7882249657215
37120	41.7882249656975
37126	41.7882249656532
37130	41.7882249655439
37134	41.7882249654964
37154	41.78822496535
37158	41.7882249651864
37190	41.7882249651734
37200	41.7882249650528
37216	41.7882249648577
37222	41.7882249647856
37236	41.7882249647838
37246	41.788224964542
37256	41.7882249644992
37258	41.7882249644668
37268	41.7882249638853
37280	41.7882249638326
37312	41.7882249635167
37334	41.7882249633688
37358	41.7882249631603
37360	41.7882249631034
37366	41.7882249628174
37378	41.7882249627902
37382	41.7882249626571
37390	41.7882249624844
37398	41.7882249624453
37402	41.7882249623549
37406	41.7882249620807
37438	41.788224961896
37450	41.7882249614366
37458	41.7882249613898
37466	41.788224961193
37486	41.7882249609626
37492	41.7882249608804
37500	41.7882249606201
37502	41.7882249601795
37516	41.7882249600122
37542	41.7882249599478
37554	41.7882249598128
37568	41.7882249598121
37576	41.7882249596033
37594	41.7882249595855
37596	41.7882249595049
37604	41.7882249593829
37642	41.7882249592983
37648	41.7882249591856
37650	41.7882249590614
37654	41.7882249589607
37676	41.788224958957
37686	41.7882249587391
37700	41.788224958686
37710	41.7882249585053
37718	41.7882249583302
37724	41.7882249582569
37734	41.7882249581593
37736	41.7882249579357
37746	41.7882249577491
37764	41.7882249575533
37790	41.7882249574709
37798	41.7882249574243
37820	41.7882249572989
37830	41.7882249571671
37856	41.7882249570376
37866	41.7882249568723
37892	41.788224956834
37910	41.7882249567842
37918	41.7882249566729
37920	41.7882249565278
37928	41.7882249563446
37956	41.7882249563363
37972	41.7882249561243
37984	41.7882249560723
38000	41.7882249558243
38008	41.7882249557078
38010	41.7882249553837
38016	41.7882249551135
38030	41.7882249549287
38046	41.7882249548995
38068	41.7882249546376
38078	41.788224954538
38082	41.7882249544609
38090	41.7882249544312
38096	41.7882249543131
38098	41.7882249539923
38104	41.788224953721
38128	41.7882249535104
38146	41.788224953478
38150	41.7882249533848
38158	41.7882249533803
38172	41.7882249533745
38192	41.7882249529332
38208	41.7882249529246
38214	41.7882249528546
38218	41.7882249525095
38240	41.788224952498
38252	41.7882249524518
38262	41.7882249523899
38272	41.7882249523682
38280	41.78822495217
38300	41.7882249521367
38312	41.7882249520964
38324	41.7882249520800
38332	41.7882249519523
38344	41.7882249516845
38354	41.788224951669
38356	41.7882249516256
38376	41.7882249514617
38378	41.7882249513294
38418	41.7882249511924
38434	41.7882249511533
38444	41.78822495107
38456	41.7882249505245
38466	41.7882249502659
38472	41.7882249498558
38482	41.7882249498480
38484	41.7882249493794
38502	41.7882249491418
38520	41.788224949085
38522	41.788224948974
38540	41.7882249489120
38544	41.7882249489068
38556	41.7882249488526
38568	41.7882249487353
38572	41.7882249484572
38582	41.7882249484323
38600	41.7882249482254
38624	41.7882249481309
38646	41.7882249480924
38648	41.7882249479791
38660	41.7882249478375
38676	41.7882249476339
38696	41.7882249475817
38708	41.7882249474659
38714	41.7882249474422
38724	41.7882249473555
38726	41.7882249472486
38760	41.7882249471977
38762	41.7882249471549
38764	41.7882249470925
38778	41.7882249470714
38810	41.7882249470105
38822	41.7882249469273
38830	41.7882249469184
38860	41.788224946901
38866	41.7882249468286
38908	41.7882249467424
38918	41.788224946672
38930	41.7882249466707
38946	41.7882249466324
38966	41.7882249465743
38972	41.788224946567
38980	41.7882249464475
38992	41.7882249464422
38998	41.7882249464167
39002	41.7882249463913
39006	41.7882249463077
39010	41.7882249462595
39026	41.7882249462238
39044	41.7882249461159
39058	41.7882249461048
39064	41.7882249459443
39072	41.7882249459383
39074	41.7882249458288
39084	41.7882249456808
39110	41.7882249455926
39116	41.7882249455771
39146	41.7882249455276
39152	41.7882249455252
39174	41.7882249453655
39220	41.7882249452732
39238	41.7882249452131
39246	41.7882249451935
39258	41.7882249451593
39272	41.7882249451429
39282	41.7882249450494
39286	41.7882249449968
39292	41.7882249449948
39306	41.7882249449819
39318	41.7882249449764
39320	41.7882249449555
39332	41.7882249448643
39360	41.7882249448097
39382	41.7882249447024
39406	41.7882249446718
39416	41.7882249446197
39436	41.7882249445877
39444	41.7882249445844
39446	41.7882249445692
39474	41.788224944567
39484	41.7882249445575
39486	41.7882249445354
39490	41.7882249445198
39512	41.788224944464
39520	41.7882249444625
39532	41.7882249443733
39542	41.7882249443598
39564	41.7882249443008
39570	41.7882249442737
39588	41.7882249441995
39612	41.7882249441841
39616	41.7882249441563
39628	41.7882249441466
39634	41.7882249441158
39678	41.7882249440937
39686	41.7882249440686
39688	41.7882249440498
39690	41.7882249440404
39692	41.7882249439726
39698	41.7882249439603
39708	41.788224943952
39716	41.7882249439244
39720	41.7882249439091
39736	41.7882249438728
39746	41.7882249438548
39748	41.7882249437797
39758	41.7882249437093
39760	41.7882249437067
39780	41.7882249436972
39786	41.7882249436349
39796	41.7882249435981
39826	41.7882249435927
39830	41.7882249435893
39844	41.788224943588
39850	41.7882249435671
39854	41.7882249434956
39858	41.7882249434758
39870	41.7882249433882
39874	41.7882249433755
39876	41.7882249432307
39910	41.7882249431845
39912	41.7882249431600
39924	41.7882249430795
39950	41.7882249430209
39954	41.7882249429534
39960	41.7882249429233
39968	41.7882249428847
39978	41.7882249428252
40026	41.7882249427805
40036	41.7882249427668
40042	41.7882249427631
40062	41.7882249427345
40084	41.7882249426765
40128	41.7882249426270
40134	41.7882249425892
40142	41.7882249425867
40146	41.7882249425847
40150	41.7882249425554
40154	41.7882249424330
40196	41.788224942414
40206	41.788224942404
40216	41.7882249423795
40224	41.7882249423211
40234	41.7882249422991
40254	41.7882249422685
40256	41.788224942263
40260	41.7882249422616
40268	41.7882249422328
40304	41.788224942231
40310	41.7882249422195
40312	41.7882249421683
40318	41.7882249421241
40338	41.7882249421142
40352	41.7882249420779
40388	41.7882249420038
40428	41.7882249419976
40432	41.7882249419708
40440	41.7882249419118
40456	41.7882249419051
40468	41.7882249418985
40470	41.7882249418949
40472	41.788224941878
40474	41.7882249418501
40490	41.7882249418198
40506	41.7882249418038
40518	41.7882249417823
40548	41.788224941741
40562	41.7882249417121
40584	41.7882249416551
40602	41.7882249416469
40614	41.7882249416382
40632	41.7882249416275
40638	41.7882249415693
40704	41.7882249415499
40728	41.7882249415422
40742	41.7882249415286
40744	41.7882249415132
40762	41.788224941491
40766	41.7882249414618
40772	41.7882249414357
40784	41.7882249414328
40796	41.7882249414071
40806	41.7882249413945
40816	41.7882249413936
40822	41.7882249413298
40846	41.7882249413228
40870	41.7882249412918
40872	41.7882249412855
40878	41.7882249412662
40910	41.7882249412647
40914	41.7882249412482
40920	41.7882249412336
40922	41.7882249412051
40936	41.7882249411795
40952	41.788224941145
40964	41.7882249411367
40990	41.7882249411275
40994	41.7882249411221
40998	41.7882249411144
41000	41.7882249411137
41002	41.788224941087
41020	41.7882249410767
41022	41.7882249410711
41036	41.7882249410623
41068	41.7882249410514
41074	41.7882249410501
41078	41.78822494104
41086	41.7882249410298
41098	41.7882249409913
41126	41.788224940987
41128	41.7882249409781
41148	41.7882249409775
41150	41.7882249409753
41154	41.7882249409597
41164	41.7882249409476
41178	41.7882249409317
41182	41.7882249409221
41198	41.7882249409177
41206	41.7882249409151
41214	41.7882249408985
41230	41.7882249408911
41232	41.7882249408814
41252	41.7882249408686
41258	41.7882249408617
41264	41.7882249408583
41266	41.7882249408292
41290	41.7882249408146
41312	41.7882249408112
41320	41.7882249407944
41328	41.7882249407885
41336	41.7882249407609
41348	41.7882249407526
41368	41.7882249407366
41378	41.7882249407164
41400	41.7882249407
41434	41.7882249406969
41446	41.7882249406877
41452	41.7882249406864
41456	41.7882249406840
41464	41.7882249406806
41472	41.7882249406799
41476	41.7882249406677
41494	41.7882249406395
41508	41.7882249406394
41512	41.7882249406246
41526	41.7882249406148
41542	41.7882249406125
41554	41.7882249406062
41562	41.7882249406021
41566	41.7882249405971
41570	41.7882249405966
41572	41.7882249405814
41580	41.7882249405807
41584	41.7882249405656
41614	41.7882249405529
41620	41.7882249405527
41632	41.7882249405513
41648	41.788224940551
41652	41.7882249405372
41654	41.788224940526
41690	41.7882249405113
41722	41.7882249404977
41742	41.7882249404852
41752	41.7882249404789
41762	41.7882249404714
41772	41.7882249404653
41776	41.7882249404625
41784	41.7882249404441
41790	41.7882249404213
41806	41.7882249404076
41812	41.7882249403991
41816	41.7882249403618
41828	41.7882249403485
41846	41.7882249403415
41864	41.7882249403242
41872	41.7882249403083
41876	41.7882249403049
41882	41.7882249402732
41890	41.7882249402554
41916	41.7882249402381
41920	41.7882249402358
41946	41.7882249402162
41972	41.7882249402029
41976	41.7882249401786
42012	41.7882249401786
42014	41.7882249401772
42026	41.7882249401477
42036	41.7882249401256
42046	41.7882249401108
42090	41.7882249401008
42100	41.788224940069
42104	41.7882249400176
42108	41.7882249400109
42110	41.7882249399984
42118	41.7882249399939
42146	41.7882249399811
42154	41.7882249399752
42166	41.7882249399676
42170	41.7882249399593
42172	41.7882249399448
42194	41.7882249399447
42208	41.7882249399283
42222	41.7882249399133
42228	41.7882249398992
42244	41.7882249398811
42254	41.7882249398757
42260	41.7882249398551
42278	41.7882249398491
42282	41.7882249398256
42328	41.788224939788
42354	41.7882249397543
42384	41.7882249397194
42396	41.7882249396961
42398	41.7882249396887
42410	41.788224939686
42428	41.7882249396833
42430	41.7882249396563
42438	41.7882249396506
42448	41.788224939649
42454	41.7882249396369
42458	41.788224939595
42488	41.7882249395900
42492	41.7882249395871
42494	41.7882249395502
42522	41.7882249395364
42524	41.7882249395289
42528	41.7882249394821
42554	41.7882249394755
42564	41.7882249394547
42606	41.7882249394281
42618	41.7882249394103
42664	41.7882249394069
42666	41.7882249393763
42670	41.7882249393659
42692	41.7882249393609
42702	41.7882249393484
42706	41.7882249393463
42724	41.788224939345
42732	41.7882249393378
42740	41.7882249393256
42744	41.7882249393161
42754	41.788224939315
42770	41.7882249393011
42784	41.7882249392943
42790	41.7882249392809
42796	41.7882249392805
42804	41.7882249392703
42816	41.7882249392623
42826	41.7882249392315
42866	41.7882249392193
42878	41.7882249392044
42896	41.7882249391944
42908	41.7882249391887
42918	41.7882249391701
42922	41.7882249391549
42928	41.788224939143
42950	41.7882249391235
42978	41.7882249391093
42982	41.7882249390923
42984	41.7882249390817
42988	41.7882249390496
42990	41.7882249390484
43000	41.788224938999
43020	41.7882249389979
43022	41.7882249389357
43050	41.7882249389249
43066	41.7882249388035
43110	41.7882249387888
43114	41.7882249387475
43136	41.7882249387241
43142	41.7882249386649
43146	41.7882249386016
43162	41.7882249385908
43214	41.7882249385807
43236	41.7882249385468
43258	41.7882249385159
43260	41.7882249385126
43284	41.7882249385029
43286	41.7882249384948
43306	41.7882249384717
43320	41.7882249384562
43330	41.7882249384546
43340	41.7882249384419
43342	41.7882249384384
43346	41.7882249384358
43362	41.7882249384169
43366	41.7882249383949
43370	41.7882249383823
43388	41.788224938379
43396	41.7882249383743
43408	41.7882249383711
43420	41.7882249383608
43422	41.7882249383517
43442	41.78822493835
43446	41.7882249383466
43468	41.78822493832
43478	41.7882249383102
43488	41.7882249382864
43502	41.7882249382682
43520	41.7882249382669
43538	41.7882249382418
43574	41.7882249382388
43588	41.7882249382193
43604	41.7882249381956
43622	41.7882249381843
43630	41.7882249381837
43634	41.788224938147
43650	41.7882249381405
43658	41.7882249381286
43688	41.7882249381015
43704	41.7882249380899
43712	41.7882249380777
43744	41.7882249380637
43764	41.7882249380509
43806	41.7882249380371
43812	41.7882249380367
43832	41.7882249380341
43862	41.7882249380112
43868	41.7882249379743
43884	41.7882249379727
43910	41.7882249379502
43918	41.7882249379368
43926	41.7882249379367
43930	41.7882249379276
43936	41.788224937917
43952	41.7882249378979
43962	41.7882249378795
43972	41.788224937877
43980	41.7882249378611
43982	41.7882249378483
43994	41.7882249378429
44004	41.7882249378342
44006	41.7882249378288
44022	41.7882249378144
44028	41.7882249377982
44042	41.7882249377922
44044	41.7882249377872
44048	41.7882249377827
44064	41.7882249377799
44068	41.788224937771
44070	41.7882249377703
44090	41.7882249377683
44096	41.7882249377495
44112	41.7882249377461
44116	41.7882249377412
44128	41.7882249377197
44154	41.7882249377093
44176	41.7882249377067
44180	41.7882249376936
44204	41.7882249376923
44218	41.788224937687
44252	41.7882249376825
44256	41.7882249376780
44266	41.7882249376754
44270	41.7882249376723
44298	41.7882249376683
44302	41.7882249376679
44314	41.7882249376618
44320	41.7882249376568
44328	41.788224937654
44340	41.7882249376524
44344	41.7882249376506
44356	41.7882249376402
44362	41.7882249376399
44364	41.7882249376362
44372	41.788224937632
44378	41.788224937631
44392	41.7882249376195
44400	41.7882249376128
44408	41.7882249376124
44414	41.7882249376111
44416	41.7882249376074
44420	41.788224937607
44436	41.788224937602
44444	41.7882249375944
44448	41.7882249375912
44450	41.7882249375866
44454	41.7882249375854
44470	41.7882249375788
44488	41.7882249375551
44492	41.7882249375396
44496	41.7882249375207
44560	41.7882249375164
44568	41.7882249375157
44572	41.7882249375093
44582	41.7882249374989
44596	41.7882249374934
44602	41.7882249374851
44604	41.7882249374782
44612	41.788224937472
44630	41.7882249374609
44646	41.7882249374608
44648	41.7882249374599
44652	41.7882249374576
44654	41.7882249374549
44664	41.7882249374395
44678	41.7882249374325
44696	41.7882249374325
44704	41.7882249374213
44730	41.7882249374196
44740	41.7882249374087
44772	41.7882249374086
44778	41.7882249374076
44788	41.7882249374042
44798	41.788224937399
44802	41.7882249373976
44822	41.7882249373955
44838	41.7882249373935
44840	41.7882249373902
44846	41.7882249373865
44856	41.7882249373725
44858	41.7882249373711
44874	41.7882249373702
44886	41.7882249373676
44894	41.7882249373662
44896	41.7882249373612
44920	41.7882249373575
44938	41.7882249373556
44946	41.7882249373549
44960	41.7882249373504
44976	41.7882249373502
44978	41.7882249373483
44996	41.7882249373476
45014	41.7882249373453
45018	41.7882249373435
45020	41.7882249373389
45022	41.7882249373382
45062	41.7882249373364
45066	41.7882249373363
45072	41.7882249373343
45078	41.7882249373310
45082	41.7882249373308
45088	41.7882249373286
45090	41.7882249373267
45100	41.7882249373225
45102	41.7882249373216
45118	41.7882249373141
45134	41.7882249373111
45148	41.7882249373076
45154	41.7882249373059
45156	41.7882249373031
45182	41.7882249373014
45196	41.7882249372998
45200	41.7882249372988
45216	41.7882249372932
45246	41.7882249372850
45286	41.7882249372837
45288	41.788224937279
45294	41.7882249372782
45312	41.7882249372744
45320	41.7882249372671
45336	41.7882249372655
45342	41.7882249372544
45382	41.7882249372525
45384	41.7882249372456
45418	41.7882249372438
45444	41.788224937239
45448	41.7882249372301
45476	41.7882249372292
45488	41.7882249372269
45510	41.7882249372256
45514	41.7882249372203
45526	41.7882249372096
45564	41.7882249372093
45580	41.7882249372018
45620	41.7882249371996
45632	41.7882249371985
45648	41.7882249371945
45666	41.7882249371894
45676	41.7882249371874
45680	41.7882249371826
45686	41.7882249371755
45698	41.7882249371722
45704	41.7882249371633
45722	41.7882249371622
45728	41.7882249371546
45746	41.7882249371528
45748	41.7882249371401
45790	41.7882249371395
45806	41.788224937137
45830	41.7882249371362
45836	41.7882249371325
45852	41.7882249371321
45864	41.7882249371265
45882	41.7882249371237
45898	41.7882249371202
45910	41.7882249371173
45922	41.7882249371170
45924	41.7882249371104
45926	41.7882249371094
45934	41.788224937094
45944	41.7882249370917
45950	41.7882249370896
45980	41.7882249370756
45992	41.7882249370641
46004	41.7882249370523
46008	41.7882249370468
46018	41.7882249370408
46052	41.7882249370364
46078	41.7882249370339
46082	41.7882249370315
46086	41.7882249370249
46098	41.7882249370110
46102	41.7882249369944
46104	41.788224936985
46114	41.7882249369758
46118	41.788224936974
46134	41.7882249369718
46140	41.7882249369691
46164	41.7882249369663
46188	41.7882249369594
46210	41.7882249369527
46218	41.7882249369479
46228	41.7882249369463
46236	41.7882249369462
46244	41.788224936936
46288	41.7882249369345
46292	41.7882249369284
46338	41.7882249369248
46342	41.7882249369198
46352	41.788224936918
46368	41.7882249369178
46376	41.7882249369153
46378	41.7882249369143
46392	41.7882249369141
46416	41.7882249369107
46440	41.7882249369102
46444	41.7882249369087
46446	41.7882249369082
46474	41.7882249369073
46476	41.7882249369055
46504	41.7882249369044
46534	41.7882249369026
46544	41.7882249369009
46552	41.7882249369003
46592	41.7882249369000
46598	41.7882249368999
46600	41.7882249368991
46608	41.788224936898
46624	41.7882249368962
46654	41.7882249368954
46680	41.788224936893
46682	41.7882249368922
46688	41.7882249368921
46690	41.7882249368909
46722	41.78822493689
46724	41.7882249368889
46728	41.7882249368884
46738	41.788224936888
46762	41.7882249368854
46790	41.7882249368853
46798	41.7882249368843
46800	41.7882249368796
46812	41.7882249368783
46820	41.7882249368727
46826	41.7882249368688
46840	41.7882249368653
46848	41.7882249368638
46850	41.7882249368606
46852	41.7882249368579
46858	41.7882249368504
46864	41.7882249368409
46882	41.7882249368354
46924	41.7882249368332
46934	41.788224936827
46942	41.7882249368228
46956	41.7882249368227
46960	41.7882249368224
46964	41.7882249368161
46976	41.7882249368153
46986	41.7882249368151
47008	41.7882249368151
47010	41.7882249368133
47016	41.7882249368119
47022	41.7882249368051
47036	41.7882249367974
47050	41.7882249367971
47056	41.7882249367963
47058	41.7882249367952
47064	41.7882249367933
47074	41.7882249367876
47098	41.7882249367857
47100	41.7882249367843
47102	41.7882249367775
47132	41.788224936775
47150	41.7882249367688
47156	41.7882249367684
47158	41.7882249367663
47170	41.7882249367652
47172	41.7882249367619
47178	41.7882249367579
47194	41.7882249367493
47238	41.7882249367470
47242	41.7882249367443
47248	41.7882249367423
47272	41.7882249367414
47290	41.7882249367393
47306	41.7882249367325
47316	41.7882249367303
47328	41.7882249367229
47368	41.7882249367214
47394	41.78822493672
47404	41.7882249367152
47406	41.7882249367108
47412	41.7882249367086
47422	41.7882249367068
47446	41.7882249367010
47484	41.7882249367004
47494	41.7882249366977
47508	41.7882249366965
47548	41.7882249366963
47552	41.7882249366937
47554	41.7882249366935
47564	41.7882249366882
47588	41.7882249366832
47618	41.7882249366807
47630	41.788224936677
47660	41.7882249366765
47682	41.7882249366749
47686	41.7882249366747
47690	41.7882249366735
47722	41.7882249366731
47724	41.7882249366729
47742	41.7882249366711
47746	41.7882249366697
47772	41.7882249366685
47784	41.7882249366676
47792	41.7882249366665
47794	41.7882249366653
47810	41.7882249366649
47824	41.7882249366633
47846	41.7882249366631
47868	41.7882249366616
47870	41.7882249366597
47906	41.7882249366592
47922	41.7882249366571
47948	41.7882249366553
47956	41.7882249366553
47964	41.7882249366552
47970	41.7882249366524
47984	41.7882249366523
48022	41.7882249366522
48024	41.7882249366497
48028	41.7882249366461
48046	41.7882249366428
48054	41.7882249366403
48070	41.7882249366397
48076	41.7882249366384
48082	41.7882249366372
48086	41.7882249366338
48110	41.7882249366335
48116	41.7882249366308
48128	41.7882249366284
48142	41.788224936628
48152	41.7882249366266
48168	41.7882249366237
48184	41.7882249366215
48190	41.7882249366185
48218	41.7882249366177
48228	41.7882249366141
48234	41.7882249366132
48294	41.7882249366119
48296	41.7882249366099
48310	41.7882249366098
48334	41.7882249366095
48338	41.7882249366083
48358	41.7882249366079
48382	41.7882249366075
48396	41.7882249366066
48404	41.7882249366062
48410	41.7882249366054
48422	41.7882249366048
48430	41.7882249366044
48450	41.7882249366042
48452	41.7882249366025
48456	41.7882249366002
48502	41.7882249365993
48514	41.7882249365992
48522	41.7882249365983
48538	41.788224936598
48540	41.7882249365976
48544	41.7882249365965
48556	41.7882249365965
48566	41.7882249365961
48582	41.7882249365951
48598	41.7882249365941
48604	41.7882249365928
48624	41.7882249365924
48630	41.7882249365904
48640	41.7882249365896
48652	41.7882249365894
48660	41.7882249365891
48664	41.7882249365870
48692	41.7882249365863
48698	41.7882249365853
48752	41.7882249365845
48788	41.7882249365842
48794	41.7882249365837
48806	41.7882249365836
48812	41.7882249365835
48814	41.7882249365833
48838	41.788224936583
48852	41.7882249365826
48854	41.7882249365825
48856	41.7882249365825
48870	41.7882249365818
48884	41.7882249365813
48892	41.788224936581
48902	41.7882249365805
48908	41.7882249365798
48928	41.7882249365796
48934	41.7882249365794
48936	41.7882249365790
48938	41.7882249365779
48958	41.7882249365774
48962	41.7882249365771
48964	41.7882249365769
48974	41.7882249365763
48988	41.7882249365756
48990	41.7882249365741
49004	41.7882249365739
49006	41.7882249365724
49022	41.7882249365719
49038	41.7882249365718
49056	41.7882249365691
49094	41.7882249365686
49098	41.7882249365685
49104	41.7882249365674
49110	41.7882249365670
49112	41.7882249365668
49120	41.7882249365662
49154	41.7882249365642
49166	41.788224936564
49176	41.7882249365639
49180	41.788224936563
49230	41.7882249365628
49238	41.7882249365626
49240	41.7882249365625
49254	41.7882249365619
49308	41.7882249365617
49326	41.7882249365616
49342	41.7882249365616
49348	41.7882249365616
49360	41.7882249365613
49364	41.7882249365613
49370	41.788224936561
49376	41.7882249365606
49392	41.7882249365603
49394	41.7882249365601
49430	41.7882249365599
49450	41.7882249365598
49458	41.7882249365598
49460	41.7882249365594
49466	41.7882249365594
49468	41.7882249365592
49476	41.7882249365589
49494	41.7882249365589
49518	41.7882249365587
49522	41.7882249365583
49526	41.7882249365582
49534	41.7882249365581
49542	41.788224936558
49544	41.7882249365578
49566	41.7882249365577
49578	41.788224936557
49582	41.7882249365569
49588	41.7882249365568
49602	41.7882249365568
49608	41.7882249365560
49614	41.7882249365553
49620	41.788224936555
49622	41.7882249365543
49626	41.788224936554
49630	41.7882249365536
49634	41.7882249365532
49654	41.7882249365525
49662	41.7882249365514
49664	41.7882249365509
49688	41.7882249365507
49698	41.7882249365502
49706	41.7882249365498
49718	41.7882249365497
49726	41.7882249365487
49752	41.7882249365484
49758	41.7882249365472
49778	41.7882249365464
49812	41.7882249365462
49822	41.7882249365462
49826	41.7882249365459
49838	41.7882249365459
49842	41.7882249365449
49860	41.7882249365448
49868	41.7882249365445
49872	41.7882249365444
49882	41.7882249365439
49884	41.7882249365436
49888	41.7882249365434
49898	41.7882249365431
49904	41.7882249365422
49918	41.7882249365418
49930	41.7882249365416
49936	41.7882249365413
49944	41.788224936541
49948	41.7882249365405
49962	41.7882249365395
49970	41.7882249365393
49972	41.7882249365388
49984	41.7882249365383
49988	41.7882249365375
49992	41.7882249365371
49996	41.7882249365367
49998	41.7882249365358
50010	41.7882249365340
50028	41.7882249365329
50074	41.788224936532
50078	41.7882249365313
50112	41.7882249365309
50114	41.7882249365308
50122	41.7882249365304
50140	41.7882249365303
50150	41.7882249365302
50156	41.78822493653
50160	41.7882249365293
50164	41.7882249365292
50174	41.7882249365292
50180	41.7882249365291
50196	41.7882249365284
50212	41.7882249365277
50242	41.7882249365272
50252	41.7882249365268
50258	41.788224936526
50278	41.7882249365259
50296	41.7882249365259
50320	41.7882249365258
50322	41.7882249365256
50334	41.7882249365252
50338	41.7882249365251
50346	41.7882249365247
50356	41.7882249365246
50376	41.7882249365246
50378	41.7882249365241
50406	41.7882249365240
50416	41.7882249365237
50422	41.7882249365235
50430	41.7882249365235
50432	41.7882249365234
50454	41.788224936523
50472	41.7882249365227
50482	41.7882249365221
50502	41.788224936522
50520	41.7882249365219
50530	41.7882249365217
50558	41.7882249365214
50560	41.7882249365209
50576	41.78822493652
50600	41.7882249365196
50630	41.7882249365192
50648	41.7882249365186
50672	41.7882249365184
50684	41.7882249365181
50706	41.7882249365179
50720	41.7882249365176
50728	41.7882249365169
50730	41.7882249365168
50762	41.7882249365166
50782	41.7882249365164
50784	41.7882249365159
50792	41.7882249365158
50806	41.7882249365158
50816	41.788224936515
50826	41.788224936515
50830	41.7882249365137
50838	41.7882249365133
50840	41.7882249365133
50850	41.7882249365126
50878	41.7882249365123
50882	41.7882249365117
50906	41.7882249365111
50908	41.788224936511
50914	41.7882249365103
50932	41.7882249365101
50944	41.7882249365099
50946	41.7882249365097
50950	41.7882249365096
50954	41.7882249365091
50968	41.7882249365091
50976	41.7882249365084
51006	41.7882249365081
51010	41.788224936508
51016	41.7882249365065
51026	41.7882249365065
51034	41.7882249365064
51058	41.7882249365061
51086	41.788224936506
51092	41.7882249365057
51102	41.7882249365057
51110	41.7882249365055
51116	41.7882249365055
51120	41.7882249365054
51128	41.7882249365049
51132	41.7882249365047
51158	41.7882249365045
51178	41.788224936504
51196	41.788224936504
51206	41.7882249365039
51214	41.7882249365037
51236	41.7882249365035
51244	41.7882249365035
51250	41.7882249365034
51252	41.7882249365032
51264	41.7882249365032
51266	41.7882249365032
51270	41.7882249365027
51276	41.7882249365027
51280	41.7882249365023
51288	41.7882249365021
51306	41.7882249365021
51310	41.7882249365016
51326	41.7882249365014
51332	41.7882249365013
51344	41.7882249365010
51360	41.7882249365008
51372	41.7882249365007
51402	41.7882249365006
51404	41.7882249365004
51408	41.7882249365002
51428	41.7882249365001
51450	41.7882249365001
51466	41.7882249364999
51482	41.7882249364999
51488	41.7882249364997
51524	41.7882249364996
51528	41.7882249364996
51532	41.7882249364993
51564	41.7882249364991
51572	41.7882249364989
51580	41.7882249364986
51612	41.7882249364985
51618	41.7882249364975
51630	41.7882249364975
51648	41.7882249364971
51662	41.7882249364971
51686	41.7882249364967
51692	41.7882249364963
51708	41.7882249364962
51712	41.7882249364961
51716	41.7882249364958
51742	41.7882249364954
51782	41.7882249364948
51808	41.7882249364946
51818	41.7882249364944
51834	41.7882249364943
51858	41.7882249364939
51884	41.7882249364938
51890	41.7882249364938
51906	41.7882249364935
51934	41.7882249364934
51940	41.788224936493
52002	41.7882249364929
52004	41.7882249364927
52008	41.7882249364923
52016	41.7882249364922
52026	41.7882249364919
52032	41.7882249364917
52048	41.7882249364916
52070	41.7882249364915
52074	41.788224936491
52080	41.7882249364906
52094	41.7882249364906
52104	41.7882249364902
52110	41.7882249364895
52122	41.7882249364894
52126	41.7882249364892
52128	41.7882249364887
52132	41.7882249364887
52144	41.7882249364885
52152	41.7882249364883
52166	41.7882249364881
52180	41.7882249364876
52208	41.7882249364875
52216	41.7882249364874
52224	41.7882249364871
52246	41.7882249364869
52250	41.7882249364866
52260	41.7882249364862
52282	41.788224936486
52286	41.7882249364857
52314	41.7882249364856
52356	41.7882249364854
52360	41.7882249364852
52378	41.7882249364849
52380	41.7882249364846
52406	41.7882249364845
52418	41.7882249364845
52438	41.7882249364845
52442	41.7882249364844
52456	41.7882249364844
52468	41.7882249364844
52474	41.7882249364844
52484	41.7882249364843
52490	41.7882249364842
52516	41.7882249364839
52526	41.7882249364838
52544	41.7882249364836
52558	41.7882249364834
52570	41.7882249364834
52578	41.7882249364833
52580	41.7882249364832
52608	41.7882249364828
52622	41.7882249364826
52628	41.7882249364824
52650	41.7882249364823
52652	41.7882249364823
52660	41.7882249364821
52678	41.788224936482
52704	41.788224936482
52716	41.788224936482
52726	41.7882249364819
52748	41.7882249364818
52750	41.7882249364817
52778	41.7882249364816
52784	41.7882249364816
52796	41.7882249364814
52820	41.7882249364814
52830	41.7882249364813
52834	41.7882249364813
52836	41.7882249364813
52842	41.7882249364812
52858	41.7882249364811
52890	41.7882249364808
52928	41.7882249364806
52948	41.7882249364806
52958	41.7882249364806
52962	41.7882249364804
53002	41.7882249364804
53008	41.7882249364804
53010	41.7882249364803
53030	41.7882249364802
53040	41.78822493648
53062	41.7882249364799
53068	41.7882249364798
53070	41.7882249364797
53072	41.7882249364795
53100	41.7882249364795
53102	41.7882249364795
53114	41.7882249364794
53124	41.7882249364792
53152	41.7882249364792
53156	41.7882249364792
53160	41.7882249364791
53164	41.7882249364791
53182	41.7882249364787
53188	41.7882249364786
53196	41.7882249364785
53208	41.7882249364784
53214	41.7882249364783
53234	41.7882249364782
53248	41.7882249364782
53250	41.788224936478
53258	41.788224936478
53268	41.7882249364779
53278	41.7882249364779
53294	41.7882249364776
53304	41.7882249364775
53330	41.7882249364774
53342	41.7882249364773
53360	41.7882249364772
53376	41.7882249364772
53390	41.7882249364771
53394	41.7882249364771
53408	41.788224936477
53436	41.7882249364769
53470	41.7882249364769
53474	41.7882249364768
53478	41.7882249364767
53486	41.7882249364767
53498	41.7882249364767
53504	41.7882249364766
53536	41.7882249364765
53548	41.7882249364765
53564	41.7882249364765
53566	41.7882249364764
53568	41.7882249364764
53584	41.7882249364764
53590	41.7882249364763
53606	41.7882249364763
53626	41.7882249364763
53638	41.7882249364763
53640	41.7882249364763
53646	41.7882249364762
53668	41.7882249364762
53676	41.7882249364761
53682	41.7882249364761
53694	41.788224936476
53728	41.788224936476
53738	41.7882249364760
53758	41.7882249364759
53780	41.7882249364759
53812	41.7882249364758
53824	41.7882249364758
53856	41.7882249364758
53866	41.7882249364758
53870	41.7882249364758
53880	41.7882249364757
53882	41.7882249364757
53894	41.7882249364757
53918	41.7882249364757
53924	41.7882249364757
53926	41.7882249364756
53928	41.7882249364756
53930	41.7882249364756
53946	41.7882249364756
53964	41.7882249364755
53986	41.7882249364755
54014	41.7882249364754
54038	41.7882249364754
54044	41.7882249364754
54064	41.7882249364753
54094	41.7882249364753
54110	41.7882249364752
54138	41.7882249364752
54148	41.7882249364752
54170	41.7882249364751
54174	41.7882249364751
54186	41.788224936475
54196	41.788224936475
54206	41.788224936475
54208	41.7882249364750
54216	41.7882249364749
54246	41.7882249364749
54248	41.7882249364748
54254	41.7882249364748
54258	41.7882249364747
54262	41.7882249364746
54266	41.7882249364746
54272	41.7882249364746
54282	41.7882249364745
54284	41.7882249364745
54290	41.7882249364741
54314	41.7882249364741
54330	41.7882249364741
54342	41.788224936474
54346	41.788224936474
54350	41.788224936474
54356	41.7882249364739
54360	41.7882249364738
54376	41.7882249364738
54406	41.7882249364738
54424	41.7882249364737
54426	41.7882249364737
54440	41.7882249364736
54454	41.7882249364736
54458	41.7882249364736
54462	41.7882249364735
54474	41.7882249364734
54502	41.7882249364734
54516	41.7882249364734
54526	41.7882249364733
54534	41.7882249364732
54578	41.7882249364732
54590	41.7882249364732
54594	41.7882249364731
54602	41.7882249364731
54620	41.7882249364731
54632	41.7882249364731
54656	41.788224936473
54668	41.788224936473
54672	41.788224936473
54678	41.7882249364730
54682	41.7882249364730
54688	41.7882249364729
54690	41.7882249364729
54706	41.7882249364729
54712	41.7882249364729
54736	41.7882249364728
54742	41.7882249364728
54744	41.7882249364728
54754	41.7882249364728
54756	41.7882249364728
54768	41.7882249364727
54774	41.7882249364727
54786	41.7882249364727
54788	41.7882249364727
54832	41.7882249364726
54844	41.7882249364726
54856	41.7882249364725
54894	41.7882249364725
54904	41.7882249364724
54906	41.7882249364724
54928	41.7882249364724
54958	41.7882249364724
54988	41.7882249364724
55022	41.7882249364724
55024	41.7882249364723
55044	41.7882249364723
55068	41.7882249364723
55070	41.7882249364723
55096	41.7882249364723
55102	41.7882249364723
55122	41.7882249364723
55148	41.7882249364722
55168	41.7882249364722
55188	41.7882249364722
55192	41.7882249364722
55206	41.7882249364721
55238	41.7882249364721
55252	41.7882249364721
55256	41.7882249364721
55260	41.7882249364720
55264	41.7882249364720
55286	41.788224936472
55302	41.788224936472
55328	41.788224936472
55356	41.788224936472
55380	41.788224936472
55394	41.788224936472
55404	41.7882249364719
55430	41.7882249364719
55444	41.7882249364719
55472	41.7882249364719
55486	41.7882249364719
55496	41.7882249364719
55514	41.7882249364719
55518	41.7882249364719
55538	41.7882249364719
55574	41.7882249364718
55586	41.7882249364718
55594	41.7882249364718
55612	41.7882249364718
55652	41.7882249364718
55658	41.7882249364718
55732	41.7882249364718
55786	41.7882249364718
55826	41.7882249364718
55840	41.7882249364718
55864	41.7882249364718
55888	41.7882249364718
55904	41.7882249364717
55970	41.7882249364717
55992	41.7882249364717
56020	41.7882249364717
56036	41.7882249364717
56044	41.7882249364717
56054	41.7882249364717
56066	41.7882249364717
56092	41.7882249364717
56134	41.7882249364717
56154	41.7882249364717
56174	41.7882249364717
56212	41.7882249364716
56256	41.7882249364716
56270	41.7882249364716
56288	41.7882249364716
56322	41.7882249364716
56326	41.7882249364716
56342	41.7882249364716
56390	41.7882249364716
56432	41.7882249364715
56526	41.7882249364715
56604	41.7882249364715
56640	41.7882249364715
56654	41.7882249364715
56660	41.7882249364715
56732	41.7882249364715
56746	41.7882249364715
56818	41.7882249364715
56860	41.7882249364714
56862	41.7882249364714
56864	41.7882249364714
56924	41.7882249364714
56970	41.7882249364714
57056	41.7882249364714
57074	41.7882249364714
57110	41.7882249364714
57184	41.7882249364714
57240	41.7882249364713
57352	41.7882249364713
57386	41.7882249364713
57446	41.7882249364713
57450	41.7882249364713
57468	41.7882249364713
57632	41.7882249364713
57666	41.7882249364713
57676	41.7882249364712
57688	41.7882249364712
57742	41.7882249364712
57754	41.7882249364712
57840	41.7882249364712
57874	41.7882249364712
57890	41.7882249364712
57892	41.7882249364711
57896	41.7882249364711
57902	41.7882249364711
57928	41.7882249364711
57938	41.7882249364711
58000	41.7882249364711
58002	41.7882249364711
58014	41.7882249364711
58136	41.7882249364711
58236	41.788224936471
58372	41.788224936471
58420	41.788224936471
58434	41.788224936471
58452	41.788224936471
58468	41.788224936471
58474	41.7882249364710
58532	41.7882249364710
58546	41.7882249364709
58586	41.7882249364709
58602	41.7882249364709
58612	41.7882249364709
58674	41.7882249364709
58702	41.7882249364709
58712	41.7882249364709
58798	41.7882249364709
58810	41.7882249364708
58858	41.7882249364708
58898	41.7882249364708
58924	41.7882249364708
59030	41.7882249364708
59144	41.7882249364708
59184	41.7882249364708
59188	41.7882249364707
59202	41.7882249364707
59240	41.7882249364707
59262	41.7882249364707
59280	41.7882249364707
59342	41.7882249364707
59352	41.7882249364707
59386	41.7882249364707
59406	41.7882249364707
59426	41.7882249364707
59432	41.7882249364707
59464	41.7882249364707
59480	41.7882249364707
59508	41.7882249364706
59616	41.7882249364706
59638	41.7882249364706
59664	41.7882249364706
59800	41.7882249364706
59882	41.7882249364706
59964	41.7882249364706
60106	41.7882249364706
60142	41.7882249364706
60206	41.7882249364706
60244	41.7882249364706
60278	41.7882249364706
60362	41.7882249364705
60510	41.7882249364705
60648	41.7882249364705
60650	41.7882249364705
60856	41.7882249364705
60884	41.7882249364705
60932	41.7882249364705
61216	41.7882249364705
61224	41.7882249364705
61230	41.7882249364705
61406	41.7882249364704
61662	41.7882249364704
61690	41.7882249364704
61764	41.7882249364704
61816	41.7882249364704
61822	41.7882249364704
61944	41.7882249364704
62074	41.7882249364704
62156	41.7882249364704
62204	41.7882249364704
62328	41.7882249364704
62534	41.7882249364704
62842	41.7882249364703
63182	41.7882249364703
63530	41.7882249364703
63544	41.7882249364703
63584	41.7882249364703
63600	41.7882249364703
63700	41.7882249364703
63728	41.7882249364703
63740	41.7882249364703
63796	41.7882249364703
64004	41.7882249364703
65832	41.7882249364703
66788	41.7882249364702
78016	41.7882249364702
78994	41.7882249364702
105290	41.7882249364702
207700	41.7882249364702
300000	41.7882249364702
