52	851.995789259939
54	434.958030661101
142	333.629938161570
192	322.476548184585
194	268.6405921872
490	266.792937003099
562	253.525998080609
702	243.205682454206
1120	229.280946014342
1160	216.456448911113
1306	208.40446368101
1852	207.885732468353
1994	203.268359922590
2204	197.479758990573
2622	189.008651472017
2626	182.826254064337
2892	181.413043693498
2898	152.972190411726
2900	149.109431255135
3018	132.842951333576
3070	132.607775140071
3104	118.827920423603
3108	118.438336862779
3122	118.048734895361
3134	106.050067054917
3164	99.9194608457572
3168	98.5358788217501
3188	97.5991460740933
3202	96.3228613488732
3210	90.6614447138636
3220	90.590437231149
3226	88.1839109028102
3230	76.8948236456777
3274	76.569132010243
3322	75.9681018969316
3324	74.2593251029631
3344	72.9320582021649
3348	71.2410204078531
3354	69.8424443537791
3368	69.46057959499
3380	67.658359041743
3400	66.1958026565082
3412	64.6623808118467
3416	61.8077182862262
3430	60.951658309641
3458	60.4383915241952
3472	59.1517499342126
3530	58.1655443014983
3550	56.7833300911355
3580	55.4854393435372
3628	55.3247444649049
3636	54.3286123382371
3656	52.8174014232558
3682	52.419909853311
3692	51.0758551866444
3726	49.6577896049325
3736	48.9098411426984
3740	47.5712439029097
3770	47.3956368049225
3772	46.8347121130694
3778	45.4721023375988
3792	45.1825599794412
3850	44.6406068403426
3864	43.7440276242675
3920	43.5486878431745
3924	43.3620240350578
3934	42.6864054774655
3944	42.511988778702
3956	42.2649493229688
3972	41.6705544898468
3980	41.6479725102957
3986	41.3656532926212
3998	40.7223593400407
4024	40.4261968564404
4026	40.0845639893210
4042	39.6504084986832
4046	39.5053852908045
4064	39.2961574342032
4066	39.2690287229936
4080	38.8242818243104
4084	38.7228884760768
4110	38.1678442749161
4124	37.8080329903719
4144	37.6331415100005
4152	37.5267517697263
4160	36.7994314312085
4164	36.7321257183666
4190	36.7206922698828
4204	36.3855451199428
4250	36.1753781634351
4252	36.0124970172807
4254	35.9542235991091
4256	35.6436465375581
4306	35.4067853760443
4322	35.2502116790869
4334	35.1238677381187
4372	34.9408421111493
4388	34.8539900809309
4396	34.6436821350503
4414	34.3735185119302
4420	34.0664255080247
4456	33.9563736736593
4458	33.8611927878767
4486	33.7830456816851
4502	33.7211165195055
4516	33.5768849345579
4522	33.3302430250188
4530	33.2825355068453
4534	32.9922499617986
4548	32.9608636378901
4552	32.9593822405161
4554	32.8266962650031
4566	32.7540547032016
4570	32.7153759112309
4602	32.6099821885885
4616	32.5485166514605
4624	32.3280415403282
4642	32.2300429486288
4650	32.2044463517519
4654	32.096873634201
4670	31.9085952143859
4674	31.7432764371688
4686	31.5780536865491
4700	31.5507358238338
4706	31.5333321348174
4712	31.2518126695776
4720	31.2277636187481
4738	31.111857342403
4768	31.0905756473134
4778	30.9449560281232
4798	30.7875633297884
4808	30.7802701205419
4820	30.7121100914525
4828	30.6540961242972
4854	30.6034186417754
4876	30.5707510963564
4878	30.5705132075167
4886	30.4007615187732
4898	30.3798601102573
4904	30.3558342908585
4934	30.3236523090887
4938	30.29630556781
4954	30.2043572894252
4970	30.1854526869901
4980	30.1114016984143
4986	30.0025226555309
5008	29.9848775977062
5014	29.9664430858179
5038	29.9093142003926
5042	29.8645811555051
5054	29.8586606751169
5056	29.8297133185057
5070	29.7781019393827
5078	29.7484807884793
5082	29.7401989672539
5088	29.7349930811490
5096	29.5801946965845
5102	29.4753244939112
5112	29.2463227220358
5114	29.0977787979967
5116	29.0139744092153
5138	28.9264386525846
5150	28.8473930580428
5152	28.8276136552716
5156	28.8273025066741
5160	28.7855328740272
5178	28.6023951434102
5196	28.2146968270287
5220	28.0687290815154
5236	27.9972333380881
5240	27.9273855923768
5244	27.8397019905879
5266	27.6104630150878
5296	27.5028106270462
5308	27.2397088737982
5318	27.1763575126543
5328	27.1208978121006
5330	26.8813861288767
5344	26.67418201672
5354	26.4263956953575
5362	26.3410561038808
5366	26.0479693536916
5414	26.0196241254837
5420	25.8457249166298
5446	25.8220179736372
5448	25.6648438807346
5458	25.56344368631
5460	25.5476801183225
5484	25.5279535010543
5496	25.5244362618408
5506	25.4689072061005
5512	25.4205118233029
5534	25.3989693727515
5546	25.3383131125215
5560	25.3134896069372
5572	25.2709436152736
5586	25.1921897661288
5620	25.1880146377979
5624	25.1356342021807
5628	25.0425769294266
5636	24.9919401950043
5654	24.8340811035395
5670	24.8024371453088
5682	24.7939959509363
5688	24.7454380862491
5690	24.7035930739909
5694	24.6576471005786
5700	24.3944858702694
5712	24.3212015061959
5728	24.1183575736665
5754	24.0305561462303
5782	23.8676643813773
5810	23.6814493600329
5812	23.6614248694635
5824	23.6497999735384
5842	23.4910240195925
5854	23.4262926165234
5866	23.3748827146253
5884	23.2851006131432
5904	23.282332151243
5916	23.2776292405535
5928	23.2019719079753
5936	23.1502051587586
5962	23.1431490589531
5974	23.0373646507444
6012	23.0036362941035
6040	22.9967450104460
6044	22.9920581482948
6046	22.9858324576998
6050	22.9086130382023
6056	22.818178835328
6074	22.7943381855976
6076	22.7874789453947
6082	22.7451306354011
6084	22.7434757311607
6092	22.7367902946180
6108	22.6628406619030
6122	22.6593793919463
6128	22.6174822364600
6150	22.6007423831147
6164	22.5944801635135
6170	22.4843996623327
6186	22.4644488592492
6196	22.4642580014444
6200	22.4442094228285
6202	22.4004836873269
6210	22.3549225145013
6222	22.2081091968529
6244	22.1996510173775
6246	22.1430849602461
6250	22.1158162984501
6256	22.1094485169626
6260	22.0365093938859
6264	22.0355271609707
6280	21.9740200936607
6306	21.9409600886093
6310	21.9058062641464
6316	21.8879606735772
6320	21.8546728386286
6324	21.842314001455
6336	21.8374525515437
6350	21.7424601229498
6370	21.7246482105469
6384	21.693964589601
6388	21.6559784717652
6390	21.6526412346003
6394	21.6486927734059
6404	21.6411461405559
6408	21.6229117765202
6420	21.5677564375546
6430	21.5635900766854
6436	21.5563400575708
6454	21.5512083696411
6458	21.5224189927292
6462	21.4722854882720
6484	21.4392739232606
6492	21.4156220662093
6494	21.3754010558049
6538	21.2971026424149
6564	21.2964314630879
6568	21.2276312769065
6592	21.1259785201576
6598	21.0642737156636
6600	21.0078154760312
6662	21.004479490533
6664	20.8916625130252
6684	20.8765710203204
6694	20.8691419145685
6708	20.8187918489074
6724	20.8138404479345
6734	20.8028899902696
6766	20.7498618500833
6770	20.6866088308415
6782	20.6649495642460
6784	20.6504598058300
6786	20.6417859571974
6806	20.6316454254262
6816	20.5613099745844
6842	20.4677386077722
6896	20.4173611423629
6920	20.36316907829
6930	20.3317724273264
6940	20.2598356251895
6948	20.2439848513244
6960	20.2030575285844
6972	20.1795242649727
6980	20.1436919932172
6990	20.1420821400115
7004	20.1309677333410
7006	20.1117424577118
7016	20.0756694127198
7022	20.0751829923792
7030	20.0172288275402
7046	20.0168009215386
7052	19.9724031579397
7082	19.9371907341455
7088	19.9125790461432
7090	19.9065417335288
7122	19.8894034547289
7126	19.8298976245341
7148	19.7793032563400
7166	19.7233150638586
7174	19.7176822088846
7176	19.7164589296135
7178	19.6595800752538
7186	19.6007440319771
7208	19.5338211783089
7228	19.5198097757976
7238	19.5189972763187
7244	19.4758918621088
7248	19.4587267485863
7252	19.3786055486745
7280	19.3730767172584
7282	19.3051764451419
7310	19.2834369039060
7312	19.2739555941386
7324	19.2183854789289
7328	19.2162641931738
7340	19.2055614231842
7348	19.1658449811619
7352	19.1090262166340
7362	19.0707812387733
7368	19.0697374446521
7374	19.0523478168209
7386	19.0461360473692
7394	19.0225425330867
7398	19.0145072371647
7404	19.0122726742138
7418	19.0107065379592
7434	18.9963328064603
7446	18.9905142564056
7448	18.9346460512265
7472	18.8990188417758
7492	18.8895338560268
7494	18.8827612782157
7498	18.8577370731029
7512	18.8374515987210
7526	18.7777357435782
7546	18.7403797756782
7562	18.7266595668603
7564	18.6684869020156
7574	18.6270978487627
7604	18.6085469391412
7620	18.5939989475967
7630	18.5740485456782
7638	18.544356290139
7644	18.5245088667147
7658	18.5153454232799
7674	18.4979843222205
7704	18.4944182773475
7706	18.4637555678059
7710	18.4577270381312
7714	18.4471546061673
7746	18.4372575081670
7754	18.4283674218719
7758	18.3859703424613
7768	18.3575594352677
7796	18.3551835959112
7804	18.3139823369162
7824	18.3113609826407
7830	18.2910289952284
7840	18.2822380466723
7842	18.2646803436999
7848	18.2037266433093
7880	18.1883874771913
7894	18.1883111011277
7896	18.1577324489098
7906	18.1300921744062
7910	18.0985000482862
7912	18.0836921535719
7918	18.0661440090965
7936	18.0496857148510
7940	18.0364082652708
7968	18.0358674039163
7984	18.0287557952913
7992	18.0169800404498
7998	18.0014060203721
8004	17.9786145014248
8022	17.94115227091
8030	17.9317826602268
8034	17.9160689188077
8074	17.9063007584582
8080	17.8926829472943
8112	17.8764386267563
8116	17.8629060895437
8156	17.8431232864777
8164	17.8253697222063
8190	17.8159189659690
8204	17.8092354421445
8208	17.8086967634953
8214	17.8080545595643
8226	17.7979393044640
8242	17.7974411543095
8248	17.7815762896926
8250	17.7791248643592
8256	17.7458539607747
8274	17.7366481798823
8326	17.7320291795135
8338	17.7254366631740
8364	17.7171785137460
8370	17.7157080509163
8400	17.7109918381786
8406	17.7020839135771
8432	17.6926420068344
8434	17.6917681505652
8442	17.6900157741058
8464	17.6883475346205
8466	17.6877006561611
8468	17.6855297822198
8478	17.6839049038532
8480	17.6804539953817
8498	17.6787656498733
8506	17.6759289975416
8508	17.6758949824111
8514	17.6737063652568
8516	17.6675948620070
8518	17.6533682336764
8538	17.6456354013006
8548	17.6401270933529
8550	17.6342379129081
8582	17.6298480541992
8592	17.6200132649809
8602	17.6173238243775
8606	17.6094240710687
8610	17.6087734316896
8636	17.6079235544782
8638	17.5912194990664
8656	17.5890017022333
8662	17.5762322301289
8708	17.5738876807579
8712	17.5709028813875
8720	17.5624308948049
8738	17.5614767946446
8760	17.5613565398468
8770	17.5548247241795
8778	17.5510876173847
8788	17.5454663541723
8802	17.5401898354153
8810	17.5382832380021
8824	17.5373811717197
8840	17.5355149640171
8850	17.5304275497403
8862	17.5281769280311
8866	17.5217898268494
8872	17.5189766037966
8918	17.5100662538142
8950	17.5087794430351
8960	17.5075307919794
8968	17.4986456533845
8982	17.4975714907003
8984	17.4914225179063
9004	17.4893840922681
9022	17.4891835928327
9024	17.4882318631050
9028	17.4868341744939
9040	17.4801416721326
9048	17.4754992085016
9060	17.4718326545262
9070	17.4714817617408
9094	17.4664899658969
9096	17.4660986971344
9102	17.4593009699368
9112	17.4488223979450
9154	17.4415852380644
9162	17.4356207212094
9176	17.4261234936939
9218	17.4234881460699
9222	17.4231674774079
9224	17.4126222727292
9246	17.4082702096186
9248	17.4047183655773
9252	17.4040296145824
9276	17.3984943787323
9284	17.3919158040612
9304	17.3901957026319
9306	17.3899801347063
9316	17.3865114086823
9326	17.3859992364000
9348	17.3850059532964
9350	17.3845244065195
9364	17.3767138547624
9368	17.3740953741544
9378	17.3739149268045
9392	17.3702749192313
9404	17.3528202591839
9410	17.3481358415936
9414	17.3435626002780
9424	17.3329591171467
9430	17.3322383469494
9436	17.3304775667940
9442	17.3268813419978
9456	17.3238087405797
9468	17.3199560239947
9474	17.3133054681050
9478	17.2935019206932
9484	17.2930393872164
9492	17.2534081388959
9532	17.2449167402749
9534	17.2272463067859
9542	17.2261535891296
9560	17.2198591772278
9572	17.1962992368338
9584	17.1962544725563
9594	17.1815068274780
9602	17.1781636729336
9612	17.1692321699308
9618	17.1634410026546
9628	17.1465886677203
9640	17.1452730388112
9670	17.1313986865542
9672	17.1202134042616
9710	17.1081299083354
9716	17.0695832840541
9726	17.0624852536906
9744	17.0594971946507
9778	17.0585575211353
9784	17.0454479167461
9796	17.0395225428517
9804	17.0373313824593
9808	17.0338322616684
9824	17.0301886608235
9826	17.0232585613420
9840	17.012875071117
9858	17.0112200379170
9866	17.0001262184242
9878	16.9996456340379
9882	16.9857440942983
9890	16.9709845475471
9892	16.9677745826477
9902	16.9567168502678
9912	16.9487763862904
9920	16.9453164615464
9942	16.9333288088128
9946	16.9313419561149
9960	16.9309258385122
9966	16.9277205338065
9972	16.9208291182880
9984	16.9188199250484
9988	16.9179581150652
10010	16.9098277944595
10034	16.9093703424831
10042	16.8979719893272
10050	16.8931839083005
10064	16.8928910693371
10066	16.8797275884096
10070	16.8716122839478
10084	16.8684186457202
10120	16.8598853033127
10138	16.8549208747859
10152	16.8540899703617
10168	16.8478121751797
10174	16.8381756474137
10206	16.8378128948493
10216	16.8265259992125
10264	16.8213598986006
10272	16.8156341008333
10286	16.8118276774613
10300	16.8040047938852
10364	16.8009092104456
10370	16.7930512552138
10404	16.7916582848907
10408	16.7906758996225
10410	16.7862021703724
10424	16.7797413220411
10452	16.7797064604586
10458	16.7723958067608
10462	16.7645488807881
10494	16.7644771524717
10498	16.7587374871543
10524	16.7577836362457
10528	16.7547883231192
10546	16.7515801389876
10562	16.7496130404004
10574	16.7492666319297
10576	16.7424172244072
10590	16.7415813700939
10594	16.7400871397963
10600	16.7382927163019
10602	16.7367591494108
10608	16.7343953145995
10622	16.7331019809534
10624	16.7295980620615
10630	16.7285722352227
10632	16.7275920228385
10654	16.7271437889989
10656	16.7270578531463
10658	16.7268728421685
10666	16.7251237002515
10670	16.7206687314546
10688	16.7195332823605
10690	16.7181921760933
10702	16.7157172212773
10738	16.7150892505305
10740	16.7113958086402
10750	16.7107887630402
10762	16.7079696864423
10766	16.7059631504891
10768	16.7017182232737
10812	16.6989290428883
10816	16.6987519802503
10818	16.6941113945343
10824	16.6931793206212
10846	16.6921246281430
10854	16.6849248215909
10878	16.6740153580221
10884	16.6689038222733
10916	16.6683890171401
10926	16.6649628054933
10932	16.6637320960504
10936	16.663151446928
10942	16.6618416184912
10978	16.6593433261891
10990	16.6583800693904
10998	16.657928953734
11000	16.6571177798897
11016	16.6565659048509
11036	16.6562107836759
11042	16.6544202844988
11052	16.6535017664031
11066	16.6528157584722
11106	16.6494319133829
11132	16.645060721513
11134	16.6419170662468
11158	16.6415822798570
11160	16.6414969380964
11164	16.6412562991283
11166	16.6382066284616
11182	16.6378864837572
11190	16.6371395318343
11192	16.6316928513662
11194	16.6284739782375
11222	16.6249794248320
11230	16.6234818814810
11242	16.6231909727900
11244	16.6203611140885
11252	16.6197950946137
11264	16.6160119529152
11278	16.6159588637461
11280	16.6136914103324
11286	16.6093926895275
11300	16.6043296228217
11304	16.6035660825946
11306	16.5985368781614
11312	16.5915842085872
11338	16.5907118805127
11346	16.5863445252618
11360	16.5815199825524
11370	16.5750287459729
11392	16.5592504372459
11412	16.5542935245448
11434	16.5539182701180
11458	16.5460023172121
11480	16.5423248313199
11494	16.5417923938496
11496	16.5313612142551
11506	16.5171638589349
11514	16.5127434060042
11520	16.5080765398994
11522	16.504838695498
11554	16.4996798584973
11568	16.4901897742813
11590	16.4900433148218
11594	16.4829434821383
11606	16.4819603323953
11610	16.4816837908987
11618	16.4812809689943
11620	16.480013800446
11628	16.4792174820143
11648	16.4733348994505
11650	16.472746289747
11654	16.4708699473495
11656	16.4671529321383
11688	16.4650556432114
11694	16.4637544293717
11696	16.4595144095805
11708	16.4549288053801
11736	16.4546563057983
11758	16.4510592788566
11790	16.4502818939708
11794	16.4488613786167
11798	16.4454833034163
11838	16.4444585917144
11856	16.4434912855218
11860	16.4410676564878
11880	16.4359198926387
11896	16.4333248491878
11918	16.4325188938260
11922	16.4264681516432
11940	16.4260200629654
11944	16.4255455386053
11974	16.4232099581698
11980	16.4229089094511
11982	16.4213639484092
11994	16.4207666615783
12010	16.4207039163153
12016	16.4187014143472
12018	16.4135247274034
12028	16.4130555694459
12038	16.4101578683172
12046	16.4068584632334
12048	16.4038522210791
12062	16.4029038079317
12074	16.4000990163995
12078	16.3963339662553
12096	16.391360993759
12098	16.3847257302314
12118	16.3813292311749
12122	16.3790114967074
12130	16.3778596369639
12138	16.3760753126818
12148	16.3692009201827
12152	16.3647030933154
12156	16.3595899412374
12190	16.3562004615790
12218	16.3498951767626
12232	16.3483819640687
12248	16.3458505214563
12260	16.3437229561185
12266	16.3431631087510
12272	16.3431497293037
12284	16.3425528466678
12292	16.3410303133967
12302	16.3376078378055
12316	16.3294004528017
12382	16.3238799102206
12400	16.3197209181304
12424	16.3164519390632
12434	16.3132365134692
12438	16.3131025134122
12440	16.3079803315993
12452	16.3061700309074
12468	16.3006305984322
12484	16.2997056291937
12504	16.2994977742406
12510	16.2942009332271
12520	16.2936899890323
12536	16.2896909582156
12596	16.2883841650621
12620	16.2870613042994
12644	16.2844541569674
12680	16.2837958815407
12704	16.2837314428220
12722	16.2831333505955
12734	16.2823134349745
12742	16.2813658699577
12748	16.2807495133081
12750	16.2804847084622
12752	16.2778994978501
12760	16.2778825290535
12762	16.2747553126025
12772	16.2732851181381
12800	16.2721204646791
12804	16.2716349864603
12818	16.2705131257171
12838	16.2698105964433
12840	16.2664612059197
12856	16.2664300428959
12868	16.2652435112735
12878	16.2641398590032
12902	16.2620087066524
12916	16.2591566664498
12926	16.2583438943392
12928	16.2582976348994
12938	16.2576800186093
12948	16.2566482388165
12954	16.2556025479962
12956	16.2547639214456
12974	16.2523832533727
12992	16.251665002741
13006	16.2504954826003
13010	16.2495487089006
13022	16.2484892363114
13044	16.2470027261652
13072	16.2447717563245
13082	16.2445582757765
13086	16.2434138056525
13098	16.2420387076115
13110	16.2418327179293
13112	16.2406604590395
13120	16.2394265825905
13126	16.2378970125869
13136	16.2367725250723
13144	16.2367452754758
13148	16.2331657325153
13150	16.2309465679044
13194	16.2289650250493
13204	16.2279354265720
13218	16.2264280695302
13220	16.2257416784960
13228	16.2252502957618
13230	16.2234766634373
13246	16.2195908296296
13250	16.2185509910631
13276	16.2143743737155
13316	16.2126673833666
13336	16.2120408346666
13344	16.2098490308879
13346	16.2081898966573
13360	16.2075275145721
13372	16.2057026709104
13384	16.2023560585811
13390	16.1960304961788
13392	16.1943645869072
13414	16.1941726440801
13422	16.1890305516126
13442	16.1886364398962
13454	16.1870770453802
13484	16.1865184313535
13486	16.1854993007341
13502	16.1831757634329
13508	16.1813342949158
13534	16.1811172635698
13538	16.1800967718030
13546	16.1777767024112
13556	16.1756711148088
13586	16.1741850625412
13588	16.1736950690977
13600	16.1730373351592
13602	16.1704687799080
13608	16.1691987813999
13620	16.1685005455897
13622	16.1641164830248
13624	16.1597946525647
13680	16.1596500238245
13682	16.1556968786720
13696	16.1550504899136
13698	16.1532176360821
13706	16.150149910256
13718	16.1478109568859
13722	16.1465277993771
13724	16.1453688980737
13734	16.1425273757014
13758	16.1378047435992
13764	16.1356579402755
13776	16.1345026473957
13782	16.1291507967488
13808	16.128617054063
13810	16.1281455815973
13816	16.1274466488067
13820	16.1235760950233
13852	16.1231398619160
13876	16.1208241964993
13882	16.1183957915431
13884	16.1166082577387
13892	16.1152149665303
13904	16.1139452744317
13906	16.1122371157731
13908	16.111594364492
13912	16.1061997686975
13928	16.1058415011643
13930	16.1016543356280
13938	16.0995600610569
13954	16.0994714151459
13966	16.0960479718135
13978	16.0958149428904
13986	16.0943358606792
13994	16.0932368600471
14006	16.0919266312969
14028	16.0917726168833
14030	16.0913364325158
14032	16.0900636338258
14034	16.0899810636301
14038	16.0879967394215
14046	16.0870199433167
14058	16.0866765624115
14066	16.0847374427018
14078	16.0845561405990
14086	16.0802758909310
14092	16.0795808661359
14116	16.0769946330049
14134	16.0757931526958
14140	16.0754332587517
14144	16.0722897779811
14158	16.0713581242741
14170	16.0692548492883
14176	16.0659258799098
14184	16.0639229570338
14188	16.0630302949188
14218	16.0596594336251
14258	16.0595805661481
14264	16.0582241782259
14276	16.0553181344989
14296	16.0544269651362
14322	16.0538850815721
14330	16.0530635583356
14354	16.0521299122901
14364	16.0507001663492
14402	16.0493626943077
14426	16.0491536437099
14430	16.0480695277503
14446	16.0474734359560
14450	16.0466907856786
14464	16.0453712860866
14472	16.0423864461808
14478	16.0395693394139
14490	16.0390092983521
14498	16.0380574282729
14518	16.037341792586
14530	16.0370214455244
14534	16.0360696476898
14542	16.0356081825438
14558	16.0336578895759
14574	16.0318952750515
14576	16.030978286162
14586	16.0307538908203
14614	16.0285971472723
14626	16.0256532482318
14630	16.0255571213975
14668	16.0247085036801
14684	16.0245245170884
14688	16.023823557878
14718	16.0232309520823
14756	16.0230008359274
14790	16.0228988768264
14794	16.0223544679688
14810	16.0217862837212
14822	16.0211654744368
14830	16.0206609624541
14832	16.0206181255402
14836	16.0203641361295
14862	16.0203184123044
14868	16.0201276664761
14876	16.0192608711190
14898	16.0190265546070
14902	16.0187937136181
14918	16.0186750539008
14920	16.0179445160360
14948	16.0178045743179
14966	16.0175185296149
14968	16.0166363917238
14978	16.0162812377390
14980	16.0161014863132
15004	16.0153042619873
15006	16.0149418867601
15034	16.0143305381149
15046	16.0140580483028
15048	16.0137702962791
15064	16.0128906574647
15084	16.0127503516135
15086	16.0127202753072
15108	16.0122338788580
15110	16.0121732116253
15114	16.0121034400232
15120	16.0120804142686
15130	16.011243918152
15154	16.0110123762339
15158	16.0107443043965
15162	16.0102595786758
15196	16.0099490318534
15202	16.0095341272900
15204	16.0093041900174
15208	16.0092841973783
15210	16.0091555487866
15212	16.0091473077895
15220	16.0087409851739
15242	16.0084779831433
15268	16.0083879524386
15270	16.0077067404738
15278	16.0074885695449
15280	16.0069404229466
15294	16.0060219212208
15316	16.0056693719193
15366	16.004652412516
15382	16.0040953516014
15394	16.0034416436115
15406	16.0026267333626
15434	16.0025063384636
15444	16.0024128766110
15456	16.0017013674958
15476	16.0013300165063
15490	16.0012869580227
15498	16.0012623638421
15500	16.0003282369566
15514	16.0000188517851
15516	15.9997023974656
15530	15.9995382680417
15534	15.9990405220403
15558	15.9989157275254
15566	15.9983706627468
15576	15.9978991756345
15584	15.9976776477965
15620	15.9976032707278
15648	15.9974173253206
15656	15.9970032954657
15670	15.9968133883112
15674	15.9964336175457
15676	15.9963606360559
15686	15.9962231374581
15690	15.9961402656945
15696	15.9960401897770
15700	15.9954461950045
15702	15.9949194627167
15730	15.9944899004270
15736	15.9941772570533
15746	15.9940923382129
15764	15.9938790018983
15768	15.9937336594712
15782	15.9935176165287
15796	15.9932512143372
15816	15.9930977700735
15820	15.9925920812847
15834	15.9924617152999
15840	15.9924276872358
15850	15.9922827171278
15856	15.9914784804592
15858	15.9905795418019
15902	15.9900619274837
15910	15.9898350888977
15916	15.9896040226588
15950	15.9889409968946
15958	15.9887554585864
15960	15.9881613365877
15984	15.9878792340736
15988	15.9878320768465
16012	15.9873020562935
16020	15.9871388022593
16032	15.9870304308873
16034	15.9868279564817
16044	15.9864904741812
16054	15.9860903459367
16064	15.9859906942921
16078	15.9859069753916
16080	15.9855462619032
16082	15.9852146489284
16098	15.9848850249719
16104	15.9837154622873
16126	15.9834498233257
16128	15.9828835575021
16136	15.9827177184145
16140	15.9822558443798
16158	15.9817462120409
16160	15.9804546579782
16184	15.9795947867304
16220	15.9791666815015
16226	15.9785477042599
16228	15.9784372871066
16230	15.9768926366198
16244	15.9768403023464
16248	15.9762034307658
16260	15.9761130373345
16276	15.9754621978958
16288	15.9753971156215
16306	15.9753146308850
16312	15.9750816361974
16316	15.9744588880308
16330	15.9737149035878
16336	15.9725764896511
16346	15.9719429689021
16366	15.9709778055297
16418	15.9707850382948
16430	15.9703430777589
16460	15.9701673864789
16462	15.9700872936309
16464	15.9696165243159
16466	15.9695395757488
16474	15.9693256221619
16476	15.9690959307174
16490	15.9684624060898
16494	15.9683886662576
16514	15.9681307899225
16516	15.9675306617685
16518	15.9672445743017
16526	15.9663735958195
16542	15.9653121771939
16570	15.9652246430183
16578	15.9648335072043
16586	15.9647647283571
16628	15.9647059880569
16632	15.9641963451276
16650	15.9640873297761
16662	15.9640612312002
16668	15.9634498923824
16672	15.9630635365934
16676	15.9622307402471
16722	15.9622148145627
16728	15.9617843029856
16744	15.9616514453016
16752	15.9613213549278
16758	15.9608489516553
16774	15.9606021194047
16790	15.9603452969946
16796	15.9595286280699
16816	15.9589645788057
16826	15.9584383352367
16834	15.9581341686378
16842	15.957829767047
16852	15.9575058296972
16864	15.9572537330247
16868	15.9572328384635
16900	15.9571960382537
16904	15.9571401250232
16912	15.9571351172011
16914	15.9567737997279
16918	15.9567356878931
16932	15.9566528392804
16934	15.9564467530304
16972	15.9563847171413
16980	15.9563033095708
16982	15.9560544549893
16986	15.9559796693279
17006	15.9556826508321
17026	15.9555441453462
17034	15.9553047232536
17048	15.9553014735412
17064	15.9550018737909
17066	15.9549288950578
17078	15.9548196186669
17102	15.954793860706
17116	15.9547745575488
17118	15.9544743644233
17124	15.9541127570957
17126	15.9539966586214
17128	15.9539185854300
17132	15.9537353391178
17136	15.9534631305294
17142	15.9531778771639
17150	15.952828241424
17162	15.9527233512851
17166	15.9526537644261
17214	15.9524461722411
17238	15.9517841408773
17250	15.9517524835681
17278	15.9515335273644
17292	15.9513899503108
17318	15.9513896956666
17332	15.9512571890849
17346	15.9512148995624
17354	15.9510812215589
17362	15.9508578557151
17404	15.9508242942869
17424	15.9508014309582
17432	15.9507489007266
17444	15.9505561644673
17460	15.9504778270347
17468	15.9503307881599
17470	15.9502604270355
17492	15.9502229474997
17510	15.9500249373549
17516	15.9498054945622
17534	15.9497290856527
17542	15.9493770727375
17596	15.9491106992484
17612	15.9488968131896
17620	15.9488893082003
17622	15.9487513302449
17634	15.9484922501050
17652	15.9482679238857
17662	15.9480200725976
17688	15.9479923712911
17696	15.9479848278422
17700	15.947758081475
17714	15.9476035817309
17732	15.9475705503672
17744	15.9475279057757
17748	15.9473762025798
17800	15.9472984571721
17806	15.9472327615518
17812	15.946954506046
17822	15.9469387756881
17830	15.9469312901737
17854	15.9469307696081
17856	15.9469148292334
17862	15.9468767646584
17870	15.9468013614789
17882	15.9467898560115
17900	15.9466926987532
17908	15.9466663907259
17912	15.9465903447824
17918	15.946459516924
17944	15.9462768709438
17952	15.9460534889593
17964	15.9459621809748
17982	15.9457577011994
17988	15.9457274858874
18004	15.9457259175323
18014	15.9456221562593
18018	15.9456174205062
18024	15.9455793712537
18034	15.9453681584206
18040	15.9453663977382
18058	15.9453277217209
18062	15.9451651359636
18064	15.9450363087259
18094	15.9449307864877
18112	15.9449133406987
18114	15.9449032973961
18118	15.9447402552258
18158	15.9446665100948
18162	15.9446552260145
18172	15.944623191036
18180	15.9442813750636
18200	15.9442095134927
18220	15.9440064133538
18222	15.9439810463635
18230	15.9439476264945
18238	15.9439161695048
18242	15.9436984844393
18252	15.9436270371223
18258	15.9434805483687
18264	15.9434201857236
18290	15.9433593632588
18298	15.9433577738208
18300	15.943302321958
18304	15.9429048260980
18320	15.9428086567805
18322	15.9426127268248
18344	15.9425091610279
18358	15.9425046740725
18364	15.9423690695191
18368	15.9423109681396
18380	15.9421983372645
18390	15.9421539143333
18392	15.9420785435269
18400	15.9420164680041
18408	15.9420082422372
18418	15.9419014374165
18422	15.9418284809492
18430	15.9417654398270
18434	15.9415957806355
18438	15.9414237808445
18458	15.9413589622276
18476	15.9412841043964
18512	15.9412608868374
18518	15.9412209974661
18520	15.9411923211025
18532	15.941126036443
18552	15.9409677056637
18564	15.940913878698
18586	15.9409131977478
18588	15.9407305119760
18596	15.9406772670783
18604	15.9406636312779
18606	15.9405645438175
18612	15.9403166249935
18644	15.9402670942072
18656	15.9402405851875
18674	15.9402365547877
18680	15.9401414598073
18692	15.9401052055848
18696	15.9400436909074
18698	15.9400381235344
18720	15.9399485426488
18744	15.9398872350451
18762	15.9398455596966
18766	15.9397391548858
18768	15.9396380883967
18770	15.9396194799369
18784	15.9396042012467
18818	15.9395629098832
18824	15.9395327824786
18828	15.9394946144988
18832	15.9393403780749
18864	15.9392667401971
18886	15.9391945305991
18902	15.9391280433189
18930	15.9390097957166
18952	15.9389865644102
18954	15.9389710895510
18956	15.9389688592404
18958	15.9388732570150
18964	15.9386689298729
18990	15.9386184775626
18992	15.9385127937746
18998	15.9385069438054
19008	15.9384145081585
19026	15.9383267644032
19036	15.9382038772269
19056	15.9381862074086
19070	15.9381559009410
19078	15.9381371399256
19086	15.9380450396727
19096	15.9377172752636
19126	15.9377118432593
19154	15.9376358300294
19170	15.9376093169090
19182	15.9376026565852
19186	15.9375732651416
19190	15.9375491349144
19202	15.9375483168013
19206	15.9375246297091
19212	15.9375025024554
19216	15.9374401956297
19226	15.9374060394456
19236	15.9373517778101
19258	15.9373288002948
19272	15.9372734713831
19280	15.9372731050815
19282	15.9372610568656
19284	15.9371956307342
19286	15.9371558026001
19308	15.9370245825516
19316	15.9370047395505
19320	15.9369308189703
19322	15.9368413237167
19328	15.9366688805350
19332	15.9366024351221
19338	15.936567638692
19350	15.9365549913359
19354	15.9365441702615
19360	15.9364661322868
19370	15.9362433468682
19380	15.9361989639873
19394	15.9361123407986
19398	15.936057890676
19416	15.9360419061099
19420	15.9358655194562
19438	15.9358442964220
19440	15.9355566263113
19452	15.9354679158833
19490	15.9353612511217
19494	15.9353593318742
19500	15.9352762783281
19506	15.9352168875488
19518	15.9351226778927
19530	15.935110831266
19532	15.9350621299972
19570	15.93505495241
19584	15.9350304412597
19590	15.9350049261161
19602	15.9349436121622
19604	15.9349111960326
19606	15.9348578185850
19642	15.9347934724784
19644	15.9347229270445
19688	15.9346992398174
19698	15.9346470783611
19720	15.9346183045871
19726	15.9346027866319
19732	15.9346012694222
19736	15.9344327246957
19760	15.9343685780827
19768	15.9343506243278
19778	15.9341865420616
19790	15.9341326220122
19794	15.9340786958623
19814	15.9340757487232
19816	15.9338989399802
19836	15.9338932497553
19860	15.9338652376097
19864	15.9338633097964
19868	15.9338179152419
19870	15.9337973683019
19876	15.9337810858428
19878	15.9337734745439
19884	15.9337152492549
19900	15.9336837214246
19910	15.9336758990639
19916	15.9336703457299
19922	15.9336277403996
19924	15.9335851641877
19932	15.9335504003467
19934	15.9335025229175
19950	15.9334809433483
19952	15.9334377227976
19984	15.9334280139553
19996	15.9333706134930
20040	15.9333557420122
20048	15.9333356659159
20052	15.9333119202703
20064	15.9332797637304
20072	15.9332641878366
20076	15.9331762403659
20098	15.9331470214337
20108	15.9331451358885
20112	15.9331260909158
20114	15.9330538163506
20126	15.9330355554132
20134	15.9330185206964
20138	15.9328889465537
20154	15.9328374959982
20160	15.9327846016971
20184	15.9327077362698
20190	15.9325986949914
20210	15.9325251065096
20212	15.9323429867503
20218	15.9322137166669
20238	15.9322062289215
20240	15.9321006368263
20248	15.9320566257213
20262	15.9319481083566
20270	15.9318590737806
20274	15.9318569558982
20288	15.9317547981288
20292	15.9316711600610
20296	15.9316459467626
20324	15.9313126436831
20370	15.9312396559430
20376	15.9310437444552
20400	15.9309877785816
20418	15.9309733610054
20420	15.9309598761682
20426	15.9308796495207
20428	15.9308768352459
20436	15.9308480292683
20438	15.9308197926801
20442	15.9307452325296
20452	15.9306324587075
20480	15.9304917057518
20532	15.9304486160172
20540	15.9304065906887
20558	15.9304030141892
20564	15.9303899898276
20566	15.9303663849907
20572	15.9303438169765
20584	15.930340499522
20586	15.9303403423189
20594	15.9302239887993
20604	15.9302066164772
20608	15.9301751530653
20612	15.9301727462151
20640	15.9300491616495
20644	15.9300266840275
20670	15.9299319151595
20696	15.9299102782830
20698	15.9298885837702
20700	15.9297723446399
20704	15.9297581299895
20708	15.9297519930408
20718	15.9297447177544
20722	15.9296686127573
20732	15.9295749484045
20742	15.9294576060469
20744	15.9293905492450
20760	15.9291569216975
20788	15.9291294306932
20798	15.9291262547887
20802	15.9290886240295
20834	15.9290750570590
20846	15.9289936214924
20852	15.9288892275619
20866	15.9288722089829
20884	15.9288094499860
20900	15.9286973465801
20912	15.9286816449263
20914	15.928664876492
20920	15.9286080568104
20924	15.928513036583
20936	15.9285017257248
20938	15.9285004973516
20940	15.9284923275582
20950	15.9282782992001
20952	15.9282653516005
20978	15.9278297077805
21014	15.9274786764797
21024	15.9273968001552
21038	15.9272579333020
21064	15.9272478024973
21076	15.9271400272033
21086	15.9271358408367
21088	15.9271283820688
21092	15.9270149279215
21096	15.9268835284436
21138	15.9268771390440
21142	15.9268549561422
21152	15.9267114928136
21164	15.9266167281034
21170	15.9263742237063
21174	15.9263101237977
21184	15.9263094748443
21194	15.9262623782472
21208	15.92617208377
21210	15.9261400117192
21212	15.9260580182257
21214	15.925918565565
21226	15.9258627726079
21264	15.9258103518492
21294	15.9257450296438
21322	15.9256369821797
21328	15.9255957677476
21334	15.92549935074
21342	15.9254107506761
21348	15.9252839777806
21376	15.9250059267603
21398	15.9248092600838
21400	15.9246493887346
21448	15.9245347535508
21468	15.9244653938944
21472	15.924425182504
21474	15.9243349270786
21486	15.9242565694183
21502	15.9241469504937
21508	15.9241418956409
21514	15.9240912631524
21520	15.9238948644577
21554	15.9237796015846
21558	15.9235676519894
21588	15.9235201926817
21612	15.9234277944641
21618	15.9233643425236
21648	15.9232458505679
21664	15.9232353293423
21668	15.9231874620538
21690	15.9231612098369
21692	15.9230735343551
21714	15.9230460269975
21732	15.9229700105038
21752	15.9229665830257
21770	15.9229525222109
21772	15.9229520590942
21774	15.9229162216837
21782	15.9228849435726
21790	15.9228726932554
21792	15.9228484680003
21820	15.9228336751414
21822	15.9227602014521
21862	15.9227510891217
21866	15.9227248257182
21888	15.9226970660450
21898	15.9226129732198
21912	15.9226084387563
21930	15.9226073094075
21944	15.922562801232
21960	15.9225506962863
21964	15.9225257969759
21968	15.9225229565595
22004	15.9224815125797
22014	15.9224552987552
22024	15.9224519936172
22028	15.9223975661766
22050	15.9223686714239
22070	15.9223399002566
22080	15.9222707295362
22102	15.9222661534253
22108	15.9222352640052
22118	15.9222110722000
22128	15.9221837019327
22142	15.9221674363076
22152	15.9221158301595
22158	15.9221032668057
22166	15.9220223200461
22208	15.9219382644436
22212	15.9219085101911
22240	15.9219022814632
22244	15.9218903996796
22264	15.9217841879122
22280	15.9217247357594
22290	15.9216929663787
22314	15.921651684518
22342	15.9216318999759
22362	15.9216072507866
22376	15.9215711077594
22384	15.9215623814794
22388	15.9215323842812
22416	15.9215266095007
22426	15.9215059643745
22454	15.92148034774
22458	15.9214800167460
22464	15.9214737277829
22484	15.9214682539047
22486	15.9214628999631
22492	15.9214615576822
22494	15.9213915044397
22500	15.9213706296761
22528	15.9213652511672
22534	15.9213425216203
22542	15.9213279641810
22548	15.9213202237444
22554	15.9212939303587
22560	15.9212935492457
22570	15.9212550576229
22578	15.9212076595884
22598	15.9212035360579
22600	15.9211698458352
22606	15.9211677296690
22616	15.9211509455337
22630	15.9211379692105
22632	15.9211273137621
22638	15.9211267443456
22640	15.9211186654341
22648	15.9210613294208
22660	15.9209986032881
22670	15.9209161177834
22692	15.9209064917347
22700	15.9208954005611
22708	15.9208945460123
22724	15.9207919037432
22766	15.9207786692862
22778	15.9207707007445
22780	15.9207291597420
22784	15.9206982804691
22820	15.9206714202072
22836	15.9206643105844
22846	15.9206021507669
22856	15.9205802143113
22876	15.9205769120156
22884	15.9205311124138
22896	15.920516134108
22918	15.9205093425244
22920	15.9205092275882
22926	15.9204656883970
22936	15.9204269277774
22940	15.920415770275
22986	15.9203783141085
22998	15.9203536624381
23008	15.9203474394474
23012	15.9203270593741
23022	15.9202853506476
23034	15.9202654469447
23042	15.9202567714828
23052	15.9202174960097
23054	15.9201676209077
23074	15.9201477575753
23076	15.9201412187771
23080	15.9201172636117
23100	15.9200759190591
23102	15.9200444226054
23120	15.9200343923514
23128	15.92001989645
23136	15.9200098870729
23154	15.9199839964043
23188	15.9199837092009
23190	15.9199769981610
23210	15.9199708650453
23214	15.9199492949030
23236	15.9199305044571
23270	15.9199197983885
23284	15.9198885815943
23296	15.9198770127426
23306	15.9198645527048
23320	15.9198629637034
23338	15.9198609518493
23356	15.9198589528969
23362	15.9198521951005
23378	15.919831991504
23392	15.9198086003867
23406	15.9198085448968
23412	15.9197769502869
23416	15.9197458040498
23458	15.9197387237485
23460	15.9197295529942
23462	15.9197266688370
23464	15.9196872657511
23486	15.9196790477952
23496	15.9196777861287
23522	15.9196750918467
23536	15.9196651470633
23550	15.9196605145468
23556	15.9196539099313
23572	15.9196473142424
23588	15.9196443239577
23592	15.9196386514209
23604	15.9196322491929
23624	15.9196303749992
23630	15.9196274382993
23638	15.9196266766651
23642	15.9196252706639
23660	15.9196228135061
23682	15.9196170747523
23688	15.9196155324803
23710	15.9196074206068
23712	15.9196069850202
23720	15.9196056998744
23740	15.9196014645461
23758	15.9195980354062
23768	15.9195975724945
23782	15.9195960135853
23802	15.9195908609197
23818	15.9195876342282
23846	15.9195870811499
23856	15.9195861945575
23884	15.9195836012186
23892	15.9195818280205
23924	15.9195797281697
23926	15.9195791813342
23958	15.9195788580943
23974	15.9195784615031
23976	15.9195765575993
23980	15.9195754727338
23986	15.9195729590889
23994	15.9195719463130
24008	15.9195714602625
24018	15.9195713823817
24028	15.9195711610953
24030	15.9195697108912
24044	15.9195682603720
24058	15.9195642361441
24062	15.9195624224912
24096	15.9195578912529
24102	15.9195554021584
24108	15.9195515959859
24148	15.9195492885415
24152	15.9195476637934
24156	15.9195453119069
24172	15.9195428033066
24176	15.9195415836416
24194	15.9195411911227
24200	15.9195396894173
24204	15.9195387360169
24214	15.9195365890909
24216	15.9195356641280
24234	15.9195354662132
24236	15.9195345891224
24260	15.9195339247853
24270	15.9195324579426
24288	15.9195320732242
24292	15.9195315257603
24310	15.9195287604961
24330	15.9195280726246
24344	15.9195269107829
24362	15.9195265365843
24364	15.9195262464970
24382	15.9195253909264
24400	15.9195239981038
24412	15.9195239962381
24420	15.9195208610108
24432	15.9195205146927
24438	15.9195183808138
24446	15.9195173629199
24464	15.9195159252873
24472	15.9195098938186
24478	15.919509072359
24482	15.9195054982273
24508	15.9195053194312
24522	15.9195034650986
24530	15.9195031252865
24544	15.9195028109755
24548	15.9195017348741
24564	15.9194981120938
24576	15.9194963087209
24626	15.9194944257655
24652	15.9194937242319
24654	15.9194936606423
24658	15.9194935468269
24668	15.9194927695367
24670	15.9194923647601
24678	15.9194916327269
24714	15.9194903088666
24716	15.9194901829644
24734	15.9194897437713
24738	15.9194893193874
24744	15.9194882359805
24746	15.9194877530050
24752	15.9194875121732
24768	15.9194868114851
24770	15.9194858373417
24778	15.9194852684197
24802	15.9194831933506
24808	15.9194820048856
24818	15.9194819622730
24834	15.9194797589178
24848	15.9194793284053
24850	15.9194791592764
24858	15.9194770434003
24870	15.9194718366069
24888	15.9194706461298
24906	15.9194706280636
24908	15.9194694766112
24916	15.9194685431841
24918	15.9194681721888
24934	15.9194665184069
24946	15.9194663621877
24948	15.9194658103254
24952	15.9194649341674
24984	15.9194645374829
25004	15.9194640900235
25008	15.9194627979623
25018	15.9194613690714
25032	15.9194613159856
25036	15.9194605428955
25038	15.9194577760065
25048	15.9194576521479
25058	15.9194562748365
25062	15.9194562354988
25076	15.9194541060352
25138	15.9194540236342
25146	15.9194533182786
25150	15.9194520158074
25170	15.9194507733415
25182	15.9194488166955
25218	15.9194484653795
25220	15.9194473328427
25230	15.9194466468134
25258	15.9194466188723
25264	15.9194460737596
25270	15.9194454505689
25280	15.9194447419064
25300	15.9194429459947
25322	15.9194426434755
25338	15.9194424781108
25342	15.9194419628108
25380	15.9194418378608
25400	15.9194416871352
25404	15.9194413590362
25478	15.9194411869539
25480	15.9194410787967
25482	15.9194409570134
25490	15.9194406529678
25496	15.9194405250143
25498	15.9194399225934
25508	15.9194397561336
25520	15.9194392525027
25534	15.9194389193888
25540	15.9194388895476
25542	15.9194384624984
25552	15.9194384342841
25554	15.9194381678441
25556	15.9194377451563
25572	15.9194367991911
25582	15.9194367216324
25590	15.9194362965133
25624	15.9194353407304
25634	15.9194350855060
25662	15.9194345327737
25686	15.9194344493089
25692	15.9194342497776
25694	15.9194337801554
25702	15.9194332630900
25712	15.9194331718885
25722	15.9194330387743
25750	15.9194329843639
25758	15.9194327771136
25768	15.9194327463537
25770	15.9194321337035
25792	15.9194317406190
25804	15.919430469194
25810	15.9194301441724
25812	15.9194283152153
25836	15.9194281351200
25880	15.9194278625906
25892	15.9194276922087
25900	15.9194275722393
25902	15.919427224831
25910	15.9194271587125
25914	15.9194261774439
25918	15.9194255662809
25934	15.9194251786075
25942	15.9194246629127
25972	15.9194242746735
25982	15.9194236947659
26006	15.9194234640600
26012	15.9194228568591
26042	15.9194227163915
26046	15.9194226451542
26050	15.9194221355286
26062	15.9194215149559
26082	15.9194214766767
26084	15.9194207747883
26108	15.9194205552871
26118	15.9194204553119
26120	15.9194201696557
26132	15.9194198257759
26134	15.9194193906134
26164	15.9194190592727
26166	15.9194187653545
26186	15.9194172153926
26194	15.9194168592921
26206	15.9194166643377
26214	15.9194166291663
26220	15.9194157764933
26234	15.9194155464465
26240	15.9194154252386
26256	15.9194152578375
26272	15.9194144776516
26274	15.9194142572212
26292	15.9194139412043
26296	15.9194139051260
26298	15.9194128861797
26324	15.9194127175464
26330	15.9194120809416
26332	15.9194113902011
26358	15.9194108919584
26370	15.9194107518182
26374	15.9194104113122
26412	15.9194101697447
26428	15.91940949529
26430	15.9194088729787
26444	15.9194084907145
26452	15.9194084763221
26454	15.9194078241386
26456	15.9194076875459
26462	15.919407486474
26502	15.9194071437092
26506	15.9194069386764
26508	15.9194064510136
26510	15.9194062199099
26512	15.9194055216053
26514	15.9194054254192
26524	15.9194052987262
26538	15.9194048988912
26548	15.9194035402112
26554	15.9194029298524
26556	15.9194024862929
26576	15.9194024548397
26582	15.9194008815362
26612	15.919399776438
26622	15.9193979351887
26636	15.9193969960862
26658	15.9193965538990
26660	15.9193961055233
26678	15.9193942532622
26688	15.9193926675556
26692	15.9193900746003
26716	15.9193892256849
26738	15.9193874640686
26758	15.9193869646184
26768	15.9193868581089
26774	15.9193856825482
26780	15.9193854806229
26790	15.9193843278020
26826	15.9193838955076
26830	15.9193838216602
26846	15.9193828759577
26856	15.9193828724698
26858	15.9193820584225
26892	15.9193813735173
26900	15.9193809285290
26902	15.9193806880928
26908	15.9193799154627
26910	15.9193789121582
26922	15.9193787508665
26932	15.9193786840740
26946	15.9193775944138
26958	15.9193775550689
26968	15.9193771037469
26974	15.9193769657798
26984	15.9193768880532
27002	15.9193767238645
27006	15.9193763086602
27032	15.9193756077027
27048	15.9193755221016
27058	15.9193754486851
27064	15.9193754344895
27068	15.9193749880718
27074	15.9193745037307
27084	15.9193742440487
27094	15.9193739358780
27100	15.9193736636491
27116	15.9193735325352
27128	15.9193734345834
27132	15.919372815571
27138	15.9193726119905
27144	15.919372507621
27152	15.9193721710627
27162	15.919372001793
27182	15.9193711890181
27194	15.9193708325841
27222	15.9193705821376
27242	15.9193705131259
27254	15.9193704259735
27260	15.9193704053646
27262	15.9193701728158
27266	15.9193698620954
27278	15.9193695008911
27286	15.9193692561651
27312	15.9193689828954
27322	15.9193688382647
27334	15.9193687673654
27336	15.9193686903001
27340	15.9193682654941
27354	15.9193680729554
27374	15.919368070542
27380	15.9193678740639
27418	15.9193677914829
27448	15.9193676898790
27450	15.9193674753148
27454	15.9193674623645
27462	15.9193674293148
27472	15.9193672082391
27492	15.9193671969335
27508	15.9193668889095
27520	15.9193668520591
27524	15.9193667274473
27562	15.9193660998481
27568	15.9193660060304
27580	15.9193659452389
27602	15.9193659283584
27610	15.9193658961245
27618	15.9193657632491
27622	15.9193651558402
27640	15.9193646250526
27690	15.9193645389452
27730	15.9193645302075
27732	15.9193644610944
27734	15.9193643344405
27736	15.9193641294930
27746	15.9193639767295
27764	15.9193639445122
27774	15.9193637505634
27780	15.9193636612885
27782	15.9193636058524
27788	15.9193635516657
27796	15.9193635041232
27802	15.9193634346418
27834	15.9193628853564
27858	15.9193628559417
27860	15.9193626568336
27870	15.9193626275813
27878	15.9193624865240
27884	15.9193622531876
27892	15.919362246224
27898	15.9193621646843
27914	15.9193621463601
27928	15.919361988884
27946	15.9193618975702
27958	15.9193617797045
27998	15.9193615668468
28020	15.9193614853268
28034	15.9193614297464
28036	15.9193613764034
28048	15.9193613274027
28056	15.9193612403504
28058	15.9193610924164
28078	15.9193610883604
28084	15.9193610257614
28088	15.9193609830032
28114	15.9193609662120
28116	15.9193609019841
28118	15.9193607904791
28144	15.9193607230953
28168	15.9193602209619
28192	15.9193601693342
28198	15.9193601327463
28220	15.9193601011373
28232	15.9193599905413
28280	15.9193599362528
28284	15.9193598760897
28298	15.9193597866434
28300	15.9193597271492
28336	15.9193596470130
28338	15.9193594855212
28346	15.9193593711921
28360	15.9193592937113
28364	15.9193592584258
28380	15.9193591965599
28390	15.9193591952824
28396	15.9193591188182
28410	15.9193590412732
28412	15.9193587627298
28416	15.9193585464364
28426	15.9193584509532
28440	15.9193583605881
28450	15.9193581608345
28474	15.9193581562387
28482	15.9193580330597
28490	15.9193579095540
28494	15.9193578480780
28508	15.9193577159158
28516	15.9193576544958
28524	15.9193576045918
28538	15.9193574239498
28548	15.9193573940211
28562	15.9193570746801
28568	15.9193570096434
28580	15.9193569241311
28584	15.9193566985717
28586	15.9193565728659
28588	15.9193564691096
28600	15.9193563240511
28608	15.9193562333598
28622	15.9193556847026
28658	15.9193556307441
28660	15.9193553734003
28676	15.9193552950494
28682	15.9193549140463
28684	15.9193547969346
28692	15.9193547281820
28696	15.9193545394024
28702	15.9193544844926
28712	15.9193544057177
28720	15.9193537448470
28730	15.9193536820493
28738	15.9193532802451
28742	15.9193532613819
28746	15.9193532447338
28748	15.9193530538105
28754	15.9193530532922
28756	15.9193525357098
28780	15.9193523278546
28790	15.9193521211875
28796	15.9193520770336
28806	15.9193517879591
28814	15.9193517656496
28816	15.9193512580524
28832	15.9193509041871
28834	15.9193508185992
28842	15.9193506856149
28846	15.9193504439177
28876	15.9193504007959
28882	15.9193501506686
28888	15.9193497762021
28902	15.9193497632006
28906	15.9193496422363
28910	15.9193495060070
28920	15.919349260766
28948	15.9193491477262
28958	15.9193485862567
28964	15.9193483166101
28980	15.9193481507820
28986	15.9193481149481
28992	15.9193481004231
29012	15.9193480047499
29018	15.9193479990067
29020	15.9193479160388
29022	15.9193478487298
29032	15.9193477921615
29034	15.9193477831294
29040	15.9193477484033
29042	15.9193474784559
29044	15.9193471977272
29056	15.9193470160850
29068	15.9193468785705
29076	15.9193466563172
29094	15.9193461451134
29098	15.9193461311079
29132	15.9193458946195
29136	15.9193458754804
29174	15.9193456347256
29188	15.9193455780208
29196	15.9193454945811
29206	15.9193452805884
29210	15.9193451900385
29230	15.9193451862189
29232	15.9193450819157
29250	15.9193447745075
29268	15.9193447066257
29292	15.9193446591597
29298	15.9193444643434
29308	15.9193443311568
29316	15.9193443143293
29322	15.9193442870767
29326	15.9193442090104
29330	15.9193440894506
29338	15.9193440650582
29346	15.9193436414983
29380	15.9193434134196
29408	15.9193433311714
29416	15.9193432967532
29424	15.9193431630779
29434	15.9193428682897
29458	15.9193428309593
29464	15.9193428010474
29480	15.9193426714719
29498	15.919342422789
29530	15.9193423689539
29542	15.919342363969
29556	15.9193423626686
29572	15.9193423296837
29578	15.9193422955770
29582	15.9193422325787
29600	15.9193422238171
29604	15.9193421372961
29622	15.9193420814781
29632	15.9193420267025
29652	15.9193420188525
29654	15.9193419999249
29660	15.9193419724227
29666	15.9193419594553
29670	15.9193419581335
29672	15.9193418643675
29696	15.9193418414576
29722	15.9193417550980
29730	15.9193417019069
29752	15.9193416974060
29754	15.9193415111902
29760	15.9193413692049
29778	15.9193413421243
29782	15.9193412470317
29794	15.9193411428771
29796	15.9193410731939
29812	15.9193410606283
29828	15.9193410085733
29832	15.9193409978936
29836	15.9193409466406
29846	15.9193409359845
29848	15.9193408819050
29858	15.9193408255052
29872	15.9193408146747
29882	15.9193408099169
29886	15.9193407427758
29898	15.9193406338372
29900	15.9193406182168
29924	15.9193405140831
29942	15.9193405058429
29950	15.9193404770432
29954	15.9193403902511
29968	15.9193403247334
29988	15.919340265224
30002	15.919340214552
30006	15.9193401488357
30044	15.9193401066424
30054	15.9193400732070
30058	15.9193399598905
30066	15.9193399279806
30068	15.9193399232578
30080	15.9193398811117
30084	15.9193398682907
30090	15.919339822204
30098	15.9193398195700
30102	15.9193397300919
30110	15.9193397004558
30142	15.9193396575247
30158	15.9193395872711
30168	15.9193394853538
30182	15.9193393963689
30200	15.9193393747101
30202	15.9193392941089
30204	15.9193392331154
30248	15.9193391637631
30296	15.9193391207686
30300	15.9193390845369
30306	15.9193390336392
30312	15.919339028634
30326	15.9193390254091
30330	15.9193390025941
30346	15.9193389680391
30348	15.9193389291278
30352	15.9193388936085
30372	15.9193388831370
30390	15.9193388633272
30402	15.9193388426667
30412	15.9193388246966
30422	15.9193387749792
30440	15.9193387242085
30444	15.9193387072465
30480	15.9193386609589
30486	15.9193386436065
30516	15.9193386321418
30538	15.9193386128963
30544	15.9193386027704
30548	15.9193385938052
30560	15.9193385795975
30564	15.9193385742796
30566	15.9193385736963
30586	15.9193385174205
30618	15.9193385037735
30638	15.9193384993859
30648	15.9193384924112
30674	15.919338462721
30678	15.9193384576660
30696	15.9193384478023
30710	15.9193384283101
30714	15.9193383617730
30722	15.919338353402
30726	15.9193383089628
30728	15.9193382820724
30748	15.9193382802424
30752	15.9193382530443
30772	15.919338236714
30776	15.9193382224914
30782	15.9193382215460
30784	15.9193382208144
30788	15.9193382003722
30798	15.9193381899783
30800	15.919338172012
30824	15.9193381094641
30840	15.9193381083498
30842	15.9193380773264
30850	15.9193380630422
30854	15.9193380107834
30870	15.9193379927117
30892	15.9193379405529
30914	15.9193379295330
30920	15.9193379235868
30928	15.9193378734326
30978	15.9193378204859
30992	15.9193378098666
31012	15.9193377937278
31028	15.9193377855795
31030	15.9193377279605
31042	15.9193377136052
31064	15.9193376240908
31078	15.9193375502716
31094	15.9193375268957
31106	15.9193374730476
31114	15.9193373511608
31134	15.9193372869557
31136	15.9193372284302
31188	15.9193372105132
31190	15.9193371628173
31204	15.9193371185168
31220	15.9193371106572
31236	15.9193370192553
31248	15.9193370082077
31260	15.9193369077673
31264	15.9193368941819
31276	15.9193367378226
31310	15.9193367237094
31330	15.9193367189479
31346	15.9193367008094
31354	15.9193366946760
31364	15.9193366718587
31376	15.9193366718484
31380	15.9193366371923
31382	15.9193366043304
31384	15.9193365230088
31428	15.9193365186395
31436	15.9193365143023
31438	15.9193364939925
31440	15.9193364657548
31454	15.9193364615916
31462	15.9193364335009
31466	15.9193364164634
31468	15.9193364152441
31482	15.919336388863
31486	15.9193363815778
31490	15.9193363251139
31518	15.9193363107457
31552	15.9193362804874
31554	15.9193362709640
31560	15.9193362213528
31594	15.9193362023803
31598	15.9193361850086
31624	15.9193361422999
31626	15.9193361034799
31664	15.9193360727579
31716	15.9193360683845
31722	15.9193360496431
31724	15.9193360424564
31740	15.9193360379264
31750	15.9193360077607
31776	15.9193359960825
31810	15.9193359951175
31818	15.9193359764420
31850	15.9193359595371
31852	15.9193359467009
31870	15.9193359329747
31880	15.9193359325507
31920	15.9193359237021
31932	15.9193359099871
31938	15.9193358993848
31940	15.9193358931993
31944	15.9193358835774
31954	15.9193358698476
31992	15.9193358531633
32004	15.9193358408087
32006	15.9193358288009
32020	15.9193358238152
32022	15.9193358194349
32024	15.9193357989585
32044	15.9193357814128
32052	15.9193357783493
32058	15.9193357569540
32066	15.9193357356437
32096	15.9193357167145
32122	15.9193357062640
32130	15.9193357038170
32140	15.9193356971741
32144	15.9193356813510
32148	15.9193356622486
32158	15.9193356369469
32172	15.9193356048303
32182	15.9193355739041
32216	15.9193355658476
32230	15.9193355653547
32234	15.9193355464643
32236	15.9193355446731
32240	15.9193355240275
32244	15.9193355090516
32272	15.9193355011859
32292	15.9193354975909
32294	15.9193354762101
32300	15.9193354702438
32312	15.9193354548779
32324	15.9193354426775
32394	15.9193354413917
32410	15.9193354404199
32430	15.9193354310181
32456	15.9193354266791
32460	15.9193354114962
32466	15.9193354114565
32476	15.9193354111616
32484	15.9193354027016
32486	15.9193353995273
32500	15.9193353992544
32506	15.9193353959026
32508	15.9193353903625
32514	15.9193353682481
32562	15.9193353567260
32574	15.9193353482914
32612	15.9193353482873
32626	15.9193353474548
32632	15.9193353435858
32680	15.9193353358605
32710	15.9193353318638
32722	15.9193353266940
32724	15.9193353263550
32732	15.9193353230679
32756	15.9193353216163
32766	15.9193353203636
32776	15.9193353169069
32784	15.9193353151918
32792	15.9193353132339
32828	15.9193353130221
32848	15.9193353114796
32854	15.9193353113915
32856	15.9193353088229
32872	15.9193353065614
32888	15.9193353058379
32894	15.9193353024395
32912	15.919335297787
32928	15.919335294695
32938	15.9193352917550
32944	15.9193352888288
32946	15.9193352878208
32948	15.9193352857737
32966	15.9193352834174
32976	15.9193352820679
32992	15.9193352729078
33002	15.9193352659871
33008	15.919335262479
33016	15.9193352611055
33030	15.9193352533279
33036	15.9193352509700
33080	15.9193352507173
33090	15.9193352475918
33100	15.9193352475274
33102	15.9193352445635
33106	15.9193352427975
33116	15.9193352400392
33124	15.9193352378634
33142	15.9193352375053
33150	15.9193352361389
33154	15.9193352359218
33168	15.9193352344805
33172	15.9193352333730
33176	15.9193352332915
33180	15.9193352328104
33188	15.9193352318986
33192	15.9193352309845
33194	15.9193352305553
33196	15.9193352298650
33200	15.9193352296778
33206	15.9193352289605
33226	15.9193352289152
33246	15.9193352273967
33296	15.9193352270936
33310	15.9193352266213
33312	15.9193352261945
33314	15.9193352236394
33318	15.9193352230676
33322	15.9193352228011
33348	15.9193352224604
33352	15.9193352219101
33354	15.9193352211447
33358	15.9193352192977
33378	15.9193352179879
33396	15.9193352178016
33402	15.9193352171924
33406	15.9193352164615
33416	15.9193352158210
33424	15.9193352146763
33430	15.9193352139661
33434	15.9193352134085
33446	15.9193352131075
33450	15.9193352121174
33458	15.9193352119642
33460	15.9193352055139
33464	15.9193352017814
33474	15.9193352014419
33476	15.9193352011754
33480	15.9193352008250
33490	15.9193352006360
33500	15.9193351995152
33502	15.9193351988711
33518	15.9193351956019
33540	15.9193351952502
33558	15.9193351942890
33562	15.919335194072
33564	15.9193351896505
33592	15.9193351893232
33606	15.9193351891404
33632	15.9193351884449
33660	15.9193351875783
33664	15.9193351861702
33674	15.9193351821998
33678	15.9193351806106
33682	15.9193351794113
33706	15.9193351784864
33734	15.9193351765774
33738	15.9193351760833
33746	15.9193351749104
33758	15.9193351747971
33762	15.9193351730856
33766	15.9193351726041
33768	15.9193351714639
33780	15.9193351706881
33786	15.9193351706579
33792	15.9193351684035
33798	15.9193351674211
33812	15.9193351665065
33828	15.9193351644678
33836	15.9193351636489
33842	15.9193351616839
33908	15.9193351613916
33914	15.9193351611703
33918	15.9193351605518
33920	15.9193351604201
33934	15.9193351600617
33942	15.9193351580968
33952	15.9193351576816
33962	15.9193351556728
33974	15.9193351555594
33996	15.9193351553679
34004	15.9193351522267
34020	15.9193351511940
34028	15.9193351510127
34034	15.9193351502462
34040	15.9193351485207
34050	15.9193351483403
34052	15.9193351414565
34058	15.9193351316200
34066	15.9193351304086
34110	15.9193351291157
34112	15.9193351261209
34122	15.9193351260983
34128	15.9193351260742
34130	15.9193351256186
34132	15.919335122173
34136	15.9193351212989
34146	15.9193351209422
34150	15.9193351196379
34166	15.9193351194746
34176	15.9193351153922
34192	15.9193351143182
34198	15.9193351126040
34210	15.9193351120026
34216	15.9193351080065
34238	15.9193351069949
34240	15.9193351066331
34258	15.9193351049358
34260	15.919335104616
34262	15.9193350992908
34276	15.9193350981173
34284	15.9193350965554
34286	15.9193350964171
34310	15.9193350944289
34316	15.9193350935908
34328	15.9193350915574
34330	15.9193350915491
34354	15.9193350882066
34374	15.9193350870027
34392	15.9193350865321
34394	15.9193350833227
34400	15.9193350825750
34406	15.9193350802613
34408	15.9193350796596
34416	15.9193350785775
34420	15.9193350761352
34422	15.9193350731097
34446	15.9193350632543
34450	15.9193350618915
34454	15.9193350609309
34466	15.9193350579231
34474	15.9193350567931
34490	15.9193350524878
34522	15.9193350485444
34544	15.9193350408226
34552	15.9193350392446
34558	15.9193350391767
34562	15.9193350378842
34566	15.9193350349408
34584	15.9193350342616
34588	15.9193350328381
34590	15.9193350298230
34616	15.9193350267360
34628	15.9193350248824
34634	15.9193350224831
34658	15.9193350202612
34660	15.9193350198508
34668	15.9193350184592
34680	15.9193350154557
34692	15.9193350142058
34698	15.9193350124826
34708	15.9193350095699
34722	15.9193350094328
34726	15.9193350083619
34744	15.9193350069266
34772	15.9193350065586
34788	15.9193350047401
34810	15.9193350035194
34816	15.9193350023152
34850	15.9193349990550
34854	15.9193349987876
34864	15.9193349986108
34874	15.9193349977974
34884	15.9193349970471
34900	15.9193349955165
34904	15.9193349941110
34912	15.9193349939455
34934	15.9193349913101
34952	15.9193349903839
34956	15.9193349884117
34976	15.9193349872658
34982	15.9193349870034
34996	15.9193349860623
35006	15.9193349844564
35018	15.9193349840782
35026	15.9193349836259
35028	15.9193349833788
35038	15.9193349817036
35072	15.9193349812142
35082	15.9193349798885
35086	15.9193349784390
35118	15.9193349765447
35144	15.9193349757904
35146	15.9193349747940
35150	15.9193349738136
35164	15.9193349737060
35168	15.9193349732890
35188	15.9193349732380
35190	15.9193349727489
35200	15.9193349723269
35202	15.9193349704589
35232	15.9193349702667
35234	15.9193349694596
35240	15.9193349692362
35242	15.9193349687921
35258	15.9193349683302
35260	15.9193349677451
35278	15.9193349674418
35288	15.9193349670660
35298	15.9193349668857
35304	15.9193349667928
35322	15.9193349660237
35326	15.9193349656149
35354	15.9193349648296
35366	15.9193349643613
35374	15.9193349638325
35380	15.9193349622904
35440	15.9193349616161
35484	15.9193349612826
35490	15.9193349598030
35500	15.9193349592812
35502	15.9193349591823
35504	15.9193349586331
35506	15.919334958024
35526	15.9193349573941
35534	15.9193349572959
35564	15.9193349571820
35566	15.9193349568236
35576	15.919334956171
35594	15.9193349555671
35604	15.9193349547954
35616	15.9193349547409
35624	15.919334953681
35626	15.9193349523323
35694	15.9193349522276
35700	15.9193349519215
35704	15.9193349514258
35716	15.9193349512133
35722	15.9193349510006
35724	15.9193349509681
35734	15.9193349508850
35736	15.9193349505495
35748	15.9193349502137
35752	15.9193349493473
35792	15.9193349491326
35794	15.9193349477515
35810	15.9193349473051
35816	15.9193349471221
35822	15.9193349465269
35824	15.9193349458845
35852	15.9193349449407
35862	15.9193349444698
35874	15.9193349438038
35880	15.9193349416899
35918	15.9193349415644
35934	15.9193349411555
35946	15.9193349387382
35950	15.9193349372318
36000	15.9193349358030
36020	15.9193349324485
36038	15.9193349307623
36066	15.9193349300958
36096	15.9193349280317
36112	15.9193349276157
36116	15.9193349250167
36122	15.9193349243267
36130	15.9193349229016
36132	15.9193349222014
36136	15.9193349166570
36186	15.9193349157916
36206	15.9193349153732
36226	15.9193349137115
36236	15.9193349128492
36274	15.9193349104724
36284	15.9193349087023
36308	15.9193349075802
36334	15.9193349075004
36348	15.9193349074179
36358	15.9193349066910
36384	15.9193349065292
36386	15.9193349059236
36406	15.9193349055496
36422	15.9193349050236
36440	15.9193349042606
36458	15.9193349040873
36474	15.9193349039031
36476	15.9193349035069
36484	15.9193349027351
36500	15.9193349026096
36506	15.9193349024101
36508	15.9193349019712
36558	15.9193349019114
36576	15.9193349012474
36584	15.9193349006691
36604	15.9193349002363
36622	15.9193348995755
36642	15.9193348995341
36646	15.9193348993817
36650	15.9193348992202
36656	15.9193348989207
36672	15.9193348988993
36690	15.9193348987370
36692	15.9193348986015
36716	15.9193348983488
36726	15.9193348982250
36730	15.9193348980980
36732	15.9193348979409
36746	15.9193348977574
36762	15.9193348977419
36770	15.9193348976425
36774	15.9193348975609
36790	15.9193348973151
36800	15.9193348972144
36828	15.9193348971587
36832	15.9193348971294
36834	15.9193348968921
36852	15.9193348964833
36854	15.9193348964197
36856	15.9193348961759
36862	15.9193348961105
36872	15.9193348960592
36878	15.9193348959351
36882	15.9193348958524
36892	15.9193348957105
36896	15.9193348955129
36908	15.9193348952694
36910	15.9193348949646
36914	15.9193348948852
36928	15.9193348943710
36932	15.9193348940928
36954	15.9193348938047
36992	15.9193348937022
36998	15.9193348935528
37002	15.9193348934867
37006	15.9193348932299
37012	15.9193348926392
37030	15.9193348921935
37044	15.9193348917988
37054	15.9193348916601
37070	15.9193348914365
37080	15.9193348913186
37098	15.9193348912846
37100	15.9193348911601
37110	15.9193348908854
37148	15.9193348908319
37152	15.9193348907042
37160	15.9193348899572
37174	15.9193348898703
37192	15.9193348894548
37200	15.9193348891069
37208	15.9193348890133
37224	15.9193348886699
37226	15.9193348880184
37238	15.9193348877395
37246	15.9193348875002
37254	15.9193348871432
37262	15.9193348870979
37264	15.9193348866540
37266	15.9193348861552
37280	15.9193348860532
37300	15.9193348856312
37306	15.9193348853723
37312	15.9193348851776
37318	15.9193348851187
37320	15.9193348851061
37324	15.9193348847737
37332	15.9193348844299
37344	15.9193348841065
37354	15.9193348835919
37368	15.9193348834165
37372	15.9193348832227
37374	15.9193348829822
37390	15.9193348828733
37396	15.9193348823562
37440	15.9193348823270
37444	15.9193348820137
37446	15.9193348817918
37456	15.9193348815059
37476	15.9193348813791
37488	15.9193348813417
37494	15.9193348809805
37496	15.9193348808054
37500	15.9193348802646
37502	15.9193348789826
37524	15.9193348788961
37534	15.9193348787095
37538	15.9193348783476
37560	15.9193348772731
37564	15.9193348768609
37566	15.9193348766794
37586	15.9193348760452
37608	15.9193348760083
37614	15.9193348754232
37626	15.9193348749805
37636	15.9193348743950
37664	15.9193348740208
37678	15.9193348738800
37684	15.9193348738169
37688	15.9193348735554
37700	15.9193348734837
37706	15.9193348730138
37742	15.9193348721584
37746	15.9193348719276
37776	15.9193348718287
37804	15.9193348711424
37826	15.9193348709109
37838	15.9193348707108
37846	15.9193348697954
37870	15.9193348696979
37872	15.919334869558
37876	15.9193348694516
37878	15.9193348692955
37924	15.9193348687259
37942	15.9193348686269
37958	15.9193348683493
37982	15.919334868136
38014	15.9193348679676
38016	15.9193348674894
38020	15.9193348672992
38048	15.9193348672761
38058	15.9193348672621
38060	15.9193348670291
38062	15.9193348664736
38066	15.9193348664609
38072	15.9193348659090
38090	15.9193348654677
38118	15.9193348650105
38122	15.919334864342
38136	15.9193348642009
38156	15.9193348637987
38160	15.9193348634280
38178	15.9193348626760
38188	15.9193348618266
38192	15.9193348618052
38194	15.9193348612823
38200	15.9193348611979
38202	15.9193348610132
38220	15.9193348609805
38226	15.9193348606081
38242	15.9193348604462
38266	15.9193348604000
38274	15.9193348597208
38278	15.9193348596479
38316	15.9193348594687
38320	15.9193348590235
38340	15.9193348586568
38344	15.9193348584401
38348	15.9193348583971
38374	15.9193348581925
38386	15.9193348580060
38408	15.9193348576625
38440	15.9193348573534
38454	15.919334857315
38456	15.919334857219
38480	15.9193348569458
38498	15.9193348566492
38516	15.9193348565547
38520	15.9193348560947
38534	15.919334855814
38544	15.9193348557792
38560	15.9193348556473
38566	15.9193348554875
38582	15.9193348550683
38626	15.9193348550682
38630	15.9193348550333
38632	15.9193348549911
38638	15.9193348548241
38652	15.9193348546221
38676	15.919334854449
38680	15.919334854357
38696	15.9193348542959
38710	15.9193348542838
38728	15.9193348542793
38736	15.9193348541178
38762	15.9193348539835
38792	15.9193348539810
38802	15.9193348539476
38804	15.9193348539266
38818	15.9193348538663
38834	15.9193348538066
38838	15.9193348537511
38840	15.9193348537123
38842	15.9193348537028
38852	15.9193348533610
38872	15.9193348533117
38878	15.9193348531662
38884	15.9193348531496
38890	15.9193348528948
38906	15.9193348527674
38908	15.9193348526735
38912	15.9193348526466
38922	15.919334852562
38924	15.9193348524434
38932	15.9193348523882
38934	15.9193348523556
38964	15.9193348521844
38972	15.9193348520383
38982	15.9193348520169
38986	15.9193348519750
38990	15.9193348519683
39012	15.9193348519004
39016	15.9193348516679
39090	15.9193348515624
39112	15.9193348513943
39120	15.9193348513739
39126	15.9193348512169
39166	15.9193348511287
39174	15.9193348510905
39186	15.9193348508894
39198	15.9193348508582
39202	15.9193348508560
39214	15.9193348507997
39226	15.9193348505287
39244	15.9193348505088
39246	15.9193348503461
39248	15.9193348502262
39276	15.9193348500945
39290	15.9193348500928
39292	15.9193348500871
39322	15.9193348500813
39328	15.9193348500616
39332	15.919334849773
39338	15.9193348496491
39342	15.9193348495782
39354	15.9193348495468
39360	15.9193348492354
39372	15.9193348490610
39384	15.9193348488474
39398	15.9193348486217
39452	15.9193348484155
39466	15.9193348482436
39478	15.9193348481889
39512	15.9193348481342
39520	15.9193348479755
39530	15.9193348477954
39554	15.9193348477303
39560	15.9193348476639
39572	15.9193348476511
39580	15.9193348476452
39594	15.9193348474162
39606	15.919334847319
39608	15.9193348472721
39630	15.9193348472030
39646	15.9193348471763
39652	15.9193348468900
39656	15.9193348468777
39666	15.9193348466398
39670	15.9193348463333
39734	15.9193348462815
39746	15.9193348462645
39754	15.9193348462409
39780	15.9193348460114
39784	15.9193348458105
39794	15.9193348456712
39810	15.9193348456082
39812	15.9193348455711
39816	15.9193348452886
39826	15.9193348452707
39844	15.9193348451043
39858	15.9193348448629
39888	15.9193348448513
39918	15.919334844795
39928	15.9193348447669
39940	15.9193348447126
39950	15.9193348446383
39962	15.9193348445975
39982	15.9193348445808
39986	15.9193348444638
40002	15.9193348444366
40016	15.9193348443945
40024	15.9193348443239
40036	15.9193348441998
40052	15.9193348441778
40060	15.9193348441207
40064	15.9193348440286
40076	15.9193348440277
40086	15.9193348440070
40088	15.9193348438936
40106	15.9193348437905
40110	15.9193348437748
40114	15.9193348436906
40150	15.9193348436573
40152	15.9193348436464
40166	15.9193348435443
40172	15.9193348435228
40192	15.9193348434483
40196	15.919334843404
40204	15.9193348433889
40212	15.9193348433825
40214	15.9193348433712
40220	15.9193348433649
40228	15.9193348433562
40232	15.9193348433393
40238	15.9193348432857
40246	15.9193348431959
40256	15.9193348431532
40262	15.9193348431503
40272	15.9193348430516
40286	15.9193348430362
40290	15.9193348430114
40296	15.9193348429962
40318	15.9193348429799
40328	15.9193348429794
40334	15.9193348429720
40338	15.9193348429647
40346	15.9193348429356
40352	15.9193348428658
40364	15.9193348428233
40398	15.9193348428098
40400	15.9193348427177
40440	15.9193348426537
40444	15.9193348426238
40458	15.9193348425816
40472	15.9193348424221
40480	15.9193348423556
40488	15.9193348423444
40496	15.9193348423243
40516	15.9193348422887
40524	15.9193348422187
40578	15.9193348421805
40596	15.9193348421752
40598	15.9193348421679
40600	15.9193348420502
40616	15.9193348419902
40632	15.9193348419487
40640	15.9193348419201
40644	15.9193348419124
40654	15.9193348418469
40696	15.9193348417907
40704	15.9193348417899
40710	15.9193348417263
40714	15.9193348417003
40726	15.9193348416545
40738	15.9193348415778
40758	15.9193348415042
40798	15.9193348415025
40818	15.9193348414792
40824	15.9193348414348
40846	15.9193348414323
40858	15.9193348413459
40872	15.9193348412883
40878	15.9193348412718
40880	15.9193348412662
40882	15.9193348412086
40916	15.9193348411977
40920	15.9193348411523
40946	15.9193348411390
40948	15.9193348411337
40954	15.919334841117
40960	15.9193348410509
40992	15.9193348409952
41006	15.9193348409943
41008	15.9193348409908
41014	15.9193348409881
41028	15.9193348409871
41034	15.9193348409757
41038	15.9193348409302
41074	15.9193348409141
41090	15.9193348409126
41102	15.9193348409023
41104	15.9193348408605
41132	15.9193348408518
41140	15.9193348408453
41160	15.9193348407778
41172	15.9193348407613
41198	15.9193348407372
41212	15.9193348406869
41230	15.9193348406279
41234	15.9193348406011
41252	15.9193348405996
41254	15.9193348405960
41258	15.9193348405954
41264	15.9193348405546
41274	15.9193348405217
41296	15.9193348405005
41312	15.9193348404974
41330	15.919334840484
41344	15.919334840462
41368	15.9193348404505
41370	15.9193348404393
41382	15.9193348404341
41392	15.9193348403936
41408	15.9193348403877
41416	15.9193348403759
41430	15.9193348403649
41434	15.9193348403405
41436	15.9193348403360
41440	15.9193348402815
41442	15.9193348402591
41462	15.9193348402488
41470	15.9193348402486
41474	15.9193348401953
41514	15.9193348401753
41538	15.9193348401709
41560	15.9193348401352
41574	15.9193348401334
41576	15.919334840113
41590	15.9193348401074
41596	15.9193348400909
41602	15.9193348400721
41608	15.9193348400718
41616	15.9193348400702
41618	15.9193348400620
41622	15.9193348400143
41632	15.9193348400069
41640	15.9193348400033
41658	15.9193348399998
41670	15.9193348399877
41674	15.9193348399817
41682	15.919334839978
41690	15.9193348399671
41696	15.9193348399658
41704	15.9193348399473
41706	15.9193348399468
41708	15.9193348399375
41716	15.9193348399357
41720	15.9193348399326
41734	15.919334839932
41738	15.9193348399135
41740	15.9193348398822
41742	15.9193348398806
41766	15.9193348398664
41786	15.9193348398576
41810	15.9193348398374
41814	15.9193348398263
41844	15.9193348398111
41850	15.919334839804
41862	15.9193348397981
41876	15.9193348397886
41882	15.9193348397425
41934	15.9193348396977
41958	15.9193348396944
41972	15.9193348396805
41976	15.9193348396501
41986	15.9193348396291
41990	15.9193348396195
42002	15.9193348396057
42014	15.9193348395938
42040	15.9193348395507
42060	15.9193348395141
42064	15.9193348395019
42068	15.9193348394562
42070	15.9193348394111
42076	15.9193348393852
42086	15.9193348393839
42088	15.9193348393626
42090	15.9193348393494
42102	15.9193348393478
42104	15.9193348393311
42112	15.9193348393285
42118	15.9193348392925
42128	15.9193348392849
42134	15.9193348392707
42140	15.9193348392357
42178	15.9193348392263
42180	15.9193348391412
42198	15.9193348391229
42218	15.9193348391055
42224	15.9193348391033
42236	15.9193348390562
42240	15.9193348390276
42246	15.9193348390033
42274	15.919334838989
42288	15.9193348389805
42296	15.9193348389754
42298	15.9193348389315
42340	15.9193348389296
42350	15.9193348388925
42370	15.9193348388625
42386	15.9193348388453
42402	15.9193348388165
42412	15.9193348387962
42418	15.9193348387941
42428	15.9193348387648
42454	15.9193348387436
42456	15.9193348387362
42462	15.9193348387319
42472	15.9193348387291
42480	15.919334838723
42492	15.9193348387029
42496	15.9193348387025
42498	15.9193348386974
42506	15.9193348386869
42512	15.9193348386758
42546	15.9193348386627
42560	15.9193348386606
42572	15.9193348386337
42606	15.9193348386294
42608	15.9193348386234
42628	15.919334838623
42630	15.9193348386183
42632	15.9193348386150
42634	15.9193348386080
42668	15.9193348386034
42682	15.9193348385976
42684	15.9193348385919
42688	15.9193348385840
42704	15.9193348385779
42712	15.9193348385722
42716	15.9193348385533
42772	15.9193348385478
42782	15.9193348385444
42796	15.9193348385434
42808	15.9193348385407
42814	15.9193348385309
42828	15.9193348385283
42830	15.9193348385203
42854	15.9193348385144
42862	15.9193348385086
42864	15.9193348384944
42868	15.9193348384842
42874	15.9193348384782
42882	15.9193348384683
42894	15.9193348384599
42910	15.9193348384521
42922	15.9193348384371
42998	15.9193348384042
43014	15.9193348383747
43036	15.9193348383735
43042	15.9193348383587
43060	15.9193348383242
43082	15.9193348383122
43090	15.9193348382836
43096	15.9193348382753
43132	15.9193348382630
43166	15.9193348382544
43200	15.9193348382522
43212	15.9193348382519
43216	15.9193348382474
43244	15.9193348382423
43248	15.9193348382399
43278	15.9193348382379
43288	15.9193348382359
43304	15.9193348382333
43322	15.9193348382330
43326	15.9193348382327
43340	15.9193348382267
43354	15.9193348382254
43372	15.9193348382207
43376	15.9193348382202
43392	15.9193348382157
43406	15.9193348382122
43412	15.9193348382084
43424	15.9193348382074
43436	15.9193348382048
43444	15.9193348382044
43452	15.9193348382039
43456	15.9193348382035
43458	15.9193348382024
43464	15.9193348381995
43470	15.9193348381963
43482	15.9193348381959
43484	15.9193348381951
43492	15.9193348381898
43532	15.9193348381881
43556	15.9193348381854
43588	15.9193348381821
43594	15.919334838174
43616	15.9193348381732
43622	15.9193348381703
43644	15.9193348381663
43656	15.9193348381649
43660	15.9193348381617
43662	15.9193348381547
43674	15.9193348381516
43678	15.9193348381493
43690	15.9193348381420
43694	15.9193348381361
43740	15.9193348381334
43756	15.9193348381334
43770	15.9193348381295
43778	15.9193348381289
43784	15.9193348381285
43790	15.9193348381281
43804	15.9193348381248
43810	15.9193348381238
43818	15.9193348381231
43820	15.9193348381198
43828	15.9193348381182
43854	15.9193348381147
43862	15.9193348381125
43878	15.9193348381109
43884	15.9193348381076
43916	15.9193348381059
43918	15.9193348381059
43932	15.9193348381048
43934	15.9193348381044
43972	15.9193348380998
43984	15.9193348380953
43990	15.9193348380952
43998	15.9193348380939
44010	15.919334838093
44012	15.9193348380890
44030	15.9193348380869
44040	15.9193348380860
44056	15.9193348380846
44066	15.9193348380812
44084	15.9193348380811
44098	15.9193348380772
44108	15.9193348380750
44110	15.9193348380747
44114	15.9193348380743
44122	15.9193348380742
44126	15.9193348380660
44160	15.9193348380635
44162	15.9193348380615
44176	15.9193348380552
44178	15.9193348380539
44180	15.9193348380488
44206	15.9193348380478
44222	15.9193348380428
44258	15.9193348380421
44274	15.9193348380402
44288	15.9193348380399
44290	15.9193348380353
44326	15.9193348380326
44328	15.9193348380322
44346	15.9193348380286
44378	15.9193348380271
44388	15.9193348380258
44404	15.9193348380250
44412	15.9193348380244
44416	15.9193348380233
44434	15.9193348380212
44448	15.9193348380208
44454	15.9193348380195
44496	15.9193348380192
44510	15.9193348380178
44516	15.9193348380156
44518	15.9193348380143
44544	15.9193348380136
44548	15.9193348380127
44572	15.9193348380088
44584	15.9193348380066
44594	15.9193348380059
44602	15.9193348380004
44608	15.9193348379952
44640	15.9193348379948
44648	15.9193348379933
44650	15.9193348379890
44654	15.9193348379885
44668	15.9193348379885
44672	15.9193348379845
44682	15.919334837982
44696	15.9193348379779
44722	15.9193348379749
44732	15.9193348379733
44734	15.9193348379705
44752	15.9193348379688
44754	15.9193348379673
44760	15.9193348379652
44770	15.9193348379652
44790	15.9193348379632
44802	15.9193348379622
44840	15.9193348379586
44878	15.9193348379582
44904	15.9193348379566
44922	15.9193348379551
44928	15.9193348379535
44948	15.9193348379528
44960	15.9193348379526
44966	15.9193348379516
44974	15.9193348379503
44988	15.9193348379499
45006	15.9193348379496
45024	15.9193348379469
45054	15.9193348379446
45088	15.9193348379435
45108	15.9193348379431
45120	15.9193348379425
45132	15.9193348379420
45140	15.9193348379415
45144	15.9193348379408
45152	15.9193348379407
45154	15.9193348379405
45156	15.91933483794
45162	15.9193348379394
45174	15.9193348379394
45182	15.9193348379370
45186	15.9193348379362
45190	15.9193348379357
45194	15.9193348379354
45222	15.9193348379322
45252	15.9193348379311
45272	15.9193348379306
45278	15.91933483793
45302	15.9193348379293
45306	15.9193348379287
45324	15.9193348379286
45330	15.919334837928
45332	15.919334837928
45336	15.9193348379278
45340	15.9193348379251
45358	15.9193348379249
45360	15.9193348379235
45388	15.9193348379235
45412	15.9193348379230
45442	15.919334837923
45446	15.9193348379229
45458	15.9193348379229
45482	15.9193348379220
45484	15.9193348379212
45498	15.9193348379209
45518	15.9193348379205
45526	15.9193348379204
45528	15.9193348379202
45540	15.9193348379201
45544	15.91933483792
45556	15.9193348379198
45570	15.9193348379192
45574	15.9193348379191
45580	15.9193348379186
45584	15.9193348379182
45600	15.9193348379158
45616	15.9193348379154
45620	15.9193348379153
45630	15.9193348379151
45634	15.9193348379150
45642	15.9193348379141
45648	15.9193348379141
45686	15.9193348379138
45692	15.9193348379132
45700	15.9193348379132
45708	15.9193348379128
45722	15.9193348379126
45728	15.9193348379119
45746	15.9193348379118
45754	15.9193348379105
45768	15.9193348379101
45778	15.9193348379092
45808	15.9193348379082
45846	15.9193348379080
45850	15.9193348379079
45852	15.9193348379072
45858	15.9193348379066
45876	15.9193348379066
45878	15.9193348379059
45888	15.9193348379058
45892	15.9193348379056
45896	15.9193348379048
45898	15.9193348379047
45904	15.919334837904
45916	15.9193348379035
45936	15.9193348379022
45954	15.9193348379022
45956	15.9193348379013
45970	15.9193348379007
45976	15.9193348378999
46010	15.9193348378997
46012	15.9193348378995
46016	15.9193348378995
46038	15.9193348378989
46042	15.9193348378988
46052	15.9193348378987
46054	15.9193348378986
46062	15.9193348378975
46072	15.9193348378971
46076	15.9193348378968
46082	15.9193348378966
46114	15.9193348378963
46122	15.9193348378962
46152	15.9193348378961
46178	15.9193348378958
46188	15.9193348378952
46220	15.9193348378944
46234	15.9193348378943
46240	15.919334837894
46248	15.9193348378934
46280	15.9193348378932
46284	15.9193348378924
46290	15.9193348378922
46320	15.9193348378919
46326	15.9193348378918
46340	15.9193348378918
46348	15.9193348378913
46350	15.9193348378909
46352	15.9193348378905
46360	15.9193348378904
46374	15.9193348378894
46382	15.9193348378891
46394	15.9193348378884
46414	15.9193348378873
46422	15.9193348378867
46426	15.9193348378864
46438	15.9193348378859
46454	15.9193348378857
46478	15.9193348378855
46480	15.9193348378854
46484	15.9193348378853
46496	15.9193348378853
46500	15.9193348378853
46504	15.9193348378850
46522	15.9193348378845
46554	15.9193348378844
46564	15.9193348378844
46570	15.9193348378843
46576	15.9193348378842
46586	15.9193348378842
46610	15.9193348378841
46612	15.919334837884
46614	15.9193348378839
46618	15.9193348378839
46626	15.9193348378839
46628	15.9193348378836
46646	15.9193348378836
46654	15.9193348378836
46656	15.9193348378834
46668	15.9193348378833
46670	15.9193348378833
46684	15.9193348378833
46686	15.9193348378832
46692	15.9193348378831
46708	15.9193348378830
46738	15.9193348378829
46746	15.9193348378829
46756	15.9193348378828
46760	15.9193348378828
46768	15.9193348378827
46772	15.9193348378826
46792	15.9193348378826
46812	15.9193348378824
46830	15.9193348378823
46848	15.9193348378823
46850	15.9193348378822
46860	15.919334837882
46872	15.9193348378819
46876	15.9193348378819
46882	15.9193348378819
46886	15.9193348378818
46888	15.9193348378817
46890	15.9193348378816
46910	15.9193348378816
46918	15.9193348378814
46934	15.9193348378813
46944	15.9193348378812
46956	15.9193348378808
46988	15.9193348378806
46990	15.9193348378805
47010	15.9193348378804
47024	15.9193348378804
47032	15.9193348378803
47038	15.9193348378802
47052	15.9193348378801
47070	15.9193348378801
47072	15.9193348378799
47084	15.9193348378798
47088	15.9193348378797
47102	15.9193348378794
47104	15.9193348378793
47106	15.9193348378789
47118	15.9193348378788
47138	15.9193348378787
47172	15.9193348378787
47174	15.9193348378786
47180	15.9193348378786
47188	15.9193348378784
47208	15.9193348378782
47226	15.9193348378781
47242	15.9193348378780
47246	15.9193348378780
47258	15.9193348378779
47272	15.9193348378779
47274	15.9193348378779
47276	15.9193348378778
47284	15.9193348378777
47300	15.9193348378775
47302	15.9193348378775
47312	15.9193348378774
47332	15.9193348378772
47350	15.9193348378770
47362	15.9193348378769
47378	15.9193348378768
47388	15.9193348378767
47424	15.9193348378765
47426	15.9193348378764
47430	15.9193348378763
47432	15.9193348378763
47450	15.9193348378760
47470	15.9193348378760
47478	15.9193348378756
47482	15.9193348378756
47490	15.9193348378755
47532	15.9193348378754
47544	15.9193348378753
47558	15.9193348378753
47560	15.9193348378749
47570	15.9193348378748
47606	15.9193348378746
47624	15.9193348378745
47640	15.9193348378744
47642	15.9193348378739
47662	15.9193348378738
47672	15.9193348378735
47688	15.9193348378731
47722	15.9193348378730
47724	15.9193348378729
47734	15.9193348378727
47736	15.9193348378726
47744	15.9193348378725
47748	15.9193348378724
47762	15.9193348378724
47768	15.9193348378721
47788	15.9193348378718
47808	15.9193348378717
47812	15.9193348378716
47814	15.9193348378714
47820	15.9193348378709
47850	15.9193348378706
47852	15.9193348378705
47892	15.9193348378701
47916	15.91933483787
47918	15.91933483787
47920	15.9193348378700
47922	15.9193348378696
47928	15.9193348378695
47944	15.9193348378693
47950	15.9193348378688
47952	15.9193348378682
47982	15.9193348378682
48006	15.9193348378681
48018	15.9193348378681
48020	15.9193348378681
48028	15.9193348378681
48030	15.9193348378681
48032	15.9193348378680
48048	15.9193348378679
48050	15.9193348378677
48082	15.9193348378677
48092	15.9193348378677
48104	15.9193348378676
48134	15.9193348378675
48154	15.9193348378675
48162	15.9193348378674
48182	15.9193348378672
48208	15.9193348378671
48210	15.9193348378670
48216	15.9193348378669
48230	15.9193348378668
48240	15.9193348378667
48258	15.9193348378665
48268	15.9193348378664
48276	15.9193348378662
48318	15.9193348378661
48326	15.9193348378661
48328	15.9193348378661
48330	15.9193348378659
48354	15.9193348378659
48360	15.9193348378657
48382	15.9193348378656
48390	15.9193348378656
48432	15.9193348378654
48434	15.9193348378654
48452	15.9193348378654
48472	15.9193348378653
48476	15.9193348378653
48484	15.9193348378653
48486	15.9193348378652
48500	15.9193348378652
48512	15.9193348378652
48534	15.9193348378650
48562	15.9193348378650
48564	15.9193348378650
48574	15.9193348378649
48582	15.9193348378649
48600	15.9193348378648
48624	15.9193348378647
48654	15.9193348378646
48676	15.9193348378646
48680	15.9193348378646
48684	15.9193348378645
48686	15.9193348378645
48692	15.9193348378642
48696	15.9193348378641
48722	15.9193348378640
48724	15.9193348378638
48746	15.9193348378637
48758	15.9193348378636
48772	15.9193348378635
48792	15.9193348378635
48796	15.9193348378634
48804	15.9193348378633
48852	15.9193348378632
48874	15.9193348378632
48876	15.9193348378632
48878	15.9193348378631
48900	15.9193348378631
48932	15.9193348378631
48936	15.9193348378631
48952	15.9193348378631
48954	15.9193348378631
48962	15.9193348378631
48966	15.9193348378631
48972	15.9193348378631
48974	15.9193348378630
48982	15.919334837863
48986	15.919334837863
48994	15.9193348378630
49002	15.9193348378629
49004	15.9193348378629
49012	15.9193348378628
49032	15.9193348378628
49034	15.9193348378628
49038	15.9193348378628
49046	15.9193348378627
49096	15.9193348378627
49102	15.9193348378627
49132	15.9193348378626
49144	15.9193348378626
49156	15.9193348378626
49158	15.9193348378626
49164	15.9193348378626
49172	15.9193348378625
49192	15.9193348378625
49222	15.9193348378624
49248	15.9193348378624
49256	15.9193348378624
49290	15.9193348378624
49302	15.9193348378624
49326	15.9193348378624
49330	15.9193348378624
49340	15.9193348378624
49364	15.9193348378624
49390	15.9193348378623
49454	15.9193348378623
49460	15.9193348378623
49470	15.9193348378622
49478	15.9193348378622
49494	15.9193348378622
49498	15.9193348378622
49508	15.9193348378622
49544	15.9193348378621
49548	15.9193348378621
49560	15.9193348378621
49562	15.9193348378621
49564	15.9193348378621
49566	15.9193348378620
49578	15.919334837862
49586	15.919334837862
49598	15.919334837862
49604	15.9193348378619
49628	15.9193348378619
49638	15.9193348378619
49650	15.9193348378618
49680	15.9193348378618
49712	15.9193348378617
49724	15.9193348378617
49738	15.9193348378617
49752	15.9193348378617
49754	15.9193348378616
49768	15.9193348378616
49792	15.9193348378616
49810	15.9193348378616
49812	15.9193348378615
49824	15.9193348378615
49826	15.9193348378615
49830	15.9193348378615
49832	15.9193348378615
49850	15.9193348378615
49868	15.9193348378615
49874	15.9193348378614
49888	15.9193348378614
49936	15.9193348378614
49944	15.9193348378614
49946	15.9193348378613
49984	15.9193348378613
50002	15.9193348378613
50020	15.9193348378613
50032	15.9193348378612
50036	15.9193348378612
50046	15.9193348378612
50050	15.9193348378611
50058	15.9193348378611
50070	15.9193348378611
50078	15.919334837861
50086	15.9193348378609
50124	15.9193348378609
50130	15.9193348378609
50138	15.9193348378609
50140	15.9193348378609
50166	15.9193348378609
50170	15.9193348378608
50180	15.9193348378608
50194	15.9193348378608
50202	15.9193348378608
50230	15.9193348378608
50256	15.9193348378608
50280	15.9193348378608
50282	15.9193348378607
50302	15.9193348378607
50328	15.9193348378607
50332	15.9193348378607
50338	15.9193348378607
50376	15.9193348378607
50402	15.9193348378607
50424	15.9193348378607
50440	15.9193348378606
50442	15.9193348378606
50452	15.9193348378606
50454	15.9193348378606
50478	15.9193348378606
50484	15.9193348378606
50494	15.9193348378606
50510	15.9193348378606
50530	15.9193348378605
50532	15.9193348378605
50534	15.9193348378605
50548	15.9193348378605
50554	15.9193348378605
50564	15.9193348378605
50576	15.9193348378605
50596	15.9193348378605
50632	15.9193348378605
50634	15.9193348378604
50646	15.9193348378604
50648	15.9193348378604
50656	15.9193348378604
50668	15.9193348378604
50672	15.9193348378604
50696	15.9193348378604
50710	15.9193348378604
50712	15.9193348378604
50720	15.9193348378604
50730	15.9193348378604
50766	15.9193348378604
50788	15.9193348378604
50790	15.9193348378603
50828	15.9193348378603
50842	15.9193348378603
50852	15.9193348378603
50854	15.9193348378603
50870	15.9193348378603
50872	15.9193348378603
50876	15.9193348378603
50884	15.9193348378603
50912	15.9193348378603
50918	15.9193348378603
50936	15.9193348378603
50940	15.9193348378603
50942	15.9193348378602
50946	15.9193348378602
50956	15.9193348378602
50962	15.9193348378602
50982	15.9193348378602
51010	15.9193348378602
51028	15.9193348378602
51034	15.9193348378601
51036	15.9193348378601
51072	15.9193348378601
51078	15.9193348378601
51088	15.9193348378601
51090	15.9193348378601
51094	15.9193348378601
51108	15.9193348378601
51130	15.9193348378600
51134	15.91933483786
51162	15.9193348378600
51170	15.9193348378599
51206	15.9193348378599
51212	15.9193348378599
51228	15.9193348378598
51234	15.9193348378598
51242	15.9193348378598
51262	15.9193348378598
51264	15.9193348378598
51286	15.9193348378598
51288	15.9193348378597
51290	15.9193348378597
51296	15.9193348378597
51324	15.9193348378597
51326	15.9193348378597
51332	15.9193348378597
51342	15.9193348378596
51372	15.9193348378596
51384	15.9193348378596
51392	15.9193348378596
51412	15.9193348378596
51418	15.9193348378596
51434	15.9193348378595
51442	15.9193348378595
51450	15.9193348378595
51458	15.9193348378595
51472	15.9193348378594
51480	15.9193348378594
51488	15.9193348378594
51498	15.9193348378594
51508	15.9193348378593
51510	15.9193348378592
51520	15.9193348378592
51526	15.9193348378592
51556	15.9193348378592
51576	15.9193348378591
51580	15.9193348378591
51586	15.9193348378591
51626	15.9193348378591
51640	15.9193348378590
51642	15.9193348378590
51654	15.919334837859
51684	15.919334837859
51704	15.9193348378589
51710	15.9193348378589
51734	15.9193348378589
51736	15.9193348378588
51742	15.9193348378588
51750	15.9193348378588
51770	15.9193348378588
51776	15.9193348378587
51790	15.9193348378587
51792	15.9193348378587
51796	15.9193348378587
51816	15.9193348378587
51820	15.9193348378586
51830	15.9193348378586
51842	15.9193348378586
51844	15.9193348378586
51858	15.9193348378586
51860	15.9193348378586
51876	15.9193348378585
51878	15.9193348378585
51902	15.9193348378585
51908	15.9193348378585
51910	15.9193348378585
51912	15.9193348378585
51938	15.9193348378585
51952	15.9193348378584
51958	15.9193348378584
51970	15.9193348378584
51972	15.9193348378584
51992	15.9193348378583
52008	15.9193348378583
52042	15.9193348378583
52044	15.9193348378583
52050	15.9193348378583
52054	15.9193348378583
52058	15.9193348378582
52060	15.9193348378582
52062	15.9193348378582
52068	15.9193348378582
52090	15.9193348378582
52098	15.9193348378581
52112	15.9193348378581
52130	15.9193348378581
52138	15.9193348378581
52144	15.9193348378581
52146	15.9193348378580
52154	15.919334837858
52178	15.9193348378580
52216	15.9193348378579
52230	15.9193348378579
52232	15.9193348378579
52252	15.9193348378578
52258	15.9193348378577
52272	15.9193348378577
52276	15.9193348378577
52282	15.9193348378576
52286	15.9193348378576
52290	15.9193348378576
52292	15.9193348378576
52300	15.9193348378576
52310	15.9193348378575
52318	15.9193348378575
52330	15.9193348378574
52342	15.9193348378573
52368	15.9193348378573
52378	15.9193348378573
52380	15.9193348378573
52386	15.9193348378572
52388	15.9193348378571
52394	15.9193348378571
52414	15.9193348378571
52416	15.9193348378571
52418	15.9193348378570
52424	15.9193348378569
52444	15.9193348378568
52456	15.9193348378567
52458	15.9193348378566
52500	15.9193348378566
52504	15.9193348378565
52524	15.9193348378565
52528	15.9193348378565
52532	15.9193348378564
52568	15.9193348378563
52576	15.9193348378563
52606	15.9193348378563
52620	15.9193348378563
52628	15.9193348378562
52632	15.9193348378562
52642	15.9193348378562
52672	15.9193348378562
52708	15.9193348378562
52714	15.9193348378561
52748	15.9193348378561
52752	15.9193348378561
52758	15.9193348378561
52762	15.9193348378561
52770	15.9193348378561
52772	15.9193348378560
52784	15.919334837856
52798	15.9193348378560
52810	15.9193348378560
52820	15.9193348378560
52824	15.9193348378560
52830	15.9193348378559
52834	15.9193348378559
52842	15.9193348378559
52852	15.9193348378559
52860	15.9193348378559
52872	15.9193348378559
52884	15.9193348378559
52900	15.9193348378559
52906	15.9193348378559
52940	15.9193348378559
52954	15.9193348378559
52992	15.9193348378558
52996	15.9193348378558
53026	15.9193348378558
53038	15.9193348378558
53042	15.9193348378558
53058	15.9193348378558
53072	15.9193348378558
53080	15.9193348378558
53082	15.9193348378558
53094	15.9193348378558
53098	15.9193348378558
53102	15.9193348378558
53134	15.9193348378558
53138	15.9193348378557
53158	15.9193348378557
53182	15.9193348378557
53188	15.9193348378557
53192	15.9193348378557
53230	15.9193348378557
53246	15.9193348378557
53258	15.9193348378557
53274	15.9193348378557
53284	15.9193348378557
53294	15.9193348378557
53298	15.9193348378557
53306	15.9193348378556
53312	15.9193348378556
53318	15.9193348378556
53330	15.9193348378556
53348	15.9193348378556
53384	15.9193348378556
53408	15.9193348378556
53410	15.9193348378556
53414	15.9193348378556
53442	15.9193348378556
53452	15.9193348378556
53468	15.9193348378556
53470	15.9193348378555
53476	15.9193348378555
53480	15.9193348378555
53484	15.9193348378555
53498	15.9193348378555
53508	15.9193348378555
53514	15.9193348378555
53532	15.9193348378555
53550	15.9193348378555
53552	15.9193348378555
53556	15.9193348378555
53562	15.9193348378555
53578	15.9193348378555
53590	15.9193348378555
53594	15.9193348378555
53604	15.9193348378555
53630	15.9193348378555
53638	15.9193348378554
53650	15.9193348378554
53714	15.9193348378554
53734	15.9193348378554
53746	15.9193348378554
53754	15.9193348378554
53762	15.9193348378554
53768	15.9193348378554
53810	15.9193348378554
53814	15.9193348378554
53828	15.9193348378554
53834	15.9193348378554
53850	15.9193348378554
53856	15.9193348378553
53862	15.9193348378553
53864	15.9193348378553
53894	15.9193348378553
53898	15.9193348378553
53918	15.9193348378553
53936	15.9193348378553
53954	15.9193348378553
53962	15.9193348378553
53982	15.9193348378553
53996	15.9193348378553
54000	15.9193348378553
54008	15.9193348378553
54014	15.9193348378552
54048	15.9193348378552
54058	15.9193348378552
54060	15.9193348378552
54062	15.9193348378552
54094	15.9193348378552
54120	15.9193348378552
54146	15.9193348378552
54166	15.9193348378552
54202	15.9193348378552
54204	15.9193348378552
54206	15.9193348378552
54212	15.9193348378552
54218	15.9193348378552
54234	15.9193348378552
54238	15.9193348378551
54240	15.9193348378551
54260	15.9193348378551
54272	15.9193348378551
54276	15.9193348378551
54280	15.9193348378551
54312	15.9193348378551
54340	15.9193348378551
54342	15.9193348378551
54374	15.9193348378551
54390	15.9193348378551
54408	15.9193348378551
54422	15.9193348378551
54444	15.9193348378550
54452	15.9193348378550
54456	15.9193348378550
54476	15.919334837855
54478	15.919334837855
54530	15.9193348378550
54562	15.9193348378550
54590	15.9193348378550
54606	15.9193348378550
54632	15.9193348378550
54644	15.9193348378550
54652	15.9193348378550
54656	15.9193348378550
54660	15.9193348378550
54700	15.9193348378549
54734	15.9193348378549
54760	15.9193348378549
54766	15.9193348378549
54770	15.9193348378549
54778	15.9193348378549
54790	15.9193348378549
54798	15.9193348378549
54814	15.9193348378549
54838	15.9193348378549
54874	15.9193348378549
54904	15.9193348378549
54908	15.9193348378549
54916	15.9193348378549
54918	15.9193348378549
54926	15.9193348378549
54976	15.9193348378548
54984	15.9193348378548
55006	15.9193348378548
55020	15.9193348378548
55060	15.9193348378548
55062	15.9193348378548
55070	15.9193348378548
55080	15.9193348378548
55102	15.9193348378548
55130	15.9193348378548
55152	15.9193348378548
55158	15.9193348378548
55164	15.9193348378548
55182	15.9193348378547
55208	15.9193348378547
55222	15.9193348378547
55248	15.9193348378547
55284	15.9193348378547
55298	15.9193348378547
55324	15.9193348378547
55332	15.9193348378547
55344	15.9193348378547
55382	15.9193348378547
55422	15.9193348378547
55492	15.9193348378547
55538	15.9193348378547
55546	15.9193348378547
55586	15.9193348378547
55614	15.9193348378547
55618	15.9193348378547
55646	15.9193348378547
55658	15.9193348378547
55660	15.9193348378547
55674	15.9193348378547
55696	15.9193348378546
55706	15.9193348378546
55762	15.9193348378546
55772	15.9193348378546
55792	15.9193348378546
55812	15.9193348378546
55830	15.9193348378546
55846	15.9193348378546
55870	15.9193348378546
55898	15.9193348378546
56130	15.9193348378546
56144	15.9193348378546
56148	15.9193348378546
56226	15.9193348378546
56240	15.9193348378546
56364	15.9193348378546
56378	15.9193348378546
56412	15.9193348378546
56630	15.9193348378546
56734	15.9193348378546
56824	15.9193348378546
56860	15.9193348378546
56926	15.9193348378546
57550	15.9193348378546
57654	15.9193348378546
57882	15.9193348378546
58456	15.9193348378546
59330	15.9193348378546
59838	15.9193348378546
60072	15.9193348378546
60426	15.9193348378546
61572	15.9193348378546
62402	15.9193348378546
63374	15.9193348378546
64852	15.9193348378546
67016	15.9193348378546
67428	15.9193348378545
74580	15.9193348378545
83596	15.9193348378545
85664	15.9193348378545
127184	15.9193348378545
300000	15.9193348378545
