52	464.909968901486
72	381.89886965635
102	318.623676246293
162	294.832392121331
262	292.87928470523
270	273.123572210623
282	237.539312138696
508	228.954720981573
1332	213.582568723234
1532	206.043566197464
2528	201.760239795417
3016	198.719226841819
4076	178.330384909641
4440	170.064963535278
4696	167.586763285350
4714	157.485503274440
4766	140.156702460824
4830	133.938778345689
4900	132.375673332922
4904	126.926031446684
4914	124.295672707585
4928	115.89564060961
4950	112.610125257209
4970	111.893416342650
4972	110.817011398447
4982	110.268111539259
4992	109.499301280648
5010	107.380809195332
5014	106.756545409777
5022	99.2185513029682
5076	98.6932904554146
5088	97.1833149814623
5134	96.0722981028598
5138	96.060199796976
5144	95.3743945598055
5162	92.8440030217212
5204	92.0891311855554
5214	91.1499124739765
5238	89.0797988542914
5240	88.8630162796419
5250	88.693652800396
5266	87.7912981497152
5268	87.5394313084534
5302	87.0288907687721
5318	86.9305708983971
5324	86.1476055381015
5332	85.0205014962327
5356	84.7440223314823
5362	83.869116047426
5366	83.6227589201775
5380	83.5667059005382
5386	83.4077936281953
5396	82.9867809513712
5398	81.79330826237
5402	81.617937205176
5428	81.4641063291093
5430	81.3714603845098
5438	80.9486926221192
5442	80.7886200259681
5444	80.732016019511
5446	79.5633314038184
5456	79.2864982219904
5460	79.248637227114
5472	78.6783955559251
5476	78.1215219637059
5478	77.1549652793813
5514	76.1632448429364
5516	76.0156096068756
5524	75.4676734405677
5538	74.7732095151361
5550	73.6226067635374
5562	72.3866642312583
5622	72.3823358862243
5630	71.6781942074088
5652	71.3062053765861
5692	70.9006832173476
5704	70.1691527690035
5730	69.9393005839978
5774	69.7520842481089
5788	69.4507345652202
5806	69.4247730120433
5826	69.3797669943887
5836	69.1074300935878
5872	69.012073027921
5896	68.8243097184106
5910	68.5663957212382
5912	68.5338516631152
5956	68.521800205907
5958	68.478285592717
5966	68.372493828332
5972	68.2365386381683
5976	68.1699097480397
5988	67.9661274476815
6008	67.8741726786504
6028	67.7637698954788
6036	67.6809169933982
6038	67.4475712321119
6056	67.3480297334412
6060	67.18438705811
6072	67.1361171826075
6092	67.0407623322806
6096	66.9927151050784
6110	66.985527824382
6114	66.787841337585
6122	66.6499589808708
6134	66.6263053160927
6136	66.6154147069657
6144	66.553552068328
6146	66.4576010354623
6156	66.4236585037817
6166	66.3730454960156
6172	66.2619714980194
6188	66.256250214449
6198	66.2476217010164
6200	66.2244069221104
6202	66.1443391973989
6210	66.104530504774
6224	65.9809024411626
6244	65.7306921541503
6260	65.54779593465
6272	65.4276301512715
6274	65.3190938705412
6288	65.3049940769209
6292	65.2573829846815
6310	65.2053707033148
6316	65.2012842287983
6322	64.9983579511914
6340	64.8873593295482
6358	64.8175341756601
6360	64.7742083350515
6364	64.6961816777456
6380	64.5256178772913
6390	64.4891692890055
6402	64.4837486102438
6404	64.3946157528069
6414	64.2333307109841
6416	64.1302447515888
6428	63.9520768060037
6436	63.7103956832172
6452	63.4881983031059
6460	63.2812073223256
6470	63.2742962591654
6476	63.190144986054
6506	63.0246168111444
6524	62.9384374807746
6526	62.6559379511285
6572	62.5212796258743
6574	62.5199394681423
6592	62.4201681189811
6594	62.3183135810702
6616	62.1338376555703
6622	62.0808390171918
6626	62.0450219699986
6636	61.8803201984334
6638	61.8741143857018
6668	61.7369108190984
6700	61.5886994342468
6710	61.4944991302756
6714	61.3269211401096
6722	61.1550214529899
6744	60.8550021376556
6768	60.7061589595838
6806	60.5612695837224
6810	60.4282518925837
6826	60.3208641710067
6848	60.1987757615832
6852	60.0645950011175
6882	59.8154098322557
6890	59.7412901499997
6902	59.529416885983
6936	59.4076583338703
6948	59.3219179037001
6954	59.2548831248555
6962	59.1590997052489
6966	59.0537776281593
6978	58.935603688472
6982	58.8145401975056
6994	58.6984789370383
6996	58.4894043751141
7020	58.4791082492243
7022	58.4538192566465
7038	58.3452110643049
7048	58.2682563097726
7072	58.1922439474937
7088	57.8194450749603
7098	57.6567908523118
7102	57.6353300060163
7110	57.3258114940124
7136	57.2701038736713
7140	57.1878603093582
7160	56.7191314559524
7168	56.6801151456048
7172	56.6471309845831
7180	56.4870415447041
7190	56.32543937517
7202	56.2096207022844
7206	56.072683334734
7226	55.838216257462
7234	55.5344848029503
7246	55.5297155706933
7260	55.3952362671078
7262	55.2742593290539
7276	55.0958962426225
7286	55.0134130743928
7298	54.7321694168482
7304	54.6847654221927
7308	54.3252793141463
7320	54.0406538481886
7324	53.727427709829
7336	53.343371793022
7360	52.7319570185575
7376	52.6149524787772
7410	52.2824308545667
7442	51.9804458037095
7446	51.9707044902749
7454	51.8406215093412
7458	51.6322831293245
7466	51.5759520673110
7476	51.2313675269334
7488	51.1575932187326
7490	51.0850263538085
7500	50.9721132430144
7508	50.8114107026862
7510	50.7581717928489
7522	50.6414832697033
7530	50.6125658805994
7534	50.3882264679953
7562	50.3023795663762
7602	50.1476022735322
7608	50.1009462021891
7612	49.927305003528
7632	49.8828075946568
7638	49.7929786724709
7660	49.6503410519783
7682	49.5726407879542
7706	49.5724256090913
7716	49.5527440905794
7722	49.4571124631442
7750	49.3772389439161
7754	48.8191681311063
7772	48.7359460868987
7788	48.7038998962019
7808	48.6843558987672
7820	48.6384766874791
7848	48.561126298064
7850	48.4588047782818
7856	48.4442279841332
7862	48.1554373623484
7876	47.6867585547635
7896	47.6529910015122
7904	47.6128479260364
7906	47.5193365089975
7914	47.3856523302802
7924	47.3762579769242
7926	47.3546570114148
7952	47.0013375015027
7976	46.6658082244006
7988	46.1692231434959
8044	46.0893670894023
8052	45.8283024511792
8062	45.6510369827194
8074	45.6059936949941
8092	45.5436047666456
8096	45.5185927972222
8120	45.5029042543972
8122	45.4337560304398
8152	45.3984859573982
8164	45.3475249393857
8168	45.303459412865
8184	45.2991042241722
8206	45.2465681207611
8208	45.1989905772204
8220	45.1883484693853
8248	44.9921428207755
8260	44.9447141388358
8270	44.9436323198484
8306	44.9179845718651
8308	44.8898646052205
8314	44.8559273685372
8324	44.8516488203857
8348	44.8006546435756
8358	44.7756818159252
8386	44.7379057830586
8410	44.7238532153826
8432	44.7234182263247
8442	44.711054658836
8448	44.6924318426272
8450	44.6503886626611
8454	44.6022090571186
8472	44.5952676829418
8482	44.5814470222689
8492	44.5361429452246
8504	44.5296708834306
8510	44.5287557209583
8514	44.4877965208491
8528	44.4656932663068
8532	44.4490957423512
8536	44.4474416994356
8546	44.4089919817029
8564	44.3462969057937
8582	44.3456182372292
8596	44.3202551154766
8604	44.3148104227423
8610	44.2801431533513
8642	44.2742539816994
8658	44.2216410050132
8668	44.17368985677
8700	44.1734023456129
8702	44.1592863104699
8704	44.1494824570469
8714	44.1385776716973
8724	44.1322616879982
8728	44.0792605557665
8740	44.0754980704463
8746	44.0204424717644
8754	44.0051358834811
8758	44.0027333198625
8764	43.9285783140187
8772	43.8931088014812
8780	43.8817311121806
8782	43.8738075402648
8798	43.868680580868
8800	43.8302177999681
8802	43.7931828081916
8816	43.7700271458364
8830	43.7213092172984
8834	43.7049908483592
8838	43.6754291383121
8864	43.6646027006235
8874	43.618946832229
8886	43.6157149045059
8910	43.5973239510165
8924	43.5726069257937
8932	43.56994673143
8946	43.5540877279122
8952	43.5321381923423
8958	43.4840537877401
8962	43.4611664802199
8980	43.4547725824713
8982	43.4380574091285
8990	43.4273025928263
8992	43.3972685461359
8996	43.3862973287513
9004	43.2891420848848
9020	43.2475205843996
9038	43.1947723308458
9048	43.1286790578091
9062	43.0550718003888
9084	43.048275974173
9092	43.0335538333521
9108	42.9862663266285
9116	42.9234404619559
9120	42.8931794081306
9138	42.8880605030918
9146	42.8754973455176
9152	42.8685729760426
9158	42.6954049848633
9166	42.6691775270946
9186	42.555396742902
9196	42.4130882581137
9198	42.4101535130179
9204	42.358245837648
9222	42.2119954306433
9234	42.1211924559368
9248	42.035411783064
9256	42.0204418241084
9264	41.9729064093055
9270	41.8472568669862
9278	41.8035548450737
9280	41.7495586269511
9286	41.7223720528211
9304	41.6685551770496
9310	41.5779674467624
9314	41.5547486100202
9328	41.5407004360433
9340	41.4793937617772
9346	41.4664541047136
9348	41.4152267512184
9352	41.3739188442088
9386	41.30784581627
9390	41.2724599575374
9396	41.2375049457184
9406	41.1545867292499
9420	41.1526454161847
9436	41.1313247170409
9444	41.0713780287448
9470	41.0180937509382
9478	40.9812332113331
9484	40.9298941973106
9516	40.9130301353686
9520	40.8163647957977
9546	40.7857521413599
9584	40.762715950895
9594	40.6369211494207
9596	40.5885032200331
9616	40.5293698779299
9630	40.5280216491606
9652	40.517288024625
9654	40.5164575845553
9658	40.4926374392214
9662	40.3719246919233
9680	40.3517648709243
9682	40.3074673276235
9686	40.1575861191765
9692	40.0908421322485
9704	40.0274111346107
9730	40.0029596847705
9740	40.0026602258660
9742	39.9950689842178
9748	39.9020574875009
9792	39.9001603529117
9802	39.7086105650688
9832	39.7026899958469
9846	39.6169392919096
9878	39.5975496708162
9892	39.4408021587612
9914	39.4088639417912
9934	39.3480673269757
9942	39.2643895557442
9948	39.240175214949
9956	39.1488824040559
9964	39.1256317897822
9996	38.930642203445
10002	38.8399038631242
10008	38.8364832030362
10034	38.7963763525612
10072	38.7955915840739
10076	38.7865452534712
10084	38.7600220182464
10094	38.7351050789283
10122	38.722488119222
10124	38.6751320043207
10144	38.6543803791904
10176	38.6375272815749
10192	38.6283068848843
10200	38.608707090649
10214	38.5642892994394
10218	38.5586849133774
10224	38.5507358567501
10232	38.5224611419474
10244	38.5172457177690
10252	38.5109692748339
10256	38.4873326261624
10272	38.4702539356701
10284	38.4693618724112
10292	38.4553006789081
10300	38.4098797833136
10310	38.3888706318371
10322	38.3522875796414
10336	38.3450268067214
10338	38.3000268361142
10344	38.2805997767162
10366	38.2420308617342
10372	38.1383006801911
10378	38.0887327790178
10388	38.0721397421298
10396	38.0647926525235
10404	37.9657706555524
10446	37.963389614264
10452	37.9233951403839
10478	37.9125899593112
10482	37.8753721476123
10514	37.85909919951
10528	37.8383352202591
10534	37.8306671580689
10538	37.8125293028489
10542	37.7773965663125
10548	37.7160195164028
10552	37.6879642110258
10556	37.6439457080141
10580	37.6120695999951
10590	37.6026180364546
10598	37.5974859968407
10602	37.5960623905679
10604	37.5910308299619
10612	37.549568807836
10614	37.5491088148428
10626	37.5488442380257
10628	37.5108422512536
10636	37.4745414265835
10646	37.4596268239445
10650	37.4081796471677
10668	37.3852631708742
10696	37.3635103214667
10700	37.3586503583678
10704	37.3296485737661
10716	37.2867374914169
10732	37.2594595375172
10750	37.2544453071757
10756	37.244069420169
10762	37.2404714325732
10768	37.2329427894004
10776	37.2079463163841
10814	37.1845181440449
10816	37.1524213318646
10848	37.1465536884924
10862	37.1439274547768
10876	37.1387992200657
10888	37.1298475147591
10894	37.1021417293287
10918	37.0890748039576
10920	37.0845868978567
10938	37.0742958823495
10952	37.07025456707
10960	37.0600941208055
10986	37.0591783183468
10990	37.0364854447383
11006	36.9902093738494
11030	36.9844390415193
11046	36.9773204537834
11062	36.9695196428336
11064	36.9538117804512
11074	36.9408505979817
11110	36.9358228348213
11114	36.9343651010742
11142	36.9082665608030
11174	36.8893162955290
11180	36.8737280977606
11214	36.8716209759434
11236	36.8446143434996
11252	36.8302048344727
11268	36.8218569087269
11274	36.8097263423130
11276	36.7827189171837
11290	36.782130363543
11294	36.7780330322511
11296	36.7512452375353
11302	36.7349897373738
11314	36.7316228864176
11328	36.7275046058086
11332	36.7123463146671
11336	36.6997595830161
11338	36.6874278741465
11340	36.6765154600964
11342	36.6573740802936
11344	36.6441313461447
11346	36.6230655751183
11352	36.6035410829074
11374	36.5820393528341
11378	36.5537242225987
11390	36.5125285582981
11450	36.4979977885657
11460	36.4927992894941
11476	36.4802193762138
11482	36.4797984941891
11502	36.4775182723297
11512	36.4770438558031
11542	36.4554408131551
11546	36.4304969078602
11594	36.4202568067527
11610	36.3993096720503
11616	36.3923677728909
11624	36.3899685474447
11660	36.3752200237158
11664	36.3726178681991
11674	36.3715851622614
11682	36.3592879115682
11688	36.3563833630150
11692	36.3510386545069
11718	36.3413524876039
11722	36.3251299194583
11736	36.3153595520235
11750	36.3104432913455
11752	36.3033123815189
11756	36.3007580859481
11760	36.2817262809377
11784	36.2810214411068
11798	36.2797466187553
11804	36.2694272428477
11822	36.2656883800984
11836	36.2650212134232
11850	36.2576187147686
11852	36.2537436351811
11862	36.2288338656627
11882	36.2270976623744
11896	36.2126810013947
11912	36.2040824926966
11936	36.1964981029204
11948	36.1865282765539
11962	36.1780822937578
11974	36.1699165077207
11978	36.1578540855512
11980	36.1516474459136
11994	36.140454055576
12002	36.1353315055491
12008	36.1337732176525
12016	36.1156629905834
12040	36.1124507298259
12044	36.1020699962582
12066	36.0938522017314
12070	36.0884499326218
12086	36.0883691720528
12088	36.0824346780769
12098	36.0730745350857
12126	36.0719279076135
12128	36.0668037987279
12132	36.065962242625
12142	36.0603733937776
12144	36.0547477116891
12148	36.0491552877047
12154	36.0465110453173
12162	36.0447823060982
12166	36.0445676279615
12184	36.0435759871721
12194	36.0411081410106
12200	36.0405057741561
12216	36.0349877450485
12236	36.0302633641503
12266	36.0302230111707
12268	36.0295638285758
12274	36.0286629557973
12278	36.0279845708766
12282	36.0220878095884
12294	36.0217591837389
12310	36.0168315017467
12332	36.0119842409111
12346	36.0105491118579
12366	36.0091375783381
12374	36.008117247696
12392	36.0064077109785
12394	36.0034082530944
12406	36.0032666162902
12414	36.0012238040166
12418	35.9962991618608
12448	35.9957922169388
12458	35.9929042962137
12468	35.9912593924184
12474	35.9906037397219
12482	35.9904543410744
12494	35.9889026992723
12518	35.9885897608817
12528	35.9876419451926
12550	35.986625093033
12568	35.9863731247535
12570	35.9863454116747
12580	35.9860566526654
12600	35.9858623915015
12602	35.9850505015069
12612	35.9844442216369
12628	35.9844064224223
12630	35.9836833473011
12640	35.9825813601055
12650	35.9823276772091
12654	35.9813554393066
12664	35.978557466457
12676	35.9777169798994
12708	35.9768123204795
12718	35.9737878355123
12736	35.973158643244
12750	35.972503162728
12790	35.9724327236444
12798	35.9722617046700
12806	35.9719488973549
12816	35.9707065753561
12822	35.9703794428918
12826	35.9698877820044
12828	35.9698386668633
12832	35.9688166103965
12836	35.9677582532209
12870	35.9677355985939
12874	35.9672735065236
12876	35.9659849869571
12906	35.9658385641899
12908	35.9658245893370
12910	35.9641140701242
12934	35.9637156122728
12940	35.9635002035224
12950	35.9634033697124
12952	35.9626447568188
12962	35.9621260657563
12974	35.9620060419675
12988	35.9614932862279
12996	35.9597114989322
13020	35.9590228703941
13050	35.9582177451542
13060	35.9574196397928
13072	35.9568821069625
13104	35.9564718161532
13110	35.9560140306945
13120	35.9553349015869
13140	35.9551307086076
13142	35.954078413668
13156	35.954027114171
13166	35.9539066854902
13182	35.9537457622516
13186	35.9536123545497
13192	35.9526826714696
13200	35.9525304528692
13206	35.9521342502879
13220	35.9516234415755
13232	35.9514038609002
13250	35.9508231306508
13262	35.9501859278426
13276	35.9497131624410
13304	35.9496020397684
13310	35.9495004357062
13332	35.9488255381925
13338	35.9486221050068
13360	35.9482900923161
13364	35.9481042742108
13374	35.9480667089803
13378	35.9464196603206
13384	35.9458618782458
13386	35.9454754416755
13398	35.9449450356355
13408	35.9437332294518
13430	35.9421588136345
13432	35.9407283529688
13452	35.9399914779458
13454	35.9398654085899
13462	35.9398172133881
13470	35.9381172455875
13496	35.9377579394026
13504	35.9370968221607
13510	35.9346132462147
13516	35.9345994259604
13536	35.9341217778399
13540	35.9337599530457
13542	35.9333881938271
13548	35.9318034206316
13550	35.9312652309075
13570	35.9312220511174
13586	35.9286655204852
13648	35.9278667188272
13654	35.9263117011967
13662	35.9260634995831
13682	35.9249868277639
13700	35.9246018343696
13704	35.9240226419264
13710	35.9230690909754
13718	35.9213658407937
13746	35.9207124872119
13754	35.9195639794827
13786	35.9188322359007
13788	35.9182026179706
13794	35.9175900818422
13808	35.9166180526786
13810	35.9135069320556
13852	35.9128522375114
13862	35.9128242957433
13864	35.9103978431831
13876	35.910018232026
13878	35.9092162560206
13884	35.9085406962189
13900	35.9058277845892
13902	35.9058061612417
13918	35.9058041318278
13934	35.9051370799401
13958	35.9046250261155
13960	35.9043201047408
13968	35.9030149038591
13992	35.902796373664
13996	35.9009832697424
14004	35.9003567504026
14006	35.8989143776495
14032	35.898883353495
14034	35.8988738012309
14044	35.8981024226022
14056	35.8977485446838
14062	35.897396031528
14064	35.8971074460442
14072	35.8963796597785
14078	35.8959337222691
14086	35.8958976685301
14100	35.8951764010438
14112	35.893274497046
14116	35.8927768651775
14126	35.891167176379
14130	35.8911333467466
14132	35.8909602180763
14144	35.8905731398099
14146	35.8903913128169
14150	35.889016853907
14186	35.8889147978591
14190	35.8883895491869
14194	35.8882810458126
14196	35.8863824430541
14218	35.8863204772951
14226	35.8859408453201
14242	35.8856861820377
14248	35.8852634383561
14272	35.8842339314943
14306	35.8833616611416
14314	35.8833292254401
14322	35.8815103442832
14356	35.8807571373517
14364	35.8804886261636
14378	35.8804616721562
14384	35.879760871535
14396	35.8794071143319
14404	35.8789246653169
14406	35.8785047071409
14410	35.8775758160163
14412	35.8771471588975
14420	35.8757683314071
14426	35.8754686978929
14446	35.8739664012613
14462	35.8724960329686
14472	35.8708545691473
14502	35.8695123991220
14542	35.8693659452538
14576	35.8669762133772
14606	35.8669218115163
14612	35.8667092993272
14616	35.8664873568098
14618	35.8653260799478
14640	35.8647525906954
14654	35.8640899399614
14670	35.8635527500818
14694	35.8617470946187
14716	35.8614082452304
14748	35.8611622687363
14750	35.8608128877421
14756	35.8595817116521
14780	35.8589201346549
14802	35.8587912716792
14804	35.8584929859813
14818	35.8583315003577
14830	35.8580206797044
14840	35.8575495341394
14852	35.8565285205992
14872	35.8563166936704
14880	35.8562508571659
14886	35.8559960337735
14892	35.8558821969995
14904	35.8554213501221
14908	35.8550680664442
14940	35.8546563151115
14950	35.8536376806658
14998	35.8530931961734
15028	35.8530278762828
15030	35.8527458530697
15032	35.8526234023846
15036	35.8525885580911
15050	35.8521973987853
15052	35.8519814709465
15062	35.8518609143976
15072	35.8518167061964
15074	35.8517903687133
15076	35.8517651716923
15082	35.8511847692608
15100	35.8511259789861
15106	35.8507159022946
15114	35.850578903127
15120	35.8504709198669
15128	35.850322570415
15142	35.8495944380866
15184	35.8488287046178
15220	35.8484847671873
15246	35.8484314497403
15250	35.8475336359333
15282	35.8472300390941
15296	35.8471754920764
15302	35.8470731505166
15312	35.8470022285357
15318	35.8465206311714
15340	35.8463105680376
15352	35.8460345525184
15362	35.8459471577645
15366	35.8455796605543
15368	35.8452236168116
15386	35.8450727700049
15394	35.8446522964606
15396	35.8444720357959
15400	35.8444133369780
15402	35.8441547541059
15410	35.8440153876074
15416	35.8436315312176
15422	35.8421990868502
15460	35.8415974491933
15484	35.840796003673
15504	35.8405945428882
15508	35.8400995583906
15538	35.839953280599
15556	35.8391582798212
15564	35.8386130737446
15566	35.8385251606639
15586	35.8384582830601
15590	35.8375729496269
15618	35.8372552121878
15666	35.837109598945
15680	35.8367049505242
15702	35.8366935271139
15730	35.8365255343375
15736	35.8364164281472
15738	35.8363512049772
15746	35.8357327397724
15772	35.8353856177831
15774	35.8349335337940
15776	35.8348563131178
15796	35.8348438609944
15798	35.8347410053891
15802	35.8339773433956
15844	35.8334954647316
15862	35.8333030040179
15884	35.8330103782665
15890	35.8328408882312
15918	35.8323880976706
15944	35.832127133197
15988	35.8320659520526
15992	35.8318948637770
15996	35.8315657574633
16008	35.831548711029
16014	35.8313399606073
16048	35.8311962644916
16056	35.8310118622436
16060	35.8310008151494
16076	35.8309097427054
16106	35.8308810734722
16120	35.8308390591816
16138	35.8307989930914
16142	35.8306808147667
16144	35.8306723304131
16150	35.8306698444521
16160	35.8305634636617
16162	35.8305059228591
16170	35.8304896341942
16172	35.830442696043
16182	35.8303979709064
16186	35.8302208998601
16210	35.8298014878746
16212	35.8294450176639
16230	35.8293826174875
16232	35.8291658129591
16242	35.8291577050671
16252	35.8290778917053
16256	35.8289971214947
16274	35.8288537900742
16278	35.8287870233701
16290	35.8287314593933
16294	35.8285868429015
16310	35.8284319532383
16332	35.8284015906495
16344	35.8282760462204
16346	35.8282217433185
16356	35.8280538624432
16360	35.8280444631365
16370	35.8280407116653
16372	35.8280364129381
16378	35.8279907845757
16382	35.8279513661173
16412	35.8279337721419
16418	35.8278572785273
16420	35.8277800378916
16440	35.8277479372155
16442	35.8277304170855
16470	35.8276644846822
16476	35.8276423564177
16480	35.8276208302457
16486	35.8275659128624
16496	35.8274907815709
16500	35.8273131199129
16504	35.8271781847896
16542	35.8269949134615
16580	35.8269286255961
16582	35.8268410163174
16586	35.8268050986199
16594	35.8267678148292
16614	35.8267532658502
16616	35.8267440057604
16624	35.8267435297874
16628	35.8266900128781
16630	35.8266525869205
16652	35.826554533745
16658	35.8265266175995
16666	35.8264650184661
16678	35.8263925199238
16680	35.8263382010539
16704	35.8262508234219
16750	35.8262375826739
16760	35.8262260558323
16768	35.8261367180848
16780	35.8261128321778
16786	35.8260841809038
16792	35.8260785185927
16808	35.8260079749122
16830	35.8260034519245
16846	35.8260031032624
16858	35.825981896227
16874	35.8259599497887
16904	35.8258821129931
16938	35.8258807582631
16940	35.8258775369138
16944	35.8258698277414
16950	35.8258115993902
16964	35.8257898747354
17000	35.8257859305493
17008	35.8257608461604
17024	35.8257522806716
17032	35.8257224322707
17044	35.8256920222262
17052	35.8256812819062
17062	35.8256564731698
17068	35.8256296932493
17072	35.8256146500945
17086	35.8256133763294
17090	35.8255973143541
17102	35.8255855571287
17104	35.8255839536216
17112	35.8254866820906
17140	35.8254257083690
17142	35.8254058080541
17164	35.8253619818861
17188	35.8253326450484
17190	35.8253093489049
17204	35.8252965282502
17220	35.825291612918
17230	35.8252888795245
17240	35.8252421749658
17268	35.8252179884930
17274	35.8251934740579
17288	35.8251282360098
17304	35.8251019994307
17312	35.8250680971902
17340	35.8250231400243
17354	35.8250097326557
17372	35.8249718790185
17374	35.8249680155021
17382	35.8249456194372
17398	35.8249421311468
17402	35.8249343344624
17414	35.8248926641439
17432	35.8248662794197
17442	35.8247665077872
17464	35.8247653243155
17470	35.8247351098802
17488	35.8246933042559
17490	35.8246725809229
17498	35.8246010506096
17508	35.824513742326
17536	35.8245118109908
17544	35.8244256964171
17560	35.8244160927593
17562	35.8244098537507
17566	35.8244000890816
17574	35.8243830703525
17576	35.8243667933826
17580	35.8243086013738
17594	35.8242720956423
17620	35.8241125642847
17624	35.8240812763335
17628	35.8240778578536
17660	35.8240329366347
17662	35.8239097264211
17694	35.8238837999311
17714	35.8238611934149
17720	35.8238601846578
17726	35.8238043361642
17740	35.8237587271878
17746	35.8237463150392
17748	35.8237352212833
17758	35.8237163179892
17770	35.8235758095707
17810	35.8235076250349
17814	35.8234468202446
17844	35.8234176939682
17846	35.8233943845261
17852	35.8233882536505
17860	35.8233668529736
17868	35.8233178171351
17886	35.8232797719473
17898	35.8231912232692
17918	35.8231507696861
17920	35.8231308517978
17922	35.8231020937259
17926	35.8229865833422
17976	35.822975778996
18000	35.8229285536355
18030	35.8228667162704
18046	35.8228235197256
18086	35.8228075304085
18090	35.8228025663615
18102	35.822774191552
18106	35.8227612069449
18128	35.8227428422686
18162	35.8227121190185
18168	35.8227041227417
18172	35.822652904888
18192	35.8226497075495
18200	35.8226405008489
18204	35.8226245701849
18208	35.8225993845115
18210	35.8225935727137
18212	35.8225858413773
18220	35.8225694656364
18222	35.8225649069662
18234	35.8225344209256
18246	35.8225172880869
18248	35.8224936040385
18250	35.8224737648591
18264	35.8224444315756
18268	35.8224163121596
18270	35.8224030489703
18276	35.8223959282293
18290	35.822316690769
18304	35.8223072068077
18330	35.8222628661683
18334	35.8222321731414
18342	35.8221875931719
18356	35.8221869478404
18362	35.8221494634152
18366	35.8221393075031
18368	35.8221133388166
18380	35.8220418908795
18392	35.8220272265513
18396	35.8220029576644
18422	35.8219876370640
18426	35.8219296861645
18436	35.8219268848818
18440	35.8219057133783
18454	35.8218164866197
18472	35.8217731384677
18476	35.8217577131502
18490	35.8216733592614
18492	35.8216588739601
18498	35.8216406089444
18504	35.8216134146774
18508	35.8216067101034
18522	35.821567031151
18526	35.8215006641791
18564	35.8214997051399
18568	35.8214977490995
18570	35.8214529744903
18574	35.8214246397636
18584	35.8214159912424
18586	35.8213893521266
18590	35.821376548301
18620	35.8213673521894
18622	35.8213524029562
18628	35.8213423852447
18632	35.8213132822529
18638	35.8213128565352
18642	35.8212990516902
18666	35.8212845769931
18680	35.8212712617762
18686	35.8212628402308
18694	35.8212486606783
18696	35.8212237720224
18708	35.8212221962303
18714	35.821135002243
18718	35.8211152599945
18738	35.821055954341
18752	35.8209494312166
18762	35.8208797900274
18768	35.8208697713207
18790	35.8208473913444
18802	35.8208073240350
18828	35.8207557968518
18868	35.8207470316098
18870	35.8207128637599
18884	35.8207128153366
18890	35.8206952006849
18902	35.8206904119471
18914	35.8206647477688
18918	35.8206616856019
18936	35.820645002489
18938	35.820637683081
18940	35.8206272843743
18972	35.8205964600691
18998	35.8205748050162
19022	35.8205623759414
19054	35.8205598107591
19072	35.8205494612370
19076	35.8205477894933
19092	35.8205349991538
19118	35.8205313968095
19120	35.820522916982
19146	35.8204992749452
19178	35.8204922200577
19194	35.8204839696950
19222	35.8204825179322
19230	35.820479915847
19240	35.8204648044567
19270	35.8204641738321
19274	35.8204489042004
19286	35.8204359882513
19310	35.8204185394891
19324	35.8204183909957
19328	35.8204179924414
19332	35.8203942458341
19340	35.8203821367661
19354	35.8203734566632
19362	35.8203387325944
19396	35.8203352855299
19412	35.8203200306372
19418	35.8203192304452
19422	35.8202598655910
19458	35.8202433702287
19488	35.8202398601233
19494	35.820233777971
19502	35.8202226134521
19504	35.8202053534022
19550	35.8201847524359
19556	35.8201790283179
19562	35.8201579723412
19576	35.8201573746874
19580	35.8201488661819
19608	35.8201474080401
19612	35.8201362606368
19620	35.8201206611854
19636	35.8201144987636
19640	35.8201025734002
19648	35.8201008131531
19652	35.8200984117494
19668	35.8200635550713
19682	35.8200548644122
19694	35.8200456423777
19696	35.8200422414681
19708	35.8200071315873
19710	35.8199800051047
19712	35.8199151341344
19716	35.8198832899344
19748	35.8198765643067
19752	35.8198257197307
19778	35.8198163064417
19790	35.8198147673694
19800	35.8197928016822
19802	35.8197783531387
19820	35.8197635398799
19846	35.8197491654139
19848	35.819716135182
19858	35.819711974392
19886	35.8196864544655
19892	35.8196766320848
19908	35.8196714507266
19916	35.8196499881667
19938	35.8196486757700
19946	35.8196408494789
19948	35.8196316124093
19972	35.8196192375889
19974	35.8196020187146
19996	35.8196010031279
20016	35.8195953527472
20022	35.8195812060529
20036	35.8195531327066
20042	35.8195517882291
20046	35.8195389661914
20068	35.8195379099681
20080	35.8195130513424
20086	35.8194927107553
20118	35.8194791464706
20128	35.8194668736676
20134	35.8194523365844
20192	35.8194461958651
20196	35.8194340523344
20218	35.8194325953539
20222	35.8194242561419
20254	35.819411177662
20256	35.8194102677478
20264	35.8193970676318
20270	35.8193875447675
20274	35.8193795979264
20276	35.8193710559947
20280	35.8193583158887
20282	35.8193354505487
20312	35.8193263615414
20334	35.8193172176751
20336	35.8193097851491
20366	35.8193032601529
20378	35.8193009597518
20382	35.8192990819608
20394	35.819294277161
20420	35.8192913805072
20422	35.8192830744128
20440	35.8192757938451
20452	35.819268070306
20462	35.8192591918367
20472	35.8192545152661
20478	35.819248371802
20494	35.8192452404154
20496	35.8192315123616
20504	35.8192218942906
20506	35.8192206602933
20508	35.8192061240073
20530	35.8191875167505
20560	35.8191855175121
20602	35.8191782494447
20610	35.8191777496327
20626	35.8191730401761
20636	35.8191655707872
20662	35.8191619613515
20672	35.8191483539757
20674	35.8191421071126
20678	35.8191254087877
20714	35.8191242607481
20728	35.8191150039307
20762	35.8190985954335
20788	35.8190894138498
20820	35.8190878941873
20830	35.8190812990194
20852	35.8190796597892
20860	35.8190769504927
20888	35.8190734385683
20890	35.819073073973
20900	35.8190725082554
20918	35.8190709162405
20934	35.8190691283246
20948	35.8190686417415
20952	35.8190655475807
20968	35.8190614735552
20996	35.8190608280206
21008	35.8190584142428
21014	35.8190561425619
21024	35.8190552293185
21034	35.8190550392968
21044	35.8190540197383
21046	35.8190533399068
21072	35.8190503881636
21076	35.8190474567938
21082	35.8190463181284
21096	35.8190371029022
21100	35.8190359256522
21132	35.81903421952
21134	35.8190335508119
21144	35.8190246314637
21170	35.8190224253879
21198	35.8190133616450
21218	35.8190106408015
21228	35.8190101676953
21238	35.8190089928837
21240	35.8190088934021
21244	35.8190076523227
21246	35.8190066196299
21248	35.8190029433763
21250	35.8190019035063
21258	35.8190008575862
21278	35.8189957723775
21284	35.8189921944558
21324	35.8189920219653
21344	35.8189892193641
21350	35.8189890216929
21356	35.8189881314782
21374	35.8189858272004
21392	35.8189832993898
21412	35.8189787439843
21424	35.8189773551846
21434	35.8189759212593
21438	35.818975897361
21444	35.8189734566839
21452	35.8189728036858
21454	35.818970362726
21468	35.8189696404345
21470	35.8189696365928
21472	35.8189688060841
21476	35.8189673541724
21480	35.8189671550451
21486	35.8189661247872
21494	35.8189651820340
21496	35.8189648952045
21498	35.8189618586732
21516	35.8189580483691
21532	35.8189579650284
21544	35.8189573887139
21546	35.818954801799
21582	35.8189543101925
21594	35.8189516520017
21618	35.8189512380997
21620	35.8189504110613
21622	35.8189464145576
21638	35.8189442879043
21644	35.8189391869222
21652	35.8189381819645
21670	35.8189301160585
21674	35.8189290643448
21706	35.8189284152119
21716	35.8189243861733
21724	35.8189230571084
21732	35.8189227222303
21748	35.8189183386671
21756	35.8189161360857
21764	35.8189125800253
21812	35.8189087540279
21814	35.8189067709411
21818	35.8189054294675
21830	35.8189053328388
21836	35.8188989207952
21854	35.8188973438713
21870	35.8188970141902
21872	35.8188955023660
21876	35.8188942259877
21878	35.8188913557986
21888	35.8188907280129
21896	35.8188900132915
21898	35.818882418216
21930	35.8188800908128
21958	35.8188783585183
21960	35.8188712032354
21990	35.8188710806882
21994	35.8188709325211
21998	35.8188704869146
22012	35.8188656182010
22018	35.818863391712
22030	35.8188632392206
22040	35.8188623333506
22056	35.8188619109349
22064	35.8188594884493
22072	35.8188578392253
22078	35.8188563345381
22082	35.8188510425502
22102	35.8188507069292
22122	35.8188489514968
22126	35.8188483662514
22138	35.8188453882957
22176	35.8188450754717
22182	35.8188431911353
22194	35.8188386636697
22250	35.8188379794226
22254	35.818837125505
22256	35.8188350996833
22258	35.818832743226
22272	35.8188286770002
22290	35.8188264279191
22296	35.8188243023484
22302	35.8188218581905
22306	35.8188214874448
22316	35.8188154390325
22352	35.8188151809640
22354	35.8188110150997
22364	35.8188105346006
22376	35.8188093608052
22380	35.8188054750546
22396	35.8188029208090
22434	35.8188024358868
22444	35.8188021926171
22456	35.8188011788592
22466	35.8188006474250
22470	35.8187978706234
22474	35.818796909875
22478	35.8187967968800
22482	35.8187943339787
22492	35.8187897482180
22496	35.8187854257703
22514	35.8187819554924
22518	35.8187748419415
22542	35.8187723774113
22568	35.8187668006708
22598	35.8187666107850
22606	35.8187661303915
22618	35.8187656228941
22628	35.8187655710707
22634	35.8187640275916
22646	35.8187596398185
22678	35.8187545044762
22706	35.8187537634843
22716	35.818752653428
22728	35.8187517307235
22732	35.8187501072290
22736	35.8187498779107
22762	35.8187485463407
22768	35.8187467267001
22770	35.8187460506489
22784	35.8187459736078
22786	35.8187455721552
22790	35.8187372664215
22814	35.8187362964583
22834	35.8187315028812
22852	35.8187312179678
22858	35.8187284121811
22878	35.8187278183468
22884	35.8187265329414
22894	35.8187237218567
22928	35.8187200557049
22946	35.818719017033
22984	35.8187171644478
22990	35.8187168860990
22994	35.8187132050469
23006	35.8187107234742
23026	35.8187054631951
23058	35.8187053064759
23066	35.8187031530545
23068	35.8187016128381
23072	35.8187014464691
23074	35.8187011406604
23076	35.8187006900883
23078	35.8186996626841
23092	35.8186966045674
23100	35.8186949552185
23124	35.8186903745261
23126	35.8186888207216
23138	35.8186848087536
23146	35.8186846114616
23162	35.8186842852254
23172	35.8186837200367
23176	35.8186829605571
23180	35.8186795128805
23202	35.8186761725442
23210	35.8186737691908
23220	35.8186728256293
23250	35.8186725898698
23258	35.8186713699154
23262	35.8186712734108
23264	35.8186674469099
23296	35.8186671718368
23298	35.8186661867863
23314	35.8186655620288
23316	35.8186637917412
23322	35.8186636707307
23328	35.8186618539778
23342	35.8186597844416
23378	35.8186591285868
23388	35.8186571166438
23392	35.8186563583102
23418	35.8186545809839
23440	35.818653823951
23444	35.8186519278637
23474	35.818651106849
23480	35.8186501371906
23484	35.8186500016281
23490	35.8186473176883
23514	35.8186461497291
23534	35.8186456459055
23540	35.8186424444075
23562	35.8186397688414
23568	35.8186369989492
23576	35.8186359018747
23588	35.8186352938157
23600	35.8186335620439
23610	35.8186327370377
23628	35.8186316147285
23638	35.8186300656152
23644	35.8186287450837
23656	35.8186261855641
23676	35.8186244648089
23686	35.8186235864904
23690	35.8186222748533
23698	35.8186215925721
23706	35.8186201373985
23718	35.8186187752005
23728	35.8186164105326
23732	35.8186161106842
23738	35.8186159550102
23752	35.8186144439962
23754	35.8186143943568
23758	35.8186128383819
23760	35.8186128120022
23768	35.8186104201916
23776	35.8186088291624
23782	35.8186083592592
23786	35.8186076209181
23808	35.8186066111305
23812	35.8186060052247
23822	35.8186041138373
23836	35.8186031393944
23856	35.8186022603676
23858	35.8186014056125
23870	35.8186010370194
23882	35.8186005833192
23886	35.8185994623022
23906	35.8185983991824
23930	35.8185960858937
23948	35.8185953761695
23962	35.8185941262909
24002	35.8185926183713
24006	35.8185925373626
24014	35.8185922488471
24044	35.8185914592893
24046	35.8185911385245
24056	35.8185903045114
24062	35.8185899477584
24068	35.8185894529885
24084	35.8185881269985
24092	35.8185877462845
24096	35.8185855410941
24108	35.8185842976713
24110	35.8185837708039
24138	35.8185822579438
24152	35.8185822164335
24154	35.8185809976924
24170	35.8185797103088
24172	35.8185788799487
24180	35.8185779539936
24194	35.8185767447479
24212	35.8185766020494
24214	35.8185757380711
24220	35.818574362041
24262	35.8185734972775
24294	35.8185734393603
24314	35.8185729243404
24328	35.8185719608885
24356	35.8185709698866
24358	35.8185709245271
24384	35.8185686784019
24396	35.8185685570777
24402	35.8185678212314
24430	35.8185675334446
24432	35.8185673855175
24434	35.8185673085691
24442	35.8185663315477
24444	35.8185661662307
24454	35.8185654215219
24466	35.8185641984189
24492	35.8185627207083
24502	35.8185623703764
24532	35.8185620974592
24552	35.8185610075067
24578	35.818560298576
24590	35.8185597789679
24604	35.8185594793383
24608	35.8185577236763
24638	35.8185574269004
24652	35.8185572277612
24670	35.8185563161928
24672	35.8185556092429
24714	35.8185554106717
24718	35.8185547263694
24722	35.8185541013681
24742	35.8185533296372
24776	35.8185532926983
24790	35.8185531307856
24804	35.8185530654308
24808	35.8185529323144
24838	35.8185526209461
24840	35.8185524842134
24846	35.8185521272709
24870	35.8185517888555
24878	35.8185517044278
24898	35.8185515306957
24906	35.8185513610161
24916	35.8185513562446
24936	35.8185509478070
24944	35.8185509317668
24954	35.8185506736344
24956	35.8185504619141
24972	35.8185504478897
24974	35.8185504406994
24982	35.8185504172846
24986	35.8185503684867
24988	35.8185499673286
25018	35.818549947621
25026	35.8185498397003
25032	35.8185498286338
25044	35.8185496613638
25046	35.8185496157138
25050	35.8185495132793
25058	35.8185488199873
25062	35.8185487784967
25064	35.8185485556632
25070	35.8185484724932
25074	35.8185483322161
25086	35.8185480036843
25098	35.8185479813609
25100	35.8185479686403
25108	35.8185478529343
25110	35.8185476415015
25116	35.8185472716485
25130	35.8185471190686
25134	35.8185470322157
25138	35.8185462767708
25150	35.8185454655092
25166	35.8185453518655
25184	35.818545308936
25190	35.8185447876636
25208	35.8185447304414
25220	35.8185444193767
25224	35.8185439887047
25244	35.8185433005179
25262	35.8185431262367
25276	35.8185426298624
25284	35.8185426104263
25288	35.8185423604702
25298	35.8185415944432
25312	35.8185410183982
25314	35.8185405064296
25332	35.8185403998694
25334	35.8185395197065
25342	35.8185394689984
25352	35.8185393058229
25356	35.8185389377674
25362	35.8185383341446
25372	35.8185381377783
25384	35.8185380329972
25386	35.8185375637534
25394	35.8185369423136
25400	35.8185369375771
25404	35.8185368423104
25416	35.8185362456297
25422	35.8185357229642
25424	35.8185355990485
25434	35.8185355770165
25438	35.8185354050112
25456	35.8185347121653
25458	35.8185345457499
25500	35.8185341445974
25504	35.8185331085271
25512	35.8185329894397
25524	35.8185328873672
25526	35.8185318925264
25562	35.8185315125478
25568	35.8185311216347
25578	35.8185299466727
25582	35.8185295415268
25592	35.8185294281686
25604	35.8185293566854
25612	35.8185279793575
25626	35.8185277572432
25630	35.8185270481452
25638	35.8185251978221
25646	35.81852514867
25660	35.8185238005734
25698	35.8185225982902
25704	35.8185209457135
25708	35.8185205636263
25716	35.8185198974497
25734	35.8185192935903
25738	35.8185189499897
25760	35.8185176936059
25764	35.8185174835924
25766	35.8185172996863
25788	35.8185171024792
25800	35.8185166840439
25804	35.8185165600515
25826	35.8185155947334
25830	35.8185150429234
25844	35.8185143870789
25848	35.8185123156039
25868	35.8185116213842
25870	35.8185109856008
25896	35.8185107151294
25914	35.8185106534436
25920	35.8185097304832
25930	35.8185094336964
25936	35.8185088912347
25944	35.8185083499743
25964	35.8185067873401
26024	35.8185057542993
26038	35.8185051494097
26050	35.8185046571239
26060	35.8185044736413
26074	35.8185043533678
26088	35.8185036121398
26092	35.8185035582726
26114	35.818503210956
26150	35.8185027296757
26184	35.8185024005948
26190	35.8185022542584
26206	35.8185021872411
26210	35.8185021057953
26222	35.8185020509331
26226	35.8185019727173
26236	35.8185016012908
26238	35.8185014489899
26250	35.8185012228534
26254	35.8185007261179
26278	35.8185002484031
26290	35.8184999010345
26334	35.8184997352232
26346	35.8184995955287
26366	35.8184990086242
26380	35.8184985854757
26386	35.8184984808667
26392	35.8184981189737
26412	35.8184980147475
26414	35.8184978368962
26418	35.818497726876
26428	35.8184975553656
26442	35.8184974765263
26450	35.8184971733564
26456	35.8184964988184
26472	35.8184963320947
26494	35.8184962573313
26502	35.8184961101333
26512	35.8184960915321
26532	35.8184957000152
26550	35.8184955988476
26556	35.8184952821193
26574	35.8184950260138
26588	35.8184949607657
26606	35.8184945420502
26632	35.8184944362848
26648	35.8184943806610
26668	35.8184943171450
26672	35.8184941222891
26692	35.8184939562536
26714	35.8184938187191
26746	35.8184938116953
26752	35.8184937211907
26758	35.8184936956096
26766	35.8184935622713
26774	35.8184934023578
26794	35.8184933927774
26796	35.8184933048878
26798	35.8184932663739
26804	35.8184929923844
26814	35.8184927410842
26824	35.8184926298070
26854	35.818492548313
26876	35.8184923977616
26896	35.8184923868359
26902	35.8184923757527
26904	35.8184922331836
26920	35.8184921736847
26924	35.8184921222423
26928	35.8184919475185
26942	35.8184918236514
26952	35.8184916859620
26962	35.8184916402121
26978	35.8184915588721
26984	35.8184915556905
26992	35.8184915074338
26996	35.8184914768704
27000	35.8184914179627
27022	35.8184912744767
27046	35.8184912215962
27054	35.8184911338916
27058	35.8184911002377
27078	35.8184909987674
27084	35.8184907647521
27092	35.8184904667947
27098	35.8184902359157
27102	35.8184901270517
27148	35.8184900994777
27154	35.8184899718513
27158	35.8184899376589
27162	35.8184898942287
27176	35.8184898596244
27192	35.8184898146365
27194	35.8184897755468
27202	35.8184897622957
27210	35.8184895864695
27214	35.8184895172857
27216	35.8184895041894
27224	35.8184894070695
27236	35.8184888959769
27252	35.8184887394695
27256	35.8184886582442
27264	35.8184886144940
27278	35.8184884553665
27292	35.8184884424411
27298	35.8184883607369
27300	35.8184882613898
27308	35.8184881450156
27320	35.8184881044905
27326	35.8184880437942
27348	35.8184878628009
27356	35.8184877659216
27388	35.8184876333871
27398	35.8184876071166
27422	35.8184875577523
27426	35.8184874754492
27436	35.8184874186760
27450	35.8184874047134
27458	35.8184872941688
27478	35.8184872612882
27488	35.8184871094647
27492	35.8184870837186
27504	35.8184870389549
27518	35.8184869945320
27520	35.8184869387982
27530	35.8184869186938
27532	35.8184868407984
27536	35.8184868392532
27568	35.8184868007883
27574	35.8184867386608
27590	35.8184867223825
27598	35.8184866704171
27614	35.8184865711029
27620	35.8184865497899
27630	35.8184864943144
27652	35.8184864814498
27662	35.8184864187212
27686	35.8184863872608
27712	35.8184863381324
27722	35.8184863047814
27744	35.8184862440042
27762	35.8184862184309
27772	35.8184861534288
27778	35.8184861164308
27804	35.8184861033998
27812	35.8184860974379
27816	35.8184860948917
27826	35.8184860599720
27836	35.8184860242618
27840	35.8184859559557
27848	35.8184859448175
27850	35.8184859189689
27862	35.8184859066999
27868	35.8184857977737
27906	35.8184857854435
27910	35.8184857580014
27926	35.8184857339524
27932	35.8184857070151
27934	35.8184856610024
27980	35.8184856580278
27992	35.8184856098454
28002	35.8184855492912
28020	35.8184854657641
28040	35.8184854638303
28042	35.8184854540624
28050	35.8184854354568
28062	35.8184854297567
28064	35.8184853894189
28082	35.8184853773636
28104	35.8184853476108
28116	35.8184853364613
28126	35.81848533642
28128	35.8184853264787
28132	35.8184853253697
28138	35.8184853025035
28142	35.8184852612620
28172	35.8184852352073
28180	35.8184851717495
28186	35.8184850592992
28230	35.8184849619743
28234	35.8184849046627
28260	35.818484887262
28266	35.8184848787549
28268	35.8184848407260
28282	35.8184848369648
28292	35.8184848126920
28296	35.8184847671464
28312	35.8184847562186
28322	35.8184846780776
28350	35.8184846632506
28372	35.8184846629628
28382	35.8184845725272
28386	35.818484553221
28396	35.8184845426402
28406	35.8184845074516
28420	35.8184844905036
28428	35.8184844752350
28436	35.818484459653
28458	35.8184844308232
28460	35.8184844174547
28470	35.8184844169515
28474	35.8184843777820
28502	35.818484346426
28516	35.8184843246999
28530	35.8184843119449
28548	35.8184842985024
28554	35.8184842761158
28580	35.818484265305
28588	35.8184842649356
28594	35.8184842460294
28604	35.8184841971428
28618	35.8184841736995
28628	35.8184841679941
28634	35.8184841509793
28666	35.8184841345602
28676	35.8184841331874
28680	35.8184841151883
28698	35.8184840963644
28714	35.8184840585937
28716	35.8184840444342
28726	35.818484028124
28760	35.8184840263009
28764	35.8184840227405
28772	35.8184839862681
28790	35.8184839705787
28794	35.8184839562714
28806	35.8184839514701
28810	35.8184839381081
28814	35.81848391083
28828	35.8184839036958
28834	35.8184838985628
28842	35.81848389676
28852	35.8184838491098
28880	35.8184838176845
28898	35.8184837674262
28922	35.8184837142589
28924	35.8184836779497
28936	35.8184836762478
28974	35.8184836575903
28990	35.8184836386786
28994	35.8184836246766
29024	35.8184836049855
29060	35.8184835844189
29064	35.818483530598
29078	35.8184834742004
29084	35.8184834313505
29126	35.8184834146724
29128	35.8184834008636
29130	35.8184833991533
29144	35.8184833705936
29170	35.8184833264713
29190	35.8184833056697
29212	35.8184833042751
29222	35.8184832553965
29262	35.8184832323391
29308	35.8184832080228
29312	35.8184831920141
29314	35.8184831834216
29332	35.8184831760837
29356	35.8184831565365
29376	35.818483140047
29388	35.8184831381212
29396	35.8184831296761
29414	35.8184831254345
29424	35.8184831080754
29426	35.8184830894368
29436	35.8184830814785
29438	35.818483064726
29442	35.8184830518077
29446	35.8184830396687
29464	35.8184829826555
29506	35.8184829771441
29516	35.8184829673514
29522	35.8184829611799
29528	35.818482960646
29538	35.8184829480684
29540	35.8184829391859
29560	35.8184829232597
29574	35.8184829168608
29576	35.8184829119214
29586	35.8184829087074
29590	35.8184828919616
29598	35.8184828733417
29608	35.8184828641773
29616	35.8184828451795
29618	35.8184828219237
29622	35.8184828139473
29628	35.818482805623
29630	35.8184827981063
29640	35.8184827954776
29662	35.8184827689356
29676	35.8184827572122
29688	35.8184827564266
29718	35.8184827534813
29732	35.818482743132
29744	35.818482728485
29752	35.8184827221081
29764	35.8184827168188
29776	35.818482704899
29794	35.8184827000462
29798	35.8184826905285
29806	35.8184826853437
29832	35.8184826689365
29850	35.8184826671432
29860	35.81848266619
29866	35.8184826581775
29874	35.8184826466413
29876	35.8184826450266
29890	35.8184826379900
29896	35.8184826189135
29934	35.8184826109689
29936	35.8184826075192
29946	35.8184825721402
29958	35.8184825717274
29962	35.8184825455901
29974	35.8184825073967
29976	35.8184825063745
30008	35.8184825001241
30010	35.8184824728405
30030	35.8184824493404
30090	35.8184824477678
30094	35.8184824408921
30104	35.8184824329691
30128	35.8184824326659
30130	35.8184824235537
30134	35.8184824054054
30144	35.8184823788212
30150	35.8184823783390
30156	35.8184823783314
30162	35.8184823659415
30174	35.818482364899
30188	35.8184823626601
30204	35.8184823561442
30220	35.8184823405774
30222	35.818482340417
30236	35.8184823272491
30252	35.8184823082512
30262	35.818482297515
30268	35.8184822768511
30300	35.8184822765074
30302	35.8184822764827
30304	35.8184822612736
30308	35.8184822542022
30314	35.8184822398515
30316	35.8184822377428
30322	35.8184822252895
30346	35.8184821979623
30356	35.8184821864661
30372	35.8184821732006
30388	35.8184821334001
30404	35.8184821161344
30432	35.818482106454
30436	35.8184821041073
30460	35.8184820961236
30466	35.8184820920082
30484	35.81848207941
30500	35.8184820525752
30508	35.8184820433089
30522	35.8184820431375
30534	35.8184820427722
30540	35.8184820394648
30544	35.8184820219478
30554	35.8184820203201
30556	35.818482000886
30568	35.8184819930021
30574	35.818481972073
30602	35.8184819682918
30620	35.8184819489736
30644	35.8184819487019
30654	35.8184818960555
30662	35.818481887749
30676	35.8184818684569
30696	35.8184818578708
30712	35.8184818460554
30718	35.8184818403291
30732	35.8184818307647
30736	35.8184818197686
30750	35.8184818177266
30756	35.8184817994505
30766	35.8184817990837
30776	35.8184817922827
30778	35.818481785708
30782	35.818481773578
30804	35.8184817501630
30822	35.8184817453667
30824	35.8184817445211
30840	35.8184817387292
30854	35.8184817343572
30868	35.8184817196002
30894	35.8184817163795
30896	35.8184817116698
30898	35.818481696975
30916	35.8184816926632
30932	35.8184816759763
30946	35.8184816315458
30954	35.8184816106491
30966	35.8184816104827
30974	35.8184815989665
30988	35.8184815968618
30996	35.81848157628
31006	35.8184815716207
31022	35.8184815696743
31024	35.81848154979
31036	35.8184815408053
31038	35.8184815280117
31072	35.8184815252619
31076	35.8184815234953
31080	35.8184815213889
31086	35.8184814989898
31124	35.8184814953153
31126	35.8184814934312
31132	35.818481491841
31138	35.8184814898139
31156	35.8184814877527
31166	35.8184814784357
31174	35.8184814775960
31176	35.8184814628063
31178	35.8184814440583
31196	35.8184814431709
31212	35.8184814393265
31220	35.8184814247882
31226	35.8184814230108
31240	35.8184814186994
31270	35.8184814089469
31276	35.8184814005483
31280	35.8184813961809
31292	35.8184813880118
31294	35.8184813845430
31312	35.8184813755478
31322	35.8184813683753
31338	35.8184813679067
31344	35.8184813649394
31350	35.8184813613245
31370	35.8184813524409
31386	35.8184813500248
31400	35.8184813467242
31402	35.8184813440762
31410	35.8184813362301
31418	35.8184813242765
31432	35.8184813240495
31446	35.8184813180896
31458	35.8184813091824
31482	35.8184813069773
31484	35.818481305176
31502	35.8184812940373
31508	35.8184812936808
31524	35.8184812897501
31526	35.8184812866619
31538	35.8184812636311
31558	35.8184812589647
31570	35.8184812520486
31574	35.8184812266954
31582	35.8184812164627
31604	35.8184811988185
31606	35.8184811960338
31638	35.8184811930489
31660	35.8184811850373
31666	35.8184811823718
31674	35.8184811766567
31686	35.818481175099
31696	35.8184811690760
31700	35.8184811660034
31706	35.8184811625947
31714	35.8184811605394
31730	35.818481140541
31760	35.8184811393625
31762	35.8184811372782
31790	35.8184811341081
31802	35.8184811304370
31808	35.8184811275712
31822	35.8184811147594
31842	35.8184811097383
31854	35.8184811027961
31876	35.8184810983279
31884	35.8184810909278
31918	35.8184810809268
31942	35.8184810804378
31946	35.8184810799222
31948	35.8184810736900
31950	35.8184810728347
31954	35.8184810632749
31958	35.8184810550267
31970	35.8184810474306
32000	35.8184810437638
32014	35.8184810373798
32028	35.8184810330478
32036	35.8184810214177
32072	35.8184810168729
32074	35.8184810155692
32100	35.8184810153293
32102	35.8184810150217
32118	35.8184810122551
32126	35.8184810046332
32132	35.8184809980555
32152	35.8184809915739
32164	35.8184809908441
32166	35.8184809894841
32178	35.8184809890365
32194	35.8184809846259
32200	35.8184809772516
32204	35.8184809670895
32226	35.8184809598940
32228	35.8184809517862
32240	35.8184809509213
32242	35.8184809500765
32254	35.8184809470399
32284	35.8184809463481
32290	35.8184809442110
32294	35.8184809382906
32328	35.8184809370936
32342	35.8184809351261
32356	35.8184809333253
32372	35.8184809333181
32376	35.8184809332239
32392	35.8184809318682
32404	35.8184809305024
32416	35.8184809301562
32418	35.8184809298998
32426	35.8184809257146
32436	35.8184809237357
32444	35.818480922187
32448	35.8184809208279
32452	35.8184809188980
32456	35.8184809182392
32506	35.8184809175598
32508	35.8184809144336
32510	35.8184809141238
32512	35.8184809109765
32526	35.8184809096896
32534	35.8184809079318
32538	35.8184809072783
32540	35.8184809050916
32548	35.8184809043735
32558	35.8184808980296
32576	35.8184808961787
32582	35.8184808958822
32590	35.8184808952251
32608	35.8184808899052
32628	35.8184808854595
32634	35.818480883898
32656	35.8184808756949
32666	35.818480874051
32678	35.8184808705336
32692	35.8184808673626
32700	35.8184808624221
32734	35.8184808620790
32736	35.8184808586459
32748	35.8184808520211
32766	35.8184808478845
32786	35.8184808458162
32790	35.8184808387684
32822	35.8184808376985
32854	35.8184808374383
32860	35.8184808359335
32866	35.8184808334128
32884	35.8184808319402
32886	35.8184808314385
32902	35.8184808294839
32908	35.8184808255705
32922	35.8184808233252
32934	35.8184808224096
32950	35.8184808200508
32960	35.8184808194675
32980	35.8184808179789
32986	35.8184808177211
32992	35.8184808172415
33004	35.8184808157864
33022	35.8184808134460
33024	35.8184808129676
33036	35.8184808103949
33062	35.8184808103099
33064	35.8184808094572
33072	35.8184808092018
33080	35.8184808083155
33088	35.8184808063166
33092	35.8184808055536
33100	35.8184808052728
33108	35.8184808026977
33116	35.8184808016954
33120	35.8184808016752
33126	35.8184808016611
33130	35.8184807996298
33132	35.8184807981889
33160	35.8184807971643
33162	35.8184807942334
33176	35.8184807930206
33188	35.8184807900431
33202	35.8184807882313
33210	35.8184807877518
33214	35.8184807872008
33224	35.8184807866423
33228	35.8184807856065
33250	35.8184807842747
33268	35.8184807826106
33290	35.8184807811962
33304	35.8184807806609
33306	35.8184807790508
33348	35.8184807781818
33356	35.8184807780058
33362	35.8184807778497
33366	35.8184807775183
33368	35.8184807765247
33370	35.8184807749228
33380	35.8184807740818
33404	35.8184807735916
33410	35.8184807733981
33436	35.8184807711955
33438	35.8184807694108
33456	35.8184807687062
33458	35.8184807685513
33464	35.818480768173
33470	35.8184807662242
33488	35.8184807661927
33492	35.8184807654062
33504	35.8184807646185
33508	35.8184807642901
33524	35.8184807642201
33536	35.8184807636273
33544	35.8184807635203
33554	35.8184807630764
33558	35.8184807620101
33572	35.8184807596514
33582	35.8184807559651
33606	35.8184807548822
33616	35.8184807539307
33634	35.8184807534157
33642	35.8184807521453
33650	35.8184807514522
33680	35.8184807513623
33684	35.8184807512471
33696	35.8184807508824
33698	35.8184807500555
33700	35.8184807500192
33716	35.8184807496747
33724	35.8184807495298
33728	35.8184807487768
33760	35.8184807472489
33770	35.8184807464808
33804	35.8184807461355
33820	35.8184807458009
33830	35.8184807455027
33866	35.8184807454776
33874	35.8184807447329
33886	35.8184807443027
33904	35.8184807437978
33916	35.8184807429062
33918	35.8184807422205
33946	35.8184807416917
33948	35.8184807409082
33960	35.8184807407798
33980	35.8184807405763
33984	35.8184807399026
33988	35.8184807383283
33994	35.8184807380411
34028	35.8184807376753
34034	35.8184807366389
34040	35.8184807350857
34054	35.8184807350125
34064	35.8184807331856
34092	35.8184807327131
34096	35.8184807307995
34110	35.8184807297599
34114	35.8184807288573
34116	35.8184807285517
34144	35.8184807271712
34148	35.8184807267445
34182	35.8184807260440
34186	35.8184807250523
34216	35.8184807242394
34230	35.8184807240830
34232	35.8184807239656
34242	35.8184807231388
34258	35.8184807228795
34262	35.8184807218278
34288	35.8184807209134
34296	35.8184807208984
34300	35.8184807200745
34304	35.8184807193046
34308	35.8184807190706
34316	35.8184807175935
34318	35.8184807169305
34390	35.8184807166203
34396	35.8184807161853
34408	35.8184807159975
34430	35.8184807153449
34438	35.8184807147829
34456	35.8184807146821
34462	35.8184807146012
34466	35.81848071457
34468	35.8184807139262
34472	35.8184807130184
34512	35.8184807124925
34526	35.8184807120497
34548	35.8184807119599
34554	35.8184807117111
34566	35.8184807109745
34580	35.8184807104723
34596	35.8184807098677
34598	35.8184807087857
34624	35.8184807085948
34626	35.8184807083775
34634	35.8184807083346
34648	35.8184807080994
34662	35.8184807059653
34666	35.8184807056247
34686	35.8184807045455
34716	35.8184807039750
34724	35.8184807035533
34726	35.8184807029396
34728	35.8184807016321
34734	35.8184807008638
34756	35.818480700147
34760	35.8184807000143
34786	35.8184806992731
34794	35.8184806989374
34812	35.8184806980201
34822	35.8184806975705
34824	35.8184806972732
34832	35.818480696683
34834	35.8184806966015
34844	35.8184806963388
34852	35.8184806961268
34874	35.8184806961029
34876	35.8184806956477
34914	35.8184806955829
34918	35.8184806955314
34920	35.8184806950287
34962	35.8184806945395
34978	35.8184806943379
34982	35.8184806941579
34994	35.8184806941416
35000	35.8184806936302
35014	35.8184806931622
35030	35.8184806928828
35066	35.8184806927771
35080	35.8184806923521
35114	35.818480692298
35118	35.8184806922871
35126	35.8184806919902
35146	35.8184806919804
35150	35.8184806919136
35152	35.8184806918179
35154	35.8184806917861
35176	35.8184806914858
35186	35.8184806914115
35210	35.8184806913429
35250	35.8184806913201
35254	35.8184806912719
35256	35.8184806908477
35272	35.8184806905976
35282	35.8184806905868
35286	35.8184806904719
35292	35.8184806904084
35316	35.8184806902933
35326	35.818480690269
35340	35.818480690162
35356	35.8184806901497
35358	35.8184806900895
35368	35.8184806899787
35372	35.8184806898885
35380	35.8184806898658
35382	35.8184806897271
35418	35.8184806897073
35440	35.8184806896893
35452	35.8184806895995
35454	35.818480689592
35466	35.8184806894726
35472	35.8184806894430
35480	35.8184806893369
35482	35.8184806893076
35492	35.8184806892726
35504	35.8184806892692
35506	35.8184806892684
35508	35.8184806888358
35518	35.8184806885921
35546	35.8184806882911
35554	35.8184806880642
35572	35.8184806878389
35588	35.8184806876203
35646	35.8184806875716
35656	35.818480687339
35674	35.81848068728
35680	35.8184806871355
35682	35.8184806870688
35686	35.8184806868874
35692	35.8184806868873
35696	35.8184806867256
35706	35.8184806865042
35734	35.8184806862959
35758	35.8184806861141
35766	35.8184806858453
35772	35.8184806854414
35790	35.8184806852991
35818	35.8184806852073
35826	35.8184806849733
35830	35.8184806849211
35836	35.8184806848399
35848	35.8184806843805
35872	35.8184806842616
35876	35.8184806840741
35888	35.8184806836922
35902	35.8184806835184
35918	35.8184806834221
35920	35.8184806833835
35932	35.8184806833156
35934	35.8184806832397
35936	35.8184806828183
35958	35.8184806827466
35960	35.8184806826244
35974	35.818480682614
36008	35.8184806824879
36014	35.8184806823843
36016	35.8184806822555
36028	35.8184806820897
36064	35.8184806820535
36066	35.818480681996
36072	35.8184806819599
36076	35.8184806818596
36088	35.8184806818521
36092	35.8184806817756
36114	35.818480681656
36124	35.8184806816552
36126	35.8184806812987
36134	35.8184806811549
36150	35.8184806808698
36164	35.8184806807975
36166	35.8184806805670
36194	35.8184806802893
36208	35.8184806802204
36224	35.8184806801985
36246	35.8184806800415
36250	35.8184806800236
36252	35.8184806799604
36254	35.8184806798401
36276	35.8184806797545
36294	35.8184806796320
36332	35.8184806795809
36336	35.8184806793937
36346	35.8184806793492
36352	35.8184806792978
36354	35.8184806790868
36370	35.8184806790178
36392	35.8184806790132
36396	35.8184806789793
36398	35.8184806789768
36402	35.8184806789603
36406	35.8184806789385
36410	35.8184806789032
36418	35.8184806787954
36422	35.8184806787526
36458	35.8184806787185
36468	35.8184806786767
36470	35.8184806786496
36484	35.8184806786373
36496	35.8184806784949
36538	35.8184806784566
36550	35.8184806783484
36562	35.8184806782970
36574	35.8184806782499
36582	35.8184806781543
36586	35.8184806781095
36592	35.8184806780333
36598	35.8184806780186
36622	35.8184806779472
36656	35.8184806778854
36704	35.8184806778369
36712	35.8184806778151
36720	35.8184806777495
36722	35.8184806777192
36734	35.8184806777116
36744	35.8184806776548
36762	35.818480677634
36778	35.8184806775856
36780	35.8184806775621
36790	35.8184806774943
36808	35.8184806773889
36812	35.8184806773468
36820	35.8184806773309
36836	35.8184806772827
36868	35.81848067728
36870	35.8184806772795
36894	35.81848067722
36902	35.8184806771938
36918	35.8184806771733
36922	35.8184806771399
36926	35.8184806771268
36934	35.8184806769998
36944	35.8184806769834
36974	35.8184806769184
36980	35.8184806767881
37018	35.8184806767554
37036	35.8184806767337
37040	35.8184806766741
37054	35.8184806766666
37066	35.8184806766298
37070	35.8184806765475
37084	35.8184806765384
37090	35.8184806764556
37106	35.8184806764339
37108	35.8184806764328
37110	35.8184806763640
37122	35.8184806763143
37150	35.8184806763137
37156	35.8184806763038
37170	35.8184806762111
37202	35.8184806762072
37220	35.8184806761584
37236	35.8184806760809
37240	35.8184806759501
37256	35.8184806759181
37286	35.8184806758484
37288	35.8184806758481
37290	35.8184806758356
37294	35.818480675817
37302	35.8184806757709
37318	35.8184806757644
37330	35.8184806757409
37338	35.8184806757282
37340	35.8184806756713
37356	35.8184806756587
37360	35.8184806755999
37372	35.8184806755811
37376	35.8184806755221
37386	35.8184806754828
37422	35.8184806754242
37428	35.8184806754213
37456	35.8184806753997
37464	35.8184806753051
37470	35.8184806752884
37488	35.8184806751978
37492	35.8184806751388
37494	35.8184806751361
37502	35.8184806750735
37530	35.8184806750288
37556	35.8184806749439
37562	35.8184806749431
37564	35.8184806747401
37586	35.8184806747274
37610	35.8184806746899
37628	35.8184806746469
37630	35.8184806746123
37638	35.8184806745797
37650	35.8184806745529
37654	35.8184806745337
37658	35.818480674522
37662	35.8184806745149
37672	35.8184806743826
37694	35.8184806742583
37706	35.8184806741545
37708	35.8184806740222
37730	35.8184806740032
37742	35.8184806739941
37758	35.818480673911
37772	35.8184806738205
37784	35.8184806737367
37796	35.818480673733
37806	35.8184806736924
37818	35.818480673653
37834	35.8184806735856
37842	35.8184806735526
37850	35.8184806735018
37856	35.8184806734636
37858	35.8184806732790
37866	35.8184806732738
37878	35.8184806731049
37944	35.8184806730834
37948	35.8184806730665
37950	35.8184806730593
37976	35.8184806730548
38010	35.8184806730446
38012	35.8184806730368
38014	35.8184806730174
38020	35.8184806730128
38022	35.8184806730019
38026	35.8184806729986
38036	35.8184806729803
38060	35.8184806729457
38064	35.8184806729388
38104	35.8184806729362
38110	35.8184806729008
38112	35.8184806728784
38158	35.8184806728242
38186	35.8184806728006
38192	35.8184806727801
38212	35.8184806727787
38230	35.8184806727676
38236	35.8184806727611
38242	35.8184806727518
38244	35.8184806726815
38266	35.8184806726503
38274	35.8184806726377
38286	35.8184806725331
38300	35.8184806724940
38316	35.8184806724777
38338	35.8184806723973
38370	35.8184806723496
38372	35.8184806723253
38390	35.8184806723113
38402	35.8184806722979
38404	35.8184806722894
38410	35.818480672255
38414	35.8184806722036
38426	35.8184806721789
38428	35.8184806721293
38448	35.8184806721185
38468	35.8184806721114
38472	35.8184806721104
38486	35.8184806720518
38496	35.8184806720108
38504	35.8184806719941
38518	35.8184806719856
38532	35.8184806719516
38544	35.8184806719364
38546	35.8184806719169
38564	35.8184806718911
38584	35.8184806718726
38590	35.8184806718447
38606	35.8184806718258
38616	35.8184806718242
38622	35.8184806717865
38628	35.8184806717735
38636	35.8184806717696
38642	35.8184806717351
38648	35.8184806717174
38650	35.8184806717097
38660	35.8184806717058
38662	35.8184806716854
38676	35.8184806716506
38684	35.818480671631
38698	35.8184806716099
38702	35.8184806715806
38714	35.8184806715453
38724	35.8184806715291
38734	35.8184806715124
38774	35.8184806714988
38806	35.8184806714874
38808	35.8184806714605
38840	35.8184806714476
38860	35.8184806714394
38886	35.8184806714283
38900	35.8184806714282
38908	35.8184806714223
38924	35.8184806714173
38932	35.8184806713872
38962	35.818480671379
38972	35.8184806713634
38990	35.818480671344
38994	35.8184806713398
39030	35.8184806713148
39038	35.8184806713117
39042	35.8184806712914
39054	35.8184806712806
39062	35.8184806712784
39064	35.818480671275
39068	35.8184806712678
39072	35.8184806712662
39080	35.8184806712423
39088	35.8184806712391
39100	35.8184806712150
39108	35.8184806712078
39110	35.818480671202
39118	35.8184806711909
39142	35.8184806711862
39146	35.8184806711757
39174	35.8184806711528
39198	35.8184806711262
39218	35.8184806711211
39220	35.8184806711193
39222	35.818480671106
39224	35.8184806711052
39230	35.8184806710691
39240	35.8184806710617
39242	35.8184806710379
39288	35.8184806710225
39296	35.8184806710120
39314	35.8184806710095
39320	35.8184806710033
39326	35.8184806709994
39328	35.8184806709958
39330	35.8184806709834
39334	35.8184806709751
39356	35.8184806709723
39360	35.8184806709606
39374	35.8184806709545
39384	35.818480670948
39402	35.8184806709439
39406	35.8184806709307
39416	35.818480670922
39432	35.8184806709121
39438	35.8184806709099
39448	35.8184806709066
39458	35.8184806709027
39468	35.8184806708733
39486	35.8184806708709
39494	35.8184806708587
39522	35.8184806708555
39524	35.8184806708347
39528	35.8184806708248
39532	35.8184806707914
39578	35.8184806707888
39600	35.8184806707871
39602	35.8184806707838
39614	35.8184806707777
39616	35.8184806707752
39624	35.8184806707708
39630	35.8184806707662
39636	35.8184806707496
39658	35.8184806707316
39666	35.8184806707286
39672	35.8184806706914
39712	35.8184806706768
39750	35.8184806706746
39756	35.8184806706739
39758	35.8184806706698
39766	35.8184806706435
39770	35.8184806706249
39790	35.8184806706018
39796	35.818480670588
39808	35.8184806705827
39814	35.8184806705729
39824	35.8184806705594
39832	35.8184806705552
39836	35.8184806705314
39848	35.8184806705248
39858	35.8184806705059
39862	35.8184806704643
39866	35.8184806704597
39880	35.8184806704418
39896	35.8184806704335
39904	35.8184806704134
39938	35.8184806703929
39960	35.8184806703916
39964	35.8184806703838
39970	35.8184806703696
39974	35.8184806703612
39976	35.8184806703587
39984	35.8184806703586
39990	35.8184806703569
39998	35.8184806703312
40008	35.8184806703296
40016	35.8184806703089
40040	35.818480670274
40042	35.8184806702651
40066	35.8184806702555
40076	35.8184806702399
40084	35.8184806702258
40104	35.8184806702242
40112	35.8184806702072
40124	35.8184806701917
40126	35.8184806701751
40134	35.8184806701614
40142	35.8184806701562
40144	35.8184806701537
40182	35.8184806701487
40188	35.818480670135
40190	35.8184806701335
40204	35.8184806701243
40208	35.8184806701073
40220	35.8184806701042
40224	35.8184806701036
40236	35.8184806700988
40238	35.8184806700911
40244	35.8184806700773
40272	35.8184806700594
40276	35.8184806700548
40292	35.8184806700544
40308	35.8184806700517
40314	35.8184806700472
40338	35.8184806700375
40344	35.81848067003
40356	35.8184806700189
40396	35.8184806700121
40404	35.8184806700113
40440	35.8184806700027
40458	35.8184806699996
40470	35.818480669999
40476	35.818480669992
40478	35.8184806699916
40516	35.8184806699900
40528	35.8184806699896
40548	35.8184806699893
40552	35.8184806699885
40560	35.818480669986
40570	35.8184806699824
40594	35.8184806699809
40596	35.8184806699809
40598	35.8184806699779
40600	35.8184806699734
40616	35.8184806699699
40648	35.8184806699688
40650	35.8184806699687
40676	35.818480669966
40678	35.8184806699638
40694	35.8184806699622
40714	35.8184806699622
40716	35.8184806699611
40718	35.8184806699583
40748	35.8184806699577
40750	35.8184806699561
40764	35.8184806699551
40778	35.8184806699544
40782	35.8184806699501
40796	35.8184806699498
40798	35.8184806699497
40800	35.8184806699494
40812	35.8184806699446
40826	35.8184806699441
40844	35.8184806699434
40848	35.8184806699427
40856	35.8184806699413
40864	35.8184806699399
40876	35.8184806699358
40890	35.8184806699353
40892	35.8184806699267
40894	35.8184806699253
40906	35.8184806699235
40918	35.8184806699213
40926	35.8184806699177
40956	35.8184806699175
40960	35.8184806699151
40966	35.8184806699134
40980	35.8184806699119
41032	35.8184806699116
41034	35.8184806699093
41038	35.8184806699076
41044	35.818480669906
41056	35.8184806699059
41064	35.8184806699035
41078	35.8184806699000
41106	35.818480669896
41138	35.8184806698954
41140	35.8184806698931
41166	35.8184806698925
41174	35.8184806698845
41182	35.8184806698835
41230	35.8184806698834
41238	35.8184806698811
41248	35.818480669881
41250	35.8184806698808
41268	35.8184806698799
41274	35.8184806698798
41276	35.8184806698787
41286	35.8184806698787
41298	35.8184806698774
41304	35.8184806698768
41306	35.818480669876
41310	35.8184806698739
41314	35.8184806698723
41322	35.8184806698712
41330	35.818480669871
41338	35.8184806698708
41340	35.8184806698697
41342	35.8184806698695
41344	35.8184806698682
41354	35.8184806698673
41356	35.8184806698654
41398	35.8184806698647
41402	35.8184806698642
41404	35.818480669862
41406	35.8184806698567
41432	35.8184806698557
41440	35.818480669853
41446	35.8184806698528
41464	35.8184806698492
41470	35.8184806698488
41474	35.8184806698482
41502	35.8184806698480
41508	35.818480669848
41512	35.8184806698474
41514	35.8184806698468
41526	35.8184806698466
41528	35.8184806698458
41532	35.8184806698455
41540	35.8184806698449
41546	35.8184806698426
41560	35.8184806698415
41590	35.8184806698409
41594	35.8184806698405
41604	35.8184806698404
41606	35.8184806698394
41608	35.8184806698382
41638	35.8184806698366
41658	35.8184806698355
41664	35.818480669834
41694	35.8184806698332
41698	35.818480669832
41702	35.8184806698316
41728	35.8184806698303
41736	35.8184806698302
41744	35.8184806698289
41764	35.8184806698272
41776	35.8184806698251
41796	35.8184806698231
41806	35.8184806698230
41822	35.8184806698229
41830	35.8184806698188
41854	35.8184806698181
41856	35.8184806698166
41862	35.8184806698154
41894	35.8184806698135
41902	35.8184806698133
41916	35.8184806698132
41918	35.818480669813
41922	35.8184806698125
41924	35.8184806698113
41948	35.8184806698111
41954	35.81848066981
41968	35.8184806698091
41974	35.8184806698074
42002	35.8184806698070
42016	35.8184806698049
42034	35.8184806698022
42060	35.8184806698019
42074	35.8184806698018
42084	35.8184806698010
42090	35.8184806698008
42100	35.8184806697996
42108	35.8184806697995
42116	35.8184806697980
42134	35.8184806697975
42138	35.8184806697975
42146	35.8184806697973
42148	35.8184806697973
42150	35.8184806697961
42160	35.8184806697960
42176	35.8184806697954
42180	35.8184806697951
42192	35.8184806697941
42208	35.8184806697933
42210	35.8184806697927
42222	35.8184806697911
42234	35.818480669791
42236	35.8184806697903
42258	35.818480669789
42268	35.8184806697888
42280	35.8184806697882
42286	35.8184806697879
42290	35.8184806697871
42304	35.8184806697838
42312	35.8184806697832
42314	35.8184806697819
42316	35.8184806697813
42328	35.81848066978
42330	35.8184806697794
42334	35.8184806697764
42354	35.8184806697741
42376	35.8184806697735
42380	35.8184806697705
42404	35.8184806697694
42430	35.8184806697670
42494	35.8184806697668
42506	35.8184806697667
42508	35.8184806697663
42510	35.8184806697644
42534	35.8184806697639
42542	35.8184806697637
42554	35.8184806697635
42560	35.8184806697627
42602	35.8184806697617
42616	35.8184806697616
42624	35.8184806697611
42658	35.8184806697609
42664	35.8184806697601
42698	35.8184806697594
42708	35.8184806697592
42716	35.8184806697589
42730	35.8184806697588
42748	35.818480669758
42764	35.8184806697579
42774	35.8184806697573
42790	35.8184806697571
42804	35.818480669757
42828	35.8184806697567
42834	35.8184806697559
42856	35.8184806697559
42874	35.8184806697558
42878	35.8184806697552
42892	35.8184806697543
42938	35.8184806697542
42948	35.8184806697534
42960	35.8184806697532
42970	35.8184806697532
42978	35.818480669753
42994	35.8184806697529
42996	35.8184806697527
43012	35.8184806697521
43024	35.8184806697517
43030	35.8184806697511
43038	35.8184806697511
43040	35.818480669751
43058	35.8184806697507
43080	35.8184806697503
43122	35.8184806697501
43128	35.8184806697500
43130	35.8184806697500
43142	35.8184806697496
43160	35.8184806697493
43166	35.8184806697488
43172	35.8184806697485
43180	35.8184806697484
43214	35.8184806697483
43220	35.8184806697482
43222	35.8184806697481
43230	35.8184806697481
43234	35.8184806697479
43254	35.8184806697474
43258	35.8184806697474
43276	35.8184806697471
43286	35.818480669747
43300	35.8184806697466
43312	35.8184806697466
43318	35.8184806697464
43328	35.818480669746
43336	35.8184806697459
43348	35.8184806697458
43354	35.8184806697456
43394	35.8184806697452
43396	35.8184806697447
43412	35.8184806697442
43434	35.8184806697441
43436	35.8184806697435
43466	35.8184806697435
43482	35.8184806697430
43488	35.8184806697424
43496	35.8184806697423
43500	35.818480669742
43518	35.8184806697419
43524	35.8184806697411
43526	35.8184806697407
43536	35.8184806697407
43538	35.8184806697405
43542	35.8184806697401
43562	35.81848066974
43582	35.81848066974
43594	35.8184806697398
43596	35.8184806697392
43606	35.8184806697391
43608	35.8184806697386
43616	35.8184806697384
43628	35.8184806697379
43636	35.8184806697371
43676	35.8184806697366
43704	35.8184806697363
43708	35.8184806697357
43726	35.8184806697356
43742	35.8184806697355
43748	35.8184806697349
43754	35.8184806697348
43758	35.8184806697333
43772	35.8184806697312
43774	35.8184806697303
43790	35.8184806697300
43804	35.8184806697295
43806	35.8184806697289
43814	35.8184806697283
43816	35.8184806697283
43828	35.8184806697272
43834	35.8184806697256
43850	35.8184806697237
43856	35.8184806697231
43870	35.8184806697219
43888	35.8184806697212
43906	35.8184806697206
43910	35.8184806697203
43916	35.8184806697188
43946	35.8184806697184
43948	35.8184806697159
43962	35.8184806697141
43976	35.8184806697132
43990	35.8184806697124
43992	35.8184806697111
44008	35.8184806697106
44018	35.81848066971
44026	35.8184806697092
44034	35.8184806697079
44044	35.8184806697073
44046	35.8184806697044
44060	35.8184806697034
44066	35.8184806697017
44072	35.8184806697015
44074	35.8184806696967
44082	35.8184806696951
44092	35.8184806696941
44100	35.8184806696898
44114	35.8184806696875
44132	35.8184806696868
44134	35.8184806696859
44140	35.818480669685
44144	35.8184806696835
44172	35.8184806696828
44176	35.818480669682
44186	35.8184806696777
44202	35.8184806696771
44216	35.8184806696765
44228	35.8184806696745
44230	35.8184806696743
44240	35.8184806696738
44256	35.8184806696722
44270	35.8184806696703
44300	35.8184806696696
44310	35.8184806696668
44314	35.8184806696666
44330	35.8184806696654
44338	35.8184806696649
44346	35.8184806696614
44370	35.8184806696583
44418	35.8184806696572
44424	35.8184806696565
44442	35.8184806696561
44456	35.8184806696552
44460	35.8184806696544
44486	35.8184806696519
44504	35.8184806696518
44514	35.8184806696498
44540	35.8184806696491
44566	35.8184806696483
44572	35.8184806696481
44580	35.8184806696476
44582	35.8184806696471
44600	35.818480669646
44614	35.8184806696451
44628	35.818480669644
44630	35.8184806696438
44632	35.8184806696435
44674	35.8184806696427
44678	35.8184806696418
44688	35.8184806696407
44704	35.8184806696397
44730	35.8184806696381
44762	35.8184806696376
44780	35.8184806696374
44782	35.8184806696372
44784	35.8184806696371
44790	35.8184806696369
44794	35.8184806696363
44814	35.8184806696346
44826	35.8184806696339
44828	35.8184806696328
44838	35.8184806696328
44848	35.8184806696322
44864	35.8184806696315
44872	35.8184806696313
44874	35.8184806696312
44880	35.8184806696291
44904	35.8184806696283
44926	35.8184806696277
44960	35.8184806696273
44966	35.8184806696273
44976	35.8184806696264
44986	35.8184806696261
44990	35.8184806696259
45000	35.8184806696249
45014	35.8184806696239
45022	35.8184806696230
45038	35.8184806696229
45046	35.8184806696227
45056	35.8184806696216
45064	35.8184806696206
45084	35.8184806696204
45090	35.8184806696193
45106	35.8184806696185
45114	35.8184806696183
45156	35.8184806696178
45162	35.8184806696168
45172	35.8184806696154
45192	35.8184806696151
45204	35.8184806696150
45226	35.8184806696146
45228	35.8184806696134
45238	35.8184806696131
45250	35.8184806696127
45260	35.8184806696125
45262	35.818480669612
45274	35.8184806696117
45282	35.8184806696113
45296	35.8184806696108
45304	35.8184806696093
45334	35.8184806696089
45338	35.8184806696083
45340	35.8184806696062
45360	35.818480669605
45368	35.8184806696043
45376	35.818480669604
45380	35.8184806696037
45398	35.8184806696024
45400	35.8184806696018
45412	35.8184806696014
45414	35.8184806696007
45436	35.8184806695989
45456	35.8184806695975
45466	35.8184806695964
45508	35.8184806695964
45510	35.8184806695953
45534	35.8184806695952
45536	35.8184806695946
45564	35.8184806695931
45592	35.818480669592
45618	35.8184806695914
45626	35.8184806695912
45632	35.8184806695896
45662	35.8184806695895
45664	35.8184806695893
45670	35.8184806695891
45680	35.8184806695889
45696	35.8184806695883
45702	35.8184806695881
45714	35.8184806695881
45718	35.8184806695878
45722	35.8184806695873
45738	35.818480669587
45748	35.8184806695868
45754	35.8184806695867
45768	35.8184806695865
45778	35.8184806695864
45780	35.8184806695855
45782	35.8184806695851
45790	35.8184806695846
45792	35.8184806695843
45834	35.8184806695841
45842	35.8184806695840
45844	35.8184806695839
45848	35.8184806695839
45850	35.8184806695832
45856	35.8184806695831
45868	35.8184806695827
45886	35.8184806695827
45890	35.8184806695825
45896	35.818480669582
45908	35.818480669582
45910	35.8184806695818
45920	35.8184806695815
45928	35.8184806695815
45942	35.8184806695812
45944	35.818480669581
45958	35.8184806695808
45960	35.8184806695807
45972	35.8184806695806
45992	35.8184806695805
45998	35.8184806695805
46004	35.8184806695803
46030	35.8184806695801
46034	35.8184806695796
46036	35.8184806695796
46040	35.818480669579
46054	35.818480669579
46062	35.8184806695790
46068	35.8184806695789
46070	35.8184806695783
46092	35.8184806695782
46108	35.818480669578
46128	35.8184806695778
46132	35.8184806695777
46134	35.8184806695776
46136	35.8184806695775
46140	35.8184806695771
46152	35.818480669577
46160	35.8184806695765
46176	35.8184806695761
46184	35.8184806695754
46192	35.8184806695753
46194	35.8184806695752
46218	35.8184806695752
46220	35.8184806695749
46230	35.8184806695739
46256	35.818480669573
46266	35.8184806695729
46270	35.8184806695724
46272	35.8184806695724
46300	35.8184806695723
46308	35.8184806695723
46314	35.8184806695721
46320	35.8184806695716
46336	35.8184806695715
46348	35.8184806695715
46356	35.8184806695714
46358	35.8184806695714
46368	35.8184806695713
46370	35.8184806695712
46374	35.8184806695709
46380	35.8184806695707
46402	35.8184806695702
46438	35.8184806695699
46448	35.8184806695699
46476	35.8184806695695
46482	35.8184806695694
46496	35.8184806695694
46514	35.8184806695691
46518	35.818480669569
46524	35.8184806695689
46530	35.8184806695686
46538	35.8184806695682
46542	35.8184806695681
46558	35.8184806695681
46562	35.8184806695680
46588	35.8184806695677
46600	35.8184806695677
46608	35.8184806695675
46624	35.8184806695674
46636	35.8184806695670
46662	35.8184806695668
46676	35.8184806695666
46686	35.8184806695664
46700	35.8184806695663
46712	35.8184806695662
46744	35.8184806695662
46750	35.818480669566
46754	35.8184806695659
46772	35.8184806695658
46776	35.8184806695655
46790	35.8184806695655
46800	35.8184806695655
46808	35.8184806695653
46842	35.8184806695652
46862	35.8184806695651
46864	35.818480669565
46898	35.8184806695649
46922	35.8184806695648
46928	35.8184806695647
46964	35.8184806695647
46984	35.8184806695646
46986	35.8184806695646
47004	35.8184806695646
47006	35.8184806695645
47012	35.8184806695645
47014	35.8184806695644
47040	35.8184806695643
47056	35.8184806695642
47064	35.8184806695642
47080	35.8184806695641
47094	35.8184806695641
47108	35.818480669564
47118	35.8184806695639
47130	35.8184806695638
47156	35.8184806695637
47178	35.8184806695636
47180	35.8184806695635
47182	35.8184806695634
47194	35.8184806695632
47206	35.8184806695631
47232	35.8184806695627
47244	35.8184806695623
47250	35.8184806695622
47264	35.8184806695619
47274	35.8184806695619
47286	35.8184806695617
47290	35.8184806695616
47296	35.8184806695613
47306	35.8184806695613
47316	35.8184806695610
47378	35.8184806695609
47384	35.8184806695608
47404	35.8184806695607
47424	35.8184806695606
47426	35.8184806695606
47432	35.8184806695605
47438	35.8184806695604
47448	35.8184806695603
47450	35.8184806695602
47472	35.8184806695601
47480	35.8184806695597
47502	35.8184806695595
47532	35.8184806695594
47536	35.8184806695593
47562	35.8184806695593
47566	35.8184806695591
47576	35.818480669559
47588	35.8184806695589
47592	35.8184806695587
47602	35.8184806695586
47614	35.8184806695585
47622	35.8184806695585
47634	35.8184806695585
47640	35.8184806695582
47670	35.8184806695582
47676	35.8184806695581
47700	35.8184806695580
47704	35.8184806695579
47718	35.8184806695578
47724	35.8184806695578
47732	35.8184806695578
47736	35.8184806695578
47746	35.8184806695576
47768	35.8184806695574
47800	35.8184806695574
47824	35.8184806695574
47836	35.8184806695574
47844	35.8184806695574
47854	35.8184806695573
47864	35.8184806695572
47874	35.8184806695572
47880	35.8184806695572
47912	35.8184806695571
47930	35.8184806695571
47934	35.8184806695571
47938	35.8184806695571
47942	35.8184806695571
47946	35.8184806695571
47962	35.818480669557
47976	35.818480669557
47986	35.8184806695569
48002	35.8184806695569
48014	35.8184806695568
48020	35.8184806695568
48022	35.8184806695567
48030	35.8184806695567
48048	35.8184806695566
48050	35.8184806695566
48064	35.8184806695566
48090	35.8184806695566
48092	35.8184806695566
48096	35.8184806695565
48102	35.8184806695564
48116	35.8184806695564
48134	35.8184806695562
48142	35.8184806695562
48170	35.818480669556
48184	35.818480669556
48190	35.8184806695560
48204	35.8184806695559
48206	35.8184806695558
48240	35.8184806695558
48242	35.8184806695557
48268	35.8184806695557
48282	35.8184806695556
48286	35.8184806695556
48290	35.8184806695556
48304	35.8184806695555
48306	35.8184806695555
48308	35.8184806695555
48318	35.8184806695555
48322	35.8184806695553
48328	35.8184806695553
48330	35.8184806695552
48338	35.8184806695549
48386	35.8184806695548
48404	35.8184806695547
48406	35.8184806695547
48414	35.8184806695547
48426	35.8184806695546
48430	35.8184806695546
48440	35.8184806695545
48442	35.8184806695545
48452	35.8184806695544
48478	35.8184806695543
48484	35.8184806695543
48486	35.8184806695542
48496	35.8184806695541
48528	35.8184806695541
48564	35.8184806695539
48568	35.8184806695539
48590	35.8184806695539
48596	35.8184806695539
48618	35.8184806695539
48634	35.8184806695538
48644	35.8184806695536
48674	35.8184806695535
48726	35.8184806695535
48730	35.8184806695534
48734	35.8184806695534
48750	35.8184806695532
48752	35.8184806695531
48774	35.818480669553
48832	35.818480669553
48838	35.8184806695529
48868	35.8184806695529
48876	35.8184806695528
48892	35.8184806695528
48926	35.8184806695528
48936	35.8184806695528
48948	35.8184806695527
48956	35.8184806695527
48972	35.8184806695527
49028	35.8184806695527
49036	35.8184806695527
49038	35.8184806695526
49048	35.8184806695526
49078	35.8184806695526
49090	35.8184806695525
49098	35.8184806695525
49114	35.8184806695525
49148	35.8184806695525
49150	35.8184806695524
49162	35.8184806695524
49166	35.8184806695524
49198	35.8184806695524
49214	35.8184806695523
49230	35.8184806695523
49252	35.8184806695523
49268	35.8184806695522
49276	35.8184806695522
49298	35.8184806695522
49304	35.8184806695522
49330	35.8184806695521
49332	35.8184806695521
49340	35.8184806695521
49360	35.8184806695521
49376	35.8184806695521
49404	35.8184806695520
49418	35.818480669552
49434	35.8184806695519
49444	35.8184806695519
49460	35.8184806695519
49466	35.8184806695519
49474	35.8184806695518
49486	35.8184806695518
49510	35.8184806695517
49542	35.8184806695517
49546	35.8184806695516
49576	35.8184806695516
49590	35.8184806695516
49616	35.8184806695515
49648	35.8184806695515
49652	35.8184806695515
49672	35.8184806695515
49676	35.8184806695514
49696	35.8184806695514
49700	35.8184806695514
49712	35.8184806695514
49714	35.8184806695514
49716	35.8184806695514
49718	35.8184806695514
49744	35.8184806695514
49768	35.8184806695513
49784	35.8184806695513
49804	35.8184806695513
49822	35.8184806695513
49824	35.8184806695513
49840	35.8184806695513
49876	35.8184806695512
49888	35.8184806695512
49890	35.8184806695512
49898	35.8184806695512
49914	35.8184806695512
49920	35.8184806695511
49940	35.8184806695511
49954	35.8184806695511
49964	35.8184806695511
49986	35.8184806695511
50004	35.8184806695511
50010	35.818480669551
50018	35.818480669551
50020	35.818480669551
50028	35.818480669551
50046	35.818480669551
50048	35.818480669551
50100	35.8184806695509
50116	35.8184806695509
50120	35.8184806695509
50140	35.8184806695509
50156	35.8184806695509
50206	35.8184806695509
50226	35.8184806695508
50232	35.8184806695508
50246	35.8184806695508
50278	35.8184806695508
50282	35.8184806695508
50292	35.8184806695508
50300	35.8184806695508
50330	35.8184806695508
50334	35.8184806695507
50360	35.8184806695507
50368	35.8184806695507
50382	35.8184806695507
50394	35.8184806695507
50408	35.8184806695507
50420	35.8184806695507
50428	35.8184806695506
50438	35.8184806695506
50468	35.8184806695506
50470	35.8184806695506
50482	35.8184806695506
50500	35.8184806695506
50508	35.8184806695505
50518	35.8184806695505
50542	35.8184806695505
50558	35.8184806695505
50584	35.8184806695505
50606	35.8184806695504
50632	35.8184806695504
50648	35.8184806695504
50668	35.8184806695504
50702	35.8184806695504
50724	35.8184806695504
50752	35.8184806695504
50760	35.8184806695504
50772	35.8184806695503
50798	35.8184806695503
50810	35.8184806695503
50824	35.8184806695503
50850	35.8184806695503
50854	35.8184806695503
50876	35.8184806695502
50880	35.8184806695502
50886	35.8184806695502
50914	35.8184806695502
50926	35.8184806695502
50932	35.8184806695502
50936	35.8184806695502
50944	35.8184806695502
50954	35.8184806695502
50960	35.8184806695502
50972	35.8184806695502
50978	35.8184806695501
50996	35.8184806695501
51008	35.8184806695501
51018	35.8184806695501
51082	35.8184806695501
51104	35.8184806695501
51132	35.8184806695501
51158	35.8184806695501
51160	35.8184806695501
51188	35.8184806695501
51196	35.8184806695500
51226	35.8184806695500
51258	35.81848066955
51306	35.81848066955
51312	35.81848066955
51326	35.81848066955
51334	35.8184806695500
51348	35.8184806695499
51356	35.8184806695499
51360	35.8184806695499
51372	35.8184806695498
51392	35.8184806695498
51396	35.8184806695498
51404	35.8184806695498
51462	35.8184806695497
51508	35.8184806695497
51546	35.8184806695497
51556	35.8184806695497
51578	35.8184806695497
51616	35.8184806695497
51620	35.8184806695497
51652	35.8184806695497
51676	35.8184806695497
51700	35.8184806695497
51736	35.8184806695497
51768	35.8184806695497
51776	35.8184806695496
51790	35.8184806695496
51806	35.8184806695496
51816	35.8184806695496
51824	35.8184806695496
51870	35.8184806695496
51872	35.8184806695496
51896	35.8184806695496
51904	35.8184806695495
51916	35.8184806695495
51972	35.8184806695495
51974	35.8184806695495
52014	35.8184806695495
52042	35.8184806695495
52048	35.8184806695495
52080	35.8184806695495
52112	35.8184806695494
52116	35.8184806695494
52136	35.8184806695494
52186	35.8184806695494
52200	35.8184806695494
52216	35.8184806695494
52234	35.8184806695494
52254	35.8184806695493
52382	35.8184806695493
52390	35.8184806695493
52426	35.8184806695493
52458	35.8184806695493
52504	35.8184806695493
52528	35.8184806695493
52530	35.8184806695493
52544	35.8184806695492
52614	35.8184806695492
52636	35.8184806695492
52654	35.8184806695492
52670	35.8184806695492
52686	35.8184806695492
52728	35.8184806695492
52732	35.8184806695492
52748	35.8184806695492
52760	35.8184806695491
52786	35.8184806695491
52822	35.8184806695491
52846	35.8184806695491
52848	35.8184806695491
52910	35.8184806695491
52938	35.8184806695491
52946	35.8184806695491
52978	35.8184806695490
53040	35.818480669549
53084	35.818480669549
53122	35.818480669549
53206	35.818480669549
53370	35.818480669549
53382	35.818480669549
53450	35.8184806695490
53468	35.8184806695489
53550	35.8184806695489
53650	35.8184806695489
53780	35.8184806695489
53854	35.8184806695489
53894	35.8184806695489
53926	35.8184806695489
53950	35.8184806695489
53984	35.8184806695489
54106	35.8184806695489
54138	35.8184806695489
54206	35.8184806695488
54210	35.8184806695488
54336	35.8184806695488
54388	35.8184806695488
54400	35.8184806695488
54628	35.8184806695488
54674	35.8184806695488
54860	35.8184806695488
54930	35.8184806695488
54954	35.8184806695488
54976	35.8184806695488
55010	35.8184806695488
55024	35.8184806695488
55112	35.8184806695488
55176	35.8184806695487
55362	35.8184806695487
55488	35.8184806695487
55506	35.8184806695487
55754	35.8184806695487
55764	35.8184806695487
55844	35.8184806695487
56362	35.8184806695487
56434	35.8184806695487
56708	35.8184806695487
57108	35.8184806695487
66680	35.8184806695487
71528	35.8184806695487
73642	35.8184806695486
77580	35.8184806695486
82282	35.8184806695486
300000	35.8184806695486
