52	525.180892976812
64	443.914784578148
90	419.785751008655
110	384.378372742334
158	366.117715610928
162	360.343237945818
164	339.128141640686
226	329.731915223243
280	270.160676459194
744	237.463093759408
862	228.989771854762
1726	215.755492151089
2762	214.042386213062
4724	208.237801710307
4916	198.665454286983
5786	194.310722176754
5866	192.170028909553
5910	191.189930291792
6002	182.972740813351
6076	178.764008684297
6090	172.922288286861
6100	153.544285675231
6114	153.141819367175
6206	151.261325795801
6224	149.266536189497
6248	143.349142413066
6282	139.805081827230
6346	138.202424872588
6362	137.589598293544
6370	137.046753846266
6372	134.490341470709
6382	133.116265127343
6400	132.199471953273
6406	129.573686370213
6434	128.536729733535
6454	124.753709949488
6492	123.073737370181
6522	121.499632757843
6562	121.387426137772
6566	120.931229452156
6574	117.484408750050
6612	117.102569219612
6620	115.751345925031
6642	115.330829226471
6644	115.279746614171
6650	115.165365060558
6654	114.199380581800
6656	113.240542015055
6698	111.115552759772
6712	109.825295963201
6732	108.075148945295
6760	107.653938512937
6766	107.447195229081
6778	107.032314107871
6818	106.032714997533
6828	105.959524797018
6830	105.80966532166
6836	104.996880549648
6860	104.479030730730
6870	104.382612557355
6884	103.443632664089
6886	101.754960412219
6924	101.534291892039
6928	101.016132586282
6946	99.6272768853959
6992	99.595404705955
7002	98.7554051171327
7010	98.5891350107247
7046	98.5495031186553
7060	97.904254158364
7106	97.2544048669224
7140	97.2382112168706
7146	97.128613574622
7152	96.9268042767565
7172	96.850035056675
7186	96.6358380918551
7190	96.4494480039092
7196	96.372254832362
7214	96.3497231981028
7226	96.2567366289667
7254	96.1896004048088
7260	96.1727739060564
7262	96.010990345309
7284	95.8793191974198
7296	95.70463138745
7300	95.6069036200579
7322	95.3573136210284
7324	95.1783740078646
7330	95.0374276350097
7340	94.9709121956073
7342	94.6653990115163
7358	94.6012902331213
7366	94.4556930195203
7370	94.137315030839
7384	93.9830206765127
7396	93.5647423251251
7408	93.512983759345
7412	92.5786154296666
7420	92.1182199101029
7438	91.7546358407057
7452	91.315764044944
7462	91.2768616042345
7466	90.8554404213968
7480	90.6872170602144
7484	90.6077024272107
7512	89.4884149283672
7532	89.1446337356447
7544	89.0826167059021
7562	87.9459433390415
7588	87.5770568639732
7598	86.6106181630557
7614	86.5630923909763
7616	86.5197385710728
7638	86.4515458493528
7650	86.110341891899
7668	85.9670364676245
7682	85.6982943278992
7706	85.3276723387627
7722	85.2258553133835
7734	85.1535396658663
7738	84.8217880519236
7742	84.8163658943187
7744	84.6501385420559
7750	84.3337514406225
7774	83.708639026702
7794	82.823514860904
7824	82.625794173196
7860	82.4975165116207
7866	82.4819206495594
7870	82.371918052496
7876	82.3168396493185
7878	82.1901202111048
7884	82.0233518989106
7888	81.7430237333827
7900	81.6236280284997
7914	81.3544211696055
7940	81.2848144881357
7964	80.381040460701
7994	80.3339460745333
8008	80.308718288451
8010	80.2837771530917
8014	79.4220848859666
8038	78.5372185374774
8048	78.250951913105
8060	77.9088020614108
8078	77.2798015510596
8106	77.0746135615649
8116	76.766508578863
8122	76.3536382096396
8128	75.8727040598301
8142	75.5849974417024
8154	75.4770539362095
8160	75.0525893697634
8168	74.9463183106089
8180	74.7145817543287
8194	74.4752320363621
8196	74.2445908318148
8214	73.3219985274874
8260	73.052772251323
8278	73.0016958393917
8284	72.6964848245772
8302	72.5820512559869
8304	72.3601174684404
8324	72.3563324010827
8344	72.2813392470966
8360	71.7941155157728
8378	71.773514485057
8386	71.5761686847233
8396	71.5304260175554
8404	71.4774739124249
8410	71.0268586018244
8432	71.0261896368006
8436	70.8015360570389
8468	70.7262286652067
8478	70.6728492961322
8482	70.6106817631599
8492	70.5262594410782
8498	70.1402287326148
8518	69.8007423870592
8540	69.796628362141
8554	69.57492056831
8570	69.5246097969654
8584	69.5194901055147
8594	69.465872546655
8638	69.3776434692458
8656	69.2488474205433
8676	69.241383946874
8688	69.0343109071264
8704	68.8901137940163
8724	68.7787324196953
8736	68.7104459719442
8740	68.678516748322
8744	68.6300292580113
8746	68.6138212034798
8756	68.5793925317964
8768	68.50152302694
8794	68.4870195497273
8800	68.2176175245874
8806	67.9935946352585
8816	67.8895851121004
8834	67.8745771847867
8836	67.8559421959153
8844	67.7822227429409
8848	67.6890680244093
8894	67.6646125627483
8898	67.498824541977
8902	67.3159994214152
8922	67.1836162483515
8938	67.0096546685005
8970	66.91805504814
8980	66.7838603300599
8988	66.5859608950025
9016	66.2751523419977
9028	66.1451184895506
9032	65.9884342420697
9042	65.8944089692452
9048	65.8834223501015
9054	65.8208665774201
9056	65.72134709627
9078	65.655960507081
9088	65.4432969569405
9106	65.4224255902153
9112	65.1876382212726
9124	64.9892192840248
9146	64.8384930467361
9150	64.8051285299874
9166	64.7320504113094
9170	64.7036581774458
9192	64.4418166491156
9222	64.0559103681669
9224	63.9119236015768
9226	63.8849714284648
9250	63.7537233293933
9260	63.6928420722897
9264	63.1809480056765
9294	62.8878036380599
9338	62.833701018815
9344	62.7532579884061
9350	62.6583194928248
9376	62.5229363234131
9396	62.3607578807075
9416	62.2989605032572
9434	62.2768876718245
9438	62.2548865091472
9442	62.0132871336112
9448	61.9776659884703
9450	61.9114779417324
9462	61.8559109857419
9472	61.7776320120216
9474	61.7252687209708
9480	61.4939327389308
9490	61.223006483556
9502	61.0556791797036
9506	60.9389953587353
9512	60.7760449161384
9514	60.5213329720827
9560	60.3881120958823
9582	60.3518651431145
9602	60.2547311019998
9616	60.2166332289451
9622	60.1556201837991
9624	59.9740643264657
9626	59.9326157337328
9642	59.8978057626485
9648	59.806139825159
9656	59.7219521920329
9664	59.4777684957019
9684	59.4715642202979
9692	59.401975939845
9696	59.1361602476163
9744	58.8809199984664
9756	58.8216791633442
9780	58.6827772261666
9782	58.6445193494866
9792	58.5052205232277
9814	58.4837722168832
9818	58.3414272708885
9826	58.2103000951436
9858	58.152292650543
9876	58.1157471439321
9882	58.0455503709102
9886	58.0302623661367
9888	57.9952268785417
9922	57.8512021742138
9930	57.7630927636042
9932	57.654143473431
9946	57.5342102586449
9952	57.5303736898993
9956	57.4936831555808
9960	57.401593782943
9972	57.3704532398718
9976	57.2269468735191
9994	57.1307932878228
10000	57.0879762382128
10002	56.8274192952261
10008	56.7173548675362
10030	56.6631699039154
10056	56.4838144727757
10080	56.3966930417984
10086	56.3887111049087
10094	56.3488917423309
10096	56.0752872147214
10112	56.0685827249586
10118	55.7982670206466
10144	55.7402887438917
10146	55.6613435433056
10156	55.6191176597475
10158	55.6032076442498
10168	55.5477027653702
10180	55.4634049894655
10190	55.4510433021792
10220	55.2720520192996
10224	55.1465817655643
10240	55.1357294381762
10248	55.0335108036200
10266	54.8841342794882
10274	54.780545085707
10284	54.7250922004472
10296	54.6736458661918
10298	54.6424035164795
10308	54.6202079871418
10326	54.490512745854
10348	54.4072383852435
10360	54.3817720993367
10364	54.309060885718
10370	54.168021726264
10388	54.0761726114435
10398	54.0603339044278
10412	53.943540418218
10414	53.9396068522727
10418	53.8867985578938
10420	53.8536144532532
10454	53.7834495062258
10460	53.6935573257103
10466	53.6709218212732
10472	53.5960504805341
10484	53.5567531809975
10488	53.5161321439355
10494	53.5110006623187
10502	53.3230569728348
10558	53.3045537833147
10574	53.2891550621634
10578	53.2722385613388
10594	53.2452135251624
10598	53.2061988522826
10606	53.1761264705157
10630	53.0618472125533
10640	52.9623878668278
10646	52.9367601136519
10656	52.8994223163228
10666	52.841352593748
10670	52.7901120647205
10674	52.7727528842634
10688	52.6199871063465
10706	52.5182889008742
10716	52.4865729278669
10720	52.4486381625559
10722	52.2618436301846
10740	52.1600994666771
10746	52.1165242332647
10752	51.7593419380783
10764	51.7378246530866
10770	51.6670896859551
10772	51.512481184577
10802	51.4700789546643
10836	51.4598481742183
10850	51.3632696939976
10866	51.2419214017112
10880	51.2129175468725
10898	51.1031104512062
10914	51.0018994875558
10924	51.0018019029026
10934	50.9899716284649
10936	50.8590589689967
10956	50.7407348610821
10964	50.732225030403
10966	50.6755515143077
10988	50.6072059055985
11022	50.586745021337
11040	50.5645199681311
11042	50.4226339508972
11058	50.4180639133859
11064	50.3811210217002
11072	50.351705407434
11084	50.2271351245072
11094	50.0835610773586
11104	50.0532114492111
11126	50.0295109315486
11130	49.9153380499757
11168	49.8774361976847
11174	49.8752649792255
11178	49.7647252062746
11210	49.7584654298756
11218	49.693428218723
11230	49.6199140478214
11244	49.6011182046277
11248	49.4599045594
11252	49.3967481726256
11274	49.3475349502409
11282	49.3170968691215
11290	49.2449752072281
11308	49.2392457497913
11312	49.2107440662838
11320	49.1767650304456
11322	49.1443886661387
11324	49.1175403025951
11326	48.9643475682184
11354	48.9546470575004
11362	48.9424739958278
11376	48.9266097222626
11378	48.9227960846986
11380	48.8893291091167
11386	48.7971414970806
11400	48.7309165828833
11404	48.7045520823533
11406	48.6590282622463
11408	48.5256084992115
11422	48.508352236999
11438	48.4203363087855
11446	48.2757313919418
11458	48.0599051344193
11478	48.0424409101304
11486	48.0070174668077
11488	47.9480280273944
11496	47.9371068582136
11500	47.7340948664033
11510	47.6497640768049
11522	47.6448237441798
11534	47.6351022689579
11536	47.6068278393955
11538	47.5529708648185
11544	47.3738238471462
11552	47.3734740560852
11560	47.265751134148
11566	47.2351808061921
11594	47.2265731775222
11596	47.1976531585329
11606	47.1787783619935
11626	47.1754288450618
11664	47.159326409787
11668	47.1367704573716
11672	47.0932536176749
11682	47.0722210020043
11700	47.0541905402309
11714	47.0431544032122
11728	47.0407163788559
11734	46.9934110363999
11762	46.9859944486368
11782	46.9627515785958
11800	46.961318704014
11802	46.9454020003212
11804	46.8919645254127
11826	46.872569711169
11848	46.8247456793255
11860	46.8227424273137
11864	46.8111043403061
11868	46.7653978837228
11882	46.7347289349575
11906	46.7332176918882
11910	46.71343968753
11912	46.7068462968402
11922	46.6776213140883
11938	46.6717786805541
11952	46.656240755977
11954	46.6453772669252
11964	46.6132137551529
11982	46.5991905720110
11984	46.5153140138269
11996	46.5117250292996
12008	46.4567306208078
12026	46.4525583389641
12030	46.4366591917844
12044	46.4132051499176
12046	46.3747911577591
12054	46.3609951656663
12068	46.3280941442746
12078	46.1978006049705
12080	46.1888724342004
12086	46.18744849321
12092	46.1208752244683
12100	46.0332121963239
12106	45.9040478583311
12120	45.8115018842867
12126	45.5576468234523
12148	45.4936923727587
12158	45.40747977913
12168	45.2553066518072
12190	45.2449969931766
12196	45.1701735060383
12198	45.1098280347213
12220	45.0851378875755
12232	44.9231435992327
12252	44.8073905217824
12266	44.804322995383
12276	44.7396278962082
12302	44.7266804747755
12308	44.7043616466016
12310	44.6337425851146
12318	44.5144454776639
12322	44.5141956363682
12326	44.406733376093
12330	44.2407481627226
12350	44.1049622129429
12380	44.0354880312545
12388	44.026414779373
12406	43.9142509280049
12412	43.8769403572529
12416	43.8214295937547
12430	43.7617268757692
12458	43.6583049984828
12464	43.4557074250343
12522	43.44117511704
12534	43.4018589621988
12556	43.3359479773345
12560	43.3290177347154
12570	43.2941213168155
12578	43.2819821241245
12594	43.2790811132787
12606	43.2763054109493
12624	43.268669560397
12634	43.2545536240778
12640	43.1772645918439
12642	43.1477164584671
12664	43.0998954718607
12680	42.9943030038984
12720	42.9550753037736
12740	42.9246003441549
12754	42.9150103950982
12770	42.9020831291704
12774	42.8291781163897
12798	42.7857815411038
12808	42.7634054257379
12832	42.6555626584957
12836	42.6554871319119
12866	42.5851615293133
12868	42.5709227562885
12914	42.5155516320767
12944	42.4837493642222
12956	42.4695724969853
12972	42.4586465693035
12978	42.4230387674530
12988	42.3860872297168
12992	42.3858889686287
12994	42.3118144174517
13014	42.2996011573976
13024	42.2847320164084
13030	42.2375459450181
13060	42.1374081652098
13076	42.1270647797138
13078	42.1086582470199
13080	42.0493869662917
13084	41.991861296139
13110	41.9087065062191
13116	41.850260470577
13122	41.8085211143981
13168	41.8033012775567
13172	41.7924502410402
13190	41.7755983547462
13196	41.7584820443885
13212	41.7367071723747
13218	41.718288697343
13220	41.7088783936332
13236	41.7032263225846
13244	41.6302393542733
13254	41.597164844486
13268	41.5764535646844
13270	41.5350091111959
13276	41.5270392588759
13284	41.5098796746004
13288	41.494252497933
13290	41.4710755142625
13304	41.4633588090588
13306	41.4519717811618
13320	41.4493610439415
13344	41.4445324974301
13350	41.4193868958897
13358	41.3982985690965
13376	41.3535842574062
13386	41.3347843245108
13402	41.3326190049745
13404	41.3313123342442
13406	41.3060411892846
13416	41.2799352427465
13418	41.2748028549009
13422	41.2267231130028
13442	41.2126468731884
13446	41.1735958374642
13448	41.104543524789
13460	41.0458350397629
13484	41.0446645278018
13500	41.0201020166454
13502	41.0182252988708
13508	40.9845241519944
13516	40.9783669690701
13518	40.9687655557471
13532	40.9500082793148
13536	40.9357456389746
13538	40.8696019401599
13560	40.8412244256837
13562	40.8347549455394
13574	40.821831681585
13584	40.8037074419999
13598	40.7661766936547
13600	40.7539109175014
13616	40.7497383035017
13620	40.7401256717166
13636	40.7371347796906
13640	40.7195543537008
13656	40.6963910782986
13662	40.6715522316912
13664	40.6715224340167
13670	40.6670563885247
13684	40.6052384060335
13708	40.5890751230301
13738	40.5484402788057
13764	40.5213139565722
13790	40.5118564473564
13818	40.4801575227665
13820	40.4747169217829
13828	40.4562024240515
13832	40.4238439397607
13840	40.423572959153
13856	40.4209600148361
13860	40.3940395123060
13884	40.3553748695173
13940	40.3355307529227
13954	40.3208995028598
13990	40.3053801357137
14008	40.3011524331858
14020	40.2939802716145
14026	40.2820613770693
14040	40.2761855104163
14046	40.2730245228607
14068	40.2606986741012
14074	40.2591515889672
14094	40.25780530131
14096	40.2564658539765
14108	40.2443214679595
14134	40.2349403461553
14182	40.2323772613573
14186	40.2247638080954
14212	40.2198308711348
14214	40.2179087828511
14216	40.2137002898514
14218	40.1931035940801
14220	40.1880816780381
14232	40.1658692322985
14262	40.1653269351112
14266	40.1512312118228
14296	40.1358425478811
14330	40.1337948514714
14336	40.1286138872971
14338	40.1128622218832
14372	40.1058578538043
14392	40.0983347710703
14396	40.0897818741764
14400	40.081804665914
14422	40.0555918163143
14436	40.0499537287165
14448	40.0475419577642
14466	40.0354570729621
14470	40.0275841749596
14500	40.0247438435141
14510	40.0241113902444
14512	40.0218004794303
14518	39.9999426834071
14534	39.9977217100686
14542	39.9949871215057
14552	39.9933691276497
14556	39.9855410165233
14574	39.9661803396216
14578	39.9592811757762
14588	39.9295049737639
14626	39.9285871384742
14632	39.9199748702179
14634	39.9144483480791
14640	39.898087638784
14644	39.8979617201974
14650	39.8914840909062
14656	39.8765516101040
14664	39.8753002122835
14678	39.8715662051232
14684	39.8649823581006
14690	39.8506663704893
14704	39.839609332834
14708	39.8369565947025
14710	39.8242635579113
14718	39.818435530029
14720	39.8114236001758
14728	39.8112386254092
14732	39.8095141392802
14746	39.8014034300573
14764	39.7976458611873
14766	39.7921813336732
14782	39.7831180442806
14786	39.7801189960652
14788	39.7757096581953
14792	39.7692411861694
14804	39.7586080613059
14810	39.7570192626376
14812	39.7565494263475
14824	39.7559180013672
14830	39.7438238975779
14850	39.7348735847402
14868	39.7320212107331
14874	39.7215790732565
14876	39.7202924148538
14904	39.7154227040326
14906	39.7146420886738
14908	39.7066925791877
14914	39.704348245682
14940	39.7039512275120
14956	39.7035301619898
14964	39.7003870623731
14966	39.6991263723311
14972	39.6920343632007
14988	39.688388516999
14992	39.6851739754446
15010	39.6806520404755
15012	39.676682158538
15020	39.6759167726185
15026	39.6734616080474
15030	39.6717899590487
15032	39.6650151480899
15034	39.6410978093434
15046	39.6400573141516
15054	39.6277624286443
15062	39.6272385697454
15064	39.6260997933819
15074	39.6224067501892
15082	39.6219961565638
15086	39.6103609048567
15096	39.5962301108589
15130	39.5899702372673
15138	39.5771672528445
15158	39.5741922556917
15172	39.5720399535125
15190	39.5705921913568
15202	39.5645615233936
15204	39.5581732298947
15214	39.5499200545531
15252	39.5343637216811
15256	39.5295778025124
15262	39.528819050002
15266	39.5228317208957
15282	39.490129756217
15284	39.4845477068187
15298	39.469279849522
15332	39.468355282546
15350	39.4672730978677
15352	39.4580835984144
15356	39.454397745035
15364	39.4460723930351
15370	39.4322270530867
15396	39.4312979293624
15414	39.4213518918408
15418	39.416499094251
15420	39.4110639860919
15422	39.4039298803378
15436	39.4038832100211
15440	39.3890134610829
15454	39.3811385873362
15458	39.3604773337857
15468	39.3591281895136
15478	39.3461832785936
15492	39.3449067704358
15502	39.3379749628169
15518	39.3329107075942
15522	39.3308924980328
15538	39.3308856878176
15558	39.3163613883302
15570	39.307803498124
15594	39.2998451784682
15608	39.291409080838
15644	39.2869692521062
15646	39.2847973026699
15652	39.2754888995338
15670	39.2724394614034
15672	39.2697286333362
15682	39.2572526508181
15696	39.255743957482
15700	39.2554504261343
15710	39.2487292248339
15724	39.2477692960944
15730	39.2264853874801
15742	39.2233700421267
15758	39.2151753862417
15766	39.2109201354424
15782	39.2031242735831
15792	39.200142662991
15826	39.1974772112709
15834	39.1914061052212
15840	39.1850189866933
15850	39.1832128791979
15852	39.1751880673654
15860	39.1723619272901
15876	39.1721337477379
15886	39.1619178550165
15894	39.1589607116052
15924	39.156690502287
15928	39.1421796284254
15938	39.1397309426396
15950	39.1376843274544
15952	39.1261673597147
15968	39.1169401037564
15974	39.1155850789785
15992	39.1047552590647
16024	39.1022502260825
16030	39.0980069312726
16054	39.09401224862
16062	39.0829199811631
16114	39.0787754392829
16136	39.0750699456314
16144	39.0739149087808
16146	39.0685177745555
16220	39.0668765300078
16234	39.0662210159825
16244	39.0627213392414
16276	39.0562726531147
16284	39.0554534245541
16292	39.0548820299634
16298	39.0467635092736
16348	39.0438633428035
16352	39.0422801356416
16374	39.0379141281909
16396	39.0363261218838
16414	39.0362252131864
16430	39.0356908854785
16444	39.0339145158976
16446	39.0313579736191
16456	39.0294369565250
16458	39.0232114771714
16474	39.0207621631589
16476	39.0203279452526
16480	39.0188974756702
16486	39.0152500929159
16512	39.0142548878419
16516	39.0117306877859
16520	39.0084592737215
16538	39.0068271341452
16548	39.0042260199919
16554	39.0032842790543
16556	39.0011734456891
16574	38.9968115908399
16596	38.9955125852937
16604	38.9922237184951
16618	38.9879314935512
16630	38.9862757442562
16650	38.9825418608464
16674	38.976937631287
16686	38.9758605018892
16688	38.9749652328495
16706	38.9734537732224
16726	38.971355666997
16734	38.9693430624092
16746	38.9692502949045
16754	38.9633541802106
16798	38.962544454385
16804	38.9614549196112
16810	38.9609821133239
16814	38.9600798934332
16818	38.9572116942904
16836	38.952994163917
16844	38.9512804477623
16848	38.947974360446
16884	38.9466907727460
16894	38.9460136332895
16898	38.9456088833755
16900	38.9416706113647
16904	38.9399282225902
16910	38.9347164607285
16918	38.9310919212915
16944	38.9264429190637
16954	38.9263425837967
16956	38.9229481250528
16962	38.9188201231373
17002	38.915126728302
17028	38.9145317926179
17042	38.9128773158734
17054	38.9118316416797
17058	38.911557495628
17062	38.9112396193998
17090	38.9111370848185
17096	38.9108118675822
17102	38.9107516167897
17110	38.90952475636
17118	38.9090940399353
17120	38.9054108916255
17138	38.9039610435565
17144	38.9018200742173
17150	38.8998905109286
17184	38.8998818736632
17190	38.8995523710874
17200	38.8989780835345
17212	38.8987157404848
17218	38.8986003629704
17220	38.8983662350476
17226	38.8966355848046
17248	38.8965793193946
17254	38.8963702004253
17258	38.8963109697968
17266	38.8958421238395
17278	38.8952296318125
17288	38.8931729450866
17290	38.8929541128428
17308	38.892409813869
17342	38.8919772238507
17344	38.8897252082244
17358	38.8892962667467
17374	38.8891209459837
17408	38.8890049768931
17420	38.8877805655361
17432	38.8873246383450
17442	38.8869950680907
17478	38.8868713611153
17484	38.8858444143629
17490	38.8858145419933
17506	38.8854458828689
17510	38.8851775573012
17514	38.8849912823061
17526	38.8846913149946
17532	38.8829950750866
17536	38.882447053091
17542	38.8814656200163
17572	38.8807321603597
17582	38.8793811296095
17590	38.8785127544971
17612	38.8782606078232
17616	38.8772232984366
17624	38.8753901217856
17648	38.8753172364320
17652	38.8734518744543
17676	38.8728532008339
17678	38.8720489880013
17718	38.8719832448875
17728	38.8715614750260
17730	38.8705149664554
17740	38.8690460485061
17782	38.8688336669759
17784	38.8674041705241
17794	38.866172607399
17796	38.8660406842991
17800	38.8650313495732
17806	38.8632714655835
17836	38.8621754513822
17852	38.8610674259506
17862	38.8607459766015
17880	38.8601886370898
17890	38.8599545050941
17904	38.8594287348852
17938	38.8588265578629
17956	38.8580850106930
17960	38.8574742237015
17982	38.8570895984004
18006	38.8570763680626
18012	38.856957886762
18014	38.8561111265421
18018	38.8555999775153
18030	38.8555826363143
18048	38.8555799140313
18058	38.8554442911183
18072	38.8553979461595
18074	38.8553725544395
18076	38.8550455179933
18108	38.8548885066069
18128	38.8548470247813
18138	38.8546281506756
18142	38.8545030820769
18150	38.8544225676124
18166	38.8544066887370
18182	38.8542060901774
18186	38.8541168752584
18200	38.8537258910322
18208	38.8533738791805
18212	38.8529763387129
18218	38.8527826266628
18220	38.8527167043982
18226	38.8523544958351
18256	38.8520940421855
18284	38.8520129129922
18290	38.8517851725632
18300	38.8517851264108
18306	38.8516845076897
18314	38.8506352285279
18354	38.8506000407160
18364	38.8505127855969
18366	38.8502336593267
18392	38.8501796045628
18412	38.8501723771667
18416	38.8498637359676
18418	38.8498202683146
18444	38.8496894635195
18448	38.8496006330757
18454	38.8491863351006
18496	38.8486957430979
18498	38.848653863317
18510	38.8486050031518
18518	38.848584959175
18554	38.8483405525053
18560	38.8481404601978
18576	38.8479248461316
18584	38.8477984272021
18612	38.8474108786198
18628	38.8472737438148
18634	38.8469250016298
18646	38.8460245115889
18670	38.8459541705997
18678	38.8458992529697
18680	38.8456913676579
18684	38.8455931661395
18688	38.8454075215781
18696	38.8451609247782
18722	38.8447443839441
18770	38.8444281718818
18778	38.8444203812837
18782	38.844302701111
18790	38.8442918007088
18798	38.8442273749825
18804	38.8440906395857
18810	38.8438075228941
18822	38.8436920453237
18836	38.8435358033334
18860	38.8434764344798
18868	38.8433853593001
18888	38.843333082733
18894	38.8431523150865
18898	38.8429891859873
18904	38.8428512838849
18912	38.8426894566398
18914	38.8425265612743
18922	38.8424835139342
18928	38.8423201821457
18932	38.8422667735860
18934	38.841555100347
18958	38.8415281862686
18960	38.8413020388755
18972	38.8410852431403
18982	38.8409945796558
18986	38.8408879491475
18996	38.8407303305246
19004	38.8399087333370
19028	38.8399009848445
19034	38.8398593210419
19036	38.8398187606957
19046	38.8397613239561
19050	38.8393630899307
19060	38.8390727968659
19082	38.8389995873589
19084	38.8388054155208
19092	38.8387065468219
19100	38.8386236688001
19106	38.8386047445551
19122	38.8384649432991
19128	38.8383492731862
19130	38.8380826893387
19144	38.8376490238406
19162	38.8374641261902
19182	38.837168748522
19186	38.8371355786855
19192	38.8371131771019
19194	38.8370758447174
19196	38.8370032275477
19202	38.8364697992968
19224	38.836404452166
19228	38.8363963493482
19232	38.8361392329567
19252	38.8360628276322
19260	38.8353953559526
19270	38.8349532249537
19284	38.8349268221627
19288	38.83488598827
19290	38.8345104321422
19300	38.8344949898037
19302	38.8341454483499
19316	38.8337737357721
19344	38.8333729417857
19346	38.8333290387671
19370	38.8331233042540
19378	38.8330868500525
19388	38.8326312934814
19392	38.8323472524932
19424	38.8320465099075
19450	38.831873858232
19452	38.8316605004009
19470	38.8315398989279
19472	38.8314434319089
19480	38.8314328106319
19482	38.831193211965
19486	38.8311422774661
19498	38.8309832770277
19514	38.8309788086445
19516	38.8304944981415
19542	38.8303806817465
19546	38.8303717888442
19548	38.8302411540324
19560	38.8294212632866
19578	38.8291820451223
19582	38.8289792762617
19596	38.8288607451803
19600	38.8288190207796
19610	38.8286870191751
19612	38.8284435096816
19620	38.8279211716509
19624	38.8278409873455
19634	38.8273321461787
19638	38.8270304161128
19648	38.8266091215909
19658	38.8253908183599
19672	38.8251271785909
19684	38.8248986093952
19714	38.8247096469156
19720	38.8241898970355
19734	38.8236559936054
19770	38.8235742458362
19796	38.8235060853735
19820	38.8232452540356
19840	38.8232429710419
19852	38.8231514930414
19854	38.8229744049907
19858	38.8228672327734
19894	38.8226849670479
19902	38.8226462990649
19908	38.8225862780128
19940	38.8225622687818
19950	38.8225060258608
19952	38.8224504593041
19958	38.8224250038544
19966	38.822295324723
19970	38.8220907027825
19992	38.8220466005658
19998	38.8219514189405
20002	38.8216992565694
20012	38.8216052801789
20036	38.8214689562626
20068	38.8214000270568
20086	38.8213808846213
20092	38.8213417244549
20096	38.8213147132167
20110	38.8212899855227
20112	38.8212791463565
20118	38.8212380139795
20126	38.8212114224534
20134	38.821063501459
20138	38.8210468781085
20142	38.821032043956
20156	38.8209916000867
20168	38.8209291495312
20174	38.8209104589674
20206	38.8208857869016
20208	38.8207966789656
20228	38.8207941585225
20236	38.8206436881394
20266	38.8206329701719
20274	38.8205862719995
20280	38.8205611877598
20282	38.8204324723061
20284	38.8204231470453
20290	38.8202612920109
20306	38.8200738898716
20312	38.8200062969061
20318	38.819967320481
20324	38.8199346201567
20330	38.8198998596124
20344	38.8197854708136
20350	38.8197636213142
20358	38.8197427581538
20388	38.8196769091018
20396	38.8196007297479
20412	38.8195710900473
20446	38.8195662176251
20448	38.8195045251137
20450	38.8193568632735
20462	38.8191658468762
20490	38.8191092129822
20492	38.8191076666075
20494	38.8189096654594
20520	38.8188425038331
20530	38.8188165007001
20538	38.8186697062203
20588	38.8184444860077
20618	38.8182527274961
20634	38.8182361599798
20636	38.8181710725119
20652	38.8180338707401
20660	38.8179726063137
20668	38.8178345413807
20682	38.8175009778446
20708	38.8174290629445
20718	38.8173983554118
20720	38.8173332546129
20726	38.8172770317848
20754	38.8172454128255
20762	38.8172345021703
20772	38.817172422604
20788	38.8170809834160
20794	38.8169702577158
20800	38.8168710678913
20820	38.8167216751173
20824	38.8166360321102
20840	38.8163463682728
20856	38.8163084068567
20876	38.8161866372726
20894	38.8161836171935
20900	38.8161321790552
20904	38.8160556569421
20908	38.815918601276
20930	38.8158225375026
20938	38.8158100593862
20942	38.8157227329480
20944	38.8156692825939
20956	38.8155454465792
20966	38.8154337285565
20986	38.8153833250598
20994	38.8153227123049
21016	38.8151601805121
21028	38.8151295125862
21044	38.815080599145
21048	38.8150568788989
21092	38.8149808203502
21096	38.8149764867307
21098	38.8148656772572
21112	38.8148381116743
21124	38.8147012483717
21134	38.8146828212601
21136	38.8145876764954
21138	38.8145236079270
21160	38.8144291938807
21168	38.8143576149302
21184	38.8142801266317
21188	38.8142244375575
21204	38.8141874239759
21216	38.8141252795782
21224	38.8140161244704
21252	38.8139645418851
21266	38.8139543075663
21270	38.8138084959321
21288	38.8138075410235
21318	38.8136566076431
21332	38.8135958958627
21338	38.8134933374581
21340	38.8134127256369
21346	38.8132666511015
21370	38.8132299076674
21374	38.8130664592035
21398	38.8129637078582
21416	38.8129152943968
21442	38.8127894281466
21470	38.8126988495662
21476	38.8126377076399
21482	38.8125884820648
21488	38.812500234818
21492	38.8124976406382
21524	38.8124060009218
21534	38.8122847651785
21552	38.8122341277213
21580	38.8121464559509
21594	38.8120424341746
21612	38.8119061616446
21626	38.811807346402
21642	38.8117692810458
21650	38.8117555823876
21652	38.8116879814306
21654	38.8116557358952
21660	38.8116179597836
21672	38.8115920299148
21678	38.8115011316853
21682	38.8113316002309
21708	38.8112470801543
21710	38.8111682633428
21734	38.8110724889617
21736	38.8110606810324
21750	38.8110597648046
21756	38.8109632866912
21798	38.8109450458876
21804	38.8108815569216
21828	38.8108446793318
21854	38.8107826388845
21866	38.8107448583112
21890	38.8107201163353
21910	38.8107064823286
21926	38.8106177228271
21942	38.8106001835771
21948	38.8105737571137
21956	38.8105541295334
21960	38.8105095855997
21974	38.8104985568346
21996	38.8104582213862
22004	38.8104437625495
22006	38.8104049398613
22012	38.8103551876927
22028	38.8103020079983
22032	38.8102555862591
22036	38.8102551961562
22044	38.8102346448468
22054	38.8102344037136
22056	38.8101717867078
22066	38.8101583134275
22068	38.8101394988819
22072	38.8101349118151
22074	38.8100704986575
22082	38.8098573907023
22138	38.8097508048405
22150	38.8097090135264
22158	38.809420957369
22220	38.8094164216355
22240	38.8092778896731
22264	38.8092097304131
22272	38.8091717851804
22282	38.8091300205346
22294	38.8091086945698
22316	38.8090288420726
22334	38.8090194565309
22354	38.8089953154796
22376	38.8089410052358
22400	38.8088714256315
22408	38.8088202310359
22432	38.8087854634618
22450	38.8086445053922
22496	38.8086035827118
22498	38.8085974015507
22504	38.8085717497307
22512	38.8085584675677
22528	38.8085213059542
22540	38.8084275789675
22542	38.808344773673
22546	38.8082273465883
22578	38.8081773147955
22580	38.808153438191
22592	38.8081084313371
22604	38.8080433821463
22616	38.8079562942548
22636	38.8079289331248
22652	38.8078789729887
22672	38.8078347284803
22694	38.8077957563768
22698	38.8077805443559
22716	38.8077784144028
22726	38.8077459536897
22728	38.8076706823861
22732	38.8076654592692
22742	38.8075567228288
22800	38.8075491622646
22802	38.8075227959565
22806	38.8074649813897
22824	38.8074443421131
22840	38.8074378832473
22842	38.8074337633857
22850	38.8074256491385
22864	38.8073921785326
22870	38.8073853144527
22888	38.8073682751743
22892	38.8073628720853
22894	38.8073333731161
22914	38.8073283069133
22932	38.8072900857658
22934	38.8072861037275
22936	38.8072779997075
22948	38.8072289996874
22954	38.807202213087
22966	38.8071905269412
22984	38.8071898728728
22998	38.8071847756801
23000	38.8070981403432
23004	38.8070846448184
23020	38.8070648904365
23022	38.8069997607951
23052	38.8069879546607
23058	38.8069787872276
23062	38.8069374294316
23080	38.8069230048412
23086	38.8068747724116
23110	38.8068595853714
23114	38.8068122781574
23122	38.8068076814979
23132	38.8067710982158
23152	38.8067478671750
23172	38.80673809796
23180	38.8067359190191
23188	38.8066417331572
23210	38.8066359638427
23222	38.8066034938824
23262	38.806550669551
23282	38.8065463923117
23284	38.806538493876
23288	38.8065079779111
23292	38.8064746317005
23296	38.8064694467724
23304	38.8064439869327
23320	38.8064418663421
23332	38.8064396243554
23338	38.8064166729534
23346	38.8064057639665
23354	38.8063891471219
23358	38.8063726786757
23388	38.8063462894701
23418	38.8063416579400
23424	38.8063056513458
23446	38.8063031586331
23454	38.8062929564730
23462	38.8062524567038
23498	38.8062439766552
23502	38.8062352825798
23506	38.8062231263215
23522	38.8062162048967
23530	38.8061938783085
23534	38.8061858138073
23536	38.8061490564613
23542	38.8061356457644
23554	38.806099130005
23566	38.806093225032
23574	38.8060830738818
23582	38.8060771270994
23586	38.80604598808
23604	38.8060093568409
23614	38.8059663713572
23638	38.8059288422506
23666	38.8059117319744
23674	38.8059014471927
23690	38.8058811897996
23694	38.8058565627832
23696	38.8058255119917
23702	38.8057892829614
23714	38.8057661005256
23728	38.8057455989832
23758	38.8057250640767
23764	38.8057136398622
23774	38.8056725164529
23794	38.8056684230421
23796	38.8056276061601
23816	38.8056193140206
23818	38.8056183538455
23826	38.8056015597791
23828	38.8055878577865
23834	38.8055830907821
23842	38.8054951205443
23870	38.8054883270155
23876	38.8054799294321
23884	38.8053955793537
23886	38.8053512625163
23894	38.8053358220293
23906	38.8053356445328
23912	38.8053268718277
23936	38.8052864711976
23966	38.8052783530975
23986	38.8051986866994
24006	38.8051782227668
24014	38.8051524736848
24032	38.805147744806
24036	38.8051307486277
24082	38.8051151976142
24098	38.8051003148704
24120	38.8050922840715
24142	38.8050691824577
24154	38.8050658199522
24168	38.8050656236966
24172	38.805053628198
24174	38.8050332888125
24188	38.8050225160738
24190	38.8050157097164
24196	38.8049612033762
24226	38.8049565625379
24240	38.8049437194553
24242	38.8049211381820
24250	38.8049098838179
24258	38.8048671628757
24262	38.8048651756516
24264	38.804840684851
24300	38.8047940606518
24314	38.8047919211392
24336	38.8047732286257
24346	38.8047671703871
24350	38.8047558430048
24352	38.8047481331533
24374	38.8047423576383
24382	38.8047223464779
24402	38.8047143600343
24418	38.8047111269342
24422	38.8046971588076
24440	38.8046928063381
24444	38.8046861644199
24452	38.8046760362227
24456	38.8046609002182
24460	38.8046564278692
24464	38.8046425023031
24476	38.8046413694928
24482	38.8046224360745
24494	38.8046126205729
24508	38.8046043176941
24514	38.8045951726829
24516	38.8045829185535
24528	38.8045802505448
24530	38.8045609011216
24554	38.8045373053097
24572	38.8045127666794
24574	38.8044912275369
24616	38.8044701139109
24646	38.8044582859227
24654	38.8044527600133
24656	38.8044486329541
24660	38.8044298428255
24666	38.804423257997
24670	38.8044165421513
24682	38.8044108788247
24684	38.8044065099643
24692	38.8043836212734
24722	38.8043794219681
24724	38.8043754653747
24728	38.8043538195438
24732	38.804339612828
24744	38.8043339953139
24758	38.8043283770195
24768	38.8043186505574
24770	38.8042953701366
24774	38.8042810952649
24780	38.804273641786
24782	38.8042732489236
24788	38.8042697314541
24798	38.8042655709083
24820	38.8042606725691
24824	38.8042448425742
24828	38.8042252044688
24846	38.8042126176788
24850	38.8042112592695
24874	38.8042074685060
24880	38.8042064727231
24882	38.8042020589140
24896	38.8041782878862
24906	38.8041782856645
24914	38.8041728332686
24934	38.8041712199474
24956	38.8041578357398
24958	38.8041548363546
24974	38.8041411469448
24978	38.8041393018497
25012	38.8041375605822
25016	38.8041054203686
25032	38.8040993200192
25044	38.8040873314979
25048	38.8040592282812
25084	38.8040411993894
25094	38.80403005264
25102	38.8040265616556
25106	38.804020107337
25114	38.8040169945244
25118	38.8039845931342
25122	38.8039545550012
25130	38.803934592716
25132	38.8039233311481
25156	38.8039088748052
25166	38.8039014272666
25188	38.8038860368761
25198	38.8038841126084
25202	38.8038653108536
25210	38.8038495198897
25238	38.8038456548247
25244	38.8038441020526
25258	38.8038422814500
25274	38.8038389581311
25284	38.8038319190617
25304	38.8038313300782
25322	38.803826452568
25336	38.8038180641829
25340	38.8038174174257
25370	38.8038159007252
25388	38.8038157405652
25406	38.8038143832062
25412	38.8038129023308
25414	38.8038122774204
25434	38.8038086911461
25440	38.8038073397741
25442	38.8038050462324
25446	38.8038033795602
25462	38.8037970425027
25466	38.8037956236131
25490	38.8037875330329
25510	38.8037849733909
25524	38.8037837899764
25528	38.803782927486
25532	38.8037769990055
25536	38.8037701687224
25562	38.8037631896313
25578	38.8037597323031
25588	38.8037592352567
25594	38.8037561680126
25598	38.8037542833186
25606	38.8037467655221
25626	38.8037448338385
25632	38.8037429481094
25638	38.8037421991144
25644	38.8037404416100
25646	38.8037332670916
25656	38.8037307807876
25662	38.8037286829521
25668	38.8037262420181
25682	38.8037246137016
25690	38.8037180232823
25696	38.8037146948626
25706	38.803714056882
25708	38.803710017176
25712	38.8036946408389
25716	38.8036927364864
25744	38.8036851300628
25748	38.8036766826862
25756	38.8036763628852
25764	38.8036756384186
25798	38.8036739211141
25818	38.8036661038413
25846	38.8036653389156
25856	38.8036599440549
25886	38.8036596274627
25894	38.8036539580719
25920	38.8036518330131
25952	38.8036484226909
25984	38.8036464270989
26022	38.8036431037065
26024	38.8036428850624
26058	38.8036423406481
26070	38.803637278079
26084	38.8036329145939
26112	38.8036280817418
26114	38.8036266278131
26146	38.8036256006154
26170	38.8036252147167
26182	38.8036239324473
26194	38.8036207895422
26238	38.8036178669956
26246	38.8036174346381
26252	38.8036169969939
26266	38.8036128739731
26278	38.80360959842
26286	38.8036086261758
26302	38.8036085716172
26310	38.8036083728735
26316	38.8036071211958
26356	38.8036052029411
26366	38.8036050561101
26384	38.8036042101082
26404	38.8036021745198
26410	38.8036005024901
26442	38.8035988241207
26454	38.8035964524616
26456	38.8035962607548
26464	38.8035949987862
26478	38.803594028784
26486	38.8035938630883
26496	38.8035927295927
26508	38.8035918006046
26516	38.8035909663715
26542	38.8035904733381
26544	38.8035903766138
26548	38.8035897268102
26558	38.803588448372
26580	38.8035846620687
26618	38.8035833413292
26642	38.8035826861521
26654	38.803581883619
26658	38.8035817514193
26664	38.8035813445842
26678	38.8035811949952
26682	38.8035782138903
26708	38.8035779469059
26714	38.8035765189449
26726	38.8035750936455
26728	38.8035749153637
26730	38.8035727176617
26748	38.8035711298713
26766	38.8035703472812
26774	38.8035682287792
26802	38.8035679227381
26808	38.803567590819
26818	38.8035672566726
26822	38.8035668200716
26830	38.8035648193443
26842	38.8035639320609
26856	38.8035622402845
26864	38.8035615791886
26868	38.8035607521692
26886	38.803559171405
26924	38.8035590415807
26930	38.8035585582617
26962	38.8035576181641
26996	38.8035571888405
27002	38.8035566611098
27004	38.8035558159287
27016	38.8035553964721
27040	38.8035549123609
27048	38.8035546557114
27060	38.8035545627165
27064	38.8035542362629
27070	38.8035541220513
27074	38.8035534070703
27080	38.8035528692954
27108	38.8035528134171
27114	38.8035525150941
27116	38.8035508683831
27132	38.8035507533568
27134	38.8035505455636
27136	38.8035497882951
27150	38.8035494729068
27154	38.8035488871848
27164	38.8035482656203
27174	38.8035476878422
27180	38.8035472503895
27186	38.8035464968601
27198	38.8035464901686
27208	38.8035455899070
27210	38.8035452506669
27214	38.8035451662843
27236	38.803545051674
27264	38.8035437083708
27268	38.8035430692793
27278	38.8035422000829
27294	38.8035413803407
27300	38.8035409223796
27314	38.8035397983384
27324	38.8035392319
27332	38.8035388368065
27364	38.8035380055879
27394	38.8035375887135
27402	38.8035371382727
27434	38.8035367288817
27436	38.8035355332209
27454	38.8035347680963
27470	38.8035342786134
27478	38.8035334812927
27488	38.8035332842136
27496	38.8035330496258
27498	38.8035327610848
27506	38.8035325892996
27510	38.803532015231
27518	38.8035318274393
27526	38.8035316738665
27536	38.8035315911633
27538	38.8035310677633
27540	38.8035308838167
27548	38.8035304609913
27558	38.8035303803834
27560	38.8035300461618
27564	38.8035289338172
27584	38.8035281566693
27586	38.8035277543367
27592	38.8035270863329
27604	38.8035268817961
27614	38.8035261869561
27618	38.8035228026543
27652	38.8035215669756
27688	38.8035213050728
27700	38.8035201501852
27716	38.8035184406858
27724	38.8035181716404
27732	38.8035173106566
27736	38.80351717523
27738	38.8035170231507
27744	38.8035152731998
27748	38.8035139974315
27750	38.8035139406501
27790	38.8035131717024
27802	38.8035116291845
27810	38.80351112121
27812	38.8035110682866
27822	38.8035107917892
27834	38.8035106894866
27864	38.8035105155150
27870	38.8035103426358
27878	38.8035093640944
27892	38.8035075871351
27908	38.8035074672919
27912	38.8035071262130
27932	38.8035068525306
27938	38.8035067895869
27952	38.8035053669419
27974	38.8035047599634
27978	38.8035042523969
27984	38.8035042111718
27988	38.8035037606177
28002	38.8035027295039
28006	38.8035015871077
28008	38.8035011494559
28018	38.8035004034427
28038	38.8034995822275
28086	38.8034989442936
28092	38.8034984249228
28096	38.8034983223752
28116	38.8034966806301
28170	38.8034957491013
28188	38.8034956460407
28194	38.8034955819973
28202	38.8034944265347
28204	38.8034943288776
28210	38.8034942594329
28212	38.8034939007363
28224	38.8034934491079
28230	38.8034934026353
28252	38.803492047115
28254	38.8034918591838
28272	38.8034917777189
28282	38.803491459275
28286	38.8034903648462
28314	38.8034893732019
28322	38.8034888882551
28342	38.8034888860013
28346	38.8034880293118
28356	38.8034878801215
28362	38.8034877804572
28368	38.8034876259248
28378	38.8034874907176
28382	38.803487322351
28390	38.8034873111956
28396	38.8034872520337
28402	38.8034870383572
28418	38.8034869737967
28420	38.8034859850343
28436	38.8034856779723
28444	38.8034838539191
28448	38.8034824740427
28452	38.8034823279761
28460	38.8034816870123
28462	38.8034811838622
28464	38.803480652846
28474	38.803480405903
28490	38.803479343944
28504	38.8034787649379
28510	38.8034776542947
28514	38.8034758025746
28530	38.8034741685874
28534	38.8034738623522
28540	38.8034730590295
28552	38.8034714775315
28554	38.8034692507729
28558	38.8034678623453
28572	38.8034642573516
28580	38.8034630548017
28588	38.8034627798634
28594	38.8034600471397
28612	38.8034594964756
28616	38.8034570094056
28632	38.8034563564168
28634	38.8034562453866
28652	38.8034528521706
28680	38.803452522705
28692	38.8034518903562
28698	38.8034482031235
28700	38.8034475159022
28706	38.8034459931025
28708	38.8034449449200
28722	38.8034447394746
28728	38.8034424117021
28750	38.8034384540647
28780	38.8034366633098
28792	38.8034339348885
28806	38.8034336032967
28828	38.8034313029759
28848	38.8034297662884
28862	38.8034293358794
28874	38.8034288646174
28894	38.8034280437848
28896	38.8034275693708
28898	38.8034271695798
28904	38.8034243302249
28910	38.8034242078353
28920	38.8034232391868
28932	38.8034211985424
28944	38.8034201078803
28962	38.8034181855257
28968	38.8034178955773
28988	38.8034160416771
28996	38.8034141538288
29010	38.8034137982765
29012	38.8034126420667
29020	38.803412284237
29026	38.8034117917746
29040	38.8034086488035
29076	38.8034079743083
29082	38.8034077517101
29094	38.8034076696459
29106	38.8034068665815
29118	38.8034068229132
29126	38.8034067636781
29128	38.8034063328865
29134	38.8034060260955
29146	38.8034039747755
29148	38.8034019919172
29158	38.8034018985651
29170	38.8034011241201
29198	38.8034004200878
29228	38.8033998511023
29230	38.8033995321851
29232	38.803398923212
29236	38.8033982265177
29256	38.8033967589377
29270	38.8033965795328
29280	38.8033945752014
29316	38.8033943813289
29326	38.8033936022452
29328	38.8033927281621
29340	38.8033924028306
29378	38.8033918434218
29388	38.8033912707955
29426	38.8033906597441
29434	38.8033903259841
29450	38.8033901337384
29474	38.8033898044084
29476	38.8033897447490
29488	38.8033885653266
29506	38.8033884218989
29522	38.8033877486316
29538	38.80338708816
29554	38.8033868968625
29566	38.8033868216762
29570	38.8033868085934
29572	38.8033865844906
29574	38.8033860613873
29586	38.8033860246870
29600	38.8033858580770
29602	38.8033850026448
29616	38.8033849379143
29622	38.803384104777
29634	38.803383674314
29644	38.8033832133452
29654	38.8033828884405
29668	38.8033827547482
29678	38.8033818720592
29686	38.8033817491327
29700	38.8033815446778
29704	38.803380188088
29738	38.8033787921084
29768	38.8033776558827
29784	38.8033773838835
29786	38.803377262673
29788	38.8033771219073
29802	38.8033769314017
29820	38.8033758690678
29832	38.803375553435
29858	38.8033755362797
29860	38.80337472205
29876	38.8033743492807
29880	38.8033741543508
29936	38.8033738930569
29954	38.8033738639082
29966	38.8033735013937
29976	38.8033732473184
30004	38.8033726840257
30020	38.803372379454
30034	38.8033721426624
30042	38.8033721004006
30086	38.803371788075
30108	38.8033716081065
30120	38.8033715147873
30130	38.8033712986405
30138	38.8033710759194
30142	38.8033710082924
30150	38.8033709477991
30174	38.8033708859098
30178	38.8033708583934
30180	38.8033707432413
30188	38.8033707298869
30192	38.8033705855079
30208	38.8033704443643
30224	38.8033704221354
30244	38.8033702660985
30280	38.8033701478422
30288	38.8033700393065
30298	38.8033698151755
30312	38.8033697969418
30326	38.8033697127456
30334	38.8033696562791
30348	38.8033696410376
30352	38.8033695378571
30374	38.8033693746991
30410	38.8033692931694
30424	38.8033692015454
30426	38.8033690058280
30446	38.8033687781602
30454	38.8033687341953
30474	38.8033685979311
30482	38.8033684801123
30494	38.8033683575224
30524	38.8033682308651
30530	38.803368185604
30536	38.8033681199492
30550	38.8033680597647
30562	38.8033680523111
30588	38.8033680402367
30590	38.8033679459011
30596	38.8033678005352
30598	38.8033677881971
30610	38.8033675139678
30634	38.8033674377551
30636	38.8033673981528
30638	38.8033673955645
30640	38.8033673372934
30646	38.8033672930088
30656	38.8033672545304
30658	38.8033672333620
30668	38.8033670903686
30672	38.8033669548572
30690	38.8033669084959
30692	38.8033667646928
30708	38.8033666913151
30718	38.8033661671455
30746	38.8033659589246
30756	38.8033656934443
30770	38.8033655995995
30776	38.8033655909689
30784	38.8033653261741
30814	38.8033652976311
30818	38.8033650954762
30862	38.8033650041446
30864	38.8033650023022
30874	38.8033647772626
30880	38.8033646084489
30914	38.8033644731928
30922	38.8033642104580
30948	38.8033641934277
30950	38.8033640301264
30984	38.803363868393
31008	38.8033638186877
31014	38.8033637688496
31022	38.8033637379098
31030	38.8033635127425
31032	38.8033633671826
31076	38.8033633280337
31088	38.8033633111763
31092	38.8033631534204
31114	38.8033631349065
31116	38.8033630653466
31130	38.8033630287705
31158	38.8033629194028
31164	38.8033628755407
31166	38.803362835409
31172	38.8033627579143
31192	38.8033627290482
31200	38.8033626671015
31208	38.803362577404
31234	38.8033625495849
31236	38.8033625361648
31258	38.8033622749442
31308	38.8033622167416
31312	38.8033621909768
31322	38.8033620396326
31348	38.8033619972605
31352	38.8033619393735
31364	38.8033619079842
31376	38.8033618656664
31378	38.8033618650661
31380	38.8033618131259
31386	38.8033617724008
31390	38.8033615795608
31422	38.8033614851107
31442	38.8033613712122
31464	38.8033612518976
31474	38.8033612346148
31482	38.8033612152174
31486	38.8033611911575
31494	38.8033611355788
31506	38.8033610420241
31516	38.8033610295207
31536	38.8033609877830
31556	38.8033609374944
31564	38.8033609097599
31566	38.8033608126813
31592	38.8033608024069
31594	38.8033606255550
31624	38.8033605108736
31648	38.8033604308733
31660	38.8033604003994
31662	38.8033602446348
31684	38.8033602029167
31692	38.8033599712774
31746	38.8033598906954
31748	38.8033598213738
31756	38.8033597993456
31774	38.8033596793872
31802	38.8033596149953
31820	38.80335957764
31844	38.8033595166811
31892	38.8033594886092
31896	38.8033594157803
31930	38.8033593996772
31938	38.8033593802553
31952	38.8033593722203
31962	38.8033593643543
31964	38.8033593500044
31970	38.8033593156845
31974	38.8033593119349
31988	38.8033592042
32026	38.8033591836999
32032	38.8033590711722
32066	38.8033590271808
32082	38.8033590181472
32084	38.8033589330679
32090	38.8033589176371
32096	38.8033589075437
32106	38.8033588754488
32126	38.8033588583916
32128	38.80335885497
32132	38.8033587572945
32150	38.8033586959062
32188	38.803358686095
32190	38.8033586697867
32192	38.8033585984113
32204	38.8033585017822
32228	38.803358378602
32242	38.8033582407854
32284	38.8033582322638
32288	38.8033581949299
32308	38.8033581319943
32342	38.8033581143665
32362	38.8033580563992
32386	38.8033580522477
32392	38.8033580343014
32396	38.8033580302392
32400	38.8033580173052
32404	38.8033579793168
32444	38.8033579399503
32452	38.8033579206486
32468	38.8033578875712
32488	38.8033578706828
32492	38.8033578692397
32508	38.8033578383079
32510	38.8033578042678
32534	38.8033578040231
32540	38.8033577903599
32560	38.8033577756853
32562	38.8033577733089
32564	38.8033577295998
32576	38.8033577093645
32604	38.8033576951528
32610	38.8033576711113
32640	38.8033576519489
32642	38.8033576421668
32650	38.8033576294425
32660	38.8033576210242
32674	38.8033576205051
32678	38.8033575790217
32692	38.8033575523010
32720	38.8033575396832
32732	38.8033575315981
32738	38.8033575157590
32764	38.8033574713157
32806	38.8033574523782
32826	38.8033574316926
32828	38.8033574273863
32846	38.8033574055361
32862	38.8033574009631
32872	38.8033573708709
32878	38.803357361001
32884	38.8033573427996
32886	38.8033573388199
32888	38.8033573361067
32906	38.803357329806
32912	38.8033573277474
32916	38.8033573157569
32922	38.8033573108531
32932	38.8033573076914
32934	38.8033572829804
32944	38.8033572596678
32946	38.8033572520023
32948	38.803357232459
32958	38.8033572283120
32960	38.8033572207216
32962	38.8033572132182
32970	38.8033572089184
32972	38.803357204351
32982	38.8033571488583
33000	38.8033571449444
33014	38.8033571394473
33040	38.8033570834441
33052	38.8033570319148
33060	38.8033570088205
33066	38.8033569763752
33074	38.8033569656782
33080	38.8033569496905
33090	38.8033569344489
33092	38.8033569090384
33100	38.8033568997629
33104	38.8033568922418
33106	38.803356888508
33108	38.8033568582558
33112	38.8033568523157
33124	38.8033567815373
33136	38.8033566344715
33158	38.8033565736631
33168	38.8033565573325
33182	38.8033563087985
33204	38.8033562825451
33220	38.8033562279603
33222	38.8033561755591
33230	38.8033561418552
33274	38.8033561200255
33292	38.8033559949644
33300	38.803355961716
33330	38.8033559181949
33356	38.8033558683753
33372	38.8033558061447
33382	38.8033557128143
33390	38.8033556905523
33398	38.8033556412014
33418	38.8033556378463
33428	38.8033556264219
33466	38.803355530746
33478	38.8033555057172
33486	38.8033554673781
33518	38.8033554569354
33524	38.803355415207
33528	38.8033553607038
33572	38.8033552713017
33594	38.8033552685982
33596	38.8033552356932
33598	38.8033552096031
33608	38.8033551973086
33622	38.8033551912133
33628	38.8033551830934
33634	38.8033551405483
33660	38.8033551351341
33662	38.8033551149954
33664	38.8033550977628
33670	38.8033550733134
33696	38.8033550580494
33710	38.8033550404422
33722	38.8033550357246
33736	38.8033550076936
33778	38.8033549818998
33806	38.8033549811960
33820	38.8033549802686
33826	38.8033549626385
33840	38.803354955308
33872	38.8033549502175
33878	38.8033549207899
33908	38.8033549030092
33920	38.8033548879135
33924	38.8033548593806
33928	38.8033548589201
33936	38.8033548454491
33970	38.80335484473
33976	38.8033548433392
33982	38.8033548159161
33984	38.8033547790423
34004	38.8033547148845
34022	38.8033546655651
34044	38.8033546457144
34058	38.8033546406812
34070	38.8033546394597
34084	38.8033546333653
34090	38.8033546235648
34102	38.8033546041804
34116	38.8033545966099
34140	38.8033545959829
34150	38.8033545956544
34170	38.8033545798275
34176	38.8033545711386
34182	38.8033545694302
34194	38.8033545567606
34210	38.8033545537605
34232	38.8033545267892
34264	38.8033545146610
34270	38.8033545126003
34276	38.8033545065411
34280	38.8033544961549
34284	38.8033544790973
34298	38.8033544664182
34300	38.8033544647997
34306	38.8033544572318
34314	38.8033544554346
34318	38.803354451652
34326	38.8033544314309
34334	38.80335441221
34336	38.8033544052293
34338	38.8033544043726
34342	38.8033544032458
34346	38.8033543724348
34358	38.8033543419610
34362	38.8033543304347
34364	38.8033543223159
34382	38.8033543043476
34440	38.8033542984812
34484	38.8033542950431
34488	38.8033542918264
34494	38.8033542886187
34496	38.8033542786395
34512	38.8033542714562
34524	38.8033542702678
34530	38.8033542663323
34544	38.8033542626526
34546	38.8033542605439
34566	38.8033542529906
34586	38.803354252559
34590	38.8033542502819
34592	38.8033542499724
34594	38.8033542422742
34612	38.8033542411509
34616	38.8033542294713
34638	38.8033542252598
34652	38.8033542207505
34654	38.8033542149271
34684	38.8033541835072
34702	38.8033541719919
34716	38.8033541686769
34718	38.8033541579384
34732	38.8033541424141
34734	38.8033541360440
34748	38.803354131262
34750	38.8033541305265
34776	38.8033541267587
34792	38.803354124215
34796	38.8033541209043
34800	38.8033541124689
34804	38.8033541097945
34812	38.8033541079299
34826	38.8033540998123
34862	38.8033540992417
34874	38.8033540912158
34880	38.8033540909366
34886	38.8033540853481
34892	38.8033540849525
34894	38.8033540810545
34900	38.803354079717
34914	38.803354061996
34918	38.8033540426563
34930	38.803354039247
34948	38.8033540335656
34958	38.8033540309499
34962	38.8033540274397
34968	38.8033540265570
34978	38.8033540178481
34980	38.8033540056174
34988	38.8033539997919
34998	38.8033539897929
35020	38.8033539883797
35026	38.8033539864834
35038	38.8033539831938
35044	38.8033539726091
35088	38.8033539716988
35094	38.8033539713016
35098	38.8033539691918
35110	38.8033539664715
35126	38.8033539656883
35140	38.8033539580489
35158	38.8033539570004
35168	38.8033539549477
35180	38.8033539415970
35220	38.8033539346938
35248	38.8033539306137
35252	38.8033539273131
35258	38.8033539185
35260	38.8033539157756
35270	38.8033539116158
35284	38.8033539113852
35290	38.8033539112344
35294	38.8033539106099
35296	38.8033539058691
35322	38.8033538971360
35326	38.8033538965893
35330	38.8033538952950
35332	38.8033538946784
35342	38.8033538767856
35376	38.8033538679320
35388	38.8033538588817
35394	38.8033538549438
35398	38.8033538464377
35410	38.8033538354155
35428	38.8033538291476
35438	38.803353821166
35442	38.8033538181285
35448	38.8033538112809
35466	38.8033537947801
35490	38.8033537836178
35498	38.8033537726532
35506	38.8033537720317
35516	38.8033537634651
35534	38.803353763447
35538	38.8033537566466
35544	38.8033537471067
35546	38.8033537431077
35556	38.8033537395381
35576	38.8033537349409
35584	38.8033537316594
35610	38.8033537293278
35616	38.8033537249666
35622	38.8033537216784
35628	38.8033537125476
35646	38.8033537101580
35656	38.8033537074004
35662	38.8033536913630
35664	38.8033536852718
35672	38.8033536767657
35682	38.8033536645041
35694	38.8033536644022
35702	38.8033536590422
35704	38.8033536532288
35712	38.8033536525361
35728	38.8033536330728
35732	38.8033536189361
35750	38.8033536096741
35778	38.8033535794462
35818	38.8033535739456
35826	38.8033535664357
35838	38.803353564726
35842	38.8033535523533
35848	38.8033535502518
35852	38.8033535358019
35882	38.8033535327578
35894	38.8033535301569
35896	38.8033535200648
35912	38.8033535200444
35914	38.8033535157132
35918	38.8033535150776
35936	38.8033535087775
35950	38.8033534989236
35952	38.8033534901294
35970	38.8033534827559
35992	38.803353479424
35996	38.8033534728923
36002	38.8033534580142
36018	38.8033534477718
36042	38.8033534321204
36044	38.803353430566
36052	38.8033534196492
36062	38.8033534121729
36084	38.8033534040152
36088	38.8033534005838
36102	38.8033533958879
36108	38.8033533953435
36136	38.803353386301
36156	38.8033533796399
36158	38.8033533764437
36172	38.8033533762656
36184	38.8033533695956
36188	38.8033533693559
36200	38.8033533595123
36202	38.8033533514857
36228	38.8033533444962
36238	38.8033533421942
36248	38.8033533408565
36262	38.8033533364665
36264	38.8033533358437
36272	38.8033533312384
36282	38.8033533285826
36284	38.8033533267515
36288	38.8033533245078
36294	38.8033533204970
36304	38.8033533152998
36306	38.8033533115414
36312	38.8033533104201
36314	38.8033533033926
36324	38.8033532993006
36338	38.8033532910782
36354	38.8033532887387
36370	38.8033532861989
36382	38.8033532860052
36398	38.8033532829069
36408	38.8033532807328
36420	38.8033532795361
36424	38.803353276555
36432	38.8033532665753
36446	38.8033532654678
36464	38.8033532623684
36466	38.803353260939
36468	38.803353258715
36474	38.8033532520939
36494	38.8033532433093
36532	38.8033532404764
36538	38.8033532401133
36556	38.8033532282884
36566	38.8033532265893
36570	38.8033532254025
36574	38.8033532250728
36586	38.8033532221419
36622	38.8033532192379
36640	38.8033532190598
36648	38.8033532184811
36654	38.8033532157417
36664	38.8033532078343
36672	38.8033532035611
36724	38.8033531948522
36738	38.803353193928
36748	38.8033531928182
36758	38.8033531910936
36774	38.8033531852853
36786	38.8033531844171
36798	38.8033531842942
36802	38.803353181566
36816	38.8033531809754
36818	38.8033531787092
36836	38.8033531758078
36842	38.8033531694067
36852	38.8033531596796
36860	38.8033531479463
36894	38.8033531454919
36922	38.8033531446458
36930	38.8033531430624
36936	38.8033531416988
36952	38.8033531410646
36972	38.8033531406850
36976	38.803353140285
36986	38.8033531392575
36994	38.8033531371128
37034	38.8033531358786
37044	38.8033531343374
37050	38.8033531321758
37060	38.8033531298831
37064	38.8033531298499
37072	38.8033531295431
37076	38.8033531259804
37086	38.8033531251531
37094	38.8033531230818
37100	38.8033531230380
37102	38.8033531191408
37118	38.803353117612
37122	38.8033531071695
37130	38.8033531070963
37132	38.8033531038985
37146	38.8033530931341
37148	38.803353091086
37150	38.8033530901799
37166	38.8033530875958
37174	38.8033530803661
37186	38.8033530727909
37196	38.8033530695009
37198	38.8033530614782
37206	38.8033530604463
37212	38.8033530598135
37244	38.8033530557888
37264	38.8033530522303
37284	38.8033530499109
37314	38.803353049052
37322	38.8033530490289
37328	38.8033530470887
37330	38.8033530443287
37338	38.8033530439120
37344	38.8033530419029
37358	38.8033530398834
37378	38.8033530358762
37392	38.8033530308311
37400	38.8033530302633
37402	38.8033530252586
37424	38.8033530239472
37442	38.8033530229162
37464	38.8033530229155
37466	38.8033530211436
37474	38.8033530210214
37480	38.8033530207922
37482	38.8033530161772
37494	38.8033530132613
37514	38.8033530124081
37526	38.8033530121522
37540	38.8033530101442
37566	38.803353009099
37568	38.803353009047
37584	38.8033530087275
37594	38.8033530072204
37606	38.8033530051579
37614	38.8033530050615
37620	38.8033530028630
37626	38.8033530018757
37640	38.8033530013748
37644	38.803353000948
37654	38.8033530007222
37674	38.8033529998362
37676	38.8033529961486
37698	38.8033529954337
37708	38.8033529932368
37730	38.8033529922690
37740	38.8033529914487
37744	38.803352991041
37752	38.8033529909391
37754	38.8033529891501
37764	38.8033529871145
37788	38.8033529862601
37806	38.8033529855075
37818	38.8033529818007
37840	38.8033529799785
37854	38.803352978215
37910	38.8033529777837
37934	38.8033529771616
37942	38.8033529748413
37990	38.8033529709097
37992	38.80335297031
37994	38.8033529687373
38000	38.8033529675587
38002	38.8033529648181
38026	38.8033529643965
38038	38.8033529643063
38052	38.8033529629666
38054	38.8033529627443
38074	38.8033529600143
38084	38.8033529598909
38086	38.8033529590372
38088	38.8033529585092
38090	38.8033529571900
38108	38.8033529566751
38124	38.8033529542211
38136	38.8033529541536
38138	38.8033529525085
38156	38.8033529521238
38160	38.8033529499625
38172	38.8033529478377
38182	38.8033529463706
38210	38.8033529453228
38238	38.8033529449305
38280	38.8033529441297
38282	38.8033529429353
38302	38.8033529425913
38310	38.8033529421385
38312	38.8033529418550
38330	38.8033529408883
38342	38.8033529393961
38346	38.8033529392977
38352	38.8033529376197
38370	38.8033529370944
38378	38.8033529367584
38388	38.8033529362897
38416	38.8033529356444
38440	38.803352933854
38476	38.8033529338331
38482	38.8033529327134
38500	38.803352932704
38504	38.8033529325381
38514	38.8033529324620
38518	38.8033529321297
38528	38.8033529306299
38544	38.8033529301454
38546	38.8033529296954
38554	38.8033529288322
38558	38.8033529287807
38568	38.8033529279109
38578	38.8033529265639
38596	38.8033529254433
38618	38.8033529247433
38620	38.8033529228798
38646	38.8033529225615
38662	38.8033529213571
38670	38.8033529212107
38672	38.8033529208746
38676	38.8033529197113
38686	38.8033529195307
38690	38.8033529193006
38694	38.8033529183349
38710	38.8033529179687
38712	38.8033529173032
38726	38.8033529164662
38728	38.803352915844
38734	38.8033529147549
38738	38.8033529141397
38742	38.8033529140236
38746	38.8033529127348
38748	38.8033529123175
38754	38.8033529112039
38764	38.8033529100942
38774	38.8033529100431
38778	38.803352904094
38798	38.8033529040354
38800	38.8033529029627
38802	38.8033529028268
38816	38.8033529013363
38822	38.8033529011348
38842	38.8033529009050
38844	38.803352899811
38856	38.8033528984138
38878	38.8033528976906
38882	38.8033528966893
38896	38.8033528965691
38904	38.8033528957966
38912	38.8033528957722
38922	38.8033528948196
38930	38.8033528945412
38940	38.8033528934522
38950	38.8033528921773
38962	38.8033528921527
38974	38.8033528908481
38988	38.8033528899962
39000	38.8033528896194
39006	38.8033528889996
39022	38.8033528888927
39032	38.803352888183
39038	38.8033528867182
39046	38.803352885659
39068	38.8033528828499
39084	38.8033528824589
39100	38.80335288194
39104	38.8033528815211
39122	38.8033528807906
39162	38.8033528804032
39164	38.8033528801833
39166	38.8033528798409
39176	38.8033528793774
39184	38.8033528793307
39202	38.8033528788883
39220	38.8033528788658
39224	38.8033528785265
39240	38.8033528782275
39250	38.8033528778918
39252	38.8033528772626
39276	38.8033528766664
39290	38.8033528764655
39308	38.8033528758350
39310	38.8033528750642
39334	38.8033528746524
39344	38.8033528746271
39356	38.8033528735427
39378	38.8033528733803
39394	38.8033528732699
39410	38.8033528732376
39416	38.8033528730162
39420	38.8033528722123
39432	38.8033528720698
39438	38.8033528720658
39440	38.8033528717246
39452	38.8033528712664
39470	38.8033528710251
39518	38.8033528704505
39546	38.8033528702691
39548	38.8033528697259
39554	38.8033528687814
39574	38.8033528671640
39582	38.8033528669161
39584	38.8033528658585
39598	38.8033528658258
39600	38.8033528654923
39616	38.8033528653376
39622	38.8033528649563
39624	38.8033528642597
39644	38.8033528641613
39648	38.803352863755
39662	38.8033528634970
39666	38.8033528628969
39680	38.8033528626923
39684	38.8033528623015
39700	38.8033528622969
39716	38.8033528619602
39720	38.8033528618724
39728	38.8033528618209
39730	38.8033528614192
39744	38.8033528610326
39758	38.8033528606652
39808	38.8033528597713
39822	38.8033528588037
39840	38.8033528583054
39846	38.8033528567886
39858	38.8033528559824
39882	38.8033528557847
39896	38.8033528556570
39898	38.8033528540393
39906	38.8033528536507
39926	38.8033528536105
39934	38.8033528528670
39956	38.8033528528335
40014	38.8033528526282
40032	38.8033528525826
40042	38.8033528518639
40058	38.8033528518085
40064	38.8033528516720
40066	38.8033528516694
40084	38.8033528515392
40086	38.8033528510719
40092	38.8033528510097
40094	38.8033528508237
40112	38.8033528504325
40142	38.8033528503363
40154	38.8033528501695
40168	38.8033528500258
40170	38.8033528499587
40172	38.8033528496887
40174	38.8033528492942
40184	38.8033528492757
40194	38.803352849273
40196	38.8033528486641
40200	38.8033528486531
40218	38.8033528483406
40226	38.8033528482548
40228	38.8033528479651
40232	38.8033528479584
40234	38.8033528477083
40250	38.8033528476350
40252	38.8033528474988
40254	38.8033528474208
40260	38.8033528472792
40268	38.8033528469048
40272	38.8033528465924
40310	38.8033528455103
40316	38.8033528454255
40336	38.8033528451948
40344	38.8033528450475
40352	38.8033528444934
40372	38.8033528440998
40374	38.8033528437734
40392	38.8033528436841
40394	38.8033528433107
40402	38.8033528430654
40426	38.8033528425477
40438	38.8033528422411
40446	38.8033528415621
40452	38.8033528412586
40472	38.8033528405632
40518	38.8033528402463
40532	38.8033528400962
40538	38.8033528394424
40560	38.8033528389008
40570	38.8033528388379
40578	38.8033528383571
40580	38.8033528381769
40602	38.803352837964
40606	38.8033528375982
40610	38.8033528369357
40638	38.8033528362316
40642	38.8033528356074
40660	38.803352835565
40668	38.8033528353164
40676	38.8033528348386
40684	38.8033528347615
40688	38.8033528344647
40706	38.8033528343638
40716	38.8033528342045
40718	38.8033528338240
40720	38.8033528334526
40748	38.8033528334246
40754	38.8033528331572
40756	38.803352833104
40778	38.8033528329316
40804	38.8033528326915
40812	38.8033528325962
40814	38.8033528325489
40820	38.8033528325163
40838	38.8033528324925
40856	38.8033528323711
40862	38.8033528322667
40864	38.8033528321127
40884	38.803352832071
40898	38.8033528320617
40900	38.8033528319416
40912	38.8033528318645
40918	38.8033528317339
40932	38.8033528317044
40934	38.8033528315169
40946	38.8033528314715
40960	38.8033528311802
40978	38.8033528309743
41002	38.8033528308686
41020	38.8033528308276
41034	38.8033528305819
41036	38.8033528304019
41042	38.8033528302885
41044	38.8033528302290
41076	38.8033528300685
41078	38.8033528300374
41080	38.8033528294033
41104	38.8033528293451
41116	38.8033528291412
41120	38.8033528287757
41130	38.8033528280083
41134	38.8033528277482
41172	38.8033528276265
41178	38.8033528275419
41182	38.8033528268151
41226	38.8033528266869
41238	38.8033528265815
41244	38.8033528265138
41248	38.8033528264618
41250	38.8033528262065
41292	38.8033528261279
41304	38.8033528260633
41322	38.8033528260452
41336	38.8033528260033
41338	38.8033528259717
41356	38.8033528258949
41370	38.8033528257344
41380	38.8033528255468
41386	38.8033528253435
41390	38.8033528253141
41400	38.8033528249843
41424	38.8033528249057
41438	38.8033528248111
41456	38.8033528246762
41472	38.8033528246669
41476	38.8033528242815
41494	38.8033528242743
41518	38.8033528242737
41556	38.8033528241966
41558	38.8033528241489
41574	38.8033528238249
41576	38.8033528237616
41614	38.8033528236383
41618	38.8033528235681
41634	38.8033528234323
41648	38.8033528233260
41660	38.8033528232093
41676	38.803352823028
41696	38.8033528228316
41698	38.8033528227206
41704	38.8033528225891
41710	38.8033528224871
41720	38.8033528224617
41740	38.8033528223322
41742	38.8033528223279
41750	38.8033528217675
41774	38.8033528216913
41788	38.8033528214903
41794	38.8033528212831
41820	38.8033528210288
41822	38.8033528205329
41826	38.8033528205114
41834	38.8033528201465
41838	38.8033528201277
41842	38.8033528201272
41852	38.8033528200283
41864	38.8033528197556
41870	38.8033528197138
41872	38.803352819283
41890	38.8033528191684
41894	38.8033528191101
41898	38.803352818744
41900	38.8033528186926
41910	38.8033528186471
41916	38.8033528182451
41928	38.8033528181814
41960	38.8033528181787
41962	38.8033528172440
41972	38.803352817201
41984	38.80335281699
41988	38.8033528168282
42012	38.8033528165645
42016	38.8033528165098
42018	38.8033528163788
42036	38.8033528163186
42052	38.8033528163149
42058	38.8033528162594
42062	38.8033528162437
42066	38.8033528160246
42074	38.8033528156667
42088	38.8033528156615
42110	38.8033528155839
42114	38.8033528151837
42126	38.8033528151358
42132	38.8033528151227
42142	38.8033528150587
42144	38.80335281504
42156	38.8033528149677
42172	38.803352814931
42180	38.8033528147316
42186	38.8033528146085
42196	38.8033528146003
42204	38.8033528145362
42206	38.8033528143313
42224	38.8033528142801
42246	38.8033528142412
42262	38.8033528142042
42264	38.8033528139276
42294	38.8033528139175
42296	38.8033528139116
42302	38.8033528138863
42308	38.8033528137764
42312	38.8033528136285
42324	38.8033528133460
42388	38.8033528132251
42394	38.8033528130361
42408	38.8033528130288
42424	38.803352812861
42440	38.8033528127951
42472	38.8033528127241
42476	38.8033528126188
42506	38.8033528126017
42510	38.8033528125704
42522	38.8033528124658
42526	38.8033528124005
42552	38.8033528123743
42564	38.8033528123479
42572	38.8033528122852
42580	38.8033528121588
42604	38.8033528121493
42620	38.8033528121425
42632	38.8033528119916
42634	38.8033528119742
42648	38.8033528119731
42650	38.8033528119502
42652	38.8033528119346
42658	38.8033528118606
42678	38.803352811847
42694	38.8033528117617
42714	38.8033528117232
42718	38.8033528116074
42752	38.8033528114482
42768	38.8033528114475
42770	38.8033528114233
42776	38.8033528113831
42784	38.8033528113374
42788	38.8033528112228
42790	38.8033528111
42794	38.8033528110187
42810	38.8033528108552
42820	38.8033528108373
42844	38.8033528107732
42846	38.8033528105295
42868	38.8033528103442
42912	38.8033528103330
42926	38.8033528103266
42928	38.8033528101885
42938	38.8033528100709
42940	38.8033528100631
42948	38.8033528097797
42964	38.8033528097093
42974	38.8033528097079
42982	38.8033528096395
42992	38.8033528096316
43000	38.8033528095776
43014	38.8033528095293
43020	38.8033528092864
43046	38.8033528092611
43058	38.8033528092482
43062	38.8033528092403
43072	38.8033528092003
43092	38.8033528090391
43130	38.8033528089799
43148	38.8033528089119
43172	38.8033528088751
43206	38.8033528088224
43226	38.8033528087764
43236	38.8033528087587
43242	38.8033528086832
43272	38.8033528086181
43274	38.8033528085935
43276	38.8033528085452
43280	38.8033528084386
43304	38.8033528084377
43306	38.8033528083804
43338	38.8033528083697
43356	38.8033528083556
43362	38.803352808305
43392	38.8033528082838
43394	38.8033528082825
43402	38.803352808272
43408	38.8033528082478
43422	38.803352808203
43428	38.8033528081691
43432	38.8033528081574
43444	38.8033528081265
43448	38.8033528081055
43466	38.8033528080899
43482	38.8033528080633
43486	38.8033528080216
43488	38.8033528079939
43498	38.8033528079459
43510	38.8033528079244
43512	38.8033528078656
43518	38.8033528077588
43566	38.8033528076863
43580	38.8033528076789
43582	38.8033528076545
43588	38.8033528076498
43592	38.8033528076356
43598	38.8033528075728
43608	38.8033528075411
43616	38.8033528074896
43626	38.8033528074728
43642	38.8033528074358
43650	38.8033528074323
43654	38.8033528074195
43656	38.8033528074025
43660	38.8033528074003
43664	38.8033528073702
43666	38.8033528073671
43672	38.8033528073379
43676	38.8033528073061
43692	38.8033528072843
43696	38.8033528072497
43706	38.8033528072288
43732	38.8033528072228
43734	38.803352807205
43746	38.8033528071911
43748	38.8033528071894
43756	38.8033528071689
43766	38.8033528071579
43784	38.8033528071539
43786	38.8033528071026
43814	38.8033528070900
43834	38.803352807045
43860	38.8033528069558
43890	38.8033528069232
43900	38.8033528069043
43902	38.803352806894
43910	38.8033528068713
43914	38.8033528068690
43926	38.8033528068482
43930	38.8033528068431
43934	38.8033528068018
43960	38.8033528067650
43968	38.8033528067563
43972	38.8033528067429
43994	38.8033528067230
44008	38.8033528067034
44028	38.8033528066912
44032	38.8033528066708
44040	38.8033528066215
44072	38.8033528066196
44074	38.8033528066008
44084	38.8033528065991
44088	38.8033528065254
44102	38.8033528065196
44104	38.8033528065107
44118	38.8033528064980
44134	38.8033528064546
44156	38.8033528064429
44174	38.8033528064423
44180	38.803352806439
44188	38.8033528063956
44198	38.8033528063764
44234	38.8033528063756
44254	38.8033528063748
44256	38.8033528063636
44262	38.8033528063615
44270	38.8033528063576
44286	38.8033528063458
44294	38.8033528063413
44302	38.8033528063385
44306	38.8033528062958
44310	38.8033528062904
44322	38.8033528062765
44348	38.8033528062525
44364	38.8033528062461
44366	38.8033528062263
44380	38.8033528062195
44386	38.8033528062039
44404	38.8033528061738
44428	38.8033528061394
44438	38.8033528061273
44442	38.8033528061223
44456	38.8033528061185
44462	38.8033528061103
44480	38.8033528061069
44488	38.8033528061063
44492	38.8033528060949
44500	38.8033528060867
44502	38.8033528060729
44526	38.8033528060581
44534	38.8033528060451
44556	38.8033528060318
44566	38.8033528060184
44580	38.8033528060017
44582	38.8033528060016
44586	38.8033528060005
44592	38.803352805995
44594	38.8033528059692
44610	38.8033528059463
44654	38.8033528059447
44662	38.8033528059333
44678	38.8033528059087
44688	38.8033528059030
44692	38.803352805902
44696	38.8033528059013
44702	38.8033528058973
44704	38.8033528058939
44722	38.8033528058889
44728	38.8033528058864
44732	38.8033528058743
44740	38.8033528058328
44744	38.8033528058232
44754	38.8033528058196
44764	38.8033528058032
44804	38.8033528057984
44808	38.8033528057844
44810	38.8033528057842
44824	38.8033528057783
44832	38.8033528057738
44834	38.803352805768
44836	38.8033528057623
44846	38.8033528057606
44866	38.8033528057568
44888	38.8033528057492
44898	38.8033528057434
44900	38.8033528057292
44904	38.8033528057275
44906	38.8033528057211
44916	38.8033528057141
44928	38.8033528057081
44942	38.8033528057026
44976	38.8033528056956
44992	38.8033528056866
45016	38.8033528056796
45020	38.8033528056748
45028	38.8033528056708
45048	38.803352805668
45056	38.8033528056526
45060	38.8033528056384
45076	38.8033528056309
45084	38.8033528056298
45092	38.803352805627
45098	38.8033528056047
45104	38.8033528055946
45110	38.8033528055912
45128	38.8033528055897
45130	38.8033528055858
45150	38.8033528055791
45152	38.8033528055770
45156	38.8033528055496
45210	38.8033528055384
45218	38.803352805535
45220	38.8033528055216
45236	38.803352805512
45238	38.8033528055075
45240	38.8033528054808
45260	38.8033528054626
45270	38.8033528054454
45278	38.8033528054451
45284	38.8033528054284
45290	38.803352805425
45294	38.8033528054145
45364	38.8033528054021
45374	38.8033528053982
45378	38.8033528053946
45380	38.80335280539
45386	38.8033528053852
45394	38.8033528053708
45420	38.803352805338
45446	38.8033528053378
45456	38.8033528053163
45472	38.8033528052987
45508	38.8033528052859
45546	38.8033528052817
45550	38.8033528052685
45572	38.8033528052446
45612	38.8033528052171
45656	38.8033528052144
45676	38.8033528052084
45700	38.8033528052071
45706	38.8033528051946
45726	38.8033528051887
45748	38.8033528051842
45752	38.8033528051836
45760	38.8033528051696
45766	38.8033528051628
45792	38.8033528051411
45816	38.8033528051352
45822	38.8033528051292
45844	38.8033528051189
45854	38.8033528051186
45872	38.8033528051078
45880	38.8033528051069
45892	38.8033528051066
45906	38.8033528050863
45908	38.8033528050828
45926	38.8033528050824
45938	38.8033528050559
45946	38.8033528050546
45958	38.8033528050524
45962	38.8033528050325
45964	38.8033528050168
45972	38.8033528050137
45974	38.8033528050124
45984	38.8033528050063
46006	38.8033528050036
46010	38.8033528050018
46024	38.8033528050005
46028	38.8033528049921
46036	38.803352804989
46062	38.8033528049768
46066	38.8033528049756
46072	38.803352804955
46080	38.803352804951
46084	38.8033528049348
46100	38.8033528049213
46124	38.8033528049123
46132	38.8033528048964
46154	38.8033528048906
46160	38.803352804889
46166	38.8033528048802
46170	38.8033528048787
46172	38.803352804865
46176	38.8033528048547
46182	38.8033528048218
46216	38.8033528048164
46224	38.8033528047984
46234	38.8033528047684
46262	38.8033528047551
46266	38.8033528047535
46270	38.8033528047288
46286	38.8033528047095
46304	38.8033528046939
46354	38.8033528046899
46372	38.8033528046798
46374	38.8033528046758
46384	38.803352804663
46412	38.8033528046604
46414	38.803352804659
46418	38.8033528046544
46424	38.8033528046439
46434	38.8033528046438
46436	38.8033528046405
46440	38.8033528046305
46450	38.8033528046230
46452	38.8033528046116
46456	38.803352804605
46460	38.8033528045783
46486	38.8033528045666
46496	38.8033528045637
46498	38.8033528045627
46506	38.8033528045624
46514	38.8033528045351
46530	38.8033528045263
46532	38.8033528044942
46552	38.8033528044848
46564	38.8033528044602
46590	38.8033528044373
46612	38.8033528044079
46636	38.8033528044025
46640	38.8033528043983
46646	38.8033528043853
46658	38.8033528043736
46666	38.8033528043667
46676	38.8033528043542
46678	38.8033528043517
46686	38.8033528043233
46692	38.8033528043037
46716	38.8033528042907
46744	38.8033528042805
46764	38.8033528042745
46766	38.8033528042728
46776	38.803352804259
46790	38.8033528042520
46798	38.8033528042443
46800	38.8033528042413
46808	38.8033528042352
46814	38.8033528042297
46816	38.8033528042286
46818	38.8033528042171
46834	38.8033528042160
46856	38.8033528042158
46860	38.8033528041997
46868	38.8033528041918
46874	38.8033528041768
46888	38.8033528041613
46926	38.8033528041436
46954	38.8033528041337
46966	38.8033528041199
46984	38.803352804116
47010	38.8033528040965
47036	38.8033528040954
47042	38.8033528040805
47060	38.8033528040696
47072	38.8033528040688
47076	38.8033528040445
47094	38.8033528040429
47098	38.803352804032
47118	38.8033528040111
47132	38.8033528040017
47142	38.8033528039974
47144	38.8033528039714
47158	38.8033528039491
47170	38.8033528039473
47198	38.8033528039195
47210	38.8033528039107
47234	38.8033528039019
47246	38.8033528038995
47268	38.8033528038954
47274	38.8033528038917
47288	38.8033528038813
47316	38.8033528038785
47328	38.8033528038679
47332	38.8033528038651
47362	38.8033528038603
47366	38.8033528038535
47380	38.8033528038531
47384	38.8033528038470
47402	38.8033528038407
47408	38.8033528038405
47412	38.8033528038402
47420	38.8033528038400
47422	38.8033528038362
47424	38.8033528038287
47428	38.8033528038237
47436	38.803352803822
47442	38.8033528038140
47464	38.8033528038133
47470	38.8033528038114
47476	38.8033528038066
47484	38.8033528038048
47494	38.8033528038047
47520	38.8033528038011
47530	38.8033528037974
47576	38.8033528037893
47584	38.8033528037859
47592	38.8033528037791
47608	38.8033528037782
47614	38.8033528037715
47632	38.8033528037672
47652	38.8033528037592
47672	38.8033528037463
47690	38.8033528037417
47708	38.8033528037384
47710	38.8033528037365
47728	38.8033528037317
47752	38.8033528037263
47758	38.8033528037172
47794	38.8033528037170
47802	38.8033528037112
47828	38.8033528037067
47848	38.8033528037055
47864	38.8033528037051
47866	38.8033528037022
47868	38.8033528037019
47870	38.8033528036985
47876	38.803352803697
47884	38.8033528036893
47904	38.8033528036882
47914	38.8033528036854
47966	38.8033528036815
47978	38.8033528036765
47994	38.8033528036711
48004	38.8033528036708
48026	38.8033528036664
48030	38.8033528036632
48044	38.8033528036623
48052	38.8033528036537
48060	38.8033528036513
48064	38.8033528036495
48080	38.8033528036467
48082	38.8033528036397
48094	38.8033528036388
48128	38.8033528036299
48142	38.8033528036282
48150	38.8033528036276
48158	38.8033528036154
48178	38.8033528036077
48192	38.8033528036028
48202	38.8033528035980
48208	38.8033528035980
48218	38.8033528035968
48228	38.8033528035944
48264	38.8033528035927
48268	38.8033528035908
48278	38.8033528035852
48280	38.8033528035773
48334	38.8033528035745
48338	38.8033528035726
48340	38.8033528035719
48350	38.803352803571
48368	38.8033528035661
48384	38.8033528035629
48394	38.803352803558
48410	38.8033528035576
48414	38.8033528035508
48418	38.8033528035447
48428	38.8033528035395
48442	38.8033528035143
48450	38.8033528035093
48452	38.8033528035047
48470	38.803352803498
48484	38.8033528034793
48504	38.8033528034747
48508	38.8033528034732
48516	38.8033528034641
48522	38.8033528034594
48582	38.8033528034508
48592	38.8033528034478
48622	38.8033528034435
48630	38.8033528034412
48642	38.8033528034279
48652	38.8033528034241
48662	38.8033528034168
48674	38.8033528034150
48678	38.8033528034079
48684	38.8033528034052
48694	38.8033528034045
48702	38.8033528033868
48704	38.8033528033836
48718	38.8033528033682
48722	38.8033528033609
48726	38.8033528033503
48746	38.8033528033497
48772	38.8033528033473
48786	38.8033528033349
48824	38.8033528033306
48840	38.8033528033217
48842	38.8033528033216
48852	38.8033528033208
48872	38.8033528033151
48878	38.8033528033098
48902	38.8033528033089
48910	38.8033528033074
48924	38.8033528033024
48926	38.8033528033014
48928	38.8033528032999
48938	38.8033528032948
48980	38.803352803293
48988	38.8033528032923
48994	38.8033528032912
49010	38.8033528032908
49016	38.8033528032896
49024	38.8033528032877
49034	38.8033528032841
49040	38.8033528032806
49042	38.8033528032803
49048	38.8033528032764
49052	38.8033528032742
49074	38.8033528032697
49080	38.8033528032651
49096	38.803352803262
49098	38.8033528032616
49100	38.8033528032516
49126	38.8033528032509
49132	38.8033528032442
49160	38.8033528032403
49164	38.8033528032380
49166	38.8033528032372
49168	38.8033528032354
49174	38.8033528032335
49182	38.8033528032280
49194	38.8033528032231
49202	38.8033528032214
49218	38.8033528032213
49236	38.8033528032163
49244	38.8033528032104
49256	38.8033528032076
49270	38.8033528032054
49288	38.8033528031999
49310	38.8033528031997
49324	38.8033528031928
49332	38.8033528031869
49344	38.8033528031843
49378	38.8033528031822
49390	38.8033528031811
49406	38.8033528031767
49418	38.8033528031753
49422	38.803352803175
49426	38.8033528031727
49442	38.8033528031718
49448	38.8033528031694
49450	38.8033528031673
49466	38.8033528031634
49486	38.8033528031632
49490	38.8033528031604
49498	38.8033528031591
49522	38.8033528031547
49546	38.8033528031538
49568	38.8033528031535
49570	38.8033528031513
49586	38.8033528031504
49588	38.8033528031485
49594	38.803352803142
49628	38.8033528031402
49632	38.8033528031402
49636	38.8033528031381
49650	38.803352803132
49678	38.8033528031311
49684	38.8033528031301
49692	38.8033528031285
49700	38.8033528031284
49704	38.8033528031255
49724	38.8033528031241
49726	38.8033528031225
49736	38.8033528031222
49758	38.8033528031202
49776	38.8033528031201
49794	38.8033528031172
49814	38.8033528031151
49824	38.803352803113
49838	38.8033528031099
49886	38.8033528031095
49894	38.8033528031093
49906	38.803352803108
49938	38.8033528031078
49940	38.8033528031066
49952	38.8033528031062
49958	38.8033528031057
49968	38.8033528031049
49992	38.8033528031035
49994	38.8033528031029
49998	38.8033528031027
50008	38.8033528031025
50012	38.803352803101
50018	38.8033528030986
50026	38.8033528030976
50030	38.8033528030969
50040	38.8033528030966
50042	38.803352803094
50046	38.8033528030909
50082	38.8033528030904
50104	38.80335280309
50108	38.8033528030894
50126	38.8033528030878
50134	38.8033528030877
50148	38.8033528030868
50156	38.8033528030866
50168	38.8033528030863
50172	38.8033528030853
50174	38.8033528030849
50188	38.8033528030843
50206	38.8033528030839
50208	38.8033528030826
50214	38.8033528030826
50224	38.8033528030819
50238	38.8033528030818
50240	38.8033528030806
50250	38.8033528030793
50260	38.8033528030792
50268	38.8033528030771
50272	38.8033528030755
50314	38.8033528030735
50342	38.8033528030717
50348	38.8033528030708
50370	38.8033528030701
50374	38.8033528030694
50388	38.8033528030689
50414	38.803352803067
50438	38.8033528030664
50446	38.8033528030663
50458	38.8033528030657
50470	38.8033528030656
50484	38.8033528030639
50510	38.8033528030632
50536	38.8033528030628
50542	38.8033528030627
50560	38.8033528030623
50564	38.8033528030616
50592	38.8033528030608
50608	38.8033528030608
50610	38.8033528030605
50614	38.8033528030601
50622	38.8033528030587
50632	38.8033528030581
50652	38.8033528030579
50670	38.8033528030561
50686	38.8033528030549
50748	38.8033528030549
50750	38.8033528030547
50774	38.8033528030539
50776	38.8033528030536
50780	38.8033528030535
50786	38.8033528030535
50804	38.8033528030535
50816	38.8033528030532
50822	38.803352803053
50832	38.8033528030529
50834	38.8033528030528
50844	38.8033528030528
50862	38.8033528030524
50878	38.8033528030522
50894	38.8033528030522
50900	38.8033528030519
50906	38.8033528030518
50922	38.8033528030516
50930	38.8033528030516
50936	38.8033528030515
50938	38.8033528030514
50942	38.8033528030513
50944	38.8033528030512
50952	38.8033528030511
50954	38.803352803051
50966	38.8033528030508
50970	38.8033528030506
50972	38.8033528030505
50978	38.8033528030498
51020	38.8033528030497
51022	38.8033528030496
51024	38.8033528030492
51042	38.8033528030492
51066	38.8033528030491
51074	38.8033528030483
51088	38.8033528030483
51098	38.8033528030482
51100	38.8033528030479
51108	38.8033528030476
51144	38.8033528030474
51164	38.803352803047
51178	38.8033528030466
51188	38.8033528030459
51218	38.8033528030456
51230	38.8033528030454
51240	38.8033528030451
51246	38.8033528030450
51256	38.8033528030449
51266	38.8033528030446
51268	38.8033528030443
51290	38.8033528030442
51304	38.8033528030437
51336	38.8033528030435
51346	38.8033528030431
51348	38.803352803043
51364	38.8033528030426
51376	38.8033528030426
51386	38.8033528030425
51388	38.8033528030422
51404	38.8033528030420
51414	38.803352803042
51416	38.8033528030419
51424	38.8033528030419
51430	38.8033528030415
51438	38.8033528030414
51450	38.8033528030413
51454	38.8033528030411
51462	38.803352803041
51488	38.8033528030409
51512	38.8033528030408
51518	38.8033528030408
51520	38.8033528030404
51522	38.8033528030403
51526	38.8033528030397
51540	38.8033528030395
51550	38.8033528030395
51560	38.8033528030393
51578	38.8033528030392
51582	38.8033528030392
51584	38.803352803039
51586	38.8033528030387
51592	38.8033528030383
51608	38.8033528030378
51612	38.8033528030376
51620	38.8033528030373
51628	38.8033528030356
51630	38.8033528030329
51660	38.8033528030326
51674	38.8033528030324
51696	38.8033528030317
51722	38.8033528030314
51726	38.8033528030311
51758	38.8033528030305
51760	38.8033528030300
51802	38.8033528030296
51818	38.8033528030294
51826	38.8033528030282
51834	38.8033528030280
51860	38.8033528030279
51862	38.8033528030277
51872	38.8033528030277
51896	38.8033528030273
51908	38.8033528030273
51930	38.8033528030269
51942	38.8033528030268
51956	38.8033528030267
51962	38.8033528030261
51966	38.8033528030259
51968	38.8033528030254
51988	38.8033528030253
51992	38.8033528030252
51994	38.803352803025
52008	38.8033528030245
52010	38.8033528030243
52014	38.8033528030243
52020	38.8033528030242
52048	38.803352803024
52060	38.8033528030237
52068	38.8033528030236
52086	38.8033528030233
52106	38.8033528030232
52108	38.803352803023
52124	38.8033528030228
52126	38.8033528030226
52146	38.8033528030225
52162	38.8033528030223
52188	38.8033528030221
52198	38.8033528030216
52208	38.8033528030215
52214	38.8033528030214
52234	38.8033528030214
52250	38.8033528030211
52268	38.8033528030211
52274	38.8033528030208
52276	38.8033528030205
52302	38.8033528030205
52310	38.8033528030203
52316	38.8033528030202
52354	38.8033528030201
52390	38.8033528030199
52432	38.8033528030199
52438	38.8033528030197
52460	38.8033528030196
52466	38.8033528030196
52504	38.8033528030196
52518	38.8033528030195
52528	38.8033528030194
52538	38.8033528030191
52552	38.8033528030191
52558	38.803352803019
52572	38.8033528030190
52598	38.8033528030188
52612	38.8033528030186
52628	38.8033528030185
52630	38.8033528030185
52652	38.8033528030184
52656	38.8033528030182
52670	38.803352803018
52704	38.8033528030179
52706	38.8033528030178
52712	38.8033528030175
52720	38.8033528030174
52734	38.8033528030169
52748	38.8033528030168
52754	38.8033528030168
52768	38.8033528030168
52776	38.8033528030166
52814	38.8033528030166
52830	38.8033528030165
52852	38.8033528030164
52854	38.8033528030164
52858	38.8033528030163
52860	38.8033528030162
52884	38.8033528030161
52902	38.8033528030161
52920	38.8033528030161
52922	38.8033528030160
52968	38.8033528030160
52970	38.8033528030158
52976	38.8033528030157
52994	38.8033528030157
53024	38.8033528030156
53028	38.8033528030154
53060	38.8033528030154
53070	38.8033528030154
53072	38.8033528030153
53074	38.8033528030153
53076	38.8033528030152
53102	38.8033528030152
53110	38.8033528030151
53112	38.803352803015
53120	38.8033528030149
53138	38.8033528030148
53144	38.8033528030148
53170	38.8033528030147
53172	38.8033528030146
53194	38.8033528030146
53198	38.8033528030145
53220	38.8033528030145
53238	38.8033528030144
53252	38.8033528030144
53272	38.8033528030143
53290	38.8033528030142
53302	38.8033528030142
53314	38.8033528030141
53338	38.8033528030141
53364	38.8033528030141
53380	38.8033528030140
53396	38.8033528030139
53402	38.8033528030139
53416	38.8033528030138
53450	38.8033528030138
53472	38.8033528030137
53502	38.8033528030136
53510	38.8033528030135
53528	38.8033528030135
53548	38.8033528030135
53578	38.8033528030134
53596	38.8033528030134
53628	38.8033528030134
53638	38.8033528030133
53664	38.8033528030133
53680	38.8033528030133
53690	38.8033528030132
53698	38.8033528030132
53730	38.8033528030132
53734	38.8033528030131
53750	38.8033528030130
53830	38.803352803013
53868	38.8033528030129
53876	38.8033528030129
53882	38.8033528030129
53884	38.8033528030129
53892	38.8033528030129
53902	38.8033528030128
53916	38.8033528030128
53942	38.8033528030128
53956	38.8033528030127
53968	38.8033528030127
53974	38.8033528030127
53986	38.8033528030127
53998	38.8033528030126
54006	38.8033528030126
54022	38.8033528030126
54024	38.8033528030126
54050	38.8033528030125
54052	38.8033528030125
54066	38.8033528030124
54128	38.8033528030124
54146	38.8033528030124
54158	38.8033528030123
54176	38.8033528030123
54184	38.8033528030123
54190	38.8033528030123
54222	38.8033528030123
54264	38.8033528030123
54268	38.8033528030122
54272	38.8033528030122
54278	38.8033528030122
54300	38.8033528030121
54334	38.8033528030121
54336	38.8033528030121
54348	38.8033528030121
54352	38.8033528030121
54358	38.8033528030121
54374	38.8033528030121
54386	38.8033528030120
54436	38.8033528030120
54456	38.803352803012
54464	38.803352803012
54466	38.803352803012
54480	38.8033528030120
54498	38.8033528030119
54516	38.8033528030119
54518	38.8033528030119
54546	38.8033528030119
54550	38.8033528030119
54566	38.8033528030119
54576	38.8033528030118
54598	38.8033528030118
54648	38.8033528030118
54676	38.8033528030118
54680	38.8033528030118
54706	38.8033528030118
54730	38.8033528030117
54748	38.8033528030117
54756	38.8033528030117
54768	38.8033528030117
54774	38.8033528030117
54798	38.8033528030117
54804	38.8033528030117
54828	38.8033528030117
54836	38.8033528030117
54872	38.8033528030117
54882	38.8033528030116
54888	38.8033528030116
54890	38.8033528030116
54902	38.8033528030116
54906	38.8033528030116
54918	38.8033528030115
54942	38.8033528030115
54968	38.8033528030115
54970	38.8033528030115
54974	38.8033528030114
54992	38.8033528030114
55020	38.8033528030114
55028	38.8033528030114
55056	38.8033528030114
55058	38.8033528030113
55090	38.8033528030113
55130	38.8033528030113
55140	38.8033528030112
55184	38.8033528030112
55192	38.8033528030112
55236	38.8033528030112
55244	38.8033528030112
55270	38.8033528030111
55274	38.8033528030111
55286	38.8033528030111
55308	38.8033528030111
55310	38.8033528030111
55316	38.8033528030110
55318	38.803352803011
55340	38.803352803011
55342	38.803352803011
55346	38.8033528030110
55348	38.8033528030109
55350	38.8033528030109
55396	38.8033528030108
55398	38.8033528030108
55420	38.8033528030108
55434	38.8033528030107
55448	38.8033528030107
55454	38.8033528030107
55472	38.8033528030107
55474	38.8033528030106
55486	38.8033528030106
55510	38.8033528030106
55570	38.8033528030105
55576	38.8033528030105
55584	38.8033528030105
55614	38.8033528030105
55622	38.8033528030105
55642	38.8033528030105
55666	38.8033528030104
55674	38.8033528030104
55676	38.8033528030104
55680	38.8033528030104
55690	38.8033528030103
55702	38.8033528030103
55718	38.8033528030102
55734	38.8033528030102
55756	38.8033528030102
55762	38.8033528030102
55768	38.8033528030101
55802	38.8033528030101
55820	38.8033528030101
55822	38.8033528030101
55824	38.8033528030101
55844	38.8033528030101
55856	38.8033528030101
55900	38.8033528030101
55902	38.8033528030101
55906	38.8033528030100
55910	38.80335280301
55920	38.80335280301
55922	38.80335280301
55926	38.80335280301
55932	38.80335280301
55936	38.80335280301
55960	38.80335280301
55974	38.80335280301
56016	38.8033528030100
56032	38.8033528030100
56066	38.8033528030099
56068	38.8033528030099
56082	38.8033528030099
56110	38.8033528030099
56134	38.8033528030099
56144	38.8033528030099
56156	38.8033528030099
56158	38.8033528030099
56162	38.8033528030099
56174	38.8033528030098
56198	38.8033528030098
56208	38.8033528030098
56216	38.8033528030098
56226	38.8033528030098
56266	38.8033528030098
56308	38.8033528030098
56320	38.8033528030097
56432	38.8033528030097
56474	38.8033528030097
56480	38.8033528030097
56506	38.8033528030097
56514	38.8033528030097
56518	38.8033528030097
56572	38.8033528030097
56630	38.8033528030097
56670	38.8033528030097
56682	38.8033528030096
56686	38.8033528030096
56744	38.8033528030096
56768	38.8033528030096
56794	38.8033528030096
56862	38.8033528030096
56902	38.8033528030096
56910	38.8033528030096
56954	38.8033528030096
57136	38.8033528030096
57250	38.8033528030096
57332	38.8033528030096
57376	38.8033528030096
57402	38.8033528030096
57670	38.8033528030095
58450	38.8033528030095
58478	38.8033528030095
59010	38.8033528030095
59126	38.8033528030095
60586	38.8033528030095
60808	38.8033528030095
61470	38.8033528030095
61950	38.8033528030095
63230	38.8033528030095
65020	38.8033528030095
65828	38.8033528030095
70290	38.8033528030094
100074	38.8033528030094
104064	38.8033528030094
151646	38.8033528030094
300000	38.8033528030094
