52	523.729399797135
54	419.730900030071
56	415.669249855241
66	376.436548508531
80	332.070831653653
116	327.915366386545
134	298.609858973483
156	297.88009588369
182	296.070432015706
288	281.143014371707
302	277.676315588456
536	270.238398093857
612	266.901555282879
694	242.500574908788
1212	219.014428357090
1522	211.023481326558
1550	207.990595099030
3310	186.455751209289
3446	174.447227631420
3604	160.588428169825
3832	154.601366940603
3834	140.180319665817
3922	133.890651170089
3940	127.755233601132
3946	124.787393793141
3964	122.479635403229
3990	119.617420464029
4042	118.407051195693
4046	111.540587742598
4096	110.389595348134
4126	109.652347011342
4148	108.926668115738
4150	108.811654456052
4152	107.400735104308
4202	107.277238390211
4212	104.340761930800
4230	104.067641459977
4246	103.437566294840
4252	101.959119388438
4278	100.937867859583
4298	100.848262882966
4316	100.687594421828
4342	100.514140339825
4344	100.293509832204
4348	98.4648460942793
4380	98.064866418336
4390	97.9605947419032
4396	97.8529802764133
4412	97.0208122131558
4420	96.8373530529633
4436	96.7027506363388
4442	95.9879126368982
4444	95.5663060547163
4448	95.547639188759
4458	94.9867511650456
4478	94.7581757297329
4480	94.6001408863657
4492	94.5141893976458
4528	94.251962230570
4536	93.924202802643
4542	93.9145399287749
4562	93.6509272777446
4566	93.015859528179
4572	92.8698961152666
4574	92.208816123612
4604	91.4366957376331
4608	91.3943414184715
4632	91.0378506005288
4644	90.8086295680199
4660	90.2553266579626
4676	90.0690545595978
4682	90.043814379116
4688	90.0101446436655
4708	89.667478206774
4726	89.6011125461658
4730	89.5736536528147
4742	89.1301240893525
4756	88.5442685393614
4760	88.2282288341968
4782	87.6200111108196
4792	87.2247440442331
4812	86.9767674691206
4828	85.9531642397943
4854	85.3986331873492
4886	85.2450067809398
4888	83.6200733536702
4900	83.4901834743461
4920	83.4465390415209
4932	83.3392249237969
4944	82.924444945294
4972	82.8527409900075
4974	82.3031504371223
4990	82.2715428846457
4992	82.0048264919063
5006	81.935518062608
5022	81.9167072801529
5024	81.5907394450632
5028	81.4217786345164
5040	81.2447202125692
5044	80.4086223040729
5070	80.1836001202003
5094	80.175722565447
5102	80.1653212826248
5104	79.9734777824476
5110	79.7748826201322
5126	79.1503733061333
5144	78.8720729702287
5174	78.4134154306717
5182	78.1232290982212
5192	78.0635767731633
5194	77.6509875074719
5222	77.4754102190467
5246	77.3719294350922
5276	77.0306761373768
5298	76.9030165905027
5320	76.8750002021937
5322	76.809659166753
5332	76.4778243255904
5350	76.3446509837269
5364	76.2709628258869
5370	75.9923112468505
5378	75.3174997773242
5416	75.1929827438798
5420	75.0354112313748
5440	74.7085885495053
5466	74.0302291861621
5498	73.8248775047631
5508	73.5385972577581
5530	73.4240238107669
5544	73.2366792155448
5552	72.9894135970349
5576	72.987846071513
5586	72.9702587445135
5594	72.7119219249976
5606	72.6356202896521
5610	72.3876338970061
5636	72.22725705143
5640	72.1844330400515
5644	72.1334812733061
5650	72.0974338786425
5662	71.8891602873875
5678	71.6717114451673
5682	71.6453009454528
5692	71.6035906753559
5706	71.5983691767763
5712	70.469199258097
5734	69.8521330522456
5776	69.6942136639148
5782	69.6518878536915
5788	69.4604352098449
5796	69.1216533340516
5804	69.1135109362496
5812	68.6043323202802
5814	68.5185513898812
5830	68.3136180297436
5840	67.803741815484
5848	67.7587694023131
5862	67.6441553338537
5868	67.1297673665239
5876	66.3367209936386
5890	65.7370917753328
5918	65.6856383651342
5926	65.5723778660074
5930	65.552107719755
5932	65.3343141088215
5934	64.8449947798928
5952	64.566616973171
5978	64.1044566131199
5998	63.9640055619455
6002	63.4470980971882
6010	63.183626909307
6014	62.1354042815771
6030	61.6719095695206
6036	61.1283117016407
6042	59.1325822299266
6070	59.1083303013705
6078	58.6272420558151
6080	58.1200474217035
6084	57.4105069231573
6092	57.1894738559437
6098	56.7646988447211
6128	56.3863242691789
6132	56.0672898629319
6144	55.5283484867001
6146	55.4781665645515
6148	55.4668180286518
6150	54.9985640629089
6160	54.153662968698
6176	53.7082595370533
6204	53.6510865873709
6210	53.6027851441521
6220	52.9607352278629
6232	52.7392263984641
6236	51.0084831860637
6268	50.8693974767582
6270	50.8041617301938
6274	50.4877793351196
6288	50.3020203381644
6308	49.7425401943054
6318	49.7401943384577
6336	49.6737096213353
6342	49.177263792318
6372	48.7549348453647
6396	48.6229902038482
6414	48.6026212572885
6430	48.0347639180997
6444	47.9507569705783
6446	47.2439287030401
6480	46.9409323909898
6482	46.5473386222744
6506	46.3209848965890
6524	45.991688079323
6542	45.9364661499053
6574	45.8953445079431
6576	45.8889858589359
6582	45.1636708954110
6588	44.956015448503
6594	44.4659337996986
6602	44.4210380979474
6618	44.3475990566719
6620	44.1938418702789
6630	43.9152868833932
6660	43.6582052623524
6686	43.2055641283511
6722	43.1844681079259
6726	43.1190934081298
6730	43.0699766268117
6744	43.0160934843285
6750	42.7388360538572
6790	42.5054337046149
6802	42.4794828822079
6814	42.4545129847486
6818	42.3562566835562
6830	42.2848188055068
6852	42.1630799858023
6866	42.1338265917442
6874	42.115694249926
6886	41.9561127670684
6928	41.8217199294241
6942	41.7897116407005
6952	41.6995509195921
6964	41.6557994392932
6990	41.6359477732042
7002	41.6328789694604
7006	41.581345562391
7014	41.4953986469566
7036	41.3699521097840
7042	41.2601486550791
7052	41.2382538771266
7056	41.1507794165175
7070	41.0104613279364
7076	40.9244902442757
7078	40.8864704195176
7090	40.7821586353265
7092	40.7378253506774
7096	40.5836472476333
7106	40.5316435682772
7118	40.2892183105288
7140	40.2856298910328
7146	40.1751933366779
7166	40.1704002693329
7172	40.1701248365491
7176	40.0832291761921
7178	40.0653120427657
7192	39.9793825839691
7234	39.8314427341690
7272	39.6931372380903
7304	39.6701221922605
7306	39.6246616521026
7340	39.597160529724
7346	39.5679106116791
7354	39.5526449249374
7370	39.5324996136199
7390	39.5046469022107
7396	39.4953788392787
7398	39.3825806957485
7416	39.3639338638915
7428	39.3582054776593
7442	39.2636166673361
7462	39.2363326528212
7472	39.1833853933412
7478	39.1741506056644
7482	39.1609510084038
7484	39.1580492739361
7502	39.108222579462
7508	39.0923944276854
7510	38.9621219005074
7526	38.8859505836901
7540	38.7455367351621
7560	38.7209572401041
7564	38.6600304209837
7572	38.6219284803930
7588	38.6125225362606
7604	38.5426557990379
7610	38.4617364243977
7664	38.4449405822375
7674	38.4112799475712
7676	38.3818499824628
7686	38.3511049780991
7694	38.3175093410627
7740	38.2853614042786
7744	38.2308072749425
7758	38.2277912200996
7760	38.1450703068584
7778	38.1313017442191
7786	38.1118645215411
7794	38.077411154271
7796	38.0174647211229
7824	37.9867510620498
7874	37.9492890897503
7886	37.9411941180009
7888	37.9352228620496
7890	37.8972515712178
7894	37.8868979462919
7906	37.8778946408834
7912	37.8568429587636
7922	37.8360296126384
7938	37.831741166793
7952	37.8131476568948
7962	37.8122974053953
7964	37.7726581500146
7988	37.742250914788
7990	37.7387545352078
7998	37.7181157707504
8000	37.7100447025029
8024	37.6672862583246
8026	37.6414101349875
8034	37.5725875096804
8082	37.5678231447179
8090	37.5486034059481
8134	37.5424194871151
8138	37.5330723653626
8144	37.5323319190395
8152	37.5261640623254
8156	37.4880770943925
8160	37.4841764732683
8172	37.4735967531196
8192	37.457360857526
8194	37.4395556674816
8202	37.4361950710601
8222	37.3852203931465
8236	37.372923621529
8254	37.3376105323137
8266	37.3312265042652
8300	37.3217619568674
8312	37.3193900041503
8318	37.3174894568002
8320	37.293148271301
8334	37.2871348795545
8340	37.2725371662945
8350	37.2695536827773
8358	37.2553550702265
8382	37.2502108127296
8388	37.2367755984885
8392	37.2307266758545
8402	37.2251734184909
8410	37.2117495842528
8416	37.2028547683669
8418	37.1849725693003
8430	37.1726979180152
8442	37.1667264509898
8450	37.163454206776
8468	37.1357030953882
8480	37.1322786593611
8488	37.1159299658562
8494	37.0977461022092
8496	37.0964304331977
8506	37.0866039705186
8512	37.0712824433588
8526	37.0592439565885
8532	37.0524907120770
8552	37.042745103434
8570	37.0409154553463
8582	37.020587665986
8592	37.0050920013587
8598	36.9942258219634
8608	36.9937737074192
8620	36.9749054700979
8648	36.9632170077825
8666	36.9477270233447
8690	36.9330888805760
8706	36.9268563731338
8708	36.9096310526016
8714	36.8981212283866
8720	36.8869271766660
8722	36.8775306249806
8724	36.8742530324093
8728	36.8740870507462
8732	36.8620394700054
8752	36.8595288535831
8754	36.8383143756095
8756	36.8108949270729
8762	36.7808570714057
8788	36.7797808998287
8794	36.7612901040831
8804	36.7433119972937
8806	36.7206722668297
8820	36.6896497376762
8828	36.6883561873587
8830	36.6798523312982
8832	36.631769878618
8846	36.6211437408798
8860	36.618385517712
8870	36.6161661244095
8878	36.6017187770241
8880	36.5853613315735
8888	36.5544179539054
8890	36.5337383759628
8906	36.5166924944426
8916	36.4894126963284
8918	36.4832823314995
8922	36.4652668369508
8924	36.4644500065458
8946	36.4410394780852
8952	36.4174137999774
8976	36.4107238731538
8984	36.4005704565344
8986	36.3971982088973
9002	36.3971351379201
9008	36.3768468543987
9014	36.3712743121862
9052	36.3557935456342
9072	36.3481347562959
9074	36.3199265465289
9076	36.3182752797634
9114	36.2953403936517
9134	36.2904779792431
9150	36.2543624336277
9198	36.2531421928875
9206	36.2276562068496
9226	36.2205660717122
9234	36.2113945296375
9240	36.1755201073316
9284	36.1709417055002
9290	36.1557157300587
9294	36.1548961875283
9298	36.1175102389338
9306	36.0694055372526
9322	36.064486398717
9374	36.0452518293586
9384	36.0424783815174
9396	36.0372013001628
9426	36.018433333098
9448	36.0098491899569
9456	36.0096986249061
9466	36.0094064613693
9472	36.0048907409461
9520	35.9926202118571
9526	35.9850080646713
9540	35.9841640681361
9556	35.9824036974167
9560	35.9819857214095
9562	35.9702146477091
9578	35.958101146754
9582	35.9544301181189
9594	35.952992854749
9598	35.9476066655664
9602	35.9437671557404
9614	35.933145824042
9640	35.9302349876334
9642	35.9230390003737
9668	35.9211217116042
9676	35.9199216862864
9684	35.9128516976328
9698	35.9073575416606
9708	35.9029056270321
9714	35.8989996540259
9716	35.8848640755765
9720	35.8818726248923
9734	35.8655373322121
9742	35.8640905724364
9756	35.8563966786286
9760	35.8520147233689
9768	35.8357165688423
9804	35.8354490685836
9806	35.8142530328412
9816	35.8079382702100
9826	35.8078654542514
9854	35.8074487672511
9858	35.8054647435545
9886	35.787056446902
9928	35.7769052351044
9930	35.7671709061618
9952	35.7616781318924
9960	35.7503895923789
9968	35.7491616262675
9972	35.7424757736949
10006	35.7308385076142
10008	35.7246881766646
10016	35.7241840769366
10038	35.7197786446131
10040	35.718487649966
10044	35.7150704615701
10048	35.7103381686056
10060	35.7093299446320
10064	35.7064034741998
10066	35.6850378294415
10134	35.6835442712027
10138	35.6715914290109
10156	35.6709793714611
10176	35.6654911796833
10190	35.6535217428189
10206	35.6526556398870
10216	35.6427647828458
10234	35.6317530657775
10244	35.6195938997729
10250	35.6195621593022
10258	35.6152471402377
10260	35.6099032416336
10266	35.5980273595993
10272	35.595708334766
10290	35.5956330650924
10310	35.5809814676525
10316	35.580493890561
10328	35.5768164865221
10342	35.5732904475297
10350	35.5723258098875
10354	35.5648341511582
10372	35.5635804351156
10374	35.5635475739255
10388	35.5579964265462
10396	35.5483378024663
10410	35.5426013540205
10424	35.5419960755425
10430	35.5395833183924
10454	35.5366023357418
10466	35.5323406930226
10472	35.5270909117817
10478	35.5178674241741
10492	35.5123082816665
10502	35.5116370064312
10514	35.5073724278704
10538	35.5048608805073
10546	35.4988926939004
10552	35.4937089166086
10558	35.4912649576004
10566	35.4864102454307
10578	35.4795119835662
10580	35.4790182117769
10592	35.4732007492632
10604	35.4621207859409
10606	35.4610747014050
10608	35.4587061619672
10612	35.4436201079767
10622	35.4396713569814
10632	35.4368419682649
10640	35.4290941734425
10648	35.4172620543575
10674	35.4033010405551
10700	35.4027385351313
10714	35.3999337135601
10718	35.3985007886982
10726	35.3935503513265
10730	35.3874920646618
10742	35.3874556890279
10744	35.3807310371643
10758	35.37951532252
10762	35.3668299266303
10774	35.361744515792
10782	35.3597934692025
10796	35.3537520453151
10802	35.3521046047104
10804	35.3429471143767
10816	35.3415670868758
10820	35.3400189429027
10830	35.3350787806755
10838	35.3334681621865
10842	35.3331517864581
10864	35.3289455561112
10878	35.325173978846
10886	35.3233062078519
10888	35.3218397050886
10914	35.3143206719679
10926	35.3113597782976
10952	35.3103805576762
10958	35.3099979692272
10976	35.3095217313603
10984	35.3093038516123
10994	35.3085886310497
10998	35.3076588192316
11002	35.3053487999665
11024	35.3014562971656
11038	35.3012649722690
11040	35.3009053220148
11052	35.2994118525402
11056	35.2990776223783
11074	35.2960809226325
11078	35.2958148963155
11080	35.2945994725928
11086	35.2921004415908
11088	35.2900220795903
11090	35.2873846780038
11126	35.2867683747998
11144	35.2854861374361
11146	35.2839135973676
11150	35.2835704216557
11154	35.2818697229349
11162	35.2811886499097
11170	35.2806144661108
11176	35.2795531312864
11188	35.2791514803677
11190	35.2786680209172
11200	35.2727352014134
11226	35.2726715592889
11230	35.2722994153509
11248	35.2686753230311
11268	35.2679591908118
11286	35.2665528198865
11298	35.2643342718369
11300	35.2631287414732
11330	35.2624192554672
11342	35.2621648376571
11344	35.2596203047943
11362	35.2590645092738
11380	35.2585014214691
11382	35.2584345036106
11396	35.2569723955016
11406	35.2568665998848
11408	35.2568579648049
11418	35.2550222709087
11436	35.2541633004426
11442	35.2537105010522
11444	35.2504492592755
11456	35.2501134100049
11470	35.2490546069047
11484	35.2478129670389
11492	35.2459003174248
11520	35.245246709751
11526	35.2435835961564
11556	35.2421970195506
11560	35.2392914790099
11574	35.238496771462
11590	35.2371031117995
11600	35.2370858893195
11610	35.2353266437341
11616	35.2336875909122
11622	35.2327987723951
11650	35.2317875330593
11652	35.2307204299439
11670	35.2267314692675
11676	35.2265149996298
11682	35.2251774182475
11694	35.2205383576729
11708	35.2161297884532
11726	35.215823265424
11728	35.2118594619109
11748	35.2111339221713
11762	35.2103202104321
11766	35.2091622590779
11782	35.2047618478667
11804	35.2035682695747
11808	35.2029689660489
11812	35.2016026115303
11814	35.1965504180746
11844	35.1958071284955
11850	35.1948522784557
11868	35.1930879744511
11872	35.1927032271504
11886	35.1895114298380
11932	35.1893693070806
11946	35.1888609668363
11948	35.1880638618497
11976	35.1873879218754
11980	35.1869430686204
11988	35.1867846362564
12008	35.1852862973096
12012	35.1843603420054
12042	35.1837000985642
12048	35.1836036426193
12056	35.1835994381667
12060	35.1827718282863
12078	35.1827397821403
12080	35.1810763942894
12088	35.1807824050148
12110	35.178869455962
12150	35.1785887854960
12154	35.1776835034477
12188	35.177133398577
12190	35.1766609473954
12208	35.1763148890606
12210	35.1749765264981
12214	35.1748285716662
12234	35.1746444479269
12244	35.1719025352521
12246	35.1713679026379
12260	35.1712423157365
12266	35.1697856860274
12286	35.1679810693585
12296	35.1673286674728
12298	35.1672210230618
12300	35.1667028005134
12318	35.1653321985143
12334	35.1633579498813
12340	35.1632902767077
12352	35.162321336426
12354	35.1605880198739
12364	35.1542654935678
12382	35.1541329377938
12390	35.153331714348
12392	35.1511617633623
12402	35.1502002968887
12412	35.149198049031
12428	35.1489516140851
12430	35.1477328586862
12438	35.1452253568797
12476	35.1450104473115
12488	35.1436273525089
12502	35.1434221233288
12504	35.1430406838071
12514	35.1406905361659
12520	35.1376218186606
12560	35.1359850218443
12586	35.1359405049869
12590	35.1353611645014
12594	35.1351970179663
12600	35.1348937063336
12604	35.1347420503894
12614	35.1346082170233
12618	35.1344543077598
12622	35.1335347862663
12626	35.1333348393582
12628	35.1322179409889
12656	35.1310926788525
12658	35.1305927335725
12672	35.1287799390735
12682	35.1276404007946
12690	35.1274816686376
12704	35.1230737094275
12754	35.1223563775100
12776	35.1205252787633
12782	35.118623136319
12804	35.117735980209
12820	35.1172817594477
12822	35.1164420402208
12830	35.1160480299481
12838	35.1157829379119
12840	35.1153308009892
12864	35.1150431614953
12866	35.1149086117456
12874	35.1131830473918
12888	35.1106704615164
12916	35.1085838184009
12918	35.1074279863934
12940	35.1045374492445
12944	35.1033475526037
12950	35.1027085278703
12970	35.1023199447639
12974	35.1015079888378
12980	35.1009792029147
12984	35.0983037216345
13006	35.0964158764251
13026	35.0963021259228
13032	35.0957253145965
13050	35.0948466822955
13054	35.0945755502739
13060	35.0931560080526
13064	35.0908838587332
13082	35.0897591082093
13096	35.0890727599045
13106	35.0874760182658
13116	35.0866734177987
13120	35.0842322644895
13122	35.0821367403295
13126	35.0803319760325
13134	35.0779634117046
13154	35.0776714746280
13168	35.0748460732930
13170	35.0746838207315
13182	35.0714195459659
13220	35.0705936922622
13260	35.0700625281969
13262	35.0694720061948
13286	35.0693774220786
13288	35.0688439537884
13294	35.0681697533635
13302	35.0681339046687
13308	35.0679848154264
13328	35.066730990976
13354	35.0662118232687
13360	35.0655276698589
13368	35.0651155185047
13374	35.0645454694846
13376	35.0639957413634
13386	35.0618918960352
13398	35.0597670692689
13412	35.0558723492478
13438	35.0553195533063
13446	35.0543764737738
13448	35.0536340994263
13454	35.0533501448326
13468	35.0521682764446
13472	35.0510764528538
13518	35.0505936023104
13520	35.0504981369701
13524	35.0464392636038
13552	35.0461934001792
13560	35.0459541839533
13572	35.0447382037826
13576	35.0431709940411
13594	35.0422105847067
13606	35.040102702618
13614	35.0399557793401
13618	35.0399071986291
13620	35.0398279490055
13624	35.0392395964439
13628	35.0392386229824
13636	35.0381720594546
13658	35.0378386878973
13674	35.0374214214063
13680	35.0361016664834
13688	35.0347274377250
13696	35.0339655530026
13710	35.0329257401109
13740	35.0328857731208
13742	35.0325842712846
13744	35.0320175596065
13756	35.0320024104927
13764	35.0302177657278
13776	35.0286265556984
13790	35.0269376910397
13802	35.0258605067256
13830	35.0253324643022
13854	35.0246219138632
13856	35.0241141438953
13884	35.0234326048224
13888	35.0225266119651
13906	35.0222609194995
13914	35.0222608498005
13918	35.0201358086685
13922	35.020132748358
13928	35.0197662924218
13938	35.0192798947985
13944	35.0171192005196
13982	35.0164200328338
13996	35.0157256893029
14008	35.0149959941662
14012	35.013937117686
14018	35.012528492188
14020	35.0123465556822
14030	35.0114345874343
14044	35.0075996797872
14112	35.0070427215058
14118	35.0060267278763
14122	35.0043400575534
14124	35.0019868054052
14136	35.0011348823864
14182	35.000271604993
14196	35.0002403183588
14224	34.9997570979731
14228	34.9985360872576
14242	34.9984984727747
14246	34.9980474456617
14268	34.9974845967511
14280	34.9974470397853
14282	34.9963748219902
14314	34.9940657225521
14330	34.9936251055154
14340	34.9929620047054
14362	34.9927357497272
14376	34.9926231590939
14386	34.9917857743978
14390	34.9912677279655
14396	34.990980977561
14408	34.9905456689876
14414	34.9903185147122
14424	34.9901717268048
14430	34.9895932987066
14452	34.9892730458715
14476	34.9888391913794
14502	34.9887554003542
14504	34.9885257552406
14518	34.9872289013122
14532	34.9868039150719
14536	34.9860244556873
14546	34.9854336928846
14550	34.9840964431895
14560	34.98409191296
14564	34.9826013796275
14580	34.9817449655000
14584	34.9800589560735
14594	34.9779403883322
14616	34.9766354369409
14620	34.9763931718107
14624	34.9758718165671
14678	34.9751636587332
14686	34.9744106855419
14694	34.9732770676848
14722	34.9725489687882
14732	34.972313621699
14758	34.9704598129357
14768	34.9697879441051
14780	34.9670023453922
14782	34.9669653892079
14784	34.9662914550584
14796	34.9657616023495
14810	34.9657181520194
14812	34.9656019757097
14814	34.9642738209554
14850	34.9635745729180
14862	34.9633383545350
14886	34.9627442245704
14896	34.9616054746111
14908	34.9611360424756
14930	34.9597679582156
14948	34.9590183537602
14986	34.9589209967518
15004	34.9577067735556
15012	34.9576084628415
15024	34.9573086445473
15040	34.9568698350648
15050	34.9554100809980
15082	34.9547388906821
15092	34.9536915601133
15124	34.9534994377707
15128	34.9534743183456
15134	34.9533275926794
15138	34.9532306920033
15142	34.9525757949022
15146	34.9511815698919
15168	34.9511655828887
15170	34.9505788249931
15180	34.9499969734211
15184	34.9498384188463
15186	34.9488642782775
15204	34.948444753371
15220	34.9476076585667
15224	34.9467830408347
15236	34.9458172467439
15254	34.9449336756196
15256	34.944810664883
15260	34.9442602494812
15268	34.9438915738192
15272	34.9436008913352
15280	34.9435825037288
15282	34.9434180496843
15288	34.9431955406336
15294	34.9417217236393
15300	34.9412046676349
15304	34.9410798338537
15330	34.9400110176659
15342	34.9398005069371
15352	34.9393138466301
15362	34.9388548315398
15374	34.9383622333745
15382	34.9368219528292
15384	34.9366674695633
15402	34.9351862653733
15416	34.934670809113
15422	34.9330944049945
15432	34.9327580003220
15440	34.932276457971
15444	34.9319318475191
15452	34.9315378321035
15454	34.9314392730125
15458	34.9301492188183
15486	34.9301176836273
15488	34.929583565997
15504	34.9286597246472
15510	34.9283950212226
15526	34.9281375834974
15540	34.9274643028119
15546	34.9270811760178
15560	34.926325120947
15570	34.9259962552181
15582	34.9257798945974
15588	34.9252016971348
15590	34.9248082802642
15596	34.9235037311524
15600	34.9220885411881
15628	34.9213753611935
15632	34.9200246024950
15658	34.9192454428528
15694	34.9184263429957
15696	34.9179217537468
15708	34.9150610423799
15738	34.9145420398991
15746	34.9134427196716
15762	34.9130423720356
15766	34.9104520400940
15768	34.9103741023284
15796	34.9100203879173
15812	34.9082705275041
15820	34.9081846201477
15842	34.9072946804885
15848	34.9066804542931
15890	34.9055314997618
15900	34.9040805929061
15912	34.9040227123781
15914	34.9035269323795
15934	34.9033611885446
15940	34.9026216395506
15954	34.9019757018090
15964	34.8995107071807
15966	34.8989494699326
15972	34.8965940959015
15976	34.8960495664109
15988	34.8946807598951
15996	34.8932218169548
16000	34.8909166527602
16004	34.8907177791362
16028	34.8904733523257
16030	34.8890619664984
16034	34.8883430702339
16040	34.8877518511610
16050	34.8856059567062
16086	34.884107110369
16114	34.8823891085741
16118	34.8821394081633
16124	34.8809785005799
16134	34.8792649204966
16184	34.8790863825293
16216	34.8782732547979
16220	34.8775641648064
16238	34.8758880000118
16272	34.8758665483432
16274	34.8756192837071
16288	34.8751373466938
16292	34.8747254986813
16298	34.8736404939131
16322	34.8735571178582
16324	34.8735371611774
16336	34.8733656940757
16340	34.8731053109329
16348	34.8723141398125
16370	34.8711318258805
16392	34.8708814276126
16398	34.8707967357286
16420	34.8705607575938
16426	34.8698322387525
16470	34.8694993114270
16486	34.8688722797430
16514	34.8687234475739
16518	34.8687144518030
16524	34.8681244817158
16532	34.8680656176166
16556	34.8676761910879
16568	34.8674962993241
16588	34.8674890267208
16596	34.8669710073268
16618	34.8666324211244
16670	34.8665056576115
16682	34.8662703671248
16684	34.8662097510451
16704	34.8659473650113
16724	34.8657111007322
16734	34.865548046173
16786	34.8652436034831
16806	34.8652222446169
16808	34.8651422594189
16818	34.8650208248016
16836	34.864582114079
16838	34.8645742975630
16840	34.8645470082038
16850	34.8644755329907
16856	34.8641427955856
16860	34.863906231283
16878	34.8636406756997
16906	34.8635510396166
16914	34.8634747886215
16926	34.8633173000176
16928	34.8629891999176
16934	34.8624555003878
16944	34.8623142758408
16962	34.8615889173178
16972	34.8613373926772
17002	34.8612642880528
17020	34.8612579489029
17030	34.8609320300949
17048	34.8608312909887
17052	34.8608215223100
17054	34.8607731122223
17062	34.8605929917378
17108	34.8604556273787
17130	34.8604121339555
17136	34.8604030870171
17138	34.860335955027
17156	34.8603344650403
17158	34.8600661559071
17172	34.8600203405486
17182	34.8599894385281
17208	34.8599627769223
17210	34.8598200500702
17212	34.8596739012639
17224	34.8596206205639
17258	34.8595468034897
17264	34.8594008118506
17276	34.8592229561388
17288	34.8591889879763
17290	34.8591788227862
17296	34.8591407421710
17306	34.8590441022475
17312	34.8589200920320
17344	34.8587685521039
17350	34.858611304413
17356	34.8585820777719
17388	34.8584251291656
17420	34.8583659628603
17424	34.8583117950886
17434	34.8582283015627
17440	34.8578828700036
17462	34.8575940705831
17472	34.8573473495604
17502	34.8571626727696
17520	34.8570868245457
17528	34.8570755725161
17546	34.8570422936089
17556	34.8569502861078
17564	34.8569071408974
17572	34.8567947794231
17574	34.8564912450537
17600	34.8563743637642
17616	34.8562760510454
17622	34.8560982694633
17648	34.8560751214118
17650	34.8559118230127
17660	34.8559006297161
17670	34.8558833650119
17674	34.8558681735377
17676	34.855826899353
17678	34.855744736502
17680	34.8555432988192
17698	34.8554936594365
17708	34.8554328479154
17716	34.8553327289574
17720	34.8553035832002
17732	34.8552878160787
17734	34.8548095745182
17754	34.8546338792015
17760	34.8545489617050
17772	34.8543120273361
17788	34.8542599761315
17796	34.8542402574732
17798	34.8542257588150
17800	34.8539877905661
17816	34.8536611883295
17820	34.8534536906441
17834	34.8531338688882
17838	34.8529384165962
17858	34.8528690708658
17864	34.8526940984877
17866	34.8526907357833
17868	34.8526716832408
17876	34.8523897612506
17888	34.852102484341
17896	34.8520468800054
17900	34.8520447046869
17902	34.8519569185157
17906	34.851849954317
17926	34.8513739113979
17932	34.851232119015
17942	34.8507724406914
17944	34.8505197569771
17946	34.8503576305284
17954	34.8503514506021
17968	34.8502739536029
17976	34.8501606300845
17980	34.8499782764481
17984	34.8495095725517
18006	34.8490392144875
18016	34.848927646738
18066	34.8487142492031
18070	34.8487080280226
18078	34.8485315679843
18090	34.8483098557692
18096	34.8482812428116
18106	34.8480694280618
18112	34.8479119332258
18118	34.8478661533085
18120	34.8475112017033
18138	34.8474896093179
18142	34.8472616698102
18152	34.8471375870101
18170	34.8470221230414
18180	34.8468164816995
18182	34.8467029378895
18196	34.8466496976287
18198	34.8466273007898
18210	34.8465805680275
18222	34.8465351725159
18238	34.8464355688491
18242	34.8463073284542
18292	34.8461301511813
18298	34.8460311611568
18314	34.8460195133183
18322	34.8459304965381
18328	34.8456452948402
18370	34.8454951970363
18384	34.8454870725565
18394	34.8451127566528
18418	34.8450439340981
18430	34.8450103693910
18434	34.8446827719746
18436	34.8443333845555
18454	34.8441647335796
18486	34.8441174124178
18498	34.8439975191647
18502	34.8437234122246
18504	34.8435939030566
18508	34.8435876717518
18522	34.8435129406662
18532	34.8432122549948
18538	34.8431521444615
18540	34.8431390344239
18542	34.8430676064154
18546	34.8430556806722
18560	34.8430475167706
18580	34.842845937236
18590	34.8427218490041
18594	34.8426683944308
18614	34.8425565457776
18624	34.8424837537075
18646	34.8424779871941
18660	34.8424270082219
18664	34.8424046808496
18678	34.8423080603171
18694	34.8421104333022
18718	34.8420255387248
18726	34.8420014969156
18736	34.8419651860961
18750	34.8419315009541
18754	34.8419242804406
18762	34.8417547380083
18772	34.8416277429461
18782	34.8416133354315
18786	34.841604399167
18794	34.8415128493159
18804	34.8414174535343
18818	34.8414130103781
18836	34.8414017089666
18840	34.8413378819014
18860	34.8412295074089
18870	34.8411366662411
18896	34.8410390556934
18954	34.8410369427015
18956	34.8410198650147
18972	34.8409311240482
18988	34.84092352999
19004	34.8409119300749
19010	34.8408889661389
19012	34.8408886056526
19022	34.8408629851564
19034	34.8408302538557
19058	34.8407443462570
19084	34.8406592043169
19098	34.840640268085
19108	34.8406335928238
19110	34.8406271426512
19122	34.8406112735473
19132	34.8405695478459
19142	34.8405688417348
19148	34.8405217312108
19150	34.8404835060438
19170	34.8403645187781
19188	34.8403046924042
19192	34.8403014669663
19198	34.8402429096114
19200	34.8402425606355
19214	34.8401953896444
19224	34.8401953152636
19238	34.8401734419977
19246	34.8401621772546
19248	34.8401349817007
19250	34.8401327618163
19256	34.8400450744738
19260	34.8400387818382
19264	34.8399365328556
19276	34.8398275533952
19278	34.8397793383650
19290	34.8396132722332
19304	34.8395776803722
19318	34.8394734354964
19344	34.8393747119983
19358	34.839305954392
19364	34.8392795717802
19372	34.8392715275127
19380	34.8392206079151
19384	34.8392166347234
19392	34.8392010721462
19402	34.839072247057
19424	34.8389826643784
19438	34.8388566897675
19466	34.8388343387104
19472	34.8386979633569
19486	34.8386828196954
19488	34.8386691435047
19498	34.8386384191159
19500	34.8386319027749
19516	34.8385951921132
19530	34.8385847649848
19544	34.8385664984794
19562	34.8385418015488
19568	34.8385383007245
19574	34.83849180849
19582	34.8384851099666
19590	34.838438596781
19602	34.8384340212436
19606	34.8384155757543
19610	34.8383717363964
19612	34.8383563757757
19618	34.8383536565059
19622	34.8383515138948
19630	34.838286813972
19658	34.8382682356921
19662	34.8382477055803
19664	34.8381820158333
19674	34.8381506850276
19690	34.8381405313237
19702	34.8380690181175
19708	34.8380355758366
19722	34.8380174376771
19726	34.8378855020264
19740	34.8377524960232
19750	34.8377497927390
19780	34.8377128568001
19798	34.8376729704412
19806	34.8376667417197
19834	34.8376343324452
19836	34.8375932592702
19842	34.837534479652
19882	34.8375156673122
19884	34.8374519509762
19918	34.8373947457316
19924	34.8373286540376
19928	34.8373275074597
19950	34.8373195258627
19964	34.8372845322888
19978	34.8371891437385
19982	34.8371741177907
19986	34.8371546967944
20004	34.8371414262808
20020	34.8371098115695
20026	34.8370991681966
20036	34.8370574706565
20058	34.8370311461121
20060	34.8370027128461
20070	34.8369994748902
20072	34.8369701268049
20078	34.8369575608485
20080	34.8369391409155
20096	34.8369301514021
20106	34.8368949080507
20114	34.8368779371803
20126	34.8368417549824
20142	34.836746782837
20154	34.8366342766577
20172	34.8366098661208
20174	34.8365040622979
20182	34.836472451185
20206	34.8362490270198
20230	34.8362338203070
20234	34.8361990757689
20236	34.8361679673284
20240	34.8361356394914
20252	34.8359124823730
20260	34.8358892849450
20268	34.8358015004002
20272	34.8357011923308
20302	34.8355187172997
20310	34.8354724950189
20314	34.8353371632494
20332	34.8352868675592
20356	34.8351956884282
20360	34.835152054445
20368	34.8351195645521
20390	34.8349930593887
20400	34.8347962657076
20404	34.8347561149349
20418	34.8347364045861
20452	34.8346635962295
20456	34.8346368121273
20458	34.8346071788896
20460	34.8346025271292
20472	34.8345645984916
20478	34.834511627467
20480	34.8344905863366
20502	34.8344628106447
20516	34.8344409451907
20522	34.8343276427576
20524	34.8342815491121
20538	34.8342590023274
20554	34.8342508296079
20556	34.8342349690498
20560	34.8341807129664
20598	34.8341210287032
20600	34.8340867771732
20606	34.8340641021551
20610	34.8339677505985
20612	34.8339417644167
20614	34.8337842536571
20620	34.8337549936966
20640	34.8336685695519
20646	34.8335365091463
20660	34.8335230365714
20668	34.8333100953186
20686	34.8332447187789
20712	34.8332276035818
20730	34.8331956597138
20732	34.8331852882715
20736	34.8331496111447
20740	34.8330967297462
20756	34.8330018409734
20760	34.8329089616132
20768	34.8326913596204
20778	34.8325320769679
20806	34.8324503647501
20852	34.8324459114238
20856	34.8324111705447
20862	34.8324058561368
20868	34.8324053786807
20876	34.8323364685461
20878	34.8322758971646
20896	34.8322431491255
20900	34.8322401780447
20904	34.832222751076
20920	34.8321564213923
20922	34.8321459625291
20932	34.832127698953
20936	34.8321101241348
20946	34.8320993574309
20954	34.83184579016
20964	34.8317420920899
20986	34.8315058609814
21032	34.8313176940725
21056	34.8312895228729
21058	34.8312464555989
21086	34.8310871565247
21120	34.8308507542667
21128	34.8308387660680
21134	34.8307666785879
21140	34.8307008049677
21142	34.8306612543898
21144	34.8306378069938
21152	34.8305607233936
21178	34.8305432419109
21184	34.8304629274747
21216	34.8304056548267
21234	34.8303496976215
21270	34.8303124215267
21306	34.8302731094779
21312	34.8302653767748
21322	34.8302519588761
21350	34.8301969110072
21386	34.8301825197415
21400	34.8301680783607
21404	34.8301548640173
21412	34.8301421741674
21414	34.8301299284432
21420	34.8301202463892
21428	34.8301148734177
21430	34.8300771132864
21434	34.8300438240179
21444	34.8300314577417
21448	34.8300258732352
21460	34.8300182858564
21476	34.8299519093649
21500	34.8299302494628
21504	34.8299286294577
21510	34.8299146882397
21526	34.8298973745460
21532	34.8298707936497
21554	34.8298292710515
21562	34.8297911660995
21572	34.8297842150215
21582	34.8297687676661
21612	34.8297606852813
21620	34.829747242624
21664	34.8297030932785
21666	34.8296423491537
21670	34.8296262688718
21692	34.8296214574611
21712	34.829607756256
21716	34.8295820370436
21718	34.8295271415179
21728	34.8295120338918
21774	34.8294949039596
21786	34.8294635654462
21792	34.8294413739963
21800	34.8293963167874
21806	34.8293619622023
21826	34.8293613898989
21832	34.8293471369992
21842	34.8293067094328
21864	34.8292962752991
21868	34.8292912301328
21880	34.8292776380856
21886	34.8292670931044
21890	34.8292487064881
21892	34.8292405561011
21924	34.8292262565953
21960	34.829187189145
21990	34.8291775680044
21996	34.8291576260659
22032	34.8291553769328
22042	34.8291487745086
22046	34.8291405652159
22054	34.8291260686630
22066	34.829098714648
22106	34.8290846778784
22122	34.8290680019305
22146	34.8290516682065
22178	34.8290472866341
22190	34.8290271627821
22198	34.8290241488342
22206	34.8290191064424
22208	34.8290166830083
22212	34.8290124542183
22216	34.8289883945349
22226	34.8289880863082
22234	34.8289737584931
22242	34.8289567678249
22274	34.8289450401684
22284	34.8289316814695
22290	34.8289266227199
22302	34.8289151577749
22314	34.8289014318673
22328	34.8288994729091
22330	34.8288464292053
22332	34.8288433962918
22336	34.8288319004231
22344	34.8288188465101
22348	34.8287887252185
22360	34.8287779799690
22366	34.8287680816948
22374	34.8287616144326
22376	34.8287315717701
22386	34.8287122673947
22408	34.828688227174
22416	34.8286871753556
22422	34.8286789687453
22434	34.8286573683532
22446	34.8286300877787
22452	34.8286268489416
22460	34.8286182567182
22464	34.8285901940094
22486	34.8285415137195
22502	34.8285180852588
22518	34.8285025901391
22538	34.8285000256580
22544	34.8284743932201
22550	34.8284736053892
22558	34.8284731503916
22564	34.8284541970369
22572	34.8284248829421
22578	34.8283748854555
22588	34.8283709488273
22602	34.828353845966
22608	34.8283478758846
22612	34.8283346615128
22614	34.8283246617958
22618	34.8283076922511
22628	34.8282957052614
22656	34.8282877615688
22662	34.8282636227294
22664	34.8282509753317
22692	34.8282449258167
22704	34.8282228511072
22724	34.8282002059242
22726	34.8281876241615
22742	34.82818520901
22750	34.8281803234835
22756	34.8281760758176
22768	34.8281432239051
22774	34.828111887482
22786	34.8281076072092
22798	34.8280864650944
22814	34.8280834455173
22820	34.8280759695057
22836	34.8280721221805
22840	34.8280520997725
22846	34.8280309586042
22850	34.8280159695434
22854	34.8280089417549
22866	34.8279946635381
22872	34.8279882673083
22874	34.8279875161603
22876	34.8279582468705
22894	34.8279529034867
22896	34.8279356719054
22914	34.8279150671321
22932	34.8279127748436
22978	34.8279115311222
22984	34.8278885488083
22988	34.8278761299449
22994	34.8278577325188
23004	34.8278469241622
23022	34.8278417906755
23028	34.8278178941524
23042	34.8278153315943
23054	34.8277979412182
23092	34.8277959195548
23094	34.8277762420184
23100	34.8277646141636
23118	34.8277645616451
23130	34.8277389747953
23160	34.8277330797825
23162	34.8277100929934
23166	34.8277034666923
23176	34.8276843040908
23178	34.8276744294595
23184	34.827671704261
23206	34.8276420449687
23214	34.8276415434315
23220	34.8276280913931
23228	34.8276009433476
23258	34.827593213129
23272	34.8275862975672
23276	34.8275476176089
23312	34.8275371075146
23316	34.8275273960135
23334	34.8274661531554
23348	34.8274467565924
23352	34.8274356406691
23354	34.8274113678904
23360	34.8273610487713
23388	34.8273563487495
23390	34.8273042095706
23402	34.8272794439985
23416	34.8272670780905
23418	34.8272513912321
23428	34.8272308923227
23430	34.8271999982621
23438	34.8271909808031
23440	34.8271669626538
23452	34.8271383448223
23466	34.8270935100454
23468	34.8270683853161
23470	34.8270672915276
23482	34.8270176112688
23492	34.8269825402272
23530	34.8269766800069
23536	34.8269499552969
23544	34.8269229927306
23548	34.8269140715363
23552	34.8269014503957
23558	34.8268839657264
23562	34.8268743817039
23568	34.8268397362667
23634	34.8268024347139
23640	34.8267842763023
23660	34.8267551811317
23662	34.8267230843673
23678	34.8266583379301
23690	34.8266208627744
23696	34.826485878398
23710	34.8264754964489
23716	34.8264339262063
23720	34.8264289198495
23738	34.8263556278293
23754	34.8262972546791
23788	34.8262951004243
23804	34.8262820583559
23820	34.8262286393526
23842	34.8261822330944
23856	34.8261806836938
23868	34.8261676082995
23874	34.8261669951741
23882	34.8261598656197
23894	34.8261579943306
23900	34.8261289782664
23906	34.8261233419498
23910	34.8261069654342
23938	34.8261004598549
23942	34.826094885665
23944	34.8260540427509
23946	34.8260153846859
23958	34.8260129151853
24002	34.8260096439882
24014	34.8259666613743
24020	34.8259406734862
24022	34.8259299007692
24030	34.8259250137864
24040	34.8259208605699
24060	34.8258949066793
24082	34.8258830587724
24086	34.8258471541894
24090	34.8258396265798
24094	34.8258113106938
24096	34.8257881861846
24100	34.8257755395422
24102	34.8257579104452
24106	34.8257343793781
24112	34.8257268847503
24140	34.8256926342537
24144	34.8256568697359
24168	34.8256453637850
24176	34.8256452854254
24204	34.8255954604555
24220	34.8255711276501
24232	34.825555404023
24236	34.8255495608076
24244	34.8255427438427
24250	34.8255150554194
24266	34.8255089382751
24272	34.8255058399755
24282	34.8254876913645
24290	34.8254509889320
24302	34.8254318662095
24316	34.8254048569508
24324	34.8253331898332
24346	34.8253015545835
24370	34.8252915312789
24378	34.8252772064587
24386	34.8252503062862
24402	34.8252383371862
24414	34.8252360442544
24418	34.8252319691365
24424	34.8252123343037
24452	34.8252116543530
24460	34.8252065953529
24468	34.8251768948796
24478	34.8251746613590
24490	34.825139867306
24530	34.8251372229839
24536	34.8251369619024
24544	34.825130283771
24550	34.8251216431296
24552	34.8251090801207
24580	34.8251068981126
24582	34.8251051898987
24590	34.8251033343824
24598	34.8250929261651
24604	34.8250885927497
24622	34.8250769159482
24638	34.8250762969509
24646	34.8250652136460
24654	34.8250501316715
24660	34.8250435192297
24664	34.825017201697
24720	34.8249858099735
24740	34.8249789668979
24764	34.8249649934448
24774	34.8249540083767
24808	34.8249434249975
24810	34.8249287718682
24812	34.8249216676637
24826	34.8249163968981
24830	34.8249148022652
24836	34.8249140715599
24848	34.8249050398689
24850	34.8248961470678
24854	34.8248814004005
24884	34.8248587116451
24892	34.8248443222529
24904	34.8248355217854
24914	34.8248300657748
24916	34.8247985381028
24938	34.8247805563864
24946	34.8247722761791
24962	34.8247594553715
24976	34.8247479139979
24978	34.8247426104994
24984	34.8247402584132
24998	34.8247306553887
25002	34.8247039928869
25030	34.8247001933936
25052	34.8246912721162
25068	34.824683130869
25084	34.8246671833527
25116	34.8246536105811
25120	34.8246460360089
25124	34.8246394284795
25130	34.8246356717110
25146	34.8246318151183
25154	34.8246089469914
25194	34.8245949561175
25198	34.8245889340512
25214	34.8245824941262
25218	34.8245738479874
25228	34.8245555837002
25236	34.8245504306911
25262	34.8245415063623
25282	34.8245363109994
25284	34.8245276278940
25318	34.8245159229581
25334	34.8245008311406
25362	34.8244908772334
25376	34.8244862080366
25390	34.824477217601
25398	34.8244759953864
25412	34.8244754193905
25424	34.8244691003869
25426	34.8244576891708
25430	34.8244527028069
25432	34.8244495850761
25436	34.8244450639862
25456	34.8244242234494
25468	34.8244229013911
25492	34.8244206091789
25506	34.8244189856056
25508	34.8244180540356
25512	34.8244178614371
25514	34.8244151470992
25520	34.8244092575543
25532	34.8244013787265
25542	34.8244008798358
25546	34.824399991421
25568	34.8243911315485
25574	34.8243849193309
25580	34.824381123344
25594	34.8243798949659
25598	34.8243741053165
25606	34.8243697030118
25608	34.8243692078444
25610	34.8243606128884
25630	34.8243601666812
25636	34.8243583839995
25648	34.8243571748263
25660	34.824342597542
25662	34.8243361946817
25694	34.8243343327139
25698	34.8243341035045
25700	34.8243310626964
25716	34.8243298213685
25720	34.8243295952903
25724	34.8243269724423
25732	34.8243229739038
25738	34.8243167295131
25740	34.8243098371837
25744	34.8243023829016
25762	34.8242945728974
25772	34.8242829416775
25788	34.8242826259591
25802	34.8242758480362
25808	34.8242612998214
25834	34.8242593005975
25850	34.8242513851604
25854	34.8242506644294
25888	34.8242412218950
25904	34.8242337677881
25916	34.8242331170744
25920	34.8242324089614
25926	34.8242306547624
25928	34.8242270331434
25944	34.8242229873561
25954	34.8242223305195
25962	34.8242192901012
26016	34.8242183152242
26020	34.8242182881665
26024	34.8242153075905
26034	34.8242136025346
26038	34.8242108658774
26046	34.8242101552973
26048	34.8242093988336
26050	34.8242066391918
26056	34.8242018073657
26082	34.8242008444822
26094	34.824198227703
26110	34.8241924852227
26132	34.8241890301488
26134	34.8241879304563
26138	34.8241854251782
26144	34.8241666997813
26184	34.8241630050805
26190	34.8241529256199
26198	34.8241489888090
26212	34.8241474235853
26218	34.8241456346624
26222	34.8241430714309
26224	34.8241322961787
26244	34.8241290776196
26248	34.8241269993591
26252	34.8241221106191
26268	34.8241170939368
26280	34.8241127804496
26306	34.8241058037817
26320	34.8240958199877
26346	34.8240899772726
26358	34.8240846782473
26374	34.8240811993618
26412	34.8240768732181
26422	34.8240677087163
26452	34.8240672660892
26462	34.8240641595116
26464	34.8240628469377
26468	34.8240612478855
26472	34.8240610485826
26476	34.8240517160609
26494	34.8240483313987
26536	34.8240466744723
26538	34.8240442560821
26544	34.8240437863337
26552	34.8240424269072
26574	34.8240418350521
26580	34.8240403589860
26596	34.8240396845787
26600	34.8240344622234
26608	34.8240333344536
26630	34.8240325237592
26636	34.8240313885752
26640	34.8240304366369
26660	34.8240286705767
26664	34.8240272363559
26674	34.8240259863471
26678	34.8240213081078
26686	34.8240162492259
26694	34.8240154198127
26716	34.8240140173434
26724	34.8240134559119
26732	34.8240100547044
26742	34.8240083094985
26758	34.8240081628225
26760	34.8239997714707
26776	34.8239990753631
26778	34.8239951269828
26794	34.8239915328219
26796	34.8239914533512
26812	34.8239897223722
26814	34.8239889535647
26826	34.8239848749705
26828	34.8239839154859
26830	34.8239821817105
26832	34.8239803924830
26836	34.8239666529109
26872	34.8239659926576
26878	34.8239648408516
26886	34.8239632528822
26894	34.8239622495595
26898	34.8239609715901
26902	34.8239597695818
26934	34.8239519912405
26958	34.8239484090551
26964	34.8239451788311
26992	34.8239410847261
27032	34.8239397718337
27044	34.8239389692937
27054	34.8239376621881
27064	34.8239347323922
27070	34.8239314964694
27078	34.8239310953074
27082	34.8239303042564
27088	34.8239231772316
27108	34.8239178477362
27110	34.8239174689626
27116	34.8239170272624
27126	34.8239073386507
27142	34.8239001294841
27154	34.8238987752947
27158	34.8238963263398
27174	34.8238921213425
27176	34.8238880762827
27180	34.8238870042919
27186	34.8238792082521
27204	34.8238770727294
27214	34.8238753300477
27216	34.8238737802127
27224	34.8238658253878
27240	34.8238648129989
27254	34.8238634410239
27266	34.8238626875481
27272	34.8238613497497
27278	34.8238610898954
27282	34.8238554957506
27290	34.8238538752495
27346	34.8238524943962
27350	34.8238460357135
27374	34.823845327059
27380	34.8238421192416
27382	34.8238398733731
27420	34.8238377784462
27434	34.8238334732354
27446	34.823832961701
27450	34.8238292360134
27472	34.8238272703175
27490	34.8238225931171
27502	34.8238189021357
27508	34.8238127339103
27514	34.8238069567649
27556	34.8238058564936
27560	34.8238012393805
27564	34.8238011742067
27590	34.8238003270531
27600	34.8237966534581
27640	34.8237939963768
27644	34.8237896951980
27662	34.8237858430677
27688	34.8237848546880
27702	34.8237847416688
27704	34.8237843307857
27714	34.8237836640319
27728	34.8237829537725
27734	34.8237815008293
27736	34.8237800606917
27746	34.8237794599582
27752	34.8237787489465
27792	34.8237734985751
27804	34.8237730071299
27814	34.8237724246158
27816	34.823771347307
27820	34.8237691911221
27824	34.8237688269038
27834	34.8237685433586
27844	34.8237673565977
27848	34.8237651192933
27874	34.8237614317559
27884	34.8237605830887
27924	34.8237601094171
27946	34.8237552489214
27968	34.8237543406661
27974	34.82375232894
28004	34.8237520584164
28006	34.8237511850142
28014	34.8237508398017
28022	34.8237505902706
28028	34.8237503725226
28048	34.8237500504411
28052	34.8237479782322
28064	34.8237461449317
28072	34.8237433352425
28082	34.8237416073214
28086	34.8237413071125
28108	34.8237398990022
28114	34.8237397381462
28120	34.8237364466395
28140	34.8237350052963
28158	34.8237340402593
28160	34.8237339698646
28166	34.823732927657
28168	34.8237327960587
28170	34.8237325170337
28172	34.8237310127003
28184	34.8237279384163
28196	34.823727524089
28200	34.8237231648417
28222	34.8237230413872
28258	34.8237197245950
28274	34.8237181781874
28276	34.8237165072712
28280	34.8237156285197
28298	34.8237147017651
28336	34.8237131867606
28344	34.8237126201310
28362	34.8237107204981
28376	34.8237076158077
28380	34.8237055428830
28426	34.8237047286966
28428	34.8237022110964
28452	34.8237016469817
28466	34.8236990344644
28502	34.8236966973789
28504	34.8236962375585
28508	34.8236959952447
28512	34.8236949679532
28530	34.8236947701841
28542	34.8236939290041
28552	34.823690804542
28572	34.8236888553011
28582	34.8236885964145
28584	34.8236867156468
28614	34.8236859122153
28654	34.8236852411035
28660	34.8236846682741
28662	34.8236846067695
28676	34.8236844730712
28682	34.8236833965915
28698	34.8236832495952
28700	34.8236827808156
28706	34.8236822102923
28710	34.8236821267266
28728	34.8236818411490
28740	34.8236799783592
28762	34.8236797618472
28764	34.8236796852443
28768	34.8236785351132
28802	34.8236778778133
28814	34.8236774397989
28818	34.8236774296583
28828	34.8236769286942
28832	34.8236763866560
28834	34.8236754720707
28856	34.8236751574803
28884	34.8236751204438
28892	34.8236750042242
28896	34.8236745416422
28900	34.8236729777897
28902	34.8236727580004
28924	34.8236723812078
28926	34.8236721691902
28928	34.8236712230154
28940	34.8236704307982
28946	34.8236694257914
28964	34.8236693206500
28970	34.8236685744514
28972	34.8236671181066
28978	34.8236665861643
28982	34.8236646406792
28988	34.8236640730271
29000	34.8236620390857
29018	34.8236606309305
29024	34.8236591057893
29036	34.8236585018181
29038	34.8236549071573
29050	34.82365377721
29068	34.8236531533075
29076	34.8236517473928
29094	34.8236506741549
29102	34.8236497321181
29104	34.8236492172988
29124	34.823646799005
29140	34.8236457093870
29146	34.8236450001112
29166	34.8236433785141
29184	34.8236426758326
29196	34.8236409605189
29204	34.823640401111
29240	34.8236397801024
29246	34.8236389064444
29258	34.8236385445951
29268	34.8236380258952
29270	34.8236374027591
29294	34.8236362801469
29320	34.8236358959341
29322	34.8236341842682
29324	34.8236316158580
29332	34.8236304016465
29348	34.8236288074535
29370	34.8236287385309
29378	34.8236273769655
29392	34.8236266883559
29398	34.8236263974511
29410	34.823626092886
29416	34.8236256260954
29428	34.823624110855
29470	34.82362401078
29474	34.8236227579129
29476	34.8236224034869
29480	34.8236223456312
29500	34.8236222149421
29502	34.8236217460896
29508	34.8236214048683
29514	34.8236208930655
29526	34.8236197376490
29544	34.8236181574432
29586	34.8236166062733
29590	34.8236160024013
29602	34.8236157382731
29604	34.8236145098321
29608	34.8236144266835
29622	34.8236140905514
29628	34.8236120575888
29632	34.8236119859451
29642	34.8236118451701
29648	34.8236109786098
29670	34.823610191569
29686	34.823609034199
29694	34.8236076011147
29722	34.8236075008014
29732	34.8236066219863
29734	34.8236061759883
29736	34.823605549659
29748	34.823603799681
29762	34.8236035015920
29776	34.8236026303747
29778	34.8236020603382
29782	34.8236002850035
29790	34.8235996990578
29800	34.8235990306168
29816	34.8235989451436
29824	34.8235984305404
29862	34.8235981505195
29864	34.8235979542958
29872	34.8235972752084
29878	34.8235971696022
29888	34.8235966676531
29898	34.8235966274354
29906	34.8235965912714
29922	34.8235963158048
29928	34.8235959901752
29948	34.8235931276428
29958	34.8235925402212
29988	34.8235921106436
29998	34.8235920327156
30000	34.8235914118872
30008	34.8235912570822
30010	34.8235909641841
30020	34.8235906106318
30038	34.8235903695023
30040	34.823589589277
30060	34.8235893632712
30066	34.8235891774355
30084	34.8235879629333
30112	34.8235878881712
30118	34.8235877223371
30120	34.8235876167618
30124	34.8235872031378
30132	34.8235869949252
30142	34.8235868253747
30150	34.8235866437313
30186	34.8235864161314
30200	34.8235859532582
30206	34.823585678369
30214	34.8235856497066
30220	34.823585193952
30240	34.8235847029265
30246	34.8235845415506
30256	34.823583981022
30268	34.8235835371688
30274	34.8235827752919
30278	34.8235826147892
30286	34.8235821205565
30296	34.8235805815775
30304	34.8235800429176
30308	34.8235797266286
30320	34.8235796134176
30330	34.8235787235427
30332	34.8235778544546
30352	34.8235776115822
30354	34.8235771129194
30396	34.8235769685624
30400	34.8235765399111
30406	34.8235762836018
30440	34.8235761046734
30446	34.8235755119393
30478	34.8235753027009
30510	34.8235752157988
30518	34.8235744274689
30534	34.8235739608043
30538	34.8235738744425
30550	34.8235736026738
30552	34.8235734711565
30564	34.8235729080902
30610	34.8235728590945
30612	34.8235725581564
30626	34.8235721123628
30658	34.8235716757804
30668	34.8235711823954
30678	34.8235708848477
30690	34.8235702988665
30710	34.8235701859261
30720	34.823570098864
30734	34.8235700437904
30754	34.8235697649283
30766	34.8235694177474
30776	34.8235691923935
30790	34.8235690152882
30792	34.8235687160231
30818	34.8235685315288
30822	34.8235685104663
30828	34.8235683843695
30838	34.8235678794335
30852	34.8235677898913
30854	34.8235677651796
30858	34.8235677568847
30860	34.8235674703798
30864	34.8235669527921
30868	34.8235666425804
30878	34.8235666402227
30894	34.8235664045693
30906	34.8235662612631
30912	34.8235662185791
30918	34.8235660594690
30938	34.8235659542293
30954	34.8235658399879
30956	34.8235657584692
30958	34.8235656442484
30974	34.8235654792278
31012	34.8235651575465
31018	34.8235650877035
31030	34.8235650826002
31042	34.8235650063551
31044	34.8235649090247
31054	34.8235647780445
31068	34.8235647147726
31072	34.8235646323656
31078	34.8235644183026
31096	34.8235643619488
31106	34.8235641711819
31108	34.8235639123934
31110	34.8235636728559
31126	34.8235628916779
31152	34.8235626610043
31154	34.8235624111243
31170	34.8235618937318
31208	34.8235617438927
31216	34.8235616370525
31232	34.8235615290691
31238	34.8235614468873
31248	34.8235613771973
31250	34.8235613521617
31258	34.8235613257125
31268	34.8235611301601
31270	34.8235611172417
31272	34.8235609584319
31274	34.8235605984324
31288	34.8235604569166
31296	34.8235602518004
31298	34.8235600304129
31304	34.8235598359458
31312	34.823559375973
31324	34.8235589473856
31358	34.8235588795687
31362	34.8235584330234
31380	34.8235579437204
31406	34.8235573454445
31418	34.8235572041615
31448	34.8235569588831
31454	34.8235567923118
31486	34.8235566906256
31498	34.8235564648168
31500	34.8235564457142
31510	34.8235563969816
31536	34.8235554901255
31546	34.8235550411968
31568	34.8235549117597
31572	34.8235547924072
31582	34.8235547718835
31584	34.8235547072313
31586	34.823554151652
31590	34.8235540944959
31596	34.823554038765
31608	34.8235538996557
31614	34.8235537866043
31634	34.8235537678024
31642	34.8235536731683
31646	34.8235535388600
31650	34.8235532040372
31662	34.8235529112138
31694	34.8235528114976
31706	34.8235527951289
31710	34.8235526869631
31716	34.8235526342998
31726	34.8235526281906
31730	34.8235524523408
31738	34.8235522790499
31746	34.8235522381941
31748	34.8235518628618
31772	34.8235517136228
31778	34.8235515682278
31784	34.8235514539929
31788	34.8235513155003
31796	34.8235511545464
31798	34.8235509061366
31800	34.8235507027594
31826	34.823550520081
31836	34.8235504559317
31844	34.8235504109103
31862	34.8235501953817
31870	34.8235500303320
31904	34.8235497255328
31936	34.8235495218032
31956	34.8235495047743
31974	34.8235494508259
31978	34.8235493477964
31986	34.8235493393832
31990	34.8235488368061
32004	34.8235485823588
32008	34.8235485694407
32010	34.8235485069022
32012	34.8235484050795
32026	34.8235481640871
32036	34.8235479632892
32048	34.8235478730684
32050	34.8235478082995
32054	34.8235475974483
32088	34.8235470992843
32094	34.8235470963439
32108	34.8235470873809
32128	34.8235470670078
32134	34.8235469022934
32138	34.8235468086502
32152	34.8235467831173
32160	34.8235467102673
32172	34.8235466959097
32198	34.8235465201578
32218	34.8235464983775
32226	34.8235464654838
32232	34.8235463183212
32234	34.8235460288332
32248	34.8235460287706
32250	34.8235460141152
32274	34.8235459997758
32276	34.8235459777258
32296	34.8235457828522
32298	34.823545719273
32324	34.8235456082913
32342	34.8235455602019
32350	34.8235453152187
32354	34.8235451833917
32366	34.8235449763131
32392	34.8235446575231
32404	34.8235445181265
32414	34.823544463357
32418	34.8235444015879
32432	34.8235442672425
32434	34.823544229385
32456	34.8235439653195
32470	34.8235439383673
32492	34.8235438917232
32494	34.8235437192285
32496	34.8235434913644
32532	34.8235434635283
32538	34.8235434597619
32542	34.8235434292759
32554	34.8235434264165
32562	34.8235432771170
32564	34.8235432616596
32604	34.8235432553236
32616	34.8235432244592
32638	34.8235431423639
32644	34.8235430473151
32652	34.8235428670769
32664	34.8235426657398
32702	34.8235426523925
32716	34.8235426026765
32720	34.8235424883911
32770	34.8235424356330
32792	34.8235423863543
32800	34.8235423827327
32802	34.8235423482741
32804	34.8235422874392
32820	34.8235422656419
32854	34.8235421593786
32858	34.8235421068398
32900	34.8235421037270
32910	34.8235419968049
32948	34.8235419792242
32956	34.8235419602827
32962	34.8235418176688
32982	34.8235417979648
32992	34.8235416912975
32998	34.8235416854915
33006	34.8235416745237
33016	34.8235415871100
33022	34.8235415185763
33034	34.823541486671
33062	34.8235414483557
33068	34.8235414361646
33074	34.8235414103745
33100	34.823541351839
33112	34.8235413474035
33122	34.8235413412416
33126	34.8235413332241
33136	34.8235413162187
33142	34.8235412990114
33150	34.8235412428482
33168	34.8235412341922
33176	34.823541197122
33192	34.823541189832
33202	34.823541119754
33206	34.8235410789304
33226	34.8235410193855
33230	34.8235410069936
33238	34.8235410010702
33244	34.8235409708512
33250	34.823540951138
33254	34.8235409170907
33262	34.8235409011242
33264	34.8235408750774
33276	34.8235408710399
33282	34.8235408442805
33286	34.8235408200115
33290	34.8235407687988
33296	34.8235407197007
33308	34.823540636732
33314	34.8235405497936
33346	34.8235405256435
33356	34.8235405079329
33362	34.8235404889617
33364	34.8235404648484
33368	34.823540463938
33374	34.8235404012415
33376	34.8235403991766
33378	34.8235403949046
33380	34.8235403828632
33396	34.8235403515786
33398	34.8235403450977
33402	34.8235402266745
33408	34.8235402098660
33422	34.8235401480094
33432	34.8235401392917
33434	34.8235401054349
33436	34.8235400813601
33438	34.8235400806381
33442	34.823540038048
33444	34.8235399181606
33462	34.8235397750229
33480	34.8235396739326
33488	34.8235396027187
33508	34.8235395682992
33510	34.8235395053381
33528	34.8235394988147
33540	34.8235393699049
33544	34.8235392695781
33580	34.8235392387624
33590	34.8235392278683
33608	34.8235391076768
33640	34.8235391074238
33670	34.8235390646545
33672	34.8235390284672
33704	34.8235390246414
33712	34.8235390019243
33716	34.8235389819080
33730	34.8235389561096
33746	34.8235389487875
33750	34.8235389155321
33752	34.8235389125985
33768	34.8235389073093
33772	34.8235389038468
33778	34.8235388812091
33784	34.8235388693429
33792	34.8235388448164
33802	34.8235388428697
33820	34.8235388318596
33822	34.8235388129946
33828	34.8235388051788
33836	34.8235387806269
33840	34.8235387625036
33856	34.8235387515575
33868	34.8235387338203
33872	34.8235387202136
33902	34.8235387008639
33920	34.823538696861
33938	34.8235386923879
33948	34.8235386876945
33952	34.8235386815673
33954	34.8235386561837
33960	34.8235386345903
33980	34.8235385998411
33986	34.8235385982456
33996	34.8235385766574
34006	34.8235385069306
34010	34.8235385003889
34012	34.8235384821852
34026	34.823538474131
34032	34.8235384703074
34038	34.8235384677562
34054	34.8235384147265
34066	34.8235383901529
34072	34.8235383722807
34082	34.823538351647
34104	34.8235383446524
34112	34.8235383322027
34132	34.8235382941993
34138	34.8235382781634
34150	34.8235382480492
34170	34.8235382339081
34186	34.8235382260146
34188	34.823538208578
34198	34.8235381863836
34216	34.8235381723901
34254	34.8235381663344
34258	34.8235381324538
34276	34.8235380824775
34308	34.8235380556501
34310	34.8235380077816
34336	34.8235379874721
34362	34.8235379686195
34366	34.8235379412251
34370	34.8235379332209
34380	34.8235378988744
34398	34.8235378788724
34412	34.8235378763076
34430	34.8235378703086
34442	34.8235378411925
34458	34.8235378378903
34460	34.8235378323888
34464	34.8235378004153
34470	34.8235377865981
34472	34.8235377751246
34484	34.8235377745298
34488	34.8235377442668
34528	34.8235377421095
34536	34.823537702709
34604	34.8235376931979
34624	34.82353767769
34636	34.8235376628023
34650	34.8235376588176
34678	34.8235376560585
34686	34.8235376507845
34700	34.8235376494117
34712	34.8235376398869
34722	34.823537639151
34730	34.8235376267028
34738	34.8235376253393
34740	34.8235376239303
34742	34.823537617787
34746	34.8235376116081
34752	34.8235375846099
34762	34.8235375817145
34766	34.8235375795856
34776	34.8235375658477
34778	34.8235375590643
34790	34.8235375566624
34802	34.8235375485322
34806	34.8235375270983
34816	34.8235375191901
34836	34.8235375098043
34838	34.8235375000463
34858	34.8235374978329
34860	34.8235374957377
34878	34.8235374921344
34890	34.8235374833173
34910	34.8235374775533
34912	34.8235374749457
34920	34.8235374745388
34922	34.823537462689
34944	34.8235374605262
34946	34.8235374574536
34954	34.8235374428382
34966	34.8235374350155
34984	34.8235374253632
35012	34.8235374185528
35026	34.8235374174469
35032	34.8235374147944
35038	34.8235374127395
35062	34.8235374013918
35074	34.8235373999370
35096	34.8235373998121
35106	34.8235373974066
35108	34.8235373914391
35118	34.8235373779173
35134	34.8235373770814
35138	34.8235373763668
35154	34.8235373667021
35158	34.8235373645963
35170	34.8235373626087
35172	34.8235373599046
35180	34.8235373598632
35204	34.8235373526225
35222	34.8235373490996
35252	34.8235373490675
35264	34.8235373419485
35266	34.8235373276050
35272	34.8235373237163
35284	34.8235373173915
35292	34.8235373160158
35296	34.8235372992304
35308	34.8235372845376
35312	34.8235372634791
35352	34.8235372550478
35368	34.8235372512017
35378	34.8235372451774
35380	34.8235372405596
35382	34.8235372286938
35464	34.8235372191232
35472	34.8235372184644
35480	34.8235372125755
35506	34.8235372108194
35526	34.8235372107473
35536	34.8235372099989
35538	34.8235371993571
35560	34.8235371970669
35572	34.8235371966375
35576	34.8235371951393
35578	34.8235371926021
35584	34.8235371846174
35588	34.8235371822444
35596	34.8235371791267
35624	34.8235371742326
35644	34.8235371724119
35654	34.8235371705975
35662	34.8235371625689
35668	34.8235371569682
35674	34.8235371496614
35678	34.8235371487707
35692	34.8235371482569
35700	34.8235371395022
35718	34.8235371389906
35760	34.8235371379589
35764	34.8235371319642
35774	34.8235371286399
35788	34.8235371246859
35802	34.8235371233169
35816	34.8235371187201
35836	34.8235371172224
35854	34.8235371165291
35856	34.8235371103224
35860	34.8235371093436
35886	34.823537103504
35888	34.8235371027840
35890	34.8235370964954
35916	34.8235370936908
35932	34.823537092644
35940	34.8235370850348
35966	34.8235370830588
35986	34.8235370823867
35994	34.8235370733242
36022	34.8235370732055
36028	34.8235370721525
36038	34.8235370710819
36072	34.8235370695626
36078	34.8235370692426
36086	34.8235370670961
36094	34.8235370640704
36098	34.8235370573622
36100	34.8235370437345
36104	34.8235370426646
36110	34.8235370417459
36118	34.8235370414651
36126	34.8235370386083
36152	34.8235370352811
36158	34.8235370343302
36164	34.8235370318499
36166	34.8235370275067
36178	34.8235370209813
36196	34.8235370185939
36204	34.8235370180699
36210	34.8235370168572
36212	34.8235370130567
36220	34.8235370047611
36236	34.8235370045438
36248	34.8235370040128
36252	34.8235370017209
36258	34.8235369877399
36268	34.8235369844861
36272	34.8235369761717
36286	34.8235369710093
36310	34.8235369690493
36330	34.8235369679184
36344	34.8235369678
36354	34.8235369643353
36362	34.8235369637628
36364	34.8235369608795
36382	34.8235369524931
36420	34.8235369499923
36434	34.8235369495440
36438	34.8235369433208
36444	34.823536940562
36458	34.8235369339328
36466	34.8235369334071
36484	34.8235369312039
36490	34.8235369282299
36538	34.8235369238113
36542	34.8235369214984
36566	34.8235369209504
36594	34.8235369179465
36598	34.8235369148095
36608	34.8235369117407
36610	34.8235369095394
36618	34.8235369095007
36634	34.8235369091280
36644	34.8235369055864
36662	34.8235369053794
36664	34.8235369044256
36676	34.8235369012712
36716	34.8235368994942
36718	34.8235368991501
36726	34.8235368985397
36750	34.8235368959723
36764	34.8235368953547
36776	34.8235368933941
36782	34.8235368921436
36808	34.8235368917018
36814	34.8235368904195
36816	34.8235368878534
36848	34.8235368874522
36854	34.8235368865788
36856	34.823536886508
36872	34.8235368833811
36888	34.8235368816975
36900	34.8235368814138
36906	34.8235368811952
36908	34.8235368808255
36926	34.8235368807217
36944	34.8235368806648
36946	34.8235368792149
36950	34.8235368789796
36978	34.823536878551
36984	34.8235368779493
37004	34.8235368769067
37022	34.8235368766123
37024	34.8235368760502
37052	34.8235368756819
37068	34.8235368755277
37086	34.8235368752725
37092	34.8235368749252
37120	34.8235368748823
37130	34.8235368748216
37136	34.8235368743031
37138	34.8235368739163
37146	34.8235368735511
37160	34.8235368728889
37186	34.8235368727328
37190	34.8235368727274
37198	34.8235368726373
37218	34.8235368725540
37220	34.8235368723334
37228	34.8235368718253
37246	34.8235368712166
37248	34.8235368710641
37250	34.8235368702415
37266	34.8235368700390
37288	34.8235368699274
37296	34.8235368698866
37320	34.8235368696872
37326	34.8235368696735
37332	34.8235368690123
37348	34.8235368679719
37356	34.8235368676898
37362	34.8235368674524
37364	34.8235368672901
37378	34.8235368668654
37380	34.82353686653
37388	34.823536865973
37408	34.8235368656132
37420	34.8235368655873
37432	34.8235368647655
37444	34.823536864712
37460	34.8235368641677
37466	34.823536863994
37488	34.8235368638227
37494	34.8235368624597
37510	34.8235368617528
37542	34.8235368616947
37550	34.8235368611902
37578	34.8235368610748
37580	34.8235368609696
37602	34.8235368596536
37622	34.8235368594307
37628	34.8235368589248
37638	34.8235368586150
37656	34.823536858115
37676	34.8235368571942
37704	34.8235368569384
37724	34.8235368568557
37734	34.8235368565205
37740	34.8235368560468
37750	34.8235368558015
37756	34.8235368554680
37774	34.8235368552872
37786	34.8235368551036
37792	34.8235368547654
37820	34.8235368542628
37824	34.8235368539709
37850	34.8235368532434
37860	34.8235368532404
37866	34.823536852983
37884	34.8235368526134
37894	34.8235368513695
37896	34.8235368509062
37898	34.8235368502563
37918	34.8235368496063
37930	34.8235368480607
37936	34.8235368471724
37944	34.8235368467469
37980	34.8235368463198
38004	34.8235368446597
38032	34.8235368445508
38044	34.8235368441052
38058	34.8235368437195
38072	34.8235368433583
38084	34.8235368431989
38086	34.8235368430841
38096	34.8235368430804
38110	34.8235368424161
38112	34.8235368418447
38132	34.8235368417493
38154	34.8235368417023
38164	34.8235368404423
38166	34.8235368401638
38176	34.8235368393677
38184	34.8235368393364
38188	34.8235368383529
38196	34.8235368373396
38222	34.823536837158
38246	34.8235368369836
38248	34.8235368362783
38276	34.8235368358828
38286	34.8235368355690
38314	34.8235368353067
38318	34.8235368344918
38324	34.8235368343485
38328	34.8235368340686
38344	34.8235368340151
38348	34.8235368340051
38356	34.8235368333682
38360	34.8235368327435
38368	34.8235368323816
38380	34.8235368309338
38408	34.823536830782
38410	34.8235368300434
38418	34.8235368295243
38426	34.8235368295144
38436	34.8235368292586
38438	34.8235368290345
38458	34.8235368287080
38464	34.8235368286804
38476	34.8235368278218
38502	34.8235368267025
38512	34.8235368260373
38570	34.8235368254265
38594	34.8235368248860
38598	34.8235368241409
38610	34.8235368231394
38618	34.8235368230583
38644	34.823536822741
38680	34.8235368226613
38686	34.8235368220997
38710	34.8235368216548
38734	34.8235368212393
38740	34.8235368210976
38760	34.8235368208618
38764	34.8235368201645
38766	34.8235368199451
38778	34.8235368197249
38820	34.8235368193597
38828	34.8235368188564
38838	34.8235368186646
38842	34.8235368183848
38848	34.8235368182187
38864	34.8235368174871
38900	34.8235368171448
38908	34.8235368168891
38944	34.8235368162226
38952	34.8235368157490
38974	34.8235368148328
39012	34.8235368142736
39014	34.8235368142377
39028	34.8235368138308
39036	34.823536813043
39038	34.8235368118405
39052	34.8235368113459
39056	34.8235368110484
39084	34.8235368109001
39108	34.8235368103244
39118	34.8235368097812
39150	34.8235368095586
39152	34.8235368093579
39160	34.8235368092797
39164	34.823536809126
39166	34.8235368088679
39182	34.823536808332
39188	34.8235368080371
39210	34.8235368077073
39212	34.8235368077017
39222	34.8235368075956
39232	34.8235368073151
39234	34.8235368070111
39248	34.8235368064281
39254	34.8235368064263
39264	34.8235368058447
39272	34.823536805724
39274	34.8235368051974
39308	34.823536804374
39326	34.8235368042385
39332	34.8235368041149
39344	34.8235368038296
39378	34.8235368037647
39382	34.8235368033983
39408	34.8235368033092
39410	34.8235368032981
39412	34.8235368031231
39414	34.8235368028852
39454	34.8235368026578
39460	34.8235368020747
39492	34.8235368020736
39496	34.8235368010169
39500	34.823536800622
39508	34.8235367996863
39512	34.8235367989222
39528	34.8235367987523
39532	34.8235367986284
39536	34.8235367971601
39578	34.8235367958678
39622	34.8235367958604
39644	34.8235367957514
39648	34.8235367956608
39656	34.8235367955295
39658	34.8235367954239
39662	34.823536795392
39674	34.8235367952347
39696	34.8235367952319
39698	34.8235367950174
39708	34.8235367948426
39720	34.8235367947915
39726	34.8235367946486
39734	34.8235367941762
39738	34.8235367938677
39750	34.8235367932958
39756	34.8235367931837
39768	34.8235367929576
39770	34.8235367929058
39784	34.823536792626
39800	34.8235367926225
39822	34.8235367924125
39830	34.8235367918452
39880	34.8235367918142
39882	34.8235367915718
39890	34.8235367915428
39906	34.8235367914376
39908	34.8235367913172
39952	34.8235367913023
39976	34.8235367911752
39980	34.8235367910839
40014	34.8235367910807
40016	34.8235367909328
40020	34.8235367908395
40022	34.8235367908083
40032	34.8235367906434
40052	34.8235367905581
40064	34.8235367905334
40068	34.8235367904463
40078	34.8235367902566
40084	34.8235367901662
40092	34.823536790009
40104	34.8235367898332
40122	34.8235367895584
40166	34.8235367893641
40222	34.8235367893066
40232	34.8235367891762
40234	34.8235367891456
40248	34.8235367890969
40258	34.8235367890440
40268	34.8235367890091
40274	34.823536788931
40284	34.8235367889025
40288	34.8235367888313
40292	34.8235367886931
40308	34.8235367886372
40314	34.8235367886348
40324	34.8235367885796
40334	34.8235367884713
40352	34.8235367883622
40384	34.8235367881968
40406	34.8235367881865
40410	34.823536788178
40418	34.8235367881658
40420	34.8235367881521
40424	34.8235367881091
40438	34.8235367881013
40452	34.8235367879945
40456	34.8235367879488
40460	34.8235367879107
40490	34.8235367878648
40494	34.8235367878534
40498	34.8235367878133
40512	34.8235367878097
40516	34.8235367877924
40526	34.8235367876204
40536	34.8235367873995
40540	34.8235367873926
40542	34.8235367873783
40558	34.8235367872394
40596	34.8235367872
40598	34.8235367871944
40616	34.8235367871854
40624	34.8235367871794
40626	34.8235367870738
40636	34.8235367870272
40650	34.8235367870029
40662	34.8235367869272
40664	34.8235367868702
40682	34.8235367868525
40684	34.8235367867112
40694	34.8235367866788
40710	34.823536786666
40714	34.8235367865648
40718	34.8235367863991
40722	34.8235367862777
40730	34.8235367862651
40740	34.8235367862553
40742	34.8235367862499
40744	34.8235367860663
40746	34.8235367860603
40764	34.8235367860376
40766	34.8235367859876
40772	34.8235367859485
40776	34.8235367856890
40818	34.8235367856774
40824	34.8235367855825
40844	34.8235367854736
40846	34.8235367851909
40854	34.8235367851638
40858	34.823536785003
40884	34.8235367849559
40888	34.8235367849293
40892	34.8235367848577
40894	34.8235367847603
40908	34.8235367847509
40924	34.8235367844996
40944	34.8235367844888
40948	34.8235367842826
40958	34.8235367842439
41032	34.8235367840984
41050	34.8235367840336
41064	34.8235367839778
41070	34.8235367838053
41098	34.8235367837534
41110	34.82353678375
41124	34.823536783499
41150	34.8235367833723
41152	34.8235367831212
41176	34.8235367830465
41188	34.8235367828248
41222	34.8235367827261
41226	34.8235367826281
41256	34.8235367824575
41280	34.8235367823821
41290	34.8235367823508
41292	34.8235367821484
41296	34.8235367821319
41310	34.8235367819902
41338	34.823536781974
41340	34.8235367819077
41348	34.8235367818874
41366	34.8235367818602
41370	34.8235367818336
41374	34.8235367816776
41402	34.823536781652
41422	34.8235367816482
41430	34.823536781533
41442	34.8235367814314
41444	34.8235367813555
41486	34.8235367812417
41514	34.8235367811894
41542	34.823536781175
41554	34.8235367811733
41568	34.8235367811608
41586	34.8235367811393
41622	34.8235367810813
41634	34.8235367810429
41650	34.8235367810265
41662	34.8235367809659
41674	34.8235367809481
41676	34.8235367808360
41682	34.8235367808149
41688	34.8235367807679
41702	34.8235367807262
41714	34.8235367807013
41724	34.8235367806226
41726	34.8235367806172
41734	34.8235367805671
41762	34.8235367805435
41780	34.8235367805222
41788	34.8235367804949
41790	34.8235367804500
41792	34.8235367803851
41798	34.8235367803528
41800	34.8235367802808
41812	34.8235367802636
41822	34.8235367801965
41826	34.8235367801526
41834	34.8235367801407
41838	34.8235367800592
41888	34.8235367800088
41904	34.8235367799796
41910	34.8235367799407
41912	34.8235367799091
41926	34.82353677984
41966	34.8235367798006
41968	34.8235367797553
41986	34.8235367796921
41996	34.8235367795944
42004	34.8235367795441
42010	34.823536779525
42022	34.8235367795084
42026	34.8235367794991
42034	34.8235367794133
42036	34.8235367792854
42050	34.8235367791875
42064	34.8235367791699
42066	34.8235367791648
42082	34.8235367791129
42084	34.8235367789907
42086	34.8235367789640
42088	34.8235367789505
42108	34.8235367789148
42114	34.8235367787983
42126	34.8235367787881
42134	34.8235367786160
42142	34.8235367785198
42154	34.8235367784397
42194	34.8235367784365
42196	34.8235367783492
42198	34.8235367782640
42234	34.8235367782136
42236	34.8235367781605
42246	34.8235367781279
42256	34.8235367781132
42276	34.8235367779942
42278	34.8235367779921
42300	34.8235367779453
42302	34.8235367778264
42316	34.823536777826
42330	34.8235367778111
42336	34.8235367777678
42346	34.8235367777516
42360	34.8235367777288
42384	34.8235367776713
42396	34.8235367776396
42404	34.823536777586
42410	34.8235367775706
42424	34.8235367774618
42430	34.8235367773865
42450	34.8235367773722
42470	34.8235367773695
42474	34.8235367773624
42484	34.823536777196
42524	34.8235367771888
42526	34.8235367771628
42532	34.8235367771367
42542	34.8235367771364
42548	34.823536777122
42554	34.8235367770604
42560	34.8235367770147
42562	34.8235367769486
42568	34.8235367769179
42572	34.8235367768526
42574	34.8235367768425
42582	34.8235367768078
42594	34.8235367767594
42604	34.8235367766632
42606	34.8235367765966
42618	34.8235367765757
42620	34.8235367764528
42628	34.8235367763738
42630	34.8235367763433
42638	34.8235367762763
42640	34.8235367761773
42648	34.8235367760962
42658	34.8235367760536
42662	34.8235367760498
42684	34.8235367760425
42686	34.8235367760193
42688	34.8235367760068
42696	34.8235367759740
42700	34.8235367759695
42704	34.8235367758911
42712	34.8235367758878
42728	34.8235367757804
42748	34.8235367756697
42750	34.823536775596
42760	34.8235367754957
42774	34.8235367754344
42788	34.8235367754042
42794	34.8235367753136
42802	34.8235367752723
42810	34.823536775097
42814	34.8235367749428
42858	34.8235367749082
42862	34.8235367748827
42868	34.823536774876
42902	34.8235367748649
42904	34.8235367747691
42906	34.8235367747526
42922	34.8235367747316
42926	34.8235367746333
42942	34.8235367746135
42960	34.8235367745627
42974	34.8235367744239
43010	34.8235367744062
43012	34.8235367743759
43022	34.8235367743507
43036	34.8235367742885
43068	34.8235367742088
43084	34.8235367741974
43104	34.8235367741822
43108	34.8235367741484
43120	34.823536774095
43132	34.8235367740706
43140	34.8235367740626
43158	34.823536774053
43160	34.8235367740476
43162	34.8235367740322
43166	34.8235367739644
43196	34.8235367739630
43216	34.8235367739423
43224	34.8235367739329
43226	34.8235367739220
43244	34.8235367739207
43250	34.8235367739097
43254	34.8235367738790
43260	34.8235367738689
43266	34.8235367738492
43302	34.8235367738389
43310	34.823536773833
43316	34.8235367738312
43326	34.8235367738234
43332	34.8235367738141
43346	34.823536773814
43370	34.8235367738118
43376	34.8235367738002
43384	34.8235367737823
43410	34.8235367737817
43416	34.8235367737724
43426	34.8235367737708
43442	34.8235367737544
43462	34.8235367737522
43464	34.8235367737226
43484	34.8235367737216
43534	34.8235367737111
43546	34.8235367737047
43550	34.8235367737047
43556	34.8235367736785
43580	34.8235367736743
43608	34.8235367736634
43616	34.8235367736595
43620	34.8235367736591
43622	34.8235367736426
43638	34.8235367736367
43646	34.8235367736351
43648	34.8235367736131
43672	34.8235367735965
43690	34.8235367735886
43696	34.8235367735882
43706	34.823536773576
43710	34.8235367735559
43728	34.8235367735353
43730	34.8235367735269
43744	34.8235367735049
43750	34.8235367734869
43752	34.8235367734847
43772	34.8235367734648
43784	34.8235367734423
43804	34.8235367734238
43824	34.8235367733999
43872	34.8235367733994
43876	34.8235367733958
43882	34.8235367733827
43918	34.8235367733789
43920	34.8235367733749
43924	34.8235367733734
43928	34.8235367733628
43930	34.8235367733549
43934	34.8235367733491
43936	34.8235367733463
43942	34.8235367733232
43944	34.8235367733176
43954	34.8235367733055
43958	34.8235367733030
43970	34.8235367732942
43974	34.8235367732788
43982	34.8235367732628
44000	34.8235367732539
44026	34.8235367732421
44032	34.8235367732393
44058	34.8235367732345
44074	34.8235367732206
44090	34.8235367732189
44100	34.8235367732169
44104	34.8235367732068
44114	34.8235367731877
44180	34.8235367731868
44188	34.8235367731849
44190	34.8235367731789
44196	34.8235367731729
44198	34.8235367731717
44200	34.8235367731709
44214	34.8235367731674
44216	34.8235367731636
44232	34.8235367731565
44240	34.8235367731436
44256	34.8235367731433
44262	34.8235367731372
44268	34.8235367731368
44272	34.8235367731239
44274	34.8235367731158
44280	34.823536773111
44288	34.8235367731092
44294	34.8235367730788
44302	34.8235367730729
44312	34.8235367730714
44314	34.8235367730681
44328	34.823536773063
44334	34.8235367730308
44360	34.8235367730285
44368	34.8235367730268
44378	34.8235367730092
44386	34.823536773002
44400	34.8235367729862
44414	34.8235367729832
44420	34.8235367729411
44442	34.8235367729382
44476	34.8235367729134
44488	34.8235367729123
44498	34.8235367729116
44500	34.8235367728993
44502	34.8235367728779
44546	34.8235367728662
44552	34.8235367728399
44562	34.8235367728372
44568	34.823536772821
44572	34.823536772807
44574	34.8235367728025
44578	34.8235367727886
44582	34.8235367727881
44598	34.823536772779
44600	34.8235367727766
44608	34.823536772775
44620	34.8235367727426
44626	34.8235367727368
44642	34.8235367727241
44664	34.8235367727232
44668	34.8235367727216
44670	34.8235367727112
44690	34.8235367727060
44694	34.8235367726986
44726	34.8235367726763
44742	34.8235367726642
44778	34.8235367726451
44786	34.8235367726417
44814	34.8235367726245
44830	34.8235367726023
44832	34.8235367726007
44838	34.8235367725839
44866	34.8235367725829
44870	34.8235367725781
44872	34.8235367725647
44880	34.8235367725614
44912	34.8235367725525
44924	34.8235367725462
44926	34.823536772543
44932	34.8235367725318
44954	34.8235367725305
44964	34.823536772525
44974	34.8235367725228
44976	34.8235367725215
44984	34.823536772511
45002	34.8235367724972
45028	34.8235367724758
45058	34.8235367724716
45080	34.8235367724692
45090	34.8235367724688
45100	34.8235367724504
45120	34.8235367724468
45142	34.8235367724398
45152	34.8235367723986
45168	34.8235367723977
45170	34.8235367723745
45174	34.8235367723672
45180	34.8235367723473
45210	34.8235367723348
45242	34.8235367723277
45244	34.8235367723260
45256	34.8235367723183
45290	34.8235367723136
45296	34.8235367723059
45304	34.8235367722973
45306	34.8235367722918
45312	34.8235367722904
45348	34.8235367722709
45376	34.8235367722638
45390	34.8235367722531
45398	34.8235367722482
45400	34.8235367722466
45404	34.8235367722458
45418	34.8235367722331
45420	34.8235367722210
45428	34.82353677222
45440	34.8235367722178
45448	34.8235367722039
45466	34.8235367721984
45496	34.8235367721979
45498	34.8235367721902
45514	34.8235367721788
45526	34.8235367721660
45548	34.823536772148
45578	34.8235367721471
45588	34.8235367721460
45592	34.8235367721386
45598	34.8235367721315
45602	34.8235367721307
45624	34.8235367721254
45628	34.8235367721182
45666	34.8235367721044
45696	34.8235367720896
45698	34.8235367720866
45702	34.8235367720843
45718	34.8235367720812
45722	34.8235367720717
45742	34.8235367720712
45748	34.8235367720671
45756	34.8235367720403
45760	34.8235367720252
45766	34.8235367720234
45776	34.8235367720182
45778	34.823536772011
45788	34.8235367720003
45818	34.8235367719934
45836	34.8235367719912
45842	34.8235367719836
45844	34.8235367719566
45882	34.8235367719510
45916	34.8235367719377
45930	34.8235367719279
45942	34.8235367719253
45948	34.8235367719236
45964	34.8235367719195
45974	34.8235367719143
45976	34.8235367719076
45978	34.8235367718979
45988	34.8235367718931
46012	34.8235367718814
46020	34.8235367718750
46024	34.8235367718749
46042	34.8235367718684
46050	34.8235367718609
46078	34.8235367718596
46092	34.8235367718511
46094	34.8235367718503
46100	34.8235367718441
46116	34.8235367718437
46120	34.8235367718401
46146	34.8235367718393
46158	34.8235367718391
46162	34.8235367718338
46168	34.8235367718323
46170	34.8235367718300
46182	34.8235367718274
46184	34.8235367718254
46192	34.823536771825
46196	34.8235367718209
46222	34.8235367718182
46228	34.8235367718140
46230	34.8235367718130
46242	34.8235367718098
46250	34.8235367718055
46256	34.8235367718031
46258	34.8235367718031
46266	34.8235367718005
46286	34.8235367717969
46292	34.8235367717948
46298	34.8235367717893
46310	34.8235367717888
46316	34.8235367717795
46324	34.8235367717772
46326	34.8235367717711
46338	34.8235367717639
46354	34.8235367717601
46356	34.823536771756
46362	34.823536771755
46366	34.8235367717543
46370	34.8235367717506
46372	34.8235367717479
46380	34.8235367717403
46400	34.8235367717382
46404	34.8235367717301
46412	34.8235367717211
46424	34.8235367716996
46464	34.8235367716788
46476	34.8235367716736
46516	34.8235367716705
46518	34.8235367716654
46542	34.8235367716647
46550	34.8235367716599
46558	34.8235367716596
46576	34.8235367716587
46592	34.8235367716524
46594	34.8235367716483
46600	34.8235367716458
46614	34.8235367716415
46626	34.8235367716353
46650	34.8235367716328
46688	34.8235367716275
46702	34.8235367716222
46754	34.8235367716193
46772	34.8235367716172
46786	34.8235367716168
46812	34.8235367716152
46834	34.8235367716146
46836	34.8235367716128
46838	34.8235367716118
46842	34.8235367716102
46850	34.8235367716086
46868	34.8235367716085
46880	34.8235367716061
46894	34.8235367716014
46906	34.8235367716008
46912	34.8235367715946
46918	34.8235367715911
46938	34.8235367715853
46994	34.8235367715850
46998	34.8235367715811
47016	34.8235367715793
47038	34.8235367715793
47052	34.8235367715758
47074	34.8235367715757
47078	34.8235367715707
47080	34.8235367715693
47088	34.8235367715681
47096	34.8235367715673
47118	34.8235367715636
47132	34.8235367715625
47154	34.8235367715623
47156	34.8235367715613
47158	34.8235367715576
47204	34.8235367715549
47218	34.8235367715533
47222	34.8235367715496
47224	34.8235367715494
47226	34.8235367715469
47238	34.8235367715453
47242	34.8235367715418
47250	34.8235367715392
47260	34.8235367715359
47276	34.82353677153
47300	34.8235367715254
47310	34.8235367715242
47312	34.8235367715217
47346	34.8235367715185
47348	34.8235367715179
47350	34.8235367715149
47352	34.8235367715140
47356	34.8235367715071
47390	34.823536771507
47398	34.823536771505
47420	34.8235367715037
47424	34.8235367715035
47432	34.8235367715017
47446	34.8235367714992
47482	34.8235367714972
47494	34.8235367714962
47506	34.8235367714961
47514	34.8235367714933
47520	34.8235367714921
47526	34.8235367714901
47532	34.8235367714887
47548	34.8235367714881
47554	34.8235367714866
47558	34.8235367714864
47566	34.8235367714826
47586	34.8235367714824
47596	34.8235367714821
47612	34.82353677148
47630	34.8235367714783
47634	34.8235367714774
47650	34.8235367714753
47652	34.823536771474
47690	34.8235367714728
47714	34.8235367714724
47720	34.8235367714721
47724	34.8235367714713
47730	34.8235367714697
47742	34.8235367714691
47750	34.8235367714687
47760	34.8235367714679
47792	34.8235367714664
47796	34.8235367714664
47802	34.8235367714648
47818	34.8235367714645
47840	34.8235367714635
47854	34.8235367714627
47866	34.8235367714617
47876	34.8235367714612
47894	34.8235367714593
47918	34.8235367714583
47928	34.823536771457
47946	34.8235367714566
47970	34.8235367714545
47994	34.8235367714539
48004	34.8235367714536
48014	34.8235367714515
48034	34.8235367714497
48046	34.8235367714485
48048	34.8235367714471
48060	34.8235367714468
48066	34.8235367714433
48072	34.8235367714425
48090	34.8235367714425
48094	34.8235367714418
48100	34.8235367714383
48108	34.8235367714368
48122	34.8235367714367
48138	34.8235367714357
48142	34.8235367714346
48144	34.8235367714341
48164	34.8235367714339
48194	34.8235367714337
48204	34.8235367714336
48206	34.8235367714332
48212	34.8235367714322
48238	34.8235367714321
48270	34.8235367714307
48272	34.8235367714301
48282	34.8235367714297
48294	34.8235367714282
48302	34.8235367714278
48314	34.8235367714265
48318	34.8235367714263
48322	34.8235367714237
48334	34.8235367714231
48392	34.8235367714224
48394	34.8235367714221
48416	34.823536771422
48430	34.8235367714218
48440	34.8235367714216
48448	34.8235367714215
48462	34.8235367714207
48474	34.8235367714204
48494	34.8235367714203
48498	34.8235367714201
48516	34.8235367714201
48520	34.8235367714199
48522	34.8235367714197
48526	34.8235367714196
48532	34.8235367714196
48550	34.8235367714193
48572	34.8235367714190
48582	34.8235367714188
48618	34.8235367714183
48622	34.8235367714180
48642	34.8235367714178
48648	34.8235367714178
48650	34.8235367714175
48652	34.8235367714172
48656	34.8235367714172
48668	34.8235367714171
48672	34.8235367714168
48694	34.8235367714166
48696	34.8235367714166
48700	34.8235367714164
48706	34.8235367714161
48710	34.8235367714158
48746	34.8235367714151
48786	34.8235367714147
48788	34.8235367714146
48802	34.8235367714146
48806	34.8235367714145
48820	34.8235367714144
48822	34.8235367714142
48830	34.8235367714141
48832	34.8235367714131
48866	34.8235367714129
48882	34.8235367714129
48888	34.8235367714128
48900	34.8235367714126
48924	34.823536771412
48928	34.8235367714118
48950	34.8235367714112
48960	34.8235367714103
48998	34.82353677141
49002	34.8235367714098
49006	34.8235367714096
49018	34.8235367714094
49020	34.8235367714092
49034	34.8235367714087
49072	34.8235367714086
49074	34.8235367714086
49086	34.8235367714085
49094	34.8235367714084
49104	34.823536771408
49128	34.8235367714079
49130	34.8235367714078
49136	34.8235367714078
49138	34.8235367714076
49160	34.8235367714073
49166	34.8235367714071
49176	34.823536771407
49188	34.8235367714066
49198	34.8235367714065
49204	34.8235367714064
49230	34.8235367714063
49236	34.8235367714056
49256	34.8235367714054
49274	34.8235367714052
49276	34.8235367714049
49296	34.8235367714040
49318	34.8235367714039
49322	34.8235367714038
49338	34.8235367714029
49346	34.8235367714025
49354	34.8235367714022
49368	34.8235367714012
49392	34.823536771401
49394	34.8235367714005
49410	34.8235367713999
49422	34.8235367713993
49430	34.8235367713987
49452	34.8235367713976
49454	34.8235367713976
49488	34.8235367713973
49496	34.823536771395
49498	34.8235367713946
49512	34.8235367713892
49540	34.8235367713885
49552	34.8235367713882
49558	34.8235367713867
49594	34.8235367713866
49596	34.8235367713864
49616	34.8235367713862
49632	34.8235367713853
49636	34.8235367713849
49678	34.8235367713848
49682	34.8235367713845
49686	34.8235367713844
49690	34.8235367713842
49694	34.8235367713835
49702	34.823536771383
49718	34.8235367713825
49736	34.8235367713824
49748	34.8235367713818
49804	34.8235367713816
49808	34.8235367713810
49832	34.8235367713807
49842	34.8235367713805
49876	34.8235367713803
49880	34.82353677138
49888	34.8235367713796
49930	34.8235367713795
49932	34.8235367713795
49948	34.8235367713794
49954	34.8235367713792
49976	34.823536771379
50004	34.8235367713789
50030	34.8235367713784
50072	34.8235367713778
50108	34.8235367713774
50142	34.8235367713774
50144	34.8235367713773
50168	34.8235367713773
50170	34.8235367713772
50172	34.8235367713771
50178	34.8235367713771
50186	34.823536771377
50190	34.8235367713768
50192	34.8235367713768
50194	34.8235367713766
50208	34.8235367713765
50216	34.8235367713764
50236	34.8235367713761
50240	34.8235367713760
50244	34.8235367713757
50256	34.8235367713756
50266	34.8235367713753
50292	34.8235367713751
50304	34.823536771375
50316	34.8235367713747
50328	34.8235367713746
50360	34.8235367713746
50372	34.8235367713743
50384	34.823536771374
50386	34.8235367713738
50408	34.8235367713738
50410	34.8235367713737
50426	34.8235367713737
50430	34.8235367713736
50434	34.8235367713733
50436	34.8235367713733
50452	34.8235367713731
50478	34.823536771373
50486	34.8235367713730
50498	34.8235367713729
50504	34.8235367713728
50514	34.8235367713727
50516	34.8235367713727
50544	34.8235367713727
50546	34.8235367713726
50564	34.8235367713725
50568	34.8235367713725
50574	34.8235367713725
50576	34.8235367713725
50582	34.8235367713724
50590	34.8235367713723
50592	34.8235367713723
50594	34.8235367713721
50604	34.8235367713721
50614	34.8235367713719
50628	34.8235367713719
50648	34.8235367713719
50668	34.8235367713718
50672	34.8235367713717
50696	34.8235367713715
50702	34.8235367713713
50712	34.8235367713712
50736	34.823536771371
50752	34.8235367713709
50764	34.8235367713708
50770	34.8235367713707
50778	34.8235367713707
50784	34.8235367713706
50794	34.8235367713706
50798	34.8235367713705
50802	34.8235367713705
50816	34.8235367713704
50826	34.8235367713703
50830	34.8235367713703
50838	34.8235367713703
50844	34.8235367713702
50850	34.8235367713702
50852	34.8235367713701
50854	34.8235367713698
50858	34.8235367713697
50862	34.8235367713697
50876	34.8235367713695
50892	34.8235367713694
50900	34.8235367713691
50934	34.8235367713691
50964	34.8235367713687
50974	34.8235367713687
50992	34.8235367713686
51006	34.8235367713685
51038	34.8235367713685
51042	34.8235367713684
51044	34.8235367713683
51050	34.8235367713682
51060	34.823536771368
51080	34.8235367713680
51088	34.8235367713679
51090	34.8235367713679
51100	34.8235367713678
51104	34.8235367713678
51124	34.8235367713677
51136	34.8235367713677
51142	34.8235367713676
51154	34.8235367713676
51156	34.8235367713675
51160	34.8235367713675
51172	34.8235367713673
51186	34.8235367713672
51194	34.823536771367
51196	34.8235367713669
51200	34.8235367713668
51206	34.8235367713668
51244	34.8235367713661
51246	34.823536771366
51258	34.823536771366
51260	34.8235367713659
51278	34.8235367713657
51288	34.8235367713657
51306	34.8235367713656
51310	34.8235367713655
51324	34.8235367713652
51342	34.8235367713649
51374	34.8235367713646
51380	34.8235367713644
51384	34.8235367713642
51404	34.8235367713641
51420	34.8235367713639
51424	34.8235367713638
51440	34.8235367713638
51444	34.8235367713636
51446	34.8235367713635
51464	34.8235367713632
51476	34.823536771363
51498	34.8235367713629
51504	34.8235367713629
51520	34.8235367713628
51528	34.8235367713626
51544	34.8235367713626
51556	34.8235367713625
51562	34.8235367713625
51568	34.8235367713624
51598	34.8235367713621
51622	34.8235367713621
51636	34.8235367713619
51666	34.8235367713617
51696	34.8235367713615
51704	34.8235367713615
51716	34.8235367713612
51728	34.8235367713612
51730	34.8235367713611
51734	34.823536771361
51758	34.8235367713609
51766	34.8235367713609
51786	34.8235367713608
51790	34.8235367713607
51800	34.8235367713606
51810	34.8235367713606
51814	34.8235367713605
51834	34.8235367713604
51838	34.8235367713603
51858	34.8235367713601
51890	34.8235367713601
51914	34.82353677136
51928	34.8235367713599
51938	34.8235367713599
51954	34.8235367713598
51972	34.8235367713598
51980	34.8235367713598
51986	34.8235367713597
51988	34.8235367713596
52024	34.8235367713595
52026	34.8235367713595
52084	34.8235367713594
52086	34.8235367713594
52100	34.8235367713594
52104	34.8235367713593
52112	34.8235367713592
52130	34.8235367713592
52154	34.8235367713592
52164	34.8235367713592
52174	34.8235367713591
52176	34.8235367713591
52182	34.8235367713591
52202	34.823536771359
52210	34.823536771359
52218	34.8235367713589
52230	34.8235367713589
52232	34.8235367713589
52240	34.8235367713588
52244	34.8235367713587
52274	34.8235367713587
52276	34.8235367713587
52280	34.8235367713587
52300	34.8235367713586
52308	34.8235367713586
52312	34.8235367713586
52324	34.8235367713585
52328	34.8235367713585
52336	34.8235367713585
52344	34.8235367713585
52366	34.8235367713584
52376	34.8235367713584
52388	34.8235367713583
52390	34.8235367713583
52394	34.8235367713583
52406	34.8235367713581
52432	34.8235367713581
52454	34.8235367713581
52466	34.8235367713581
52468	34.8235367713581
52482	34.8235367713581
52484	34.8235367713580
52486	34.823536771358
52506	34.8235367713579
52526	34.8235367713577
52532	34.8235367713577
52536	34.8235367713575
52550	34.8235367713574
52556	34.8235367713573
52580	34.8235367713569
52614	34.8235367713568
52618	34.8235367713568
52630	34.8235367713567
52642	34.8235367713567
52644	34.8235367713566
52646	34.8235367713564
52666	34.8235367713563
52670	34.8235367713562
52678	34.823536771356
52736	34.8235367713559
52748	34.8235367713559
52766	34.8235367713558
52774	34.8235367713558
52800	34.8235367713558
52818	34.8235367713557
52830	34.8235367713557
52834	34.8235367713556
52848	34.8235367713556
52872	34.8235367713555
52880	34.8235367713555
52898	34.8235367713555
52910	34.8235367713554
52912	34.8235367713554
52926	34.8235367713553
52942	34.8235367713552
52954	34.8235367713552
52958	34.8235367713551
52974	34.8235367713551
52992	34.8235367713551
52996	34.8235367713551
53006	34.823536771355
53032	34.8235367713549
53042	34.8235367713548
53080	34.8235367713548
53096	34.8235367713547
53126	34.8235367713547
53132	34.8235367713547
53136	34.8235367713547
53172	34.8235367713546
53176	34.8235367713546
53184	34.8235367713546
53204	34.8235367713546
53208	34.8235367713545
53238	34.8235367713545
53240	34.8235367713545
53246	34.8235367713544
53262	34.8235367713543
53282	34.8235367713543
53286	34.8235367713543
53298	34.8235367713543
53314	34.8235367713542
53362	34.8235367713542
53382	34.8235367713542
53384	34.8235367713541
53418	34.8235367713541
53420	34.823536771354
53426	34.823536771354
53438	34.823536771354
53474	34.823536771354
53482	34.8235367713539
53484	34.8235367713539
53522	34.8235367713539
53526	34.8235367713538
53568	34.8235367713538
53572	34.8235367713538
53588	34.8235367713537
53618	34.8235367713537
53626	34.8235367713537
53670	34.8235367713537
53678	34.8235367713536
53696	34.8235367713536
53712	34.8235367713535
53762	34.8235367713535
53778	34.8235367713535
53786	34.8235367713535
53806	34.8235367713535
53808	34.8235367713535
53818	34.8235367713535
53826	34.8235367713534
53844	34.8235367713534
53866	34.8235367713534
53880	34.8235367713534
53886	34.8235367713534
53894	34.8235367713534
53914	34.8235367713533
53918	34.8235367713533
53920	34.8235367713533
53922	34.8235367713533
53926	34.8235367713533
53932	34.8235367713533
53960	34.8235367713533
53966	34.8235367713533
53978	34.8235367713533
53986	34.8235367713533
53998	34.8235367713532
54012	34.8235367713532
54018	34.8235367713532
54040	34.8235367713532
54046	34.8235367713532
54072	34.8235367713532
54076	34.8235367713532
54118	34.8235367713531
54164	34.8235367713531
54180	34.8235367713531
54188	34.8235367713531
54190	34.8235367713531
54204	34.8235367713531
54250	34.8235367713531
54256	34.8235367713530
54268	34.823536771353
54270	34.823536771353
54300	34.8235367713529
54302	34.8235367713529
54328	34.8235367713529
54330	34.8235367713529
54344	34.8235367713529
54360	34.8235367713529
54372	34.8235367713529
54374	34.8235367713528
54376	34.8235367713528
54386	34.8235367713528
54406	34.8235367713528
54416	34.8235367713528
54452	34.8235367713528
54454	34.8235367713528
54492	34.8235367713527
54548	34.8235367713527
54570	34.8235367713527
54604	34.8235367713527
54616	34.8235367713527
54636	34.8235367713527
54644	34.8235367713527
54646	34.8235367713527
54670	34.8235367713526
54688	34.8235367713526
54702	34.8235367713526
54716	34.8235367713526
54730	34.8235367713526
54762	34.8235367713526
54768	34.8235367713526
54782	34.8235367713526
54810	34.8235367713526
54818	34.8235367713525
54834	34.8235367713525
54862	34.8235367713525
54876	34.8235367713525
54882	34.8235367713525
54888	34.8235367713525
54896	34.8235367713525
54932	34.8235367713525
54958	34.8235367713524
54990	34.8235367713524
54994	34.8235367713524
54996	34.8235367713524
54998	34.8235367713524
55012	34.8235367713523
55022	34.8235367713523
55038	34.8235367713523
55044	34.8235367713523
55068	34.8235367713522
55082	34.8235367713522
55084	34.8235367713521
55090	34.8235367713521
55104	34.8235367713521
55126	34.8235367713521
55158	34.8235367713520
55166	34.823536771352
55218	34.823536771352
55230	34.823536771352
55234	34.8235367713520
55240	34.8235367713519
55252	34.8235367713519
55260	34.8235367713519
55286	34.8235367713519
55338	34.8235367713519
55352	34.8235367713518
55362	34.8235367713518
55364	34.8235367713518
55380	34.8235367713518
55396	34.8235367713518
55424	34.8235367713518
55446	34.8235367713518
55464	34.8235367713518
55466	34.8235367713518
55468	34.8235367713517
55494	34.8235367713517
55500	34.8235367713517
55522	34.8235367713517
55550	34.8235367713517
55564	34.8235367713517
55578	34.8235367713517
55624	34.8235367713517
55628	34.8235367713516
55676	34.8235367713516
55756	34.8235367713516
55774	34.8235367713516
55778	34.8235367713516
55850	34.8235367713516
55896	34.8235367713516
55936	34.8235367713516
55962	34.8235367713516
55986	34.8235367713516
56028	34.8235367713516
56042	34.8235367713516
56112	34.8235367713515
56168	34.8235367713515
56228	34.8235367713515
56238	34.8235367713515
56258	34.8235367713515
56260	34.8235367713515
56274	34.8235367713515
56286	34.8235367713514
56326	34.8235367713514
56328	34.8235367713514
56392	34.8235367713514
56406	34.8235367713514
56532	34.8235367713514
56570	34.8235367713514
56594	34.8235367713514
56638	34.8235367713514
56658	34.8235367713513
56712	34.8235367713513
56734	34.8235367713513
56740	34.8235367713513
56782	34.8235367713513
56840	34.8235367713513
56962	34.8235367713513
56972	34.8235367713513
57076	34.8235367713513
57098	34.8235367713513
57106	34.8235367713512
57108	34.8235367713512
57112	34.8235367713512
57122	34.8235367713512
57126	34.8235367713512
57150	34.8235367713512
57156	34.8235367713512
57158	34.8235367713512
57214	34.8235367713512
57268	34.8235367713512
57292	34.8235367713512
57310	34.8235367713512
57318	34.8235367713511
57338	34.8235367713511
57340	34.8235367713511
57352	34.8235367713511
57354	34.8235367713511
57394	34.8235367713511
57418	34.8235367713511
57446	34.8235367713511
57460	34.8235367713511
57522	34.8235367713511
57564	34.8235367713510
57648	34.823536771351
57676	34.823536771351
57684	34.823536771351
57776	34.823536771351
57826	34.823536771351
57846	34.823536771351
57904	34.823536771351
57974	34.823536771351
57994	34.8235367713510
58012	34.8235367713509
58194	34.8235367713509
58204	34.8235367713509
58278	34.8235367713509
58468	34.8235367713509
58518	34.8235367713509
58558	34.8235367713509
58612	34.8235367713509
58628	34.8235367713509
58730	34.8235367713509
58796	34.8235367713509
58972	34.8235367713508
59110	34.8235367713508
59166	34.8235367713508
59494	34.8235367713508
59832	34.8235367713508
59880	34.8235367713508
60290	34.8235367713508
61292	34.8235367713508
62998	34.8235367713508
67194	34.8235367713508
67674	34.8235367713508
70106	34.8235367713508
72538	34.8235367713508
72726	34.8235367713507
72928	34.8235367713507
77424	34.8235367713507
123618	34.8235367713507
176228	34.8235367713507
300000	34.8235367713507
