52	391.00282961422
86	353.990231385430
88	348.299322904458
120	278.313248989983
236	261.428714154542
654	253.63284503129
832	213.619167583305
3498	199.197796734303
3928	191.84179414384
4192	167.187170256814
4408	165.211018233118
4742	144.818876375592
4870	143.633277145054
4888	140.133207374268
4934	129.166750047626
4956	122.432090685955
4972	116.749255310531
5028	111.367425162205
5040	111.120825029213
5042	106.834055606805
5052	105.468947611863
5088	105.327566117554
5098	103.136755787937
5110	102.927357070123
5112	99.484297875797
5116	98.8601857681807
5118	98.2686880345055
5144	88.8622837291887
5164	86.46992162733
5170	84.6850853875514
5176	84.5704148002524
5186	84.4033842689847
5192	83.880019360781
5196	78.253855010365
5226	75.3667165231959
5254	74.9331182255281
5264	74.8544698635545
5266	73.3290382284756
5286	70.6649384054184
5314	70.5668113145903
5316	70.491444994872
5324	70.1500330316749
5330	69.7517012964235
5346	67.6479360147192
5356	67.4739045791338
5360	67.4113740064656
5376	67.1503469211054
5378	65.81517227966
5420	65.5584923308625
5440	65.5453658604554
5448	65.0085346529034
5456	64.2250948346137
5482	64.0478582123107
5508	63.767539931228
5530	63.4357786995814
5544	63.2070119235584
5554	63.1899948875817
5562	62.735380988537
5568	62.0391268467863
5602	61.7121062239546
5630	61.4636225288865
5652	61.4173734037325
5656	60.9050124232323
5658	60.8555661278175
5674	60.7497655541605
5684	60.4461078839523
5694	60.3532631209059
5730	60.3140674514092
5732	60.0121097032342
5748	59.9115632738013
5764	59.87797238732
5772	59.819299990594
5806	59.7903563502317
5808	59.5974246787227
5824	59.4714987773504
5836	59.4243151182123
5852	59.4110733564650
5858	59.3205856138084
5864	59.2385047736951
5890	59.1560017154848
5900	59.0193646875546
5902	59.0179981676714
5928	59.0140491632177
5932	58.8569444584584
5942	58.7836017549452
5944	58.6470344857398
5962	58.6266427992334
5966	58.6143922507854
5982	58.4629823821742
5990	58.3608366449401
6002	58.3532287111953
6010	58.287775582854
6014	58.1980502442016
6026	58.1934396290794
6032	58.1709430551731
6062	58.1679030040786
6066	58.048118522498
6078	57.9234201035392
6090	57.8585059546848
6092	57.8017441957319
6096	57.7317135410855
6114	57.6497915967567
6124	57.6393661399912
6130	57.6102608542899
6136	57.5376286703156
6144	57.4168237981217
6160	57.357876081937
6174	57.2105640206329
6176	57.1804639867818
6208	57.063052249042
6230	57.0249679424305
6240	56.9715703009854
6250	56.9601934024372
6266	56.8894448668805
6284	56.8268171121592
6288	56.7421542618369
6292	56.624607076551
6310	56.5947235647931
6328	56.5805342002211
6334	56.4089580523135
6346	56.3780054374724
6364	56.30427165633
6366	56.241249685103
6378	56.2161433944268
6382	56.2023324366194
6396	56.1253815817571
6416	56.0968811850388
6420	56.0249264022114
6422	56.0236694414275
6434	55.9944373942277
6440	55.9212044288971
6442	55.822925573958
6450	55.7492197643215
6458	55.7437728943878
6464	55.6520142311837
6478	55.6252883538643
6490	55.3606158638087
6502	55.2974454021938
6518	55.2609406220217
6528	55.2356852205308
6536	55.201786094804
6544	54.9531800213496
6560	54.8756637187593
6566	54.749131276705
6570	54.561456507221
6580	54.5031328369201
6592	54.4017109563408
6604	54.297358064061
6618	54.138735234202
6662	54.0357126439754
6674	53.7655544608222
6714	53.5573236847993
6722	53.4885719740629
6752	53.483270017842
6760	53.3785174297542
6770	53.2971286655942
6782	53.0819605408842
6784	52.9851710076334
6796	52.8909574308135
6798	52.7754014041339
6812	52.766135234606
6814	52.6887241098694
6818	52.6800436261564
6834	52.6291920493206
6842	52.2913859082615
6860	52.1024710583347
6882	51.9233644988907
6900	51.8664221930357
6902	51.7968362303891
6904	51.7387119394055
6906	51.7159296563429
6914	51.6430196384467
6916	51.5335115551146
6930	51.4515105238317
6946	51.4211864688056
6948	51.3069609997875
6952	51.2642771009942
6968	50.9936751145678
6972	50.9869849126236
6984	50.8400619267023
6986	50.7296437776184
6992	50.6624768392996
6996	50.451167901954
7002	50.3611883514256
7014	50.3355004296384
7020	50.3324909585958
7030	50.1968608168292
7032	49.7422960948092
7050	49.6949490574297
7062	49.4196100796418
7068	49.3118225886849
7076	49.2595757754107
7080	48.8916392963348
7120	48.8529519779784
7130	48.8480974286532
7138	48.8434436620205
7144	48.7202917863722
7148	48.5943799195197
7162	48.4813630097004
7172	48.4353092307447
7180	48.4268157833022
7188	48.1739432739031
7210	47.9886315553464
7216	47.9319761635723
7230	47.8729475444045
7240	47.8038462779094
7242	47.6872395708604
7246	47.6409390017016
7256	47.416318290261
7328	47.3594836671199
7342	47.3422153057286
7348	47.3295980043289
7350	47.2565566249417
7356	47.1043813545723
7376	47.0069881604187
7386	46.8881220828607
7392	46.7926730666185
7414	46.7560510871745
7426	46.7192599096697
7430	46.6828310001100
7432	46.5973390567867
7438	46.5576811753437
7464	46.4916252978037
7468	46.483898185554
7486	46.4565708154831
7492	46.3145482718807
7494	46.2790978001127
7510	46.1802900771683
7518	46.1478858272766
7526	46.0740124913530
7536	46.0582269887076
7542	46.0312186965074
7548	46.025016157627
7550	45.686054630348
7570	45.5907929908268
7580	45.4784542422449
7600	45.2618676726055
7602	45.1719551548154
7604	45.1670714493463
7606	44.9471590869801
7650	44.8376708753148
7656	44.7558626421424
7658	44.6891297466101
7660	44.6154829739421
7706	44.5766585540959
7708	44.4380958451445
7740	44.4178216478679
7760	44.3535703606961
7768	44.3422030721263
7774	44.1576429374776
7796	44.1526663272240
7806	44.0759101031294
7808	43.9547816865363
7812	43.9295905389619
7830	43.8988827669827
7836	43.8887583494389
7852	43.8080600923433
7862	43.7190769478663
7882	43.6721812073679
7896	43.6275565234804
7900	43.5070585550342
7932	43.414940370307
7954	43.3784476281879
7974	43.3077873143053
7976	43.2733304341905
7996	43.2645081941257
8012	43.254329685255
8018	43.2306756936866
8024	43.1612572969961
8042	43.1563222150803
8046	43.052335572919
8048	42.9642380425221
8056	42.917460896496
8076	42.8888830534106
8092	42.7461368128521
8110	42.7458817000173
8114	42.708246214938
8118	42.6013354740621
8124	42.5741827819445
8128	42.5576872830868
8138	42.5427121832103
8140	42.3964156240894
8186	42.3314206064712
8192	42.3300600616534
8206	42.2263964605423
8210	42.1964394729844
8218	42.1734294560717
8230	42.1649788096639
8236	42.1321245194983
8238	42.1212184660492
8260	42.1198785800418
8270	42.1150519720078
8272	42.089551138472
8288	42.0841667164055
8300	42.0709073031402
8312	41.9293033033814
8318	41.8752224736248
8366	41.7587205535193
8374	41.5987986104406
8380	41.5776356521129
8386	41.5344881931329
8388	41.4455920187136
8414	41.4418335187944
8420	41.3875746922301
8426	41.2245878122936
8428	41.184130426205
8440	41.0994998009918
8490	41.0420784474496
8492	40.8619826002631
8500	40.8514938132268
8514	40.822208740138
8526	40.7682322289963
8538	40.7571839922641
8548	40.6186458586611
8552	40.5983856358775
8556	40.5469947596163
8584	40.4219243212389
8596	40.3873084464703
8600	40.3213032685884
8614	40.2752108090562
8618	40.2598281792002
8636	40.2529428052829
8648	40.2434017306348
8654	40.2379649051688
8664	40.1659150403115
8696	40.1516385310959
8700	40.0726149706069
8714	40.0150828748544
8742	40.0029314410962
8752	39.9926408667147
8756	39.9745448863346
8770	39.9688294536543
8782	39.960633291854
8802	39.9449139633535
8812	39.9040696840896
8816	39.8824058447425
8826	39.8295719487806
8848	39.7572473938449
8902	39.7524077631904
8936	39.7473819271476
8938	39.7327913480338
8950	39.708481867265
8970	39.7029776766865
8988	39.7023947731429
8990	39.6969726666005
8992	39.6909405457857
9016	39.665493237941
9018	39.664727955447
9026	39.6569131745566
9036	39.6209013582318
9054	39.6001388873976
9074	39.5997800447505
9082	39.580803120294
9102	39.5544494374430
9110	39.5520627414132
9114	39.5230882914976
9118	39.4813837698603
9122	39.4586165008124
9148	39.4558994786762
9152	39.4471955254846
9158	39.4247062583864
9170	39.3698008546213
9180	39.344143350341
9184	39.32588661859
9200	39.2940567856996
9212	39.2456521648875
9224	39.1607351203314
9230	39.1193583109296
9252	39.0531628029175
9276	38.9909375090855
9292	38.9858858078425
9302	38.9644327477946
9316	38.9194457285507
9322	38.9006611675057
9330	38.8849366731319
9336	38.8143928216443
9342	38.6969075013701
9360	38.6392252693824
9362	38.5513484193413
9372	38.4047943989822
9378	38.3149478196724
9396	38.2626556917076
9404	38.2115312184853
9432	38.1715112292235
9480	38.1230173131592
9482	37.9675870166343
9490	37.9005818389303
9532	37.8604226446534
9536	37.7442951188755
9554	37.716581940175
9562	37.689152282071
9566	37.67020644236
9568	37.6653765410198
9578	37.6536674739778
9580	37.621066693595
9590	37.6203598568208
9600	37.5399674526942
9630	37.5022434377412
9642	37.5017814598376
9652	37.4305095784085
9664	37.4244073765198
9672	37.4182601485444
9676	37.408617738225
9686	37.3685079868019
9688	37.3640333889594
9698	37.2992490270393
9710	37.2879263829577
9718	37.2819440261253
9720	37.2737280963034
9724	37.1957059453345
9738	37.1383063530479
9754	37.1077930212454
9764	37.0919537681405
9782	37.07980552003
9786	37.0617035649796
9794	36.9979511443326
9808	36.9869605304026
9814	36.943797901736
9832	36.9364953009014
9840	36.9280911073934
9844	36.9117184646674
9846	36.8422490550339
9852	36.7968460092408
9864	36.7945563487309
9876	36.74636806104
9884	36.6915052671929
9888	36.6582670551506
9892	36.6133104919410
9894	36.5169897773915
9904	36.4763238042044
9918	36.462144258198
9922	36.4236280615882
9930	36.3004302295648
9952	36.2614005710122
9960	36.2376799008725
9990	36.1734202013802
9994	36.1588204411642
9998	36.1207020883145
10016	36.0602118095867
10060	35.9888636289732
10070	35.9748681031858
10100	35.9110677552933
10124	35.9099881729806
10132	35.8899339951112
10166	35.8822427881765
10168	35.8672741302197
10174	35.859080587329
10184	35.831991042818
10190	35.81809260344
10208	35.8029148130759
10234	35.788373718606
10254	35.7777382387703
10282	35.7559091251866
10290	35.7460887898458
10300	35.7169324579153
10302	35.6862895799016
10326	35.6831058210149
10348	35.6784095193121
10354	35.6780807207788
10358	35.6525068038832
10372	35.6341445714044
10388	35.5931779529409
10396	35.5774201522672
10418	35.5747574180702
10424	35.5656718719632
10436	35.5442722880272
10458	35.5344292777612
10466	35.5187857479488
10494	35.5123590505966
10500	35.4866393085545
10502	35.4844261885567
10514	35.4753980092974
10516	35.4676255794681
10528	35.4452279055035
10548	35.4238716861776
10566	35.4218631795565
10572	35.4165749653616
10574	35.4129659502527
10578	35.3949177337761
10586	35.3852474030869
10604	35.3761042725846
10630	35.3504964436899
10636	35.3427435296411
10650	35.3089002939499
10660	35.2885726028886
10676	35.282443373469
10684	35.2572247823547
10686	35.2404263537709
10702	35.2371247324812
10704	35.2310685320482
10716	35.2203698221291
10720	35.2142277662586
10726	35.2067550903693
10748	35.1922904073307
10756	35.191662146265
10758	35.1815174840052
10772	35.1551625105285
10796	35.1470048943317
10802	35.1459926385673
10810	35.1285944864541
10816	35.1241470314483
10826	35.1153586835949
10834	35.1120386090792
10836	35.0850428044787
10842	35.0666148732646
10878	35.0608653163624
10906	35.0561896550768
10910	35.0169717979171
10922	35.0163388419903
10944	35.0147097172717
10956	35.0074451501991
10976	34.9968987333785
10990	34.9882156742296
10994	34.98275987982
11002	34.9718993727422
11012	34.9591074428112
11016	34.9462951063186
11024	34.9427389037966
11044	34.9382815757105
11062	34.929141568086
11066	34.9265789767804
11076	34.9241580029904
11082	34.918194246114
11090	34.9044627365607
11100	34.8787605069946
11130	34.8662216673766
11136	34.8625013260336
11158	34.8549072878113
11164	34.8529830398112
11178	34.8404694990591
11186	34.8391452597139
11188	34.8265878495059
11212	34.8208580365203
11230	34.818096616618
11232	34.8043670093217
11238	34.7978975270106
11242	34.7949184256847
11252	34.7857677115961
11254	34.7856126758971
11262	34.7810833929908
11268	34.7797230447281
11280	34.7762013202245
11290	34.7756982564910
11292	34.7652341957291
11294	34.7565082142139
11312	34.7399768173462
11336	34.7292527751229
11360	34.7224815287442
11368	34.7094162664516
11376	34.699265460664
11380	34.6903723321391
11392	34.6374894910744
11398	34.6131916240209
11420	34.6106935216203
11442	34.6085076813742
11446	34.5926228508128
11450	34.5872937084236
11462	34.5676280563563
11478	34.5669813370419
11482	34.5635236918412
11486	34.549581554639
11516	34.5493882897025
11518	34.5327457518441
11552	34.5111363780713
11562	34.5076928800693
11574	34.4920123179413
11596	34.4908519217241
11598	34.4859104314708
11628	34.4812574819754
11640	34.4727745359561
11642	34.444026694622
11648	34.4259618764789
11684	34.4137738208514
11688	34.3949884228297
11716	34.3940351033759
11730	34.3811530844997
11768	34.378089063316
11778	34.3699140979060
11780	34.3658142574827
11802	34.362929342453
11808	34.3524715560661
11820	34.3499184956679
11832	34.3496793082054
11834	34.3488896635873
11836	34.3478284474281
11840	34.3456105617213
11848	34.341978032756
11856	34.3343128635857
11888	34.320252134892
11928	34.3201105928523
11936	34.3154230893221
11940	34.3152413367384
11948	34.3136049089413
11952	34.3092550833308
11954	34.3075862234602
11960	34.3005604892275
11974	34.2976447221584
11988	34.2846359318338
12002	34.2783845338576
12016	34.2729854811569
12038	34.2648086827478
12050	34.2583375267837
12078	34.2544182565732
12084	34.2531681203747
12094	34.2483738563584
12098	34.2439173757814
12128	34.2402988835899
12136	34.237842007865
12140	34.2370662035947
12148	34.232397407251
12176	34.2303161047539
12204	34.2287444698531
12212	34.2286753669285
12222	34.227630878254
12228	34.2237854378845
12236	34.2233166073691
12242	34.2161624135326
12244	34.2092059399644
12250	34.2065984425752
12276	34.2054478161486
12282	34.2031721365287
12290	34.2019976373042
12294	34.1989564102535
12304	34.198395085284
12306	34.1980899493566
12312	34.1968733353429
12324	34.1938979308560
12330	34.1931505799543
12340	34.1927649242431
12342	34.1849855011040
12362	34.1808460243892
12372	34.1798610441745
12374	34.1731141092060
12412	34.1678479703574
12430	34.1664045912048
12432	34.1624102823143
12434	34.1622521413597
12454	34.1555520218934
12472	34.1532128002788
12476	34.1530903021978
12496	34.1483566895043
12502	34.142687415139
12518	34.1418129377269
12534	34.1402104547542
12558	34.1385937085737
12562	34.1372258591814
12572	34.1359936773935
12574	34.1351150172011
12578	34.1341084598414
12580	34.1310176031395
12594	34.1302672349161
12596	34.1285387254914
12598	34.1280807708407
12600	34.124547642519
12634	34.115118445747
12660	34.1103673358326
12680	34.1098619069478
12684	34.1095475814033
12688	34.1077368665391
12700	34.1066864118986
12730	34.1064610136244
12742	34.1052416473508
12748	34.104193956942
12776	34.1015932677931
12798	34.1001069619979
12814	34.0992197598473
12816	34.098071653356
12830	34.0942395320496
12866	34.0897744622112
12884	34.0889920345216
12886	34.082204680493
12888	34.0810016130038
12906	34.0787443651019
12928	34.0771046249219
12934	34.0734023515976
12938	34.0730217299748
12950	34.0709096190357
12952	34.0679315830157
12954	34.0551602624728
12970	34.0513089567580
12992	34.0502990016094
13042	34.0480348882612
13048	34.0474146364344
13074	34.0456184934218
13086	34.0445011243084
13092	34.0431137741953
13094	34.0410554667877
13122	34.0407076828699
13132	34.0383229022534
13148	34.0382928391114
13150	34.0351095677843
13156	34.0338731899898
13160	34.0327527082402
13180	34.0322894837962
13190	34.031669953766
13198	34.0300838259140
13212	34.0290921495450
13226	34.0270506564758
13252	34.0257241648513
13264	34.0243189694363
13286	34.0233002881127
13290	34.0209656668143
13292	34.0168260481936
13306	34.0149495174302
13316	34.0147018891339
13348	34.0138574088546
13356	34.0124348551085
13362	34.007728343112
13366	34.0075448672448
13376	34.0066670394424
13390	34.0048376068611
13406	34.0043720464776
13412	34.0026515433154
13420	34.0004283335031
13430	34.0000832678518
13440	33.998700292276
13448	33.9944392069195
13506	33.9929792627139
13516	33.9917853871109
13522	33.9907225534943
13570	33.9904012458733
13580	33.9901222336072
13590	33.9895437438140
13598	33.9892460213216
13610	33.9890580134175
13618	33.9889877973273
13630	33.987730981842
13642	33.9867940919321
13660	33.986549296475
13684	33.9861108641893
13688	33.9850040286421
13696	33.984098795227
13700	33.9839646242702
13716	33.9838378809793
13722	33.9836776603138
13726	33.9825697220948
13746	33.9817120716578
13754	33.9813885640129
13770	33.980841074537
13784	33.9798099597489
13792	33.9790944701875
13814	33.9789379139366
13818	33.9786314002433
13822	33.9778183359055
13834	33.9775631732517
13856	33.9774613494322
13862	33.9771366092345
13866	33.9768621340746
13892	33.9768583761886
13898	33.9767011342972
13900	33.9762325710974
13902	33.9760783603033
13916	33.9759552171166
13926	33.9756861925132
13934	33.9755545348741
13958	33.9750616040942
13960	33.9748342105829
13962	33.9747364871550
13966	33.9747147498295
13978	33.9746348739476
13984	33.9745070068219
13988	33.9742170561587
13994	33.9739777905296
13996	33.9736273538311
14004	33.9730017790747
14016	33.9726646182957
14020	33.9722340153852
14030	33.9717965046292
14032	33.9702036035454
14046	33.9701457760409
14058	33.9696853066954
14068	33.968155309974
14088	33.9680319809239
14092	33.9678610703977
14096	33.967406496302
14100	33.9662189405875
14110	33.9638962250356
14132	33.9624367892321
14134	33.9621554449983
14140	33.961241963716
14188	33.9601335493222
14196	33.9597910373784
14218	33.9597179728497
14222	33.9589281406205
14232	33.9586126038072
14262	33.9577661923879
14278	33.9572553038039
14284	33.9568654913665
14290	33.956512432232
14296	33.9563934443383
14316	33.9557248336621
14322	33.955551335278
14328	33.9553239627408
14340	33.9537796486956
14352	33.9523365046759
14386	33.9520544655756
14398	33.9519583339441
14408	33.9518622824948
14414	33.9505992591203
14426	33.9503917230633
14428	33.9499386643901
14430	33.9495361815137
14432	33.9491021127795
14450	33.9466696416242
14462	33.9457985188659
14494	33.9451179081425
14514	33.9433703002777
14524	33.9421036554626
14540	33.9418326985901
14542	33.9406720792284
14544	33.9381929032162
14546	33.9372442274468
14554	33.9369548717026
14580	33.9357113011314
14590	33.9345970012234
14606	33.9345413154366
14612	33.9342902395611
14622	33.9342019846605
14628	33.934160702296
14634	33.9325649956698
14654	33.9321259616589
14684	33.9321120101246
14700	33.9314976744419
14734	33.9311215832315
14740	33.9306814994222
14768	33.9304181756287
14782	33.9304068295425
14792	33.9303728566935
14800	33.9294427162291
14804	33.9289486317212
14828	33.9285713168057
14904	33.9284245025770
14922	33.9283392432804
14936	33.9281294235115
14942	33.9278866335499
14956	33.9278366700631
14980	33.9274696169162
14986	33.9274007165204
14990	33.927168875803
15008	33.9267528310946
15010	33.9263361455654
15028	33.9258681967997
15036	33.9257962640775
15050	33.9251517049239
15074	33.9250558467147
15080	33.9245903398156
15086	33.9240965120033
15122	33.9240709485118
15124	33.9238464907900
15128	33.9235892749652
15130	33.9234671639265
15136	33.9233826748788
15168	33.9231981798861
15180	33.9230588280474
15186	33.9229526581956
15192	33.9228145719294
15206	33.9226750104116
15214	33.922619390729
15228	33.9226017787428
15230	33.9223314654825
15232	33.9221170963463
15242	33.921678439811
15294	33.9211497052605
15300	33.9208943342396
15326	33.9205315044931
15334	33.9203554050579
15336	33.9202208058714
15338	33.920018447667
15346	33.9197644113395
15374	33.9194113063233
15382	33.9193048566108
15384	33.9182513250206
15386	33.9177224506074
15406	33.917513152375
15414	33.9170436873109
15416	33.9159227796392
15432	33.9155463011818
15444	33.9140940680597
15450	33.9129646696788
15464	33.9106895627345
15494	33.9094402503236
15504	33.9084180947046
15508	33.9080521288633
15520	33.9077191075235
15534	33.9069328980752
15552	33.9066793499762
15560	33.9057506854773
15572	33.9056499157091
15602	33.9051635952509
15616	33.904955703026
15644	33.9048832687652
15652	33.9042817044656
15694	33.9040570596932
15720	33.9037168436216
15726	33.9031803024365
15770	33.902771092875
15774	33.9024856902839
15776	33.9022445932141
15788	33.9021659826356
15792	33.902127216746
15810	33.9017046534185
15812	33.9016491301849
15816	33.9015432730825
15838	33.9014077291992
15846	33.9010424789805
15864	33.9009250070763
15866	33.9005386191898
15890	33.8997400396575
15896	33.8997139098800
15902	33.8988297935028
15912	33.8984800229152
15946	33.8980737356073
15948	33.8975849421305
15958	33.8958054980077
15964	33.8956192560149
15966	33.894447286703
16006	33.8936155400462
16022	33.8935947657253
16026	33.8924142392726
16072	33.8912844022892
16086	33.8912471049293
16110	33.8907180738810
16114	33.8906090285664
16138	33.8905442603081
16156	33.8901665600312
16172	33.8898159592070
16186	33.889734267193
16188	33.8896100643209
16190	33.8890942360482
16234	33.8890151587578
16244	33.8885941851663
16272	33.8885150088978
16290	33.8884206621168
16292	33.8882235231914
16298	33.8877637276892
16308	33.8877562958957
16312	33.8872387078509
16322	33.8868977176907
16330	33.886825462725
16346	33.8859639821135
16350	33.8858583501532
16378	33.8856176164362
16406	33.8853453792133
16426	33.8849831375381
16436	33.8840657257223
16464	33.8836075970222
16482	33.8829869093409
16490	33.8828870547524
16520	33.8828183995781
16528	33.8825309115595
16534	33.8816232972799
16558	33.8812791685242
16580	33.881071931503
16582	33.8808924974906
16584	33.8808567508762
16590	33.8807968283245
16596	33.8803281167869
16598	33.8798669709671
16600	33.8796566138557
16670	33.8793429542765
16672	33.8791529862176
16676	33.8791324146965
16682	33.8786569411271
16686	33.8786469483583
16702	33.8781991377865
16710	33.8780672296627
16712	33.8780421929787
16722	33.8778581036993
16726	33.8777928472338
16732	33.877632788738
16738	33.8770250680205
16742	33.8764503329408
16752	33.8754876456411
16764	33.8754333281199
16770	33.8754032205791
16786	33.8747163592825
16790	33.8742399267356
16800	33.873926972853
16842	33.8731314131986
16876	33.8728767617829
16882	33.8727639179262
16884	33.872589448481
16888	33.8724506619260
16906	33.8722405625896
16908	33.87209199569
16938	33.8720665354712
16944	33.8719735199761
16962	33.8712789905195
16980	33.8712495696281
17008	33.8711069600181
17010	33.8707094254917
17048	33.8706518464835
17064	33.8703630593584
17072	33.8697254371468
17096	33.8695278414335
17100	33.8693182730629
17108	33.8693060413772
17126	33.8692494648907
17132	33.8689683993765
17136	33.8688519898574
17150	33.8682698388525
17168	33.8679304267325
17186	33.8678482219472
17200	33.867652437273
17212	33.8676511508336
17236	33.8674719732842
17246	33.867470470667
17248	33.8670819273692
17268	33.8669400473661
17280	33.8669295367348
17282	33.8668260549304
17288	33.8665914961988
17294	33.8664289816100
17308	33.8663987549095
17310	33.866289341599
17326	33.8660591732638
17336	33.8656291494192
17358	33.8655369436622
17376	33.8655299344276
17380	33.8654475750095
17388	33.8653414449992
17396	33.8653269702607
17422	33.8653211757505
17436	33.8652949557961
17438	33.8651534334644
17444	33.8650715325805
17458	33.8648546451313
17480	33.8647860141548
17486	33.8647829054126
17490	33.8643637371557
17512	33.8640027592837
17526	33.8634476444573
17544	33.8633654170924
17546	33.863032062143
17552	33.8626228918302
17566	33.8624223761335
17588	33.8622003713044
17594	33.8616943185023
17610	33.8613460501844
17612	33.8607928422207
17648	33.8607870964834
17658	33.860406940548
17680	33.8603595487177
17684	33.8600626645688
17706	33.8597657949761
17716	33.8597419949204
17722	33.8596958760045
17728	33.8596317101251
17740	33.8595024320035
17750	33.8593534311279
17786	33.8591659191544
17790	33.8587923071855
17792	33.8587124859524
17820	33.8584162943269
17826	33.8583932200093
17836	33.8583646067153
17844	33.8580926189103
17846	33.8580818483063
17852	33.8576479552717
17860	33.8575585981558
17864	33.8574432265703
17876	33.857234540597
17878	33.8568018334122
17884	33.8555725378749
17904	33.8553977469603
17910	33.8548003175038
17912	33.8544874712317
17938	33.8544458467070
17942	33.8542874425603
17948	33.8540244437627
17962	33.8539563483243
17978	33.8536064386027
17982	33.8534015615323
17988	33.8529835097899
17990	33.852844010462
17996	33.8515561363987
18000	33.8508292008509
18004	33.8500695577220
18006	33.8493872079484
18014	33.8487825814628
18052	33.8480185378982
18072	33.8469448933953
18084	33.84692878818
18106	33.8467922957609
18118	33.8464397426902
18138	33.8464244148244
18150	33.8463222428403
18154	33.8462014409362
18166	33.8456770636281
18216	33.8455553207755
18220	33.8450664307228
18260	33.8450405601715
18262	33.844968623265
18270	33.8448643274563
18286	33.8446393768033
18288	33.844522480314
18306	33.8444980903908
18316	33.8443979025280
18318	33.8443902896652
18320	33.8443150578701
18322	33.8442725196661
18330	33.844171916513
18348	33.8441662973309
18350	33.8440427239526
18356	33.8436559010113
18378	33.8435937256019
18384	33.8434773778218
18392	33.8433438220979
18398	33.8432187115624
18402	33.8431296511977
18418	33.8430676626519
18424	33.8429595454785
18434	33.8429198424602
18436	33.8428112308377
18446	33.8427844663383
18468	33.8426627232137
18472	33.8424220910189
18476	33.8423937302627
18492	33.8422767610581
18496	33.842044800944
18508	33.8419581036358
18526	33.841871600534
18530	33.8417192500697
18540	33.8416813746017
18544	33.841477994499
18550	33.8414009100314
18570	33.8412104702706
18582	33.8410682687901
18598	33.841017573547
18614	33.8410002966109
18618	33.8407073900111
18630	33.8403839001999
18642	33.8401230170779
18646	33.8399555151690
18650	33.8398666338494
18656	33.8397637532640
18660	33.839603525435
18680	33.8395431012349
18692	33.8393901038899
18700	33.8393885082229
18714	33.8393640809415
18724	33.8392294812165
18732	33.8390359175341
18740	33.8390325413875
18742	33.838650693503
18750	33.8385707387181
18752	33.8383650367723
18766	33.8379164935366
18810	33.8378938954353
18832	33.837800943728
18840	33.8376956186233
18854	33.8376125235365
18866	33.8374372281856
18872	33.8373844883164
18888	33.8372888115234
18892	33.8372248342479
18910	33.837166020395
18922	33.8369822766801
18928	33.8369696013019
18930	33.8368730447192
18942	33.8366949851394
18952	33.8365217921946
18972	33.8364632250021
18974	33.8360940001421
18998	33.8360560191965
19024	33.8360192723841
19034	33.8359919352112
19056	33.8358863518234
19060	33.8358310726066
19062	33.8357644899290
19064	33.8356765646372
19078	33.8356533534459
19090	33.8354436392174
19098	33.8353366783086
19126	33.8353193914235
19130	33.8353054875121
19146	33.8352538370801
19148	33.8351327201474
19178	33.8351177543324
19202	33.8350465258176
19240	33.8349828337292
19272	33.8349074491079
19280	33.8348512173253
19324	33.8348399912884
19326	33.834829790404
19332	33.8348055602849
19334	33.8347648649992
19344	33.8347608912951
19346	33.8347505925728
19356	33.8346937807007
19376	33.8346770568987
19378	33.834644499536
19420	33.8346300109322
19430	33.8346293794876
19436	33.8346251955928
19440	33.8346054151155
19456	33.8345908272678
19466	33.8345655779145
19472	33.8345637272223
19484	33.8345617940662
19490	33.8345284031498
19506	33.8345280637314
19514	33.8345024506823
19524	33.8344813646507
19544	33.8344632902184
19562	33.8344556702031
19582	33.834422481269
19596	33.8343709042756
19606	33.8343395291995
19636	33.834323144294
19642	33.8343197309085
19650	33.8343154468928
19652	33.8342960675269
19660	33.8342642083506
19662	33.8341958741026
19682	33.8341738404521
19694	33.8341499079726
19704	33.8341291790732
19728	33.8341094552884
19740	33.8341071010281
19744	33.8340795662101
19756	33.8340474314705
19778	33.8340276130301
19794	33.8340159060314
19804	33.8340030870935
19812	33.833998124809
19816	33.8339921809676
19840	33.833978543928
19858	33.8339357899707
19860	33.8339249883049
19876	33.8339244785953
19878	33.8339204751248
19898	33.8339130045563
19900	33.8338902804258
19940	33.8338675319432
19946	33.8338670875202
19950	33.8338641596231
19960	33.8338606310098
19964	33.8338489558414
20000	33.833840195629
20014	33.8338393133260
20024	33.8338383217678
20028	33.8338247198363
20052	33.8338049681015
20054	33.8338009625143
20060	33.8337974394597
20066	33.8337835258759
20114	33.8337791465127
20116	33.8337468764243
20152	33.8337217617428
20170	33.8337127364466
20180	33.8336732690204
20196	33.8336654974595
20204	33.8336540339013
20210	33.8336485253791
20214	33.8336341911420
20216	33.8336239282677
20230	33.8336093438680
20234	33.8335991067570
20254	33.8335898363323
20262	33.8335858194479
20276	33.8335738588112
20282	33.8335730830418
20286	33.8335698652302
20288	33.833563295274
20290	33.8335432648904
20300	33.8335388920645
20308	33.8335341887564
20312	33.8335201175736
20326	33.8335006140445
20336	33.8334952400980
20338	33.8334764502098
20340	33.8333829511504
20348	33.8333776076490
20356	33.8333610803073
20358	33.8333538992398
20374	33.8333471724211
20384	33.8333378565651
20390	33.833333089945
20392	33.8333205271056
20400	33.8333049329442
20404	33.8332987424236
20406	33.8332397836381
20416	33.8331776365086
20424	33.8331490667273
20444	33.8331364241779
20448	33.8331352100678
20454	33.8331184508319
20538	33.8331133116995
20546	33.8330961019165
20554	33.8330813561405
20564	33.8330769935628
20576	33.8330568891847
20584	33.8330246135315
20616	33.8330025166719
20620	33.8329932299648
20622	33.8329890208047
20626	33.8329669323775
20632	33.8329598109778
20646	33.8329190445090
20660	33.8329125616671
20672	33.8327843699293
20704	33.8326687664086
20706	33.8325326951848
20730	33.8325302574918
20736	33.8325088511103
20746	33.8325028786698
20750	33.8324751222767
20752	33.8324581273458
20754	33.8323939622791
20756	33.8323870119282
20760	33.8323623465005
20774	33.832362175211
20776	33.8322474407156
20804	33.8322252549605
20814	33.8322000727431
20820	33.8321986137461
20826	33.8321942140572
20830	33.8321726152906
20832	33.832060181327
20836	33.8319007770078
20866	33.8318489312388
20880	33.8318328585765
20884	33.831818843312
20894	33.8317617559431
20922	33.8317562488861
20958	33.8317490529556
20960	33.8317301420919
20974	33.8317202165546
20982	33.8316711710245
21000	33.8316602687213
21018	33.8316242733635
21056	33.8315843035355
21058	33.8315807704477
21064	33.8315710394794
21066	33.8315250730938
21076	33.8315071448267
21092	33.8314662315051
21098	33.8314603055411
21100	33.8314417563325
21102	33.8314092635830
21118	33.8313830157087
21126	33.831348651384
21132	33.8313245100829
21156	33.83131688691
21164	33.8313055222909
21184	33.8312659512492
21194	33.8312029001580
21226	33.8311915587352
21232	33.8311674923555
21238	33.8311649604503
21252	33.8311336151256
21254	33.8311239831828
21280	33.8311125370952
21288	33.8310457240649
21308	33.8309611576166
21324	33.8308968233293
21350	33.8308900842476
21364	33.8308519274989
21384	33.8308205928847
21394	33.830805050495
21402	33.8308028277508
21412	33.8307765939276
21418	33.8307419264509
21422	33.8307289921681
21438	33.830728370451
21442	33.8306724452114
21444	33.8306598124545
21456	33.830594214999
21480	33.8305534285419
21492	33.8305010390675
21512	33.8304988897017
21532	33.8304868084461
21534	33.8304706287216
21540	33.830392716532
21560	33.8303624926594
21570	33.8303421902072
21580	33.8303247679912
21600	33.8303103226196
21602	33.8302740040177
21612	33.8302584338903
21614	33.8301784197506
21636	33.8301408326325
21640	33.8301154865355
21642	33.8301123058813
21652	33.8300878606375
21656	33.8300613617166
21680	33.8299986353559
21690	33.8299667313914
21700	33.8299071078804
21704	33.8298312230163
21726	33.829818106721
21748	33.8297961785360
21756	33.829715196587
21794	33.8297021647985
21804	33.8296741129283
21810	33.8296211723165
21812	33.8295780901817
21824	33.8295752577658
21840	33.8295609796162
21844	33.8295329400889
21852	33.8295226414823
21856	33.8295068866739
21860	33.829489316205
21872	33.8294615793295
21892	33.8294396062177
21904	33.8294374756407
21910	33.8294096126202
21914	33.8293886970837
21940	33.8293738041234
21944	33.8293378634287
21980	33.8293333416662
21994	33.8293195839619
22004	33.8293009764065
22006	33.8292939450873
22018	33.8292852253015
22026	33.8292596281662
22072	33.8292426582154
22092	33.8292384216612
22104	33.8292322386447
22110	33.8292311301336
22126	33.8292290070586
22128	33.8292244645987
22142	33.8292238145206
22144	33.8292200284529
22148	33.8292148227701
22158	33.8292055628081
22198	33.8291937802525
22210	33.8291931949378
22212	33.8291900989548
22230	33.8291887260338
22236	33.8291873728879
22238	33.8291867009356
22246	33.829174556454
22260	33.829174454021
22264	33.8291741304915
22274	33.8291704319549
22280	33.8291535557021
22290	33.8291506238467
22300	33.8291425608045
22314	33.8291265915426
22346	33.8291187491087
22354	33.8291080652477
22388	33.8291044492011
22402	33.8291036267099
22404	33.8291013907524
22410	33.8290984536471
22424	33.8290930274201
22430	33.8290840213504
22442	33.8290681814957
22498	33.8290661346376
22554	33.8290634896856
22570	33.8290619124374
22572	33.8290581526727
22586	33.8290567952966
22592	33.8290555033955
22618	33.8290519693640
22624	33.8290467026474
22632	33.8290455945272
22640	33.829042491207
22646	33.8290413289461
22654	33.8290368900774
22658	33.8290336902995
22668	33.8290281062517
22676	33.8290280260304
22678	33.8290267647834
22688	33.8290256699271
22692	33.8290250858248
22702	33.8290209591539
22718	33.8290202072408
22720	33.8290197091124
22738	33.8290159752777
22746	33.8290156918319
22752	33.8290088408236
22754	33.8290071158835
22762	33.8289974257056
22772	33.8289931044047
22786	33.8289888241796
22790	33.8289818559868
22794	33.8289788298444
22798	33.8289754326669
22810	33.82895866052
22822	33.8289569280166
22832	33.8289568911256
22838	33.8289522843798
22840	33.8289478166557
22848	33.828940327766
22866	33.8289355526495
22868	33.8289344599043
22876	33.8289195560420
22880	33.8289192362615
22886	33.8289188108861
22888	33.8289162851153
22900	33.8289139619768
22902	33.8289006385742
22938	33.8289005126469
22960	33.8288929991933
22976	33.8288861857892
22982	33.8288835527164
22990	33.828881146692
23000	33.8288787287303
23002	33.8288779472892
23010	33.8288674583831
23014	33.8288659131822
23020	33.828862914593
23038	33.8288603121766
23042	33.8288505871026
23062	33.828849982192
23072	33.8288409739435
23076	33.8288376150692
23078	33.8288307631905
23094	33.8288211268423
23096	33.8288047978053
23098	33.8288016786576
23108	33.8287965973304
23172	33.8287922910952
23178	33.8287915555980
23190	33.8287832621079
23210	33.8287775736105
23224	33.8287758463182
23248	33.8287754131089
23250	33.8287706067287
23260	33.8287683796095
23282	33.8287656500058
23296	33.8287580339076
23316	33.82875630166
23318	33.8287557076863
23330	33.8287545583556
23342	33.8287539845384
23346	33.8287516993056
23350	33.8287516020944
23356	33.8287513495744
23358	33.8287470209156
23366	33.8287460728356
23372	33.8287455300458
23376	33.8287444592662
23394	33.8287435072375
23398	33.8287411941507
23408	33.828741146656
23424	33.8287400039339
23440	33.8287393677665
23454	33.8287386078175
23456	33.8287382461108
23466	33.828736596312
23494	33.8287337997287
23500	33.8287327673538
23518	33.8287307916567
23526	33.8287304960514
23528	33.8287215945095
23532	33.8287209558215
23536	33.8287183263852
23538	33.8287167780387
23588	33.8287153970131
23604	33.8287148404697
23624	33.8287140389829
23626	33.8287124687729
23646	33.8287092737906
23650	33.8287092055652
23664	33.8287080881266
23668	33.8287076313442
23680	33.828705886183
23690	33.8287056808536
23708	33.8287055108308
23714	33.8287045063141
23716	33.8287032476791
23720	33.8287029997726
23726	33.8287029493248
23730	33.8287025925107
23742	33.8287016893166
23756	33.8286996281955
23778	33.8286986924976
23790	33.8286983987805
23792	33.8286970065577
23808	33.8286968419147
23818	33.8286967751754
23834	33.8286966820254
23838	33.8286956839289
23886	33.8286935967776
23912	33.8286932137015
23930	33.8286930765699
23944	33.8286918106225
23978	33.828691617713
23986	33.8286915382296
23988	33.8286903466523
23994	33.8286895681142
24006	33.8286888825223
24032	33.8286876067439
24042	33.8286865916462
24060	33.8286854791312
24074	33.8286845873115
24086	33.8286844062421
24090	33.8286833519763
24096	33.8286832949316
24112	33.82868273985
24114	33.8286817551996
24130	33.8286813753865
24152	33.828680055279
24168	33.8286788570566
24196	33.8286784477792
24200	33.8286780528238
24206	33.8286774837047
24208	33.8286774071095
24210	33.8286768924167
24226	33.8286754467935
24228	33.8286741392159
24264	33.8286738506065
24266	33.8286735316923
24268	33.8286733315188
24270	33.8286729644169
24274	33.8286726880992
24282	33.8286723800051
24294	33.8286709566034
24300	33.8286709444205
24304	33.8286706051837
24310	33.8286704738746
24318	33.8286700464001
24326	33.8286699474706
24332	33.8286697337904
24348	33.8286681854207
24366	33.8286681592655
24398	33.8286676302676
24404	33.8286674424294
24430	33.8286671415418
24446	33.8286665139846
24472	33.8286664083752
24474	33.8286658936207
24484	33.8286652867059
24502	33.8286649479061
24522	33.8286641275053
24524	33.8286638559027
24552	33.8286629458876
24558	33.8286625873984
24566	33.8286624799586
24570	33.8286616558532
24584	33.8286611593828
24592	33.8286608110427
24602	33.8286603959676
24634	33.8286603216333
24638	33.8286602267515
24644	33.8286599104553
24650	33.8286598734080
24654	33.8286597844976
24658	33.8286596482032
24660	33.8286593945817
24662	33.8286588090984
24670	33.8286584701288
24694	33.8286581769454
24710	33.8286579196586
24714	33.8286571364387
24734	33.8286570975421
24744	33.8286569634124
24748	33.8286567695422
24752	33.8286567641922
24764	33.8286566386777
24772	33.8286565531022
24780	33.8286557995424
24788	33.8286554965297
24812	33.8286548872506
24814	33.828654710973
24822	33.8286544594358
24834	33.8286539847549
24862	33.8286539664228
24864	33.8286538904830
24888	33.8286536930441
24896	33.8286530683268
24912	33.8286530562386
24914	33.8286530226410
24918	33.8286528427784
24928	33.8286528079478
24932	33.8286526634657
24934	33.8286525605511
24964	33.8286523454616
24976	33.8286519365243
25000	33.8286518442693
25002	33.8286514715844
25008	33.828651443397
25016	33.8286512015453
25018	33.8286511293114
25020	33.8286507600348
25042	33.8286506521261
25054	33.8286505878026
25056	33.8286503275562
25070	33.8286499822022
25114	33.8286498654878
25120	33.8286496865673
25122	33.8286494747441
25138	33.8286494569127
25142	33.8286494556194
25144	33.8286490934597
25148	33.8286486822695
25202	33.8286485918946
25208	33.8286485073408
25220	33.8286483235159
25236	33.8286482195975
25244	33.8286478919978
25270	33.8286478472471
25276	33.8286475968426
25282	33.8286469706057
25318	33.8286469031686
25334	33.828646670834
25344	33.8286464322958
25354	33.8286462859332
25360	33.8286462726490
25364	33.8286461392592
25380	33.8286459998192
25384	33.8286457046226
25394	33.828645634846
25402	33.828645593399
25410	33.8286455045302
25424	33.8286453417104
25430	33.8286450578284
25436	33.8286448796967
25448	33.8286448668344
25460	33.8286447816319
25464	33.8286447489575
25470	33.8286445659791
25494	33.8286443945726
25502	33.8286443161819
25508	33.8286441980857
25510	33.8286441950508
25516	33.8286436976965
25532	33.8286436176565
25538	33.8286435556926
25554	33.8286433651413
25556	33.8286431459885
25570	33.8286430693279
25582	33.8286429339853
25594	33.8286427145403
25598	33.8286422066622
25606	33.8286421969756
25608	33.8286421642068
25618	33.8286420712019
25628	33.8286418900056
25642	33.8286418754383
25652	33.8286418734825
25656	33.828641836499
25658	33.8286418095258
25660	33.8286417092295
25664	33.8286415334323
25678	33.8286412205551
25698	33.8286410391084
25704	33.828640954879
25712	33.8286405821374
25728	33.8286404408575
25732	33.8286403406853
25734	33.8286398428738
25736	33.8286388475069
25744	33.8286388253389
25746	33.8286387765537
25750	33.8286384420871
25752	33.8286374313628
25760	33.8286367221563
25794	33.8286355822956
25806	33.8286349160390
25826	33.8286342020971
25836	33.8286338461968
25840	33.8286333831019
25844	33.8286333612893
25846	33.8286332402529
25856	33.8286331692252
25858	33.8286331635296
25860	33.8286326295724
25864	33.8286325427291
25878	33.8286322076148
25902	33.8286319116654
25928	33.8286312731843
25936	33.8286300379941
25968	33.828629701727
25972	33.828629558198
25978	33.8286291111716
25984	33.8286288904046
25990	33.8286285847942
25992	33.8286281540527
25994	33.828627571371
26014	33.8286268730727
26030	33.8286267125271
26070	33.828626115666
26078	33.8286256115444
26096	33.8286251771066
26100	33.8286250665514
26110	33.8286248503200
26118	33.8286245304667
26124	33.8286239989654
26128	33.8286235229366
26136	33.8286233042778
26154	33.8286212514607
26172	33.8286211438914
26210	33.8286204240481
26250	33.8286203854964
26254	33.8286201446429
26260	33.8286197453782
26288	33.8286195008251
26292	33.8286194031978
26310	33.828619289827
26318	33.8286190361697
26328	33.8286187821534
26336	33.8286182564365
26350	33.8286176687625
26354	33.8286174127216
26358	33.8286173668611
26394	33.8286171382777
26404	33.8286167398463
26416	33.8286167361535
26436	33.8286163537931
26448	33.8286162541149
26462	33.8286161221558
26464	33.8286160147284
26474	33.8286157009403
26484	33.8286156234719
26506	33.8286155292093
26512	33.828615392729
26526	33.8286153918824
26528	33.8286149868525
26546	33.8286148779134
26550	33.8286144162321
26554	33.8286142159371
26566	33.8286139649018
26572	33.8286132545413
26590	33.8286132412951
26592	33.8286130297264
26604	33.8286122549403
26610	33.8286122264201
26612	33.8286121909441
26630	33.8286111088195
26632	33.8286109848817
26644	33.8286108627015
26658	33.8286099658811
26662	33.8286075339224
26676	33.8286072648788
26700	33.8286071671938
26704	33.8286071422390
26706	33.8286052958969
26708	33.828604538174
26712	33.8286044731127
26728	33.8286043772976
26730	33.8286042710651
26750	33.8286039883882
26754	33.8286031918751
26784	33.8286015354602
26804	33.828601415101
26852	33.8286004758853
26856	33.8286004744607
26872	33.8286004344439
26874	33.8286000902447
26882	33.8285999556428
26904	33.8285987771346
26910	33.8285976158107
26936	33.8285976121027
26940	33.8285973351724
26980	33.8285969095258
26986	33.8285962744431
26998	33.8285961748908
27004	33.8285957912307
27032	33.828595590115
27036	33.8285942447528
27048	33.8285937205655
27076	33.8285931716606
27120	33.82859308278
27134	33.8285921843980
27146	33.8285921843827
27152	33.8285919221041
27162	33.8285918043272
27174	33.8285915407617
27182	33.8285914352567
27190	33.8285910306618
27202	33.8285903385083
27248	33.8285902980651
27264	33.8285900425532
27288	33.8285896730844
27294	33.828589340453
27330	33.8285892605756
27342	33.8285892221202
27346	33.8285892106254
27356	33.8285890758365
27360	33.8285887226347
27378	33.8285886010126
27384	33.8285885831752
27398	33.8285884419622
27414	33.8285883566818
27416	33.8285882612067
27424	33.8285880695174
27430	33.8285880367407
27444	33.8285879916362
27450	33.8285877922485
27456	33.8285877339790
27462	33.8285876027524
27476	33.8285875557784
27482	33.8285875066600
27486	33.8285873190267
27488	33.8285872753295
27494	33.8285871686603
27498	33.8285868295911
27508	33.8285863430049
27540	33.8285861307847
27548	33.8285860188347
27554	33.8285859897174
27566	33.8285858041809
27590	33.8285857529835
27598	33.8285856023731
27620	33.8285854604205
27630	33.8285854496193
27632	33.8285853794305
27650	33.8285852583314
27656	33.8285851729991
27676	33.8285849674124
27702	33.8285848752121
27710	33.8285847524003
27726	33.8285847123592
27728	33.8285845155345
27780	33.8285844083607
27798	33.8285842824215
27800	33.8285842440631
27828	33.8285839911061
27838	33.8285839858163
27844	33.8285838284169
27852	33.8285837360843
27870	33.8285834874531
27876	33.8285834076962
27892	33.8285833781984
27900	33.8285832219164
27914	33.8285830778633
27916	33.8285830524123
27936	33.828582972622
27940	33.8285829623135
27948	33.8285827736811
27966	33.8285825333426
27974	33.8285820378487
27990	33.8285820339654
27992	33.8285817110646
27998	33.8285811814813
28014	33.8285811010497
28020	33.82858090462
28042	33.8285808786707
28044	33.8285805827907
28080	33.8285804998903
28084	33.8285799124556
28116	33.8285799041646
28130	33.828579670121
28158	33.8285795815643
28182	33.8285795191309
28188	33.8285794852328
28190	33.8285793892312
28194	33.8285791241901
28196	33.8285790327913
28202	33.8285788027001
28206	33.828578620064
28212	33.8285785197222
28230	33.8285781632312
28254	33.8285777314802
28258	33.8285777025865
28266	33.8285772956755
28272	33.8285770673579
28282	33.8285768142848
28288	33.8285762087256
28364	33.8285761726931
28366	33.8285761281939
28368	33.8285756625823
28394	33.8285755933806
28398	33.8285755610243
28408	33.828575476402
28412	33.8285754294282
28414	33.8285753387465
28434	33.8285751285746
28450	33.8285748229836
28458	33.8285744762185
28472	33.8285744350384
28498	33.8285741892234
28506	33.8285741611718
28522	33.8285741380990
28524	33.8285740580663
28538	33.8285739599725
28560	33.8285738795783
28564	33.8285738661237
28572	33.8285738216784
28590	33.8285736340395
28592	33.8285736317898
28608	33.8285735581281
28618	33.8285733832121
28632	33.8285732184782
28642	33.8285730300988
28660	33.8285729349804
28666	33.8285728266276
28674	33.8285727138128
28682	33.8285726290511
28684	33.8285724652284
28690	33.8285723909932
28700	33.8285722049153
28710	33.8285717680213
28716	33.8285716632772
28752	33.8285714978348
28774	33.8285714203745
28794	33.8285713288739
28798	33.8285712867903
28808	33.8285712131447
28834	33.8285710641583
28848	33.8285708497363
28860	33.8285707986867
28876	33.8285707451228
28894	33.8285707152014
28904	33.8285706639068
28912	33.8285705551465
28934	33.8285704005374
28938	33.8285703985279
28944	33.8285703653325
28988	33.8285703567021
29004	33.8285703184202
29010	33.82857031045
29032	33.8285702558391
29036	33.8285702146955
29038	33.8285702047627
29054	33.8285702027276
29058	33.8285701878483
29060	33.8285700681165
29070	33.8285700010041
29078	33.8285699700394
29092	33.8285698917567
29120	33.8285698104711
29134	33.8285696379526
29142	33.8285696306223
29146	33.828569572872
29170	33.8285695433967
29172	33.8285695181811
29176	33.8285694570692
29178	33.828569413506
29184	33.8285694014336
29190	33.8285693851121
29192	33.8285693683436
29198	33.8285692936035
29204	33.8285691941562
29238	33.828569179407
29240	33.8285691650756
29250	33.8285691565794
29262	33.8285691147538
29276	33.8285690437737
29290	33.8285689306992
29328	33.8285688579427
29340	33.8285688017772
29342	33.8285687935873
29356	33.8285687562169
29360	33.8285685687921
29376	33.8285684917655
29392	33.8285683959218
29400	33.8285682670621
29416	33.8285680740966
29450	33.8285679857295
29452	33.8285679801728
29454	33.8285679190452
29492	33.8285678912507
29500	33.8285678030328
29532	33.8285677809801
29538	33.8285677743913
29550	33.8285677669140
29552	33.8285677245732
29554	33.8285676630356
29556	33.8285676342457
29574	33.8285676315229
29576	33.8285675811050
29582	33.8285675389413
29584	33.8285675028746
29594	33.8285674645539
29606	33.8285674540585
29614	33.8285673712097
29618	33.8285673070592
29624	33.8285672976287
29630	33.8285672868201
29648	33.8285672119151
29662	33.8285671341497
29670	33.8285670907479
29688	33.8285670761702
29698	33.8285669880775
29736	33.8285669632122
29748	33.8285669278303
29756	33.8285668300403
29772	33.8285668127204
29788	33.8285667731406
29794	33.8285667412898
29832	33.8285667313527
29836	33.8285666340215
29848	33.8285666006321
29860	33.8285665329128
29872	33.8285665101102
29874	33.8285665053490
29878	33.8285664944225
29880	33.8285664433161
29882	33.8285663717985
29888	33.8285663494176
29894	33.8285662185648
29898	33.8285662168952
29904	33.8285661227855
29906	33.8285660458753
29928	33.8285660229388
29958	33.8285660094027
29962	33.8285659672222
29972	33.8285659373591
29984	33.8285659189833
29986	33.8285657766676
29994	33.8285657376536
30010	33.8285657351781
30024	33.8285657023688
30032	33.8285656745249
30080	33.8285656233159
30088	33.8285655552115
30090	33.8285655430781
30098	33.8285655396702
30106	33.8285655276595
30110	33.8285654978994
30122	33.8285654033469
30170	33.8285653665984
30172	33.828565279447
30192	33.8285652416111
30226	33.828565173535
30234	33.8285651229665
30244	33.8285651135629
30258	33.8285649924823
30266	33.8285649555748
30272	33.8285648525079
30290	33.828564829368
30296	33.8285647776504
30308	33.8285647594689
30338	33.8285647441353
30350	33.8285645236149
30376	33.8285644725132
30390	33.8285644302684
30394	33.8285644132266
30422	33.8285643084951
30456	33.8285642617336
30486	33.8285642615147
30490	33.8285641553099
30516	33.8285641064014
30550	33.8285640982247
30554	33.8285640836792
30560	33.8285639894184
30568	33.828563977376
30572	33.8285639420451
30588	33.8285639310426
30596	33.8285639086758
30600	33.8285638821551
30608	33.8285638426481
30612	33.8285637815027
30616	33.8285637047210
30624	33.8285636089032
30628	33.8285635321183
30660	33.8285634962551
30662	33.8285634577612
30664	33.8285634073642
30672	33.8285633998792
30682	33.8285633674458
30704	33.8285632760106
30734	33.828563269354
30742	33.8285631765749
30780	33.8285630981841
30796	33.8285630901922
30802	33.8285630656083
30814	33.8285630444591
30826	33.8285629459866
30834	33.8285629393434
30846	33.8285629329572
30850	33.8285629286710
30864	33.8285628583295
30866	33.8285628388775
30876	33.8285628078064
30890	33.8285627673545
30902	33.8285627223596
30918	33.8285626514527
30938	33.8285626493306
30944	33.8285625103056
30956	33.8285625064650
30966	33.8285624445598
30980	33.8285623291937
30982	33.8285622927854
30990	33.8285622752293
31010	33.8285621889204
31040	33.8285621391561
31042	33.8285620815206
31058	33.8285620731729
31062	33.8285620113271
31080	33.8285619056196
31084	33.82856183961
31100	33.8285618051364
31122	33.8285618003033
31134	33.8285617898694
31136	33.8285617887837
31140	33.8285617543692
31154	33.8285615886005
31160	33.8285615068258
31162	33.8285614543843
31166	33.8285612757954
31188	33.8285612535243
31194	33.8285612018346
31232	33.8285611923302
31238	33.8285611700982
31250	33.8285611618053
31260	33.8285611269233
31262	33.8285610912521
31282	33.8285610372667
31298	33.8285610082347
31312	33.8285609675152
31336	33.8285609239591
31348	33.8285609051647
31366	33.8285608387465
31386	33.8285608282836
31394	33.8285607652242
31406	33.8285607603674
31408	33.8285607397706
31414	33.8285607181363
31424	33.8285607177430
31432	33.8285606857701
31436	33.828560568427
31458	33.828560508203
31468	33.8285605029523
31482	33.8285604842166
31490	33.8285604025744
31498	33.8285603819385
31502	33.8285603807228
31504	33.8285603614693
31512	33.8285601845632
31540	33.8285601045777
31566	33.8285600874326
31582	33.8285600684872
31610	33.828559999556
31620	33.8285599839506
31632	33.8285599639904
31644	33.8285599060163
31674	33.8285598891155
31676	33.828559852913
31690	33.8285598298638
31692	33.8285598235665
31704	33.8285598148863
31722	33.8285597986866
31724	33.8285597765708
31762	33.8285597455927
31766	33.8285597440875
31780	33.8285597410040
31790	33.8285597374297
31800	33.8285597355809
31804	33.8285597195657
31818	33.8285597098323
31828	33.8285596871976
31842	33.8285596726467
31846	33.8285596707249
31850	33.8285596697609
31860	33.8285596439122
31866	33.8285596246286
31904	33.8285596143922
31912	33.8285596019075
31926	33.828559600506
31928	33.8285595866532
31932	33.8285595802858
31940	33.8285595725547
31950	33.8285595589654
31978	33.8285595538208
31992	33.8285595241264
32016	33.8285595194277
32018	33.8285595158049
32024	33.8285595143982
32036	33.828559500046
32038	33.8285594970551
32058	33.8285594838921
32078	33.8285594784509
32086	33.8285594768673
32094	33.8285594762127
32096	33.8285594750150
32110	33.8285594580403
32122	33.8285594559753
32130	33.8285594312206
32166	33.8285594201239
32176	33.8285594066736
32218	33.8285593957302
32250	33.828559373178
32308	33.828559363072
32326	33.8285593627593
32328	33.8285593543666
32332	33.8285593369919
32344	33.828559328091
32354	33.8285593154238
32360	33.8285593144879
32362	33.8285592920862
32392	33.8285592917414
32400	33.8285592778035
32420	33.8285592775201
32424	33.8285592587692
32440	33.8285592585962
32444	33.8285592501878
32450	33.8285592469066
32452	33.8285592349806
32486	33.8285592308135
32494	33.8285592297259
32508	33.8285592126595
32518	33.8285591853892
32528	33.8285591766321
32556	33.8285591741959
32560	33.8285591702465
32568	33.8285591611201
32574	33.8285591461494
32584	33.828559130656
32630	33.8285591234367
32636	33.8285591140679
32642	33.8285590997488
32650	33.8285590754103
32656	33.8285590727533
32666	33.8285590724241
32674	33.8285590641309
32676	33.8285590570769
32678	33.8285590453773
32696	33.8285590451203
32702	33.8285590137922
32740	33.8285590086568
32762	33.8285590026937
32778	33.828558970127
32826	33.8285589640668
32842	33.8285589615191
32844	33.8285589525068
32856	33.8285589462949
32862	33.8285589453859
32880	33.8285589413079
32882	33.8285589395776
32890	33.8285589366366
32892	33.8285589291058
32896	33.8285589259748
32920	33.828558925817
32924	33.8285589215754
32926	33.8285589091910
32928	33.8285589010641
32934	33.8285588820015
32954	33.8285588790463
32956	33.8285588755861
32988	33.828558873469
32998	33.8285588714263
33000	33.8285588539305
33034	33.8285588535685
33042	33.8285588517658
33048	33.8285588513275
33052	33.8285588417953
33064	33.8285588410406
33072	33.8285588332449
33076	33.8285588253886
33078	33.8285588232751
33098	33.8285588201517
33100	33.8285588131025
33104	33.8285587993514
33116	33.8285587773208
33152	33.8285587771966
33162	33.8285587719748
33176	33.8285587653031
33198	33.8285587626909
33212	33.8285587536552
33224	33.8285587527697
33240	33.8285587424509
33262	33.8285587335154
33270	33.8285587332632
33276	33.8285587313552
33278	33.8285587287644
33288	33.8285587188826
33298	33.8285587162407
33308	33.8285587101601
33314	33.8285587032589
33316	33.8285587028796
33320	33.828558688729
33324	33.8285586666588
33370	33.8285586619032
33404	33.8285586597535
33412	33.8285586493024
33448	33.8285586415616
33458	33.8285586397172
33460	33.8285586351521
33480	33.8285586189081
33512	33.8285586021244
33532	33.8285585967582
33546	33.8285585941796
33588	33.828558593926
33596	33.8285585748712
33618	33.828558568299
33622	33.8285585617623
33636	33.8285585568278
33648	33.8285585542523
33650	33.8285585530551
33662	33.8285585356231
33668	33.8285585313038
33690	33.8285585304031
33698	33.8285585246102
33700	33.828558507249
33716	33.8285585064602
33736	33.8285585056314
33746	33.8285585047636
33748	33.8285584969392
33750	33.8285584913944
33776	33.8285584793075
33784	33.8285584597265
33796	33.8285584547495
33806	33.8285584490172
33820	33.8285584465651
33826	33.8285584362915
33852	33.8285584335683
33868	33.8285584307421
33870	33.8285584188792
33872	33.8285584175902
33876	33.8285584132356
33886	33.8285584066519
33906	33.8285583985243
33908	33.8285583980431
33924	33.8285583965422
33926	33.8285583727398
33940	33.8285583635618
33944	33.8285583603634
33946	33.8285583594863
33954	33.8285583520689
33986	33.8285583447107
33992	33.828558327638
33998	33.828558325514
34006	33.8285583234334
34008	33.8285583173805
34018	33.8285583162995
34028	33.8285582884570
34036	33.8285582733905
34068	33.8285582725672
34070	33.8285582589716
34084	33.8285582568907
34104	33.8285582441303
34108	33.8285582365722
34130	33.8285582237412
34144	33.8285582236512
34146	33.8285582208443
34148	33.8285582170338
34156	33.8285582152325
34166	33.8285582079375
34180	33.8285582076888
34186	33.8285581950662
34222	33.8285581901454
34226	33.8285581830201
34230	33.8285581819168
34240	33.8285581800494
34248	33.8285581763883
34250	33.8285581735257
34262	33.8285581727788
34264	33.8285581706718
34278	33.828558168939
34280	33.8285581678561
34284	33.8285581627191
34290	33.8285581603471
34296	33.8285581572287
34312	33.8285581437713
34314	33.8285581436932
34332	33.8285581360192
34364	33.8285581320654
34366	33.828558126812
34394	33.8285581179937
34420	33.8285581129583
34426	33.8285581115892
34428	33.8285581100242
34446	33.8285581049969
34450	33.8285581043415
34456	33.8285581036713
34460	33.8285580935039
34488	33.8285580783527
34508	33.8285580754972
34512	33.8285580660268
34542	33.8285580628947
34546	33.8285580586399
34552	33.8285580583348
34558	33.8285580450988
34584	33.8285580370584
34592	33.8285580339724
34602	33.8285580227186
34644	33.8285580073699
34690	33.8285580050833
34704	33.8285580050819
34708	33.8285579995462
34712	33.8285579983402
34732	33.8285579898512
34734	33.8285579889543
34746	33.8285579884501
34750	33.8285579844008
34766	33.8285579768997
34768	33.8285579755351
34772	33.8285579751057
34784	33.828557973317
34788	33.8285579670622
34798	33.8285579562518
34820	33.8285579345231
34834	33.8285579317786
34842	33.8285579270375
34866	33.8285579262260
34878	33.8285579249967
34880	33.8285579219311
34886	33.8285579155792
34888	33.8285579096597
34912	33.8285579038868
34928	33.8285579007599
34938	33.8285578969067
34956	33.8285578872729
34994	33.8285578853192
34998	33.8285578810245
35010	33.8285578753382
35034	33.8285578752376
35036	33.8285578723262
35050	33.8285578717049
35060	33.8285578700258
35070	33.8285578690972
35078	33.8285578670781
35082	33.8285578651985
35104	33.8285578627931
35112	33.8285578612971
35124	33.8285578593277
35126	33.8285578499253
35164	33.8285578495758
35166	33.828557849289
35168	33.8285578482557
35178	33.8285578479833
35182	33.8285578472018
35194	33.8285578461223
35196	33.8285578460472
35202	33.8285578426485
35206	33.8285578403928
35212	33.8285578348812
35224	33.8285578333636
35226	33.8285578286842
35230	33.8285578260193
35238	33.8285578220015
35240	33.8285578181429
35266	33.8285578097574
35270	33.8285578003935
35296	33.8285577985402
35320	33.8285577901343
35322	33.8285577853138
35332	33.8285577808088
35352	33.8285577775116
35356	33.8285577694201
35368	33.8285577682683
35370	33.8285577669259
35378	33.8285577603572
35380	33.8285577488968
35424	33.8285577472909
35438	33.828557744993
35452	33.8285577430664
35456	33.8285577426277
35468	33.8285577372511
35478	33.8285577361754
35492	33.8285577323797
35508	33.8285577251494
35564	33.8285577250178
35576	33.8285577244213
35580	33.8285577242052
35584	33.828557723606
35588	33.8285577221909
35594	33.8285577165179
35628	33.8285577124869
35636	33.8285577056675
35640	33.8285577031007
35646	33.8285576980011
35670	33.8285576950786
35676	33.8285576933553
35686	33.828557692015
35696	33.8285576907738
35702	33.8285576875646
35732	33.8285576872002
35740	33.8285576860669
35750	33.8285576860257
35762	33.8285576848724
35774	33.8285576797072
35812	33.8285576793490
35818	33.8285576779992
35824	33.8285576775484
35826	33.8285576756668
35834	33.8285576744124
35836	33.8285576738895
35852	33.8285576713517
35854	33.8285576684471
35862	33.8285576653355
35872	33.8285576650764
35874	33.8285576634626
35882	33.8285576540834
35900	33.8285576513613
35922	33.828557641292
35972	33.8285576390330
35988	33.8285576377577
35994	33.8285576371273
36002	33.8285576276442
36016	33.8285576248405
36022	33.8285576228389
36046	33.8285576203616
36066	33.8285576193819
36084	33.8285576182708
36102	33.8285576175355
36106	33.8285576142061
36158	33.828557613459
36160	33.8285576125779
36192	33.8285576074544
36212	33.828557606825
36228	33.8285576044870
36232	33.8285576042364
36242	33.8285576036534
36264	33.8285576020076
36308	33.8285576011814
36324	33.828557600549
36332	33.8285575991106
36350	33.8285575986975
36354	33.8285575976415
36358	33.8285575970800
36374	33.8285575967879
36382	33.8285575961365
36394	33.8285575958461
36408	33.8285575953530
36420	33.8285575950052
36434	33.8285575946059
36440	33.8285575943648
36448	33.8285575940307
36450	33.8285575930078
36462	33.8285575908738
36498	33.8285575887787
36500	33.8285575876107
36504	33.8285575867863
36532	33.8285575863455
36538	33.8285575859471
36546	33.8285575841995
36572	33.8285575827253
36588	33.8285575810363
36602	33.8285575797015
36614	33.8285575786827
36616	33.828557577862
36630	33.8285575767312
36632	33.8285575748174
36634	33.8285575733761
36646	33.8285575701091
36660	33.8285575695214
36702	33.8285575694161
36714	33.8285575686735
36722	33.8285575683408
36744	33.8285575677234
36790	33.8285575677135
36822	33.8285575671129
36824	33.8285575671068
36840	33.8285575658817
36854	33.8285575650969
36868	33.828557564822
36880	33.8285575646680
36890	33.8285575646625
36896	33.8285575645057
36898	33.8285575644568
36906	33.8285575641264
36922	33.8285575637623
36924	33.8285575637321
36942	33.8285575628031
36952	33.8285575619337
36962	33.8285575614126
36984	33.8285575613054
36992	33.8285575609343
36996	33.8285575595805
37022	33.8285575595341
37044	33.8285575587897
37072	33.8285575583777
37090	33.8285575581301
37092	33.8285575581294
37098	33.8285575575690
37142	33.8285575575105
37152	33.828557557217
37162	33.8285575570475
37170	33.8285575569654
37178	33.8285575565222
37186	33.8285575559041
37194	33.8285575558811
37198	33.8285575554357
37202	33.8285575545008
37208	33.8285575544822
37224	33.8285575542575
37226	33.8285575542385
37238	33.828557553831
37260	33.8285575537788
37290	33.8285575536199
37292	33.8285575533362
37294	33.8285575532178
37300	33.8285575525436
37302	33.8285575521657
37306	33.828557551703
37332	33.8285575515809
37370	33.8285575514699
37372	33.8285575513467
37374	33.8285575508106
37390	33.8285575504873
37410	33.8285575504186
37416	33.8285575503024
37422	33.8285575502748
37424	33.8285575501473
37426	33.8285575500366
37454	33.8285575499905
37456	33.8285575495702
37458	33.8285575494859
37466	33.8285575494095
37482	33.8285575492058
37484	33.8285575490014
37488	33.828557548632
37500	33.828557548435
37504	33.8285575480966
37514	33.8285575473522
37518	33.8285575469987
37556	33.8285575469352
37558	33.8285575466812
37598	33.8285575462025
37636	33.8285575459469
37648	33.8285575458663
37656	33.8285575458242
37658	33.8285575456767
37676	33.8285575454037
37678	33.8285575452926
37680	33.8285575451462
37682	33.8285575451400
37692	33.8285575449798
37698	33.8285575445004
37700	33.828557544109
37708	33.8285575440916
37728	33.8285575425310
37770	33.8285575422561
37774	33.8285575421287
37778	33.8285575420987
37780	33.8285575416146
37788	33.8285575412338
37808	33.828557541075
37816	33.828557541052
37834	33.8285575409800
37838	33.8285575409369
37842	33.8285575407034
37844	33.8285575406953
37858	33.828557540384
37862	33.8285575394339
37894	33.8285575393626
37902	33.8285575392968
37904	33.8285575390164
37908	33.8285575384988
37942	33.8285575383881
37946	33.8285575382274
37950	33.8285575381603
37956	33.8285575378337
37958	33.828557537736
37968	33.8285575376692
37974	33.8285575365598
38026	33.8285575365596
38028	33.8285575362136
38044	33.8285575360087
38062	33.8285575359258
38066	33.8285575357011
38068	33.8285575356177
38080	33.8285575353914
38086	33.8285575353588
38096	33.8285575350503
38138	33.8285575345748
38180	33.8285575339733
38220	33.8285575339096
38230	33.8285575335929
38256	33.8285575334604
38268	33.8285575334303
38270	33.8285575334172
38272	33.8285575332899
38300	33.8285575331501
38310	33.8285575331288
38326	33.8285575330889
38338	33.8285575330273
38364	33.8285575329499
38386	33.8285575326945
38390	33.8285575325892
38406	33.8285575324031
38408	33.8285575323456
38442	33.8285575323034
38444	33.8285575322594
38456	33.828557532047
38474	33.8285575320145
38482	33.8285575319765
38490	33.8285575319481
38492	33.8285575319385
38520	33.8285575316537
38538	33.8285575315832
38560	33.8285575314875
38566	33.8285575314366
38572	33.8285575313026
38580	33.8285575312686
38586	33.8285575311489
38588	33.8285575310956
38598	33.8285575309668
38612	33.8285575309311
38618	33.828557530803
38624	33.8285575307289
38634	33.8285575306937
38636	33.8285575306051
38648	33.8285575305493
38656	33.828557530406
38684	33.8285575303426
38700	33.8285575303058
38710	33.8285575302474
38740	33.8285575301883
38742	33.8285575300777
38760	33.8285575300519
38768	33.8285575298875
38770	33.8285575298565
38782	33.8285575296866
38788	33.8285575296775
38808	33.8285575296559
38812	33.8285575295019
38852	33.8285575294785
38858	33.8285575294771
38880	33.8285575294244
38882	33.8285575293388
38886	33.8285575293166
38896	33.8285575292213
38906	33.8285575292097
38924	33.8285575291451
38930	33.8285575291438
38940	33.8285575291222
38954	33.8285575290182
38960	33.8285575289241
38998	33.8285575288518
39002	33.8285575288061
39004	33.8285575287772
39010	33.8285575286774
39018	33.8285575286642
39020	33.8285575286252
39034	33.8285575285292
39036	33.8285575284533
39056	33.8285575284102
39062	33.8285575283824
39072	33.8285575283688
39082	33.8285575283255
39090	33.8285575282719
39098	33.8285575282315
39114	33.8285575281833
39116	33.8285575281454
39120	33.8285575280767
39150	33.8285575280709
39152	33.8285575280498
39154	33.8285575280060
39164	33.8285575279863
39168	33.8285575279596
39186	33.8285575279522
39188	33.8285575279401
39190	33.8285575279371
39200	33.828557527934
39208	33.828557527906
39212	33.8285575279017
39228	33.8285575278774
39248	33.8285575278766
39260	33.828557527862
39264	33.8285575277874
39270	33.8285575277835
39280	33.8285575277583
39286	33.8285575277040
39294	33.8285575276820
39296	33.8285575276644
39298	33.8285575276183
39306	33.8285575275681
39324	33.8285575275549
39328	33.828557527546
39344	33.8285575274953
39356	33.8285575274843
39358	33.8285575274823
39386	33.8285575274693
39404	33.8285575274484
39410	33.8285575274027
39412	33.8285575273888
39430	33.8285575273573
39434	33.8285575273315
39438	33.8285575272749
39440	33.828557527262
39446	33.8285575272564
39450	33.8285575272277
39456	33.8285575272164
39490	33.8285575272049
39502	33.8285575271885
39506	33.8285575271374
39526	33.8285575271286
39528	33.8285575271023
39544	33.8285575271009
39546	33.8285575270985
39550	33.8285575270951
39564	33.8285575270779
39568	33.8285575270604
39594	33.8285575270604
39604	33.8285575269539
39606	33.8285575268823
39630	33.8285575268400
39632	33.8285575268032
39640	33.8285575267789
39652	33.8285575266746
39656	33.8285575265997
39662	33.8285575264737
39668	33.8285575264263
39676	33.8285575263909
39680	33.828557526357
39682	33.828557526346
39708	33.8285575262502
39714	33.8285575261920
39716	33.8285575261335
39732	33.8285575261288
39740	33.8285575261064
39746	33.8285575260988
39782	33.8285575260785
39792	33.8285575260241
39804	33.8285575259048
39806	33.8285575256974
39836	33.8285575256414
39846	33.8285575256169
39858	33.8285575256134
39872	33.8285575256066
39882	33.8285575255712
39890	33.8285575255187
39924	33.8285575254532
39934	33.8285575254199
39940	33.8285575252745
39950	33.8285575252584
39954	33.828557525214
39956	33.8285575250583
39986	33.8285575250382
39994	33.828557524955
40012	33.8285575249278
40020	33.8285575248982
40030	33.8285575247760
40044	33.8285575246261
40050	33.8285575244533
40070	33.8285575244458
40072	33.8285575241313
40084	33.8285575239889
40160	33.8285575239053
40168	33.8285575238389
40174	33.8285575238144
40196	33.828557523705
40206	33.8285575236972
40216	33.8285575236601
40224	33.828557523626
40238	33.8285575235410
40264	33.8285575234336
40276	33.8285575233787
40310	33.8285575233687
40314	33.8285575233222
40316	33.8285575233132
40326	33.8285575232862
40328	33.8285575232840
40332	33.828557523208
40352	33.8285575231709
40356	33.8285575231048
40370	33.828557523087
40376	33.8285575230345
40388	33.828557523013
40414	33.828557522984
40424	33.8285575229129
40432	33.8285575228488
40438	33.8285575228440
40448	33.8285575227981
40464	33.8285575227662
40474	33.8285575226859
40486	33.8285575226546
40500	33.8285575226409
40534	33.8285575226002
40576	33.8285575225931
40580	33.8285575225438
40598	33.828557522526
40616	33.8285575225011
40624	33.8285575224894
40628	33.828557522461
40646	33.8285575224424
40648	33.8285575224261
40652	33.8285575223867
40682	33.8285575223285
40696	33.8285575222906
40712	33.8285575222278
40720	33.8285575221855
40736	33.8285575221641
40744	33.8285575220806
40776	33.8285575220214
40794	33.8285575219974
40812	33.8285575219874
40834	33.8285575219273
40840	33.8285575219151
40850	33.8285575218935
40858	33.8285575218448
40874	33.8285575218322
40890	33.8285575218225
40916	33.8285575217991
40934	33.8285575217767
40944	33.8285575217517
40982	33.8285575217290
40996	33.8285575217243
41000	33.8285575217176
41012	33.8285575216449
41056	33.8285575216134
41094	33.8285575215885
41100	33.8285575215835
41104	33.8285575215755
41112	33.8285575215476
41124	33.8285575215049
41132	33.828557521472
41140	33.8285575214645
41144	33.8285575214561
41156	33.8285575214451
41166	33.828557521376
41172	33.8285575213099
41196	33.8285575212647
41256	33.8285575212256
41284	33.8285575212123
41290	33.8285575211942
41296	33.8285575211884
41322	33.8285575211692
41334	33.8285575211586
41362	33.8285575211475
41368	33.8285575211463
41370	33.8285575211322
41392	33.8285575211248
41414	33.8285575211065
41426	33.8285575210812
41448	33.8285575210721
41464	33.8285575210629
41468	33.8285575210447
41492	33.8285575210219
41518	33.8285575209937
41538	33.8285575209859
41568	33.8285575209709
41574	33.8285575209682
41576	33.8285575209547
41586	33.8285575209531
41596	33.8285575209274
41608	33.8285575209169
41628	33.8285575209134
41640	33.8285575209022
41642	33.8285575208853
41650	33.8285575208742
41672	33.8285575208125
41676	33.8285575208095
41682	33.8285575207751
41688	33.8285575207614
41760	33.8285575207488
41768	33.8285575207437
41770	33.8285575207364
41772	33.8285575207359
41786	33.8285575207312
41788	33.8285575207222
41794	33.8285575207157
41796	33.8285575207087
41810	33.8285575206908
41824	33.8285575206605
41840	33.8285575206095
41852	33.8285575206077
41856	33.8285575205992
41862	33.8285575205866
41882	33.8285575205807
41888	33.8285575205680
41898	33.8285575205529
41904	33.8285575205040
41912	33.8285575205020
41934	33.8285575204797
41940	33.8285575204568
41942	33.8285575204503
41976	33.8285575204369
41978	33.8285575204270
41986	33.8285575203917
41998	33.8285575203823
42002	33.8285575203784
42008	33.8285575203220
42014	33.8285575202952
42050	33.8285575202773
42058	33.8285575202575
42060	33.8285575202341
42072	33.8285575202019
42090	33.8285575201778
42092	33.8285575201705
42116	33.8285575201569
42122	33.8285575201330
42124	33.8285575201316
42138	33.8285575200964
42148	33.8285575200719
42170	33.8285575200666
42196	33.828557520064
42210	33.8285575200487
42216	33.8285575200251
42230	33.8285575200172
42236	33.8285575200081
42240	33.828557519993
42242	33.8285575199808
42248	33.8285575199752
42254	33.8285575199693
42262	33.8285575199655
42272	33.828557519943
42276	33.8285575199285
42288	33.8285575199078
42304	33.8285575198688
42306	33.8285575197884
42310	33.8285575197502
42318	33.8285575197203
42328	33.82855751971
42330	33.8285575196809
42332	33.8285575196621
42374	33.8285575196387
42388	33.8285575195876
42450	33.8285575195849
42468	33.8285575195588
42490	33.8285575195289
42524	33.8285575195189
42538	33.8285575195157
42546	33.8285575195023
42562	33.8285575194911
42568	33.8285575194848
42596	33.8285575194821
42608	33.8285575194755
42622	33.8285575194644
42632	33.8285575194634
42656	33.8285575194605
42668	33.828557519455
42680	33.8285575194484
42696	33.8285575194368
42712	33.8285575194307
42756	33.8285575194085
42782	33.8285575193795
42794	33.8285575193794
42800	33.8285575193748
42802	33.8285575193582
42832	33.8285575193399
42856	33.8285575193325
42874	33.82855751931
42878	33.828557519299
42882	33.8285575192835
42884	33.8285575192719
42892	33.8285575192711
42896	33.8285575192599
42914	33.8285575192545
42936	33.8285575192417
42960	33.8285575192413
42962	33.8285575192343
42968	33.8285575192152
42994	33.8285575192103
43010	33.8285575192013
43012	33.8285575191895
43040	33.8285575191873
43046	33.8285575191863
43048	33.8285575191845
43054	33.8285575191581
43060	33.8285575191520
43066	33.8285575191508
43104	33.8285575191496
43108	33.8285575191316
43180	33.8285575191287
43186	33.8285575191257
43194	33.8285575191248
43200	33.8285575191209
43206	33.8285575191205
43210	33.8285575191188
43220	33.8285575191108
43242	33.8285575191060
43250	33.8285575190943
43262	33.8285575190923
43266	33.8285575190884
43296	33.8285575190882
43302	33.8285575190881
43312	33.8285575190817
43322	33.8285575190767
43334	33.8285575190765
43338	33.8285575190678
43360	33.8285575190635
43362	33.8285575190578
43388	33.8285575190573
43394	33.8285575190487
43398	33.8285575190486
43414	33.8285575190427
43422	33.8285575190421
43432	33.8285575190404
43444	33.828557519037
43446	33.8285575190212
43448	33.8285575189930
43462	33.8285575189438
43478	33.8285575189297
43494	33.8285575189294
43506	33.8285575189156
43546	33.8285575188904
43556	33.8285575188733
43566	33.8285575188492
43574	33.8285575188403
43600	33.8285575188363
43610	33.8285575188322
43622	33.8285575188222
43640	33.8285575188207
43660	33.8285575188176
43662	33.8285575188068
43668	33.8285575188055
43672	33.8285575187964
43684	33.8285575187872
43694	33.8285575187815
43700	33.8285575187783
43706	33.8285575187771
43708	33.8285575187709
43716	33.8285575187418
43764	33.8285575187335
43778	33.8285575187214
43782	33.8285575187189
43784	33.8285575186993
43786	33.8285575186819
43810	33.8285575186802
43828	33.8285575186719
43836	33.8285575186687
43842	33.8285575186614
43852	33.8285575186587
43856	33.8285575186430
43884	33.8285575186382
43896	33.8285575186330
43912	33.8285575186179
43928	33.828557518616
43948	33.8285575186047
43952	33.8285575186005
43964	33.8285575185926
43972	33.828557518585
43990	33.8285575185552
44032	33.8285575185487
44040	33.8285575185402
44066	33.8285575185364
44082	33.8285575185361
44088	33.8285575185278
44090	33.8285575185275
44100	33.8285575185215
44112	33.8285575185057
44124	33.8285575185020
44138	33.8285575184661
44142	33.8285575184454
44160	33.8285575184341
44172	33.8285575184222
44190	33.8285575184009
44206	33.8285575183867
44216	33.8285575183806
44220	33.8285575183599
44224	33.8285575183593
44242	33.8285575183331
44254	33.8285575183246
44264	33.8285575183181
44276	33.8285575183073
44282	33.8285575182965
44324	33.8285575182962
44328	33.8285575182904
44334	33.8285575182827
44364	33.8285575182746
44402	33.8285575182726
44412	33.8285575182707
44424	33.8285575182575
44446	33.8285575182522
44462	33.8285575182463
44464	33.8285575182411
44474	33.8285575182316
44504	33.8285575182311
44506	33.8285575182241
44508	33.8285575182182
44534	33.8285575182149
44538	33.8285575182081
44556	33.8285575182068
44560	33.8285575182010
44564	33.8285575181991
44574	33.8285575181978
44578	33.828557518197
44604	33.8285575181959
44606	33.8285575181943
44608	33.8285575181926
44614	33.8285575181853
44618	33.8285575181841
44630	33.8285575181786
44632	33.8285575181777
44642	33.8285575181764
44658	33.8285575181701
44680	33.8285575181668
44692	33.8285575181585
44716	33.8285575181584
44728	33.8285575181584
44730	33.8285575181579
44734	33.8285575181567
44736	33.8285575181565
44744	33.8285575181532
44770	33.8285575181512
44774	33.8285575181509
44776	33.8285575181433
44800	33.8285575181415
44830	33.8285575181415
44846	33.8285575181383
44854	33.828557518134
44858	33.8285575181303
44862	33.8285575181300
44864	33.8285575181288
44866	33.8285575181261
44868	33.8285575181237
44878	33.8285575181195
44890	33.8285575181164
44906	33.8285575181139
44928	33.8285575181109
44930	33.8285575181045
44934	33.8285575181011
44942	33.8285575181003
44946	33.8285575180958
44960	33.8285575180913
44984	33.8285575180904
45004	33.828557518076
45020	33.8285575180729
45028	33.8285575180703
45030	33.8285575180611
45048	33.8285575180566
45062	33.828557518053
45064	33.8285575180377
45084	33.8285575180371
45098	33.828557518031
45114	33.8285575180275
45130	33.8285575180274
45132	33.8285575180248
45142	33.8285575180173
45156	33.8285575180111
45162	33.8285575180027
45178	33.828557518001
45206	33.8285575179974
45218	33.8285575179955
45230	33.8285575179942
45244	33.8285575179905
45252	33.8285575179825
45254	33.8285575179775
45282	33.8285575179746
45286	33.8285575179703
45294	33.8285575179702
45300	33.8285575179636
45304	33.8285575179583
45336	33.8285575179551
45338	33.8285575179538
45346	33.8285575179487
45360	33.8285575179476
45364	33.8285575179411
45380	33.82855751794
45388	33.8285575179383
45392	33.828557517935
45408	33.8285575179341
45414	33.8285575179240
45442	33.8285575179222
45450	33.8285575179169
45464	33.8285575179158
45466	33.8285575179153
45468	33.8285575179082
45478	33.8285575179006
45496	33.8285575178816
45520	33.8285575178813
45534	33.8285575178737
45540	33.8285575178706
45554	33.8285575178666
45560	33.8285575178599
45572	33.8285575178462
45586	33.8285575178451
45598	33.8285575178319
45632	33.8285575178230
45640	33.828557517823
45642	33.8285575178206
45668	33.8285575178136
45682	33.8285575178135
45694	33.82855751781
45710	33.8285575178097
45712	33.8285575177942
45770	33.8285575177941
45780	33.8285575177872
45794	33.8285575177838
45822	33.8285575177837
45832	33.8285575177837
45834	33.8285575177828
45844	33.8285575177824
45846	33.8285575177774
45862	33.8285575177773
45872	33.8285575177764
45882	33.8285575177722
45920	33.8285575177707
45934	33.8285575177675
45960	33.8285575177671
45964	33.8285575177656
45974	33.8285575177654
45980	33.8285575177646
45996	33.8285575177639
46002	33.8285575177599
46024	33.8285575177593
46038	33.8285575177581
46056	33.8285575177569
46082	33.8285575177559
46094	33.8285575177549
46106	33.8285575177545
46116	33.828557517753
46128	33.828557517753
46136	33.8285575177520
46156	33.8285575177514
46168	33.8285575177506
46172	33.8285575177504
46180	33.8285575177494
46186	33.8285575177483
46220	33.8285575177476
46222	33.8285575177476
46230	33.8285575177454
46258	33.8285575177408
46278	33.8285575177381
46294	33.8285575177379
46316	33.8285575177375
46318	33.8285575177362
46330	33.8285575177324
46356	33.8285575177321
46376	33.8285575177321
46382	33.8285575177320
46388	33.8285575177314
46398	33.8285575177308
46402	33.8285575177304
46410	33.8285575177302
46412	33.82855751773
46424	33.8285575177291
46444	33.8285575177282
46472	33.8285575177277
46480	33.8285575177274
46484	33.8285575177265
46488	33.8285575177251
46492	33.8285575177245
46494	33.8285575177245
46508	33.8285575177234
46538	33.8285575177223
46550	33.8285575177203
46596	33.8285575177201
46604	33.8285575177190
46610	33.8285575177178
46630	33.8285575177169
46644	33.8285575177163
46650	33.828557517716
46654	33.8285575177135
46668	33.8285575177128
46676	33.8285575177122
46718	33.8285575177117
46740	33.8285575177098
46754	33.8285575177098
46758	33.8285575177093
46766	33.828557517709
46770	33.8285575177080
46786	33.8285575177073
46818	33.8285575177061
46826	33.8285575177056
46850	33.8285575177052
46864	33.8285575177038
46884	33.8285575177032
46902	33.8285575177031
46916	33.8285575177021
46938	33.8285575177017
46946	33.8285575177016
46950	33.828557517701
46954	33.8285575177007
46958	33.8285575177001
46974	33.8285575177000
46984	33.8285575176992
46986	33.8285575176991
46988	33.828557517699
47004	33.8285575176982
47012	33.8285575176978
47034	33.8285575176971
47042	33.8285575176964
47064	33.8285575176947
47084	33.8285575176941
47116	33.8285575176929
47128	33.8285575176925
47132	33.8285575176925
47138	33.8285575176906
47146	33.8285575176897
47168	33.8285575176892
47170	33.8285575176886
47188	33.8285575176873
47214	33.8285575176865
47218	33.8285575176856
47222	33.8285575176844
47228	33.8285575176836
47242	33.828557517682
47256	33.8285575176816
47270	33.8285575176783
47274	33.8285575176781
47284	33.8285575176773
47292	33.8285575176772
47294	33.8285575176766
47300	33.8285575176761
47306	33.8285575176751
47320	33.8285575176749
47338	33.828557517674
47344	33.8285575176738
47364	33.8285575176736
47368	33.8285575176726
47378	33.8285575176717
47382	33.8285575176710
47392	33.8285575176708
47398	33.8285575176697
47402	33.8285575176691
47412	33.8285575176677
47424	33.8285575176671
47426	33.8285575176668
47440	33.8285575176658
47444	33.8285575176641
47450	33.828557517664
47454	33.8285575176635
47458	33.8285575176613
47478	33.8285575176609
47482	33.8285575176582
47516	33.828557517656
47526	33.8285575176552
47544	33.828557517655
47546	33.8285575176532
47572	33.8285575176523
47576	33.8285575176509
47590	33.8285575176493
47596	33.8285575176469
47628	33.8285575176467
47632	33.828557517646
47652	33.8285575176439
47676	33.8285575176429
47686	33.8285575176422
47702	33.8285575176405
47724	33.8285575176402
47728	33.8285575176382
47734	33.8285575176382
47746	33.8285575176361
47788	33.8285575176352
47804	33.8285575176348
47808	33.8285575176336
47812	33.8285575176329
47826	33.8285575176287
47832	33.828557517627
47834	33.8285575176265
47844	33.8285575176228
47864	33.8285575176224
47874	33.8285575176208
47884	33.8285575176201
47890	33.8285575176184
47904	33.8285575176156
47926	33.8285575176138
47936	33.8285575176132
47964	33.8285575176130
47976	33.8285575176110
47978	33.8285575176108
48004	33.8285575176096
48006	33.8285575176086
48018	33.8285575176086
48020	33.8285575176081
48028	33.828557517608
48046	33.8285575176071
48054	33.8285575176064
48062	33.8285575176039
48076	33.8285575176038
48078	33.8285575176034
48080	33.8285575176026
48096	33.8285575176004
48132	33.8285575175994
48174	33.8285575175982
48186	33.8285575175979
48214	33.8285575175979
48216	33.8285575175976
48218	33.8285575175975
48222	33.8285575175971
48228	33.8285575175968
48232	33.8285575175967
48236	33.8285575175963
48256	33.828557517596
48266	33.8285575175957
48276	33.8285575175957
48288	33.8285575175956
48304	33.8285575175951
48318	33.8285575175951
48322	33.8285575175940
48326	33.8285575175931
48360	33.8285575175930
48378	33.8285575175928
48396	33.8285575175925
48404	33.8285575175918
48442	33.8285575175907
48464	33.8285575175907
48470	33.8285575175907
48476	33.8285575175906
48492	33.8285575175903
48498	33.8285575175903
48510	33.8285575175901
48514	33.8285575175895
48524	33.8285575175893
48534	33.8285575175893
48540	33.8285575175889
48548	33.8285575175887
48560	33.8285575175884
48564	33.8285575175878
48572	33.8285575175871
48576	33.8285575175865
48588	33.8285575175858
48596	33.8285575175847
48604	33.8285575175843
48620	33.8285575175843
48632	33.8285575175842
48638	33.8285575175841
48642	33.8285575175841
48646	33.8285575175838
48666	33.8285575175836
48670	33.8285575175833
48682	33.8285575175831
48704	33.8285575175824
48720	33.8285575175823
48722	33.828557517582
48726	33.8285575175816
48728	33.8285575175816
48734	33.8285575175816
48754	33.8285575175815
48756	33.8285575175814
48766	33.8285575175813
48772	33.8285575175811
48790	33.8285575175794
48806	33.8285575175786
48822	33.8285575175780
48830	33.8285575175774
48834	33.8285575175768
48838	33.8285575175766
48842	33.8285575175759
48844	33.8285575175749
48854	33.8285575175745
48866	33.8285575175738
48868	33.8285575175734
48896	33.828557517573
48902	33.8285575175723
48904	33.8285575175723
48906	33.8285575175719
48912	33.8285575175717
48924	33.8285575175715
48950	33.8285575175703
48980	33.8285575175695
48996	33.828557517568
49024	33.8285575175679
49044	33.8285575175678
49048	33.8285575175676
49052	33.8285575175673
49056	33.8285575175667
49068	33.8285575175665
49076	33.8285575175663
49110	33.8285575175663
49112	33.8285575175662
49122	33.8285575175662
49124	33.8285575175661
49126	33.8285575175658
49134	33.8285575175655
49144	33.8285575175652
49168	33.8285575175650
49174	33.8285575175649
49188	33.8285575175646
49198	33.8285575175645
49204	33.8285575175645
49206	33.8285575175643
49214	33.8285575175641
49216	33.8285575175641
49220	33.8285575175641
49228	33.8285575175634
49242	33.8285575175633
49258	33.8285575175631
49274	33.8285575175629
49278	33.8285575175629
49284	33.8285575175629
49308	33.8285575175627
49312	33.8285575175625
49336	33.8285575175625
49338	33.8285575175623
49352	33.8285575175621
49356	33.828557517562
49398	33.8285575175618
49426	33.8285575175617
49428	33.8285575175617
49442	33.8285575175616
49456	33.8285575175615
49468	33.8285575175612
49494	33.8285575175611
49500	33.8285575175611
49510	33.8285575175609
49522	33.8285575175609
49550	33.8285575175605
49582	33.8285575175605
49586	33.8285575175604
49594	33.8285575175602
49608	33.8285575175601
49612	33.8285575175601
49618	33.82855751756
49628	33.8285575175599
49648	33.8285575175598
49684	33.8285575175597
49696	33.8285575175597
49704	33.8285575175597
49708	33.8285575175596
49712	33.8285575175596
49720	33.8285575175596
49724	33.8285575175593
49776	33.8285575175592
49780	33.828557517559
49782	33.8285575175589
49788	33.8285575175586
49808	33.8285575175586
49828	33.8285575175585
49848	33.8285575175585
49856	33.8285575175584
49860	33.8285575175584
49870	33.8285575175583
49892	33.8285575175582
49894	33.8285575175581
49898	33.8285575175580
49932	33.828557517558
49934	33.8285575175579
49968	33.8285575175579
49970	33.8285575175579
49982	33.8285575175578
49984	33.8285575175578
49988	33.8285575175578
49992	33.8285575175577
50030	33.8285575175577
50032	33.8285575175576
50058	33.8285575175576
50062	33.8285575175576
50066	33.8285575175576
50070	33.8285575175575
50076	33.8285575175575
50096	33.8285575175575
50100	33.8285575175573
50124	33.8285575175572
50134	33.8285575175572
50152	33.8285575175572
50162	33.8285575175571
50176	33.8285575175569
50178	33.8285575175568
50214	33.8285575175566
50232	33.8285575175566
50236	33.8285575175566
50250	33.8285575175564
50254	33.8285575175564
50286	33.8285575175563
50296	33.8285575175563
50304	33.8285575175563
50312	33.8285575175562
50314	33.8285575175561
50326	33.828557517556
50338	33.8285575175559
50364	33.8285575175559
50378	33.8285575175558
50400	33.8285575175557
50402	33.8285575175556
50408	33.8285575175556
50430	33.8285575175555
50446	33.8285575175555
50448	33.8285575175555
50458	33.8285575175554
50472	33.8285575175554
50474	33.8285575175554
50478	33.8285575175553
50500	33.8285575175552
50502	33.8285575175552
50508	33.8285575175552
50514	33.8285575175551
50548	33.828557517555
50558	33.8285575175549
50560	33.8285575175548
50592	33.8285575175548
50602	33.8285575175548
50606	33.8285575175547
50610	33.8285575175547
50624	33.8285575175547
50630	33.8285575175546
50644	33.8285575175546
50660	33.8285575175545
50682	33.8285575175544
50690	33.8285575175543
50738	33.8285575175541
50742	33.828557517554
50746	33.8285575175539
50832	33.8285575175539
50834	33.8285575175539
50840	33.8285575175538
50842	33.8285575175538
50862	33.8285575175538
50866	33.8285575175537
50868	33.8285575175537
50880	33.8285575175536
50892	33.8285575175535
50904	33.8285575175535
50924	33.8285575175535
50932	33.8285575175535
50940	33.8285575175534
50944	33.8285575175534
50952	33.8285575175533
50958	33.8285575175533
50980	33.8285575175532
51006	33.8285575175531
51010	33.828557517553
51022	33.828557517553
51034	33.8285575175527
51042	33.8285575175527
51044	33.8285575175526
51050	33.8285575175525
51074	33.8285575175523
51086	33.8285575175522
51094	33.8285575175522
51098	33.8285575175522
51100	33.8285575175522
51120	33.828557517552
51122	33.828557517552
51128	33.8285575175519
51134	33.8285575175519
51160	33.8285575175519
51170	33.8285575175518
51180	33.8285575175517
51208	33.8285575175517
51212	33.8285575175517
51222	33.8285575175517
51232	33.8285575175516
51244	33.8285575175516
51246	33.8285575175516
51252	33.8285575175515
51262	33.8285575175515
51266	33.8285575175515
51278	33.8285575175514
51280	33.8285575175513
51296	33.8285575175512
51332	33.8285575175511
51336	33.828557517551
51344	33.8285575175509
51354	33.8285575175509
51356	33.8285575175507
51366	33.8285575175507
51370	33.8285575175507
51372	33.8285575175506
51378	33.8285575175506
51384	33.8285575175506
51386	33.8285575175506
51396	33.8285575175505
51402	33.8285575175504
51404	33.8285575175503
51410	33.8285575175502
51414	33.8285575175501
51420	33.8285575175501
51428	33.8285575175501
51432	33.8285575175500
51448	33.82855751755
51468	33.82855751755
51476	33.82855751755
51482	33.8285575175500
51490	33.8285575175498
51518	33.8285575175497
51530	33.8285575175496
51550	33.8285575175495
51556	33.8285575175495
51578	33.8285575175494
51582	33.8285575175494
51584	33.8285575175494
51594	33.8285575175493
51606	33.8285575175492
51622	33.8285575175492
51636	33.8285575175492
51640	33.8285575175491
51648	33.8285575175491
51656	33.8285575175491
51662	33.828557517549
51678	33.8285575175489
51686	33.8285575175489
51688	33.8285575175488
51724	33.8285575175487
51726	33.8285575175486
51752	33.8285575175484
51770	33.8285575175484
51788	33.8285575175482
51796	33.8285575175482
51800	33.8285575175481
51822	33.8285575175481
51830	33.828557517548
51884	33.828557517548
51888	33.828557517548
51890	33.8285575175479
51900	33.8285575175479
51910	33.8285575175478
51936	33.8285575175478
51964	33.8285575175477
52006	33.8285575175477
52024	33.8285575175477
52032	33.8285575175476
52038	33.8285575175476
52048	33.8285575175476
52084	33.8285575175475
52092	33.8285575175475
52100	33.8285575175475
52122	33.8285575175474
52136	33.8285575175474
52140	33.8285575175474
52152	33.8285575175474
52156	33.8285575175473
52186	33.8285575175473
52190	33.8285575175472
52210	33.8285575175472
52256	33.8285575175471
52266	33.8285575175471
52278	33.8285575175471
52282	33.828557517547
52296	33.828557517547
52298	33.828557517547
52306	33.828557517547
52324	33.828557517547
52342	33.8285575175469
52350	33.8285575175469
52354	33.8285575175469
52356	33.8285575175469
52358	33.8285575175469
52374	33.8285575175469
52392	33.8285575175469
52400	33.8285575175468
52464	33.8285575175468
52474	33.8285575175468
52476	33.8285575175468
52512	33.8285575175467
52528	33.8285575175467
52542	33.8285575175467
52556	33.8285575175467
52580	33.8285575175467
52594	33.8285575175467
52608	33.8285575175467
52626	33.8285575175466
52640	33.8285575175466
52686	33.8285575175465
52704	33.8285575175465
52710	33.8285575175465
52728	33.8285575175465
52760	33.8285575175465
52772	33.8285575175465
52776	33.8285575175465
52782	33.8285575175465
52800	33.8285575175464
52806	33.8285575175464
52824	33.8285575175464
52844	33.8285575175463
52866	33.8285575175463
52870	33.8285575175463
52874	33.8285575175462
52896	33.8285575175462
52934	33.8285575175462
52952	33.8285575175462
52958	33.8285575175462
52976	33.8285575175462
52978	33.8285575175461
52980	33.8285575175461
52990	33.8285575175461
53010	33.8285575175461
53018	33.8285575175460
53024	33.828557517546
53028	33.828557517546
53050	33.828557517546
53052	33.828557517546
53070	33.8285575175459
53072	33.8285575175459
53110	33.8285575175459
53132	33.8285575175459
53138	33.8285575175458
53166	33.8285575175458
53172	33.8285575175458
53186	33.8285575175458
53204	33.8285575175458
53210	33.8285575175457
53216	33.8285575175457
53230	33.8285575175457
53246	33.8285575175457
53256	33.8285575175457
53292	33.8285575175457
53296	33.8285575175456
53310	33.8285575175456
53330	33.8285575175456
53354	33.8285575175456
53368	33.8285575175456
53390	33.8285575175456
53398	33.8285575175455
53446	33.8285575175455
53450	33.8285575175455
53458	33.8285575175455
53472	33.8285575175455
53478	33.8285575175455
53496	33.8285575175455
53506	33.8285575175455
53516	33.8285575175455
53532	33.8285575175455
53538	33.8285575175455
53540	33.8285575175454
53542	33.8285575175454
53544	33.8285575175453
53548	33.8285575175453
53552	33.8285575175453
53590	33.8285575175453
53602	33.8285575175453
53610	33.8285575175453
53644	33.8285575175452
53650	33.8285575175452
53668	33.8285575175452
53670	33.8285575175452
53680	33.8285575175451
53684	33.8285575175451
53688	33.8285575175451
53710	33.8285575175451
53712	33.8285575175451
53716	33.8285575175451
53730	33.8285575175451
53754	33.828557517545
53756	33.828557517545
53780	33.8285575175449
53794	33.8285575175449
53848	33.8285575175449
53882	33.8285575175449
53892	33.8285575175448
53936	33.8285575175448
53944	33.8285575175448
53964	33.8285575175448
53968	33.8285575175448
53992	33.8285575175448
53998	33.8285575175448
54006	33.8285575175448
54008	33.8285575175447
54010	33.8285575175447
54012	33.8285575175447
54042	33.8285575175447
54048	33.8285575175447
54074	33.8285575175446
54102	33.8285575175446
54124	33.8285575175446
54132	33.8285575175446
54200	33.8285575175446
54208	33.8285575175446
54218	33.8285575175446
54250	33.8285575175446
54256	33.8285575175446
54268	33.8285575175445
54316	33.8285575175445
54330	33.8285575175445
54344	33.8285575175445
54348	33.8285575175445
54370	33.8285575175445
54388	33.8285575175445
54420	33.8285575175444
54438	33.8285575175444
54450	33.8285575175444
54474	33.8285575175444
54476	33.8285575175444
54486	33.8285575175444
54520	33.8285575175444
54538	33.8285575175444
54542	33.8285575175443
54548	33.8285575175443
54552	33.8285575175443
54572	33.8285575175443
54574	33.8285575175443
54576	33.8285575175443
54590	33.8285575175443
54630	33.8285575175442
54650	33.8285575175442
54700	33.8285575175442
54704	33.8285575175442
54710	33.8285575175442
54718	33.8285575175442
54742	33.8285575175442
54760	33.8285575175442
54786	33.8285575175441
54798	33.8285575175441
54808	33.8285575175441
54856	33.8285575175441
54884	33.8285575175441
54906	33.8285575175441
54950	33.8285575175441
54968	33.8285575175441
55006	33.8285575175441
55014	33.8285575175441
55016	33.8285575175441
55038	33.828557517544
55052	33.828557517544
55064	33.828557517544
55088	33.828557517544
55144	33.828557517544
55152	33.828557517544
55176	33.828557517544
55190	33.8285575175440
55224	33.8285575175440
55232	33.8285575175439
55278	33.8285575175439
55282	33.8285575175439
55284	33.8285575175439
55306	33.8285575175439
55336	33.8285575175439
55384	33.8285575175439
55392	33.8285575175439
55414	33.8285575175439
55438	33.8285575175439
55464	33.8285575175438
55532	33.8285575175438
55536	33.8285575175438
55618	33.8285575175438
55642	33.8285575175438
55758	33.8285575175438
55792	33.8285575175438
55816	33.8285575175438
55842	33.8285575175438
55876	33.8285575175438
55948	33.8285575175438
55976	33.8285575175438
56000	33.8285575175437
56030	33.8285575175437
56040	33.8285575175437
56084	33.8285575175437
56114	33.8285575175437
56150	33.8285575175437
56206	33.8285575175437
56252	33.8285575175437
56310	33.8285575175437
56362	33.8285575175437
56506	33.8285575175437
56672	33.8285575175437
56678	33.8285575175436
56764	33.8285575175436
56818	33.8285575175436
56862	33.8285575175436
56930	33.8285575175436
57016	33.8285575175436
57150	33.8285575175436
57206	33.8285575175436
57334	33.8285575175436
57464	33.8285575175436
57478	33.8285575175436
57546	33.8285575175436
57592	33.8285575175436
57624	33.8285575175435
57636	33.8285575175435
57644	33.8285575175435
57672	33.8285575175435
57686	33.8285575175435
57690	33.8285575175435
57700	33.8285575175435
57702	33.8285575175435
57732	33.8285575175435
57744	33.8285575175435
57782	33.8285575175435
57816	33.8285575175434
57890	33.8285575175434
57948	33.8285575175434
58018	33.8285575175434
58032	33.8285575175434
58062	33.8285575175434
58084	33.8285575175434
58162	33.8285575175434
58180	33.8285575175434
58188	33.8285575175434
58222	33.8285575175433
58326	33.8285575175433
58358	33.8285575175433
58424	33.8285575175433
58484	33.8285575175433
58498	33.8285575175433
58550	33.8285575175433
58594	33.8285575175433
58674	33.8285575175433
58746	33.8285575175433
58804	33.8285575175433
58866	33.8285575175433
58948	33.8285575175432
59044	33.8285575175432
59076	33.8285575175432
59256	33.8285575175432
59276	33.8285575175432
59402	33.8285575175432
59656	33.8285575175432
59790	33.8285575175432
60192	33.8285575175432
60314	33.8285575175432
60414	33.8285575175432
60534	33.8285575175432
60576	33.8285575175432
60622	33.8285575175431
60702	33.8285575175431
60858	33.8285575175431
60878	33.8285575175431
60884	33.8285575175431
60938	33.8285575175431
61008	33.8285575175431
61632	33.8285575175431
61778	33.8285575175431
61912	33.8285575175431
61938	33.8285575175431
63960	33.8285575175431
64238	33.8285575175431
64520	33.8285575175431
64708	33.8285575175430
68392	33.8285575175430
70034	33.828557517543
72438	33.828557517543
72668	33.828557517543
74004	33.828557517543
74234	33.828557517543
76576	33.828557517543
77340	33.828557517543
100964	33.828557517543
120358	33.828557517543
300000	33.828557517543
