52	571.515623142285
54	456.876107756843
58	413.86817321995
60	386.992057418474
80	361.018972644128
106	311.739242614696
142	308.198009869073
182	299.053677420325
208	269.09852814517
484	260.285946690318
500	257.393113296971
528	253.248148088922
970	245.957091957284
1248	228.964204876946
1254	226.360210914553
2892	196.505873764927
5188	189.964794191234
5302	185.089796009823
5494	180.263766735513
5630	179.766943476661
5804	169.525499187375
5874	169.359295613478
6108	166.430696645137
6174	160.604431363102
6266	158.181847408877
6398	157.919230315146
6450	157.545486234499
6460	155.410424394060
6508	153.437672395001
6524	152.185358531326
6542	148.329152816686
6590	146.991018929252
6602	142.571320861700
6628	139.026887591702
6640	136.399974239732
6644	130.519033582735
6664	130.279377855658
6712	128.896875126266
6714	128.583277912183
6716	127.078710710713
6736	124.414824585269
6754	120.630940208198
6756	118.80009900272
6782	118.414813045084
6800	117.129677498784
6812	117.025764605158
6820	114.217282348612
6856	112.311457207363
6882	110.119666625024
6894	109.545646523068
6902	108.911398147838
6906	108.868145984123
6920	106.392067403204
6950	105.734950237334
6992	105.654106294421
6994	105.024892495872
7002	104.777392649552
7034	104.261152434444
7038	104.099409619101
7054	103.687214007146
7058	103.348438409427
7078	102.878867214749
7096	102.516314983528
7100	102.375354790749
7104	102.307643215770
7106	102.178097907883
7108	101.944952321138
7138	101.642044839974
7144	101.619979370595
7146	100.689776059446
7158	100.146050945986
7166	99.4099684914354
7192	98.657103857635
7200	98.364246876528
7210	97.9964046788483
7244	97.6888140560024
7252	97.2443842751081
7274	96.7441726141106
7276	96.6924831995651
7298	95.8914966732116
7336	95.844115220114
7338	95.2882281065507
7344	95.2779089680219
7348	95.1800682020744
7352	94.638870828015
7354	94.5158865531095
7362	93.447320802004
7394	92.3716492362965
7408	92.0227902373308
7430	91.6350325752935
7432	90.7580704309629
7452	90.656476094289
7464	89.0756982831973
7472	88.5125047920118
7476	88.3663943870503
7480	87.9135814778292
7484	87.841380173638
7504	87.480234487937
7510	86.2729253021951
7516	85.3242818460564
7534	84.375599999551
7554	83.3717620073847
7590	82.9247251306204
7608	82.5282242801254
7618	82.1076151149279
7624	81.9245219124868
7636	81.0375090688835
7660	80.443058474911
7682	79.4941513588431
7688	79.381000286011
7700	79.1863020963771
7710	78.1868647068368
7712	76.8869903357476
7742	76.4433460784106
7758	76.2118471597015
7768	75.936214610171
7784	75.662908849616
7814	75.553986685302
7818	75.1913407427516
7830	74.9893789436554
7832	74.9652602462142
7840	74.9072762599067
7856	74.7634365191145
7858	74.0190721787872
7886	73.9370922156306
7904	73.6976277883581
7922	73.4971455141883
7940	73.4101751329452
7942	73.1181054395086
7980	72.995607379265
7982	72.8957753239998
7986	72.7747117223497
7990	72.5503033180615
7994	72.127407785925
7996	72.0210164155062
8000	71.6414924730755
8036	71.4015880464773
8038	71.3142512361215
8040	71.1566472123272
8064	70.1641877596521
8084	69.7607790761284
8124	69.5347656081757
8140	69.2918225299458
8152	69.1683459594024
8160	69.1524530369769
8174	69.0559411693617
8176	68.9655949430763
8186	68.7154711069364
8190	68.5206626875682
8206	68.1260220878412
8212	68.0733033486015
8214	68.031137461961
8240	67.6455503190222
8250	67.5156782538379
8266	67.1340806686564
8296	67.1186419616894
8316	67.0715320799748
8320	66.9246011220668
8324	66.6685033720861
8334	66.3828943611401
8364	66.3579218075849
8380	66.2410788173536
8388	65.9862742728122
8394	65.9838602995113
8416	65.9037180338652
8426	65.76877998821
8432	65.6679724696297
8434	65.6558010179937
8448	65.5206367533233
8450	65.4350459707645
8454	65.2980673677447
8468	64.8447343270783
8492	64.567247593107
8516	64.2809422260632
8520	63.8539268956894
8530	63.7971935444252
8538	63.562319456746
8542	63.3147826680352
8568	63.1072718257522
8586	63.0685351726048
8598	63.0573533283329
8622	62.9666637834355
8630	62.8922341735756
8642	62.8910473901732
8646	62.8466671755055
8648	62.8068665262625
8652	62.7791610938445
8668	62.7403736390255
8672	62.724987840787
8682	62.6785406614217
8698	62.5637763955858
8706	62.5560806105593
8714	62.3406557394151
8716	62.3172558956882
8724	62.2939123257101
8728	62.2893112721462
8732	62.1954358982882
8752	62.0552445737313
8760	62.0528183410454
8766	61.8076497308511
8796	61.7569017128711
8802	61.7295299355789
8806	61.5428783943188
8824	61.3684252956914
8828	61.3142130497772
8842	61.2597458862602
8850	60.8951420894832
8862	60.8886948850818
8872	60.8089686475034
8874	60.7721163775167
8886	60.6506434324493
8888	60.533216220838
8904	60.4562039031917
8922	60.394213654104
8928	60.3815304135226
8946	60.3717206644967
8948	60.2163160852115
8962	60.148964703808
8972	59.9169545731167
9012	59.9047014978107
9018	59.696521188455
9020	59.684389366699
9028	59.6739108063931
9032	59.5723907633416
9038	59.3829936591641
9044	59.3392839180472
9046	59.315403197586
9050	59.2107421608893
9052	59.0784530574785
9072	59.0702913787286
9082	58.9708353443628
9086	58.9015555963365
9092	58.7035382708106
9100	58.5309682991401
9104	58.2726439015094
9112	58.2094521527843
9142	58.0268969092827
9168	57.9818533046127
9186	57.8072584400858
9222	57.7515064535213
9226	57.6091142951279
9242	57.6019239474846
9246	57.5075082519745
9250	57.4739262358409
9274	57.4294585754862
9284	57.1698240093615
9296	57.0555046102831
9306	57.0109059019893
9338	56.9977849116342
9340	56.9272800205586
9344	56.8717772523926
9350	56.7752422411981
9352	56.7502230339414
9380	56.7060463192826
9386	56.6520927262877
9410	56.6513669119936
9412	56.5121056255058
9448	56.4684277464263
9450	56.4447662098554
9456	56.3964824073075
9458	56.3039179408254
9478	56.2358733232082
9496	56.2274812071317
9504	56.2256165331083
9506	56.1738915641702
9510	56.1313397409581
9530	56.0402305415128
9534	55.9850548141167
9536	55.979586519933
9542	55.9095556869724
9554	55.8604141420082
9558	55.6586803193549
9566	55.6288421035128
9572	55.5862385201187
9574	55.432982608548
9598	55.3647776744154
9600	55.2148455575362
9606	55.1525894346355
9622	55.0956923384536
9636	55.0023352630967
9638	54.8435126573168
9656	54.584980249882
9666	54.5368273833956
9672	54.5315162271238
9688	54.5111970849552
9690	54.4712794543169
9700	54.3189293263025
9724	54.2166440278679
9744	54.2158376208992
9752	54.1543895042415
9758	54.1530996148248
9760	53.8898527116326
9776	53.7533611543383
9778	53.6736126482583
9784	53.6337157602879
9788	53.5910236327102
9800	53.5731080909661
9806	53.5532391194521
9810	53.4301359846448
9822	53.4214647303881
9826	53.3862852244968
9856	53.2935598409775
9858	53.1687020493384
9890	53.1594616463121
9892	53.1496013478665
9904	53.1374258253203
9910	53.1203747159712
9922	53.0828541599876
9924	53.0646741335375
9944	53.0529573277867
9962	53.0354889116535
9986	53.0290825329298
9990	53.0185782623973
9992	53.0032278927555
10002	52.9778292174118
10014	52.9744894905001
10022	52.9578236680718
10028	52.9556952147071
10044	52.9342924021455
10078	52.8912061243497
10084	52.8227405047988
10090	52.8127455255781
10128	52.7737317013858
10138	52.7549230226498
10174	52.7471397027782
10182	52.7430432170925
10186	52.7376528624382
10200	52.7127740686584
10220	52.6893933277004
10230	52.6546502601298
10234	52.6464106905801
10250	52.6205289060158
10256	52.5769198917806
10276	52.5550041976443
10286	52.5492131157965
10298	52.5275825629029
10304	52.4806381916572
10310	52.48024889866
10324	52.4704519911371
10342	52.4595604036953
10346	52.4560561990055
10354	52.405371848438
10366	52.3961432003325
10384	52.2945857718814
10394	52.2909950660276
10402	52.2793716866682
10404	52.2111291209308
10412	52.1906828559422
10426	52.1247307686757
10442	52.1208825068268
10448	52.069210731494
10460	51.9735860958121
10462	51.8531086648218
10474	51.8527791081928
10478	51.8054219475062
10486	51.7472651844523
10502	51.7220263948457
10504	51.5807365408144
10560	51.5209049036445
10568	51.5066052537528
10586	51.4934230372583
10610	51.4873560076445
10614	51.4793657799983
10624	51.4712567771603
10640	51.4672700790784
10652	51.4423239434816
10664	51.4296397957487
10670	51.4253089119462
10678	51.4204158445822
10680	51.4133050144182
10684	51.3832474365206
10700	51.3811252746566
10702	51.3746382199798
10712	51.3723880524078
10718	51.3428552650193
10748	51.3419226232564
10764	51.3381481632427
10774	51.3366045630909
10776	51.3331456344402
10784	51.3095469328325
10816	51.3082601066329
10820	51.3082417419667
10822	51.288263690305
10826	51.2867321611606
10830	51.2855148364758
10846	51.2582650660963
10870	51.2511342702718
10880	51.2445921600255
10882	51.2338889426366
10890	51.2283538983505
10904	51.217453439646
10912	51.2165719515713
10914	51.2155623427561
10928	51.2000354805545
10946	51.1991161404051
10948	51.1914533810297
10968	51.1872349946477
10972	51.1800234755063
10974	51.1665647443426
10980	51.1553834063776
10986	51.1548955464477
11000	51.1439875976829
11038	51.1002612631842
11056	51.0797705782835
11070	51.0674053887376
11078	51.0400585779631
11092	51.027092145798
11094	50.9862429687386
11116	50.9737582723849
11154	50.9549067143802
11162	50.9390234877483
11164	50.9200447308839
11174	50.9021793934162
11188	50.9001357019462
11192	50.8971361102065
11198	50.8473893639081
11228	50.8329825356222
11242	50.785106888849
11244	50.7338447592296
11258	50.6856400858387
11266	50.6463214552946
11276	50.6183911431549
11280	50.6072378461277
11284	50.5516934463809
11286	50.5392877536464
11294	50.4626521662806
11312	50.4494787523102
11342	50.4277228960503
11352	50.419579523105
11366	50.3841803970656
11368	50.3706310992249
11398	50.3639308037582
11408	50.3054325500316
11420	50.2992521887943
11424	50.2770024360139
11430	50.2721101412434
11448	50.2247885936409
11482	50.1944500014964
11492	50.1838253605323
11498	50.1713602022709
11502	50.0992292704613
11506	50.0598878117936
11514	50.0234698249343
11516	50.0084998632671
11520	49.9559017350543
11526	49.9035681263704
11536	49.8702372666185
11540	49.8402561137959
11556	49.8316876553945
11560	49.7690009916147
11586	49.766318303891
11588	49.6984666677903
11592	49.6676961713415
11606	49.6113309966867
11620	49.6030942575771
11622	49.5751129506509
11630	49.5398622472711
11640	49.5385850021544
11648	49.5078049403951
11662	49.4760804221592
11696	49.4728675053604
11706	49.4524647535352
11716	49.4396007872275
11748	49.3955938576161
11760	49.3822458633653
11776	49.3507466083953
11794	49.3390747379168
11848	49.3342033355840
11852	49.3091715002167
11876	49.2993338444504
11896	49.2923760997157
11898	49.2913295032792
11910	49.2833315709232
11928	49.2802862769121
11934	49.265259540984
11940	49.2593877070552
11952	49.2518547390122
11954	49.2395963436334
11958	49.2278913500433
11970	49.2211434047476
11978	49.2089736679215
11980	49.1992025237714
11990	49.1829876714594
12004	49.1801256792427
12016	49.1523077263622
12034	49.1330369509660
12056	49.1130543526423
12072	49.0869415905232
12090	49.0699013616707
12102	49.0552432965515
12106	49.0494386735612
12110	49.0333674539849
12114	48.9998550942855
12136	48.9980232479066
12138	48.9847709789487
12140	48.9238127341933
12152	48.9112107339275
12156	48.876155729076
12158	48.8689699451919
12166	48.8223472737594
12204	48.7912724328996
12218	48.7843121860747
12234	48.7579279838838
12242	48.7507113462915
12254	48.7410190980228
12256	48.7219683405406
12264	48.7082514899122
12272	48.6868777658579
12286	48.6828101660749
12294	48.664880336566
12318	48.6613620561093
12320	48.6543177687754
12326	48.6296250739356
12344	48.6151706780508
12362	48.589871549751
12388	48.5816592470158
12390	48.5757533565284
12392	48.5591012110779
12394	48.5291682973247
12400	48.5262556872304
12412	48.5081136891861
12428	48.5057678130212
12430	48.4997791013383
12434	48.4968717646521
12440	48.4954186416656
12442	48.4692415274084
12448	48.4613514513258
12450	48.4323191161934
12482	48.4064722143223
12514	48.3977413091288
12534	48.3864708938821
12540	48.3373096780743
12548	48.3320291672687
12576	48.3220944677476
12596	48.321225926331
12602	48.2997645522267
12604	48.290746822446
12638	48.2846442772663
12658	48.2303694028023
12664	48.2125284965817
12672	48.187688312711
12680	48.1822151233988
12696	48.1741284098626
12704	48.1468118735796
12714	48.1371022015225
12736	48.1330197712673
12738	48.1130641983484
12766	48.0761857313828
12770	48.0527301923494
12790	48.0520533538105
12794	48.0493361155752
12804	47.9775161589706
12838	47.9761070349595
12846	47.974726141253
12852	47.9732929612903
12868	47.9205602690907
12898	47.906874703583
12904	47.899775462614
12914	47.8876281819058
12924	47.8617127488574
12930	47.8424025478267
12960	47.8413259307985
12964	47.8410038306888
12966	47.8343678773481
12968	47.8290742303766
12970	47.8175836081629
12988	47.8084771016108
12990	47.7938561927436
12994	47.7932936666443
12998	47.7901338905481
13016	47.7821362130245
13024	47.7761271208379
13028	47.7469861394779
13032	47.7379103724579
13052	47.7360235508039
13054	47.736013198456
13056	47.7327787497099
13064	47.7245585869347
13066	47.6969712028732
13078	47.6779519397792
13106	47.6658058570557
13120	47.6637091064357
13136	47.6611902055959
13152	47.6592181260382
13154	47.6495989507414
13160	47.6468164659776
13174	47.6134050435309
13180	47.6126177461609
13184	47.5958393652406
13192	47.5557647149162
13198	47.5448187845951
13220	47.5357625220778
13230	47.5006768613851
13234	47.4903673161829
13236	47.4715052177772
13248	47.4575043708909
13252	47.4178652533285
13256	47.4050065756218
13276	47.3543539211605
13282	47.3359408463765
13296	47.3353610771417
13308	47.3324119441852
13312	47.3108286207598
13314	47.3051435131554
13334	47.290740278174
13338	47.2452670784464
13374	47.2223191597593
13382	47.2108134078449
13384	47.2100428004604
13416	47.2095434319302
13418	47.1813319180496
13450	47.1497887636364
13462	47.147249079058
13466	47.1293203202552
13472	47.1286039221337
13486	47.1061971824807
13502	47.0910865116807
13508	47.0623621900046
13510	47.0423740879481
13522	46.9973562188952
13550	46.9916619650368
13554	46.9795983900302
13574	46.9533057593718
13586	46.9460570924595
13588	46.939196568889
13592	46.9345385243184
13640	46.9311614861777
13642	46.9291365470991
13648	46.9202211919704
13668	46.9084923914075
13708	46.9042179686096
13714	46.8950429564449
13718	46.8834027130165
13734	46.8823174678738
13740	46.8747670581167
13772	46.8468230394195
13788	46.8448681582215
13794	46.8211756545132
13858	46.8185683775053
13860	46.8121758157622
13866	46.8082477981512
13876	46.8073578492375
13890	46.8053536102875
13892	46.7981295236504
13898	46.7977939530861
13904	46.7753856852465
13908	46.772490941484
13916	46.7704981220378
13922	46.7414587314697
13932	46.7358897538164
13956	46.7318236752356
13962	46.717111519984
13990	46.7113543791021
13996	46.6944451938318
14006	46.6929660694048
14008	46.6850745179319
14016	46.6840382002397
14040	46.6722369961339
14042	46.6551902108289
14044	46.627925329138
14082	46.6247906347816
14084	46.6144914667183
14090	46.6049935063001
14110	46.6034699129112
14118	46.5859227585531
14160	46.5798486433171
14174	46.5772446519174
14182	46.5732649311984
14184	46.5668732415301
14194	46.5517942155183
14202	46.545096595175
14222	46.5380492736962
14232	46.5361732043343
14246	46.5358694794999
14248	46.5248963461496
14250	46.5193143750398
14260	46.4990683748542
14288	46.4919320931726
14294	46.4822731234074
14316	46.4805370332056
14340	46.4790339170021
14344	46.4680897410067
14348	46.4566639735007
14350	46.449264298028
14358	46.4303371950897
14368	46.4190668004748
14406	46.4055732733001
14424	46.4025380292237
14428	46.3887171349109
14446	46.3862416055124
14458	46.3723865904926
14464	46.3719952882677
14490	46.3666107971969
14492	46.3645035129422
14502	46.363832840635
14514	46.3635234116319
14516	46.360000167792
14522	46.3583538007514
14530	46.3501388644099
14536	46.3489820047547
14538	46.344641725664
14566	46.3387437107888
14576	46.3318750156821
14582	46.3318174536254
14602	46.3217820765958
14654	46.3211815702894
14656	46.3169616136038
14662	46.31543403725
14666	46.3146644950506
14682	46.3082687178118
14718	46.3036052837762
14720	46.2949192323262
14760	46.294379007602
14770	46.2923148504659
14772	46.2894078151977
14778	46.2843334065917
14782	46.2801449672794
14796	46.2754288796374
14806	46.2632091759165
14840	46.2598304865885
14850	46.2551257551592
14876	46.2543707923552
14902	46.2540881710434
14910	46.2521326793747
14918	46.2519810153527
14920	46.2512731716002
14922	46.2473097902266
14944	46.2448209491964
14946	46.24128485475
14950	46.240163973964
14952	46.2400536100969
14962	46.2330977933073
14976	46.2266902440934
14980	46.225677095056
15002	46.2249737139379
15008	46.219009058105
15044	46.2143098794837
15064	46.2128965169051
15074	46.2100850470157
15098	46.2045423940932
15112	46.2014288362771
15120	46.1994380154288
15138	46.1981274194279
15142	46.1914531216957
15150	46.1913968304553
15156	46.1831068455542
15204	46.1825718407412
15208	46.1822037864537
15214	46.1737811751954
15226	46.1721882648535
15246	46.1714247203841
15252	46.171088789763
15258	46.1705238159293
15260	46.1661648014791
15268	46.1657803233944
15286	46.1648254069287
15290	46.1529652460032
15330	46.1433766443783
15342	46.1430848907965
15350	46.141399505369
15388	46.1374703557363
15424	46.135713227209
15438	46.1347906757595
15444	46.1332167896446
15456	46.1316257236344
15466	46.1279437288461
15482	46.126075852832
15484	46.1223418107299
15506	46.1222450795499
15510	46.1221538046376
15516	46.119581317371
15528	46.1190522170111
15538	46.1166811718617
15588	46.1152100642372
15600	46.1132407882036
15612	46.1129952285455
15620	46.1120140678935
15622	46.1085363732842
15632	46.1064934129815
15636	46.1060771632903
15648	46.1047842690708
15650	46.1034349496678
15660	46.1008364344341
15684	46.0974917806146
15696	46.0971266985283
15706	46.0963517898848
15712	46.0939112511567
15714	46.0888784645577
15726	46.0886312088587
15730	46.0834971599113
15752	46.081294872008
15768	46.0804144714488
15774	46.0801636797429
15782	46.0764114932552
15806	46.0763085396567
15810	46.0729914777357
15818	46.0725808019471
15822	46.0704368546767
15826	46.0700690964191
15836	46.0690714410864
15840	46.068998440345
15852	46.0656221473045
15862	46.0633913882103
15874	46.0555015224754
15878	46.0553169127258
15888	46.0473303447758
15896	46.0472345369458
15902	46.0442703711679
15922	46.0413978437007
15942	46.0407052618515
15948	46.0380766868362
15956	46.0316334033522
15990	46.0315755490137
16006	46.0298526285783
16020	46.0260564008092
16040	46.0248918143949
16042	46.0239222678764
16048	46.0233180781923
16050	46.0227500380921
16070	46.0215754798811
16078	46.0209449134187
16090	46.0196771609298
16092	46.0179236058849
16102	46.0163454552628
16126	46.0121800814898
16170	46.0114275849234
16186	46.0093218766276
16200	46.0092628996592
16216	46.0053872890785
16220	46.0050599276201
16224	46.0042288357931
16228	46.0037995077357
16232	46.0034145455960
16234	46.0003151332721
16246	45.9979085660863
16278	45.9977834095952
16292	45.9931770720305
16308	45.9927887985233
16326	45.9910460505772
16340	45.9906469970275
16346	45.9873416060017
16366	45.9865751279964
16370	45.9854961600673
16372	45.9854349543617
16374	45.9847488228635
16378	45.9842981593207
16388	45.9831526402393
16408	45.9825598438189
16412	45.9822997137684
16428	45.9792803160071
16436	45.9776559846293
16448	45.9761324936967
16462	45.9726921623204
16484	45.9715950449925
16486	45.9678853959431
16494	45.9670538808228
16508	45.9665392185981
16518	45.9630570570378
16544	45.9628845798291
16552	45.961358383079
16554	45.9610420710703
16564	45.9610381748655
16578	45.9598433843321
16582	45.9570073125529
16598	45.9568225790888
16606	45.9561131884235
16618	45.9522433649080
16630	45.9520542075710
16638	45.9519829150224
16670	45.9512866580798
16672	45.9506366881703
16682	45.9494385149825
16684	45.9486277451957
16716	45.9480970776501
16718	45.9476705373959
16722	45.9474462169738
16726	45.9451360016577
16728	45.9426344761856
16740	45.9423791475396
16744	45.9420902193051
16782	45.9419081499861
16784	45.9409798623895
16802	45.9405385794378
16806	45.9402747144301
16820	45.9387251101336
16826	45.9386521781567
16828	45.9385505213335
16832	45.9385136818579
16848	45.9372131154476
16854	45.9369879484639
16868	45.9367553048707
16870	45.9351581814013
16874	45.933619845758
16892	45.9323839999423
16906	45.9312387866834
16910	45.9307872841034
16936	45.9299140693661
16946	45.928741301129
16962	45.9283191280172
16988	45.9277680461087
16994	45.9249414554269
16996	45.9247168054554
17024	45.9237667266507
17032	45.9232777687168
17036	45.9219471698853
17038	45.9215122658248
17076	45.9214753868613
17080	45.9208728464953
17092	45.9198831019034
17114	45.9192706872936
17146	45.9189968083586
17150	45.9172041536126
17174	45.9164518932645
17176	45.9151252183609
17178	45.9140269332645
17184	45.9128649162624
17196	45.9118189683455
17218	45.9117135952802
17222	45.9110722813184
17224	45.9107441925212
17230	45.9087524386981
17236	45.9083137740771
17238	45.907462205431
17240	45.9037991759117
17252	45.9019735125251
17256	45.9014399599735
17266	45.8987674312633
17282	45.8981852302480
17300	45.8976115847306
17304	45.8974953312766
17310	45.8969606011387
17328	45.895863181174
17334	45.8952458997302
17356	45.8939785326653
17374	45.8928790922614
17380	45.891098889367
17416	45.8904084955135
17426	45.8903932338754
17428	45.8883929787647
17438	45.8875243730191
17456	45.8865083357731
17474	45.8862593342539
17486	45.8859526450818
17492	45.8852533060263
17500	45.8845309551196
17502	45.881804676972
17504	45.8804881509446
17518	45.8794038722899
17540	45.8788056181814
17542	45.8779790050225
17544	45.8772145891934
17554	45.8761547094512
17556	45.8757606319493
17588	45.8755910464959
17596	45.8737618856308
17618	45.8722807530423
17658	45.8716787161227
17664	45.8716713522959
17666	45.8715899481449
17686	45.8715075131252
17700	45.8707597214646
17714	45.8703007889498
17746	45.8692352289647
17770	45.8688634574041
17788	45.8687354182752
17790	45.8686189326877
17792	45.868314467108
17796	45.8676568325888
17802	45.8675814254452
17806	45.8674252452721
17826	45.8666396328334
17828	45.8662648664879
17840	45.8659769349123
17844	45.865849506295
17846	45.8654788042567
17858	45.8650448519905
17876	45.8648525386583
17880	45.8635991839378
17922	45.8625060562892
17952	45.861822791583
17960	45.8614954839957
17962	45.8606444658084
17974	45.8600295868276
17990	45.8596958735792
17998	45.8596381753904
18000	45.8595279246213
18008	45.8594903814758
18022	45.8593136890284
18028	45.8585824953069
18050	45.8583908790237
18058	45.8580488044848
18064	45.8575582220541
18068	45.8574702528579
18074	45.8574641508943
18076	45.8568453300936
18092	45.8566153009234
18096	45.8556535132478
18132	45.8541820069578
18140	45.8537248680706
18150	45.8535222164024
18154	45.8533121236627
18170	45.8526977648645
18188	45.8526622562407
18190	45.8522066467124
18218	45.8520870722039
18234	45.8520266483229
18242	45.8514581409693
18244	45.8508185370244
18250	45.8507428200219
18254	45.8503559605825
18266	45.8501555675318
18274	45.8475944863390
18296	45.8472272480265
18302	45.845954254425
18310	45.8441658675059
18318	45.8441271329572
18334	45.8434356113392
18338	45.8429062892007
18350	45.8428090872192
18366	45.8427141293112
18378	45.8420341744158
18390	45.8411135712441
18398	45.8401105518265
18406	45.839460892119
18408	45.8390180371783
18438	45.8380486095917
18440	45.8367675641244
18478	45.8366096976733
18486	45.8360333132409
18488	45.8339931010507
18528	45.8335252521325
18552	45.8330082309811
18564	45.8328749382033
18566	45.8327720462999
18570	45.8325277390677
18576	45.8315095042401
18588	45.8313096633036
18590	45.8312652214741
18602	45.8308328867982
18606	45.8301160050811
18618	45.8298373542057
18638	45.8296620079841
18642	45.8279222087088
18644	45.8278289582483
18656	45.8259550692664
18672	45.8251103637672
18702	45.8236026346509
18716	45.8233738780887
18738	45.8218427869336
18762	45.8212623843500
18770	45.8205899182716
18794	45.8200761360854
18806	45.8198605795082
18808	45.8190758265751
18820	45.8182525052367
18840	45.8170574707176
18848	45.8166992276443
18854	45.8165606767112
18858	45.8163940914044
18862	45.8162306815890
18864	45.8161667182991
18868	45.8155211807513
18870	45.8154037965468
18872	45.8153288650121
18880	45.8144115802101
18896	45.8130454067672
18900	45.8126081901412
18920	45.8121880553856
18948	45.8115054100051
18956	45.8111405436018
18982	45.8109878069634
18988	45.8101098594297
18998	45.8099276595066
19002	45.8096028774243
19018	45.8094492413554
19030	45.8090578784689
19032	45.8090233584414
19034	45.8087851545726
19060	45.8086943422854
19080	45.8086889916676
19086	45.8084095896341
19100	45.8082987316631
19104	45.8081555125454
19116	45.8080526506864
19120	45.8079607353735
19146	45.8079430792811
19148	45.8077802351644
19164	45.8076703527045
19166	45.8067905514222
19172	45.8061093811804
19186	45.8060343983557
19188	45.8051602824682
19200	45.8051572886669
19206	45.8050189071319
19208	45.8049024346741
19220	45.8048465708329
19228	45.8046265109582
19230	45.804264634849
19238	45.8041663492291
19240	45.8038695470066
19248	45.8028735052244
19260	45.8024858611882
19264	45.8023677464117
19280	45.8019942948191
19308	45.8018277145089
19324	45.8014766335735
19326	45.8014268982459
19328	45.8012382379452
19336	45.8005087061451
19354	45.7998220341495
19366	45.7992316012919
19388	45.7989223191988
19406	45.7985498398357
19428	45.7983702509387
19444	45.7982384550522
19448	45.7973357614953
19466	45.7971512568768
19474	45.7964751244100
19502	45.796311863515
19512	45.7956265579578
19554	45.7953346974527
19580	45.7953099857138
19586	45.7952959212394
19592	45.7951190744563
19606	45.7950802751838
19608	45.7946245335256
19624	45.7942994866075
19626	45.7941618545369
19634	45.793298311179
19652	45.7932937060275
19662	45.7932176033423
19664	45.793190214141
19668	45.7926661272468
19670	45.7920010276141
19702	45.7919812508906
19718	45.7917955243687
19726	45.7917657649343
19732	45.791567298631
19772	45.7914560842589
19790	45.7914203473910
19798	45.7914038010717
19804	45.7912076707629
19816	45.7909792604813
19820	45.7909158216656
19836	45.7908190255603
19838	45.7905809264213
19850	45.7905548313765
19852	45.7904160277795
19876	45.7903203195609
19884	45.7900175671628
19916	45.7898696653269
19956	45.7898685953840
19960	45.7897621398832
19962	45.7897414920884
19982	45.7897347027477
19988	45.7896399296287
19992	45.7896229691138
20008	45.7895251170914
20024	45.7892997083592
20048	45.7891114187400
20062	45.7890587762904
20066	45.7888630859499
20072	45.7887553388197
20084	45.7887096744296
20098	45.7886964803135
20112	45.7885034529062
20116	45.7884397379597
20124	45.7884288788635
20138	45.7883418945878
20142	45.7882008209826
20144	45.7880419369325
20158	45.7879742551554
20168	45.7877058930044
20182	45.7876327001419
20192	45.7874943276435
20204	45.7874794042830
20210	45.7874160240208
20212	45.7872907377132
20226	45.7872633288152
20232	45.7872410639746
20236	45.7872151213746
20240	45.7870597473218
20254	45.7869560252744
20286	45.7869408757111
20294	45.7868929193704
20296	45.7867855651762
20300	45.7867725556064
20310	45.7867031032459
20314	45.786688149488
20336	45.7865575812456
20338	45.7864584990865
20362	45.7864159684141
20372	45.786353263134
20384	45.7863528898108
20386	45.7862799544833
20402	45.7861408628052
20412	45.7860643970155
20420	45.7860240436241
20422	45.7860103548805
20440	45.7859090100516
20450	45.7858961207792
20468	45.7858111342851
20486	45.7857665372106
20500	45.7857288680221
20504	45.7856752995969
20510	45.7856683648972
20526	45.7856589514441
20546	45.7856325180616
20550	45.7856108265985
20554	45.785603314903
20560	45.7855458949288
20572	45.7855082421131
20582	45.7854674193562
20588	45.7854511291623
20592	45.7854453278455
20598	45.7853480961356
20614	45.7853237826883
20620	45.7852966795084
20626	45.7852655592076
20636	45.7852172331719
20648	45.785176342627
20650	45.7851663346758
20660	45.7850993577977
20680	45.7850545936783
20684	45.7850436351249
20690	45.7850151733019
20698	45.7849619279208
20700	45.7848467930471
20706	45.7848169978509
20714	45.7847633732067
20716	45.7847256585271
20726	45.7846104179338
20730	45.7846079574188
20744	45.7844874565956
20754	45.7844639501197
20762	45.784410016179
20786	45.7842822309693
20792	45.7842424939835
20818	45.7841606936208
20826	45.7840663334055
20836	45.7840416714894
20858	45.7840087519123
20862	45.7839784969984
20874	45.783841748009
20890	45.7838332413136
20900	45.783650147076
20908	45.7832739667931
20960	45.7831833091844
20980	45.7830529019644
20990	45.7830317505085
21016	45.7829770545966
21032	45.7829047837854
21070	45.7828417711791
21072	45.7827995850204
21080	45.7827665399312
21096	45.782583122969
21100	45.7825650719970
21106	45.7825120290832
21116	45.7823321797681
21124	45.7823289266829
21136	45.7822619283391
21146	45.7821663807516
21180	45.7821392152212
21182	45.7820435647529
21184	45.7820067648098
21212	45.7819489288633
21238	45.7818000967164
21252	45.7817857313054
21266	45.7817402139773
21276	45.7816794167691
21294	45.781640408039
21306	45.781608370315
21320	45.7815886282968
21330	45.7815208760256
21344	45.78135161308
21364	45.781317904116
21372	45.7813157919527
21374	45.7810783837146
21398	45.7810573504574
21408	45.7810490994542
21410	45.780930497452
21426	45.7808897309459
21444	45.7808558946222
21446	45.7808366411954
21450	45.7807971517406
21466	45.7807653930579
21468	45.7806866707891
21482	45.7806751673538
21486	45.7806399891899
21492	45.780542728861
21500	45.7803868222871
21536	45.7801310865023
21538	45.7800698561154
21552	45.7799718967797
21562	45.7799633677811
21570	45.7799571975882
21574	45.779900305136
21578	45.7797800712466
21616	45.7797251655646
21626	45.7796748404266
21638	45.779638296187
21652	45.7794475136498
21656	45.779326406518
21664	45.7792944316306
21678	45.7792940693266
21684	45.7790763412162
21720	45.7790573097358
21736	45.7789395191743
21746	45.7788435744812
21754	45.7787845655134
21760	45.7786172218329
21772	45.7785784407993
21774	45.7785368546835
21798	45.778496929984
21802	45.7784121988586
21808	45.7784087995976
21810	45.7783392384833
21816	45.7782415888392
21820	45.7782353076809
21822	45.7781844411534
21830	45.7781825886706
21838	45.7781613377085
21840	45.7778803416104
21854	45.7778544880932
21856	45.7778153667012
21858	45.7777406259743
21870	45.7776466546975
21888	45.7775063568166
21890	45.7774590077101
21900	45.7773767968667
21920	45.7771932336286
21928	45.7771329298621
21964	45.7770855188768
21968	45.7770149990447
22000	45.7768097057484
22028	45.7768045163302
22038	45.7767766033654
22040	45.7767530328353
22042	45.7767243307901
22050	45.7766958059386
22054	45.7766491279567
22064	45.7765837364265
22086	45.7765812797287
22096	45.7765054310471
22112	45.7763816761728
22158	45.7763527949278
22160	45.7763163897553
22170	45.7762025798596
22178	45.7761668366792
22184	45.7760553540223
22220	45.7760422171172
22222	45.7760396101475
22230	45.7759636450196
22252	45.7758679722150
22282	45.7758263242272
22292	45.7757626085232
22308	45.7757412316622
22314	45.7757028314396
22320	45.7756929426693
22338	45.7756464267436
22344	45.775618357555
22346	45.7755740545653
22366	45.7754889578878
22380	45.7754588440279
22392	45.7754295233959
22398	45.7753910273395
22404	45.775340220709
22436	45.7753353407868
22438	45.7753104565957
22444	45.7752730571255
22448	45.775202802113
22466	45.7751922549272
22468	45.7751783490230
22484	45.7750914228015
22488	45.7750367025684
22496	45.7750169770273
22514	45.7749614743186
22524	45.7748817930413
22534	45.7748628650925
22536	45.7748566452528
22548	45.7747284549562
22556	45.7746892229852
22582	45.7746595498981
22598	45.7745996429161
22602	45.7745463498575
22620	45.774517727582
22626	45.7745120616648
22634	45.774411803978
22662	45.7743457878644
22678	45.7743393409532
22688	45.7742651324546
22708	45.7740838874474
22732	45.7740700639639
22744	45.7740684906881
22750	45.7740595862379
22752	45.7740033325069
22770	45.7739682420123
22774	45.7739671401232
22786	45.7739632960509
22788	45.7739622413769
22792	45.7739416292829
22800	45.7739283246622
22802	45.7738571565857
22804	45.7738332094115
22808	45.7738274733081
22810	45.7738105184903
22840	45.7738078222339
22842	45.7737533431029
22866	45.7736884628081
22880	45.7736761556511
22892	45.7736732402222
22902	45.7735868909358
22918	45.7733661871789
22950	45.7732155554449
22970	45.7731592364953
22986	45.7731559936465
22998	45.7730775808048
23016	45.7730039534429
23032	45.7729760210312
23054	45.7729173441890
23070	45.7728787810291
23100	45.7728567980808
23106	45.7728269633936
23116	45.7727954187277
23132	45.7727171516229
23134	45.7726896559444
23148	45.7726804054917
23164	45.7726592289290
23178	45.7726405537998
23188	45.7726201851133
23196	45.7726114533905
23200	45.7726048359388
23206	45.7725581337126
23224	45.7725206963717
23250	45.7724836621893
23254	45.7724526936174
23272	45.7724404705975
23284	45.7724114791711
23286	45.7724004701048
23302	45.7723422804918
23326	45.7723329713235
23342	45.7722908707112
23356	45.7722840794862
23364	45.7722734271342
23376	45.7722682525036
23384	45.7722604890245
23386	45.7721118968343
23400	45.772066290404
23414	45.7719925573237
23416	45.7719906451486
23430	45.7719405514108
23434	45.7719133673752
23436	45.7718412007169
23446	45.7718376453244
23452	45.7718092362198
23456	45.7717541915275
23462	45.7716834093615
23464	45.7716349433701
23472	45.7716062432586
23480	45.7715455675226
23482	45.7715200059191
23502	45.771515594658
23506	45.7713891044545
23510	45.7713804188934
23532	45.7713296927809
23546	45.7712785198409
23550	45.7712727003774
23576	45.7712581603265
23580	45.7712432352991
23584	45.7712401411337
23588	45.7712243479636
23598	45.7711032567203
23618	45.7710608830178
23624	45.7710251411649
23628	45.7710040892723
23644	45.770958195268
23646	45.7709544621115
23666	45.7709534241577
23680	45.7709221374139
23686	45.770889283606
23698	45.7708505587667
23716	45.7708484137387
23720	45.7708452036522
23726	45.7708234870874
23736	45.7708112646754
23738	45.7708054352328
23740	45.7707321691572
23744	45.770701909731
23746	45.7706961827877
23770	45.7706945486057
23772	45.7706503787232
23798	45.7706500143616
23820	45.7705980535155
23824	45.7705595957235
23834	45.770546885945
23856	45.7705430024865
23860	45.7705233814816
23866	45.7704721081083
23876	45.7704335208797
23894	45.7704328916507
23914	45.7704132291755
23920	45.7704085201691
23922	45.7703864614637
23930	45.7703764790273
23950	45.7703340616148
23958	45.7703305091001
23964	45.7703104306402
23970	45.7703020803045
23980	45.7702938590795
23982	45.7702653580826
23992	45.7702373612881
23996	45.7702346122574
24018	45.7702316290854
24028	45.7702268551993
24038	45.770212821575
24054	45.7702116090749
24064	45.7701975622685
24074	45.7701960752796
24078	45.7701849688245
24088	45.7701782219182
24096	45.7701760123147
24104	45.7701723962714
24132	45.7701644023719
24134	45.7701638225615
24140	45.7701561667844
24156	45.7701543494165
24170	45.770144247824
24174	45.7701349783048
24182	45.7701218925477
24210	45.7701160639646
24222	45.7701019863726
24244	45.7700834338291
24254	45.7700786515617
24268	45.7700570479962
24276	45.7700531634292
24280	45.7700445063145
24282	45.7700235986978
24290	45.7699967101808
24304	45.7699955370766
24310	45.7699914645397
24326	45.7699519673867
24336	45.7699374363644
24346	45.7699279691722
24358	45.7698942583297
24400	45.7698913758469
24406	45.7698739450069
24410	45.7698728127436
24412	45.7698565900528
24414	45.7698519916953
24428	45.7698477908937
24430	45.7698431226508
24432	45.7698221001948
24442	45.7698147267511
24444	45.7697909847948
24466	45.7697544596808
24486	45.7697313949158
24532	45.7697196278183
24534	45.7696986579818
24542	45.7696678125782
24574	45.7696568141067
24584	45.7696533724477
24586	45.7696448222135
24612	45.7696375908554
24616	45.7696315708025
24620	45.7696308876584
24624	45.769592710814
24646	45.7695876264705
24648	45.7695861228625
24650	45.7695731708112
24654	45.7695592661043
24676	45.7695396618395
24708	45.7695326340245
24710	45.7695176650209
24722	45.7695107946985
24724	45.7694854552755
24744	45.7694707800238
24746	45.7694132481885
24756	45.769379294693
24772	45.7693734020777
24776	45.7693531858427
24780	45.7693209181691
24788	45.7693074097362
24808	45.7692736740039
24840	45.7692537384572
24852	45.7692344613512
24860	45.7692268145029
24868	45.7692239334321
24874	45.7692238602888
24886	45.7692203491073
24888	45.7692130377211
24914	45.7692099084211
24928	45.7692082761714
24942	45.7691941443477
24948	45.7691773877451
24964	45.7691715845264
25000	45.7691674792133
25012	45.7691577747362
25034	45.7691463479786
25038	45.7691273574168
25074	45.7690920238156
25108	45.7690918744237
25120	45.7690552854517
25138	45.7690332704959
25142	45.7690208412864
25204	45.7690178785852
25212	45.7690074332449
25218	45.7690073835083
25220	45.7690046548558
25224	45.7690009885989
25260	45.7689891217199
25264	45.7689858086383
25288	45.7689688167133
25334	45.7689684552143
25340	45.7689661299601
25350	45.7689634784809
25364	45.7689621430006
25366	45.7689620668973
25368	45.7689575417284
25378	45.7689500576538
25396	45.7689476579267
25400	45.768947625133
25412	45.7689416114019
25418	45.7689377484325
25424	45.7689375441144
25438	45.7689359172823
25450	45.7689344754949
25452	45.7689307286435
25466	45.7689229062849
25484	45.76892046887
25494	45.7689190835189
25510	45.7689173902015
25512	45.7689162954389
25516	45.7689092651382
25546	45.7689055498494
25578	45.7689015276158
25582	45.7688987722547
25586	45.7688972714613
25592	45.7688924251036
25610	45.7688888285915
25616	45.7688872432152
25622	45.7688859269108
25624	45.7688790823051
25630	45.7688718434561
25640	45.7688708026057
25642	45.7688618923269
25646	45.7688546007701
25652	45.768849975368
25688	45.768848413075
25698	45.7688433817130
25724	45.7688393491699
25746	45.7688294284379
25764	45.7688232084718
25776	45.7688202689597
25790	45.7688167903857
25804	45.7688103064011
25856	45.7688040139832
25866	45.7688029391355
25868	45.7688018668963
25884	45.7687919596006
25902	45.7687880949226
25906	45.7687876132571
25910	45.7687774763221
25928	45.7687735333169
25936	45.7687692048374
25972	45.7687620752783
26002	45.7687524190982
26008	45.7687449410056
26022	45.7687411575517
26026	45.7687377579466
26054	45.7687316932151
26056	45.768728399855
26070	45.7687249168557
26074	45.7687236246294
26078	45.7687148039471
26084	45.7687123446394
26096	45.7687121141901
26098	45.7687095629266
26106	45.7687052521004
26124	45.7687023310841
26132	45.7686904695885
26136	45.7686824719916
26150	45.7686814510398
26156	45.7686790283232
26172	45.7686705083345
26180	45.7686569554277
26224	45.7686528262193
26226	45.7686510704135
26238	45.7686444055168
26240	45.7686378597358
26268	45.7686376226332
26274	45.7686273113404
26276	45.7686262199734
26280	45.768606481934
26288	45.7686063962346
26296	45.7686016480964
26302	45.7685846701665
26306	45.7685717283590
26326	45.7685585602668
26336	45.7685440466265
26342	45.7685351883137
26348	45.7685222113768
26384	45.7685174661207
26388	45.7685166941964
26404	45.768516153866
26412	45.768502350636
26444	45.7684981619889
26450	45.7684810240984
26490	45.768479016281
26500	45.768478534705
26516	45.7684756399689
26520	45.76846816946
26554	45.7684660840627
26558	45.7684583582970
26580	45.7684545212166
26582	45.7684506130103
26586	45.768450067309
26598	45.7684496658087
26618	45.7684464058711
26620	45.7684429072985
26632	45.7684395145797
26636	45.768433329723
26638	45.7684332821522
26650	45.7684296024924
26662	45.7684161281013
26684	45.7684027589372
26720	45.7683888559038
26728	45.7683833248216
26736	45.7683826107715
26748	45.7683777588349
26752	45.7683742435247
26774	45.7683733955666
26780	45.7683688070152
26790	45.7683687070943
26792	45.7683598385909
26834	45.7683569420101
26836	45.7683525550048
26844	45.7683484786268
26882	45.7683477840326
26892	45.7683470326657
26898	45.7683450041773
26904	45.7683435067851
26914	45.7683357390541
26922	45.7683341346302
26926	45.7683337317662
26928	45.7683335069647
26932	45.7683324147833
26942	45.7683258239035
26954	45.768324744963
26972	45.7683235140644
26992	45.7683208745736
26998	45.7683190386525
27010	45.7683181998944
27016	45.7683175016484
27020	45.7683147224132
27028	45.7683125827542
27042	45.768307398928
27076	45.7683059771722
27100	45.7683043057858
27114	45.7682994831889
27138	45.7682993651829
27156	45.7682992546831
27158	45.768296373523
27198	45.7682905623755
27224	45.7682879488518
27250	45.7682869343542
27256	45.7682857199731
27258	45.768284967429
27264	45.768283132566
27294	45.7682822447019
27296	45.7682796931719
27326	45.768276565159
27342	45.7682764700905
27348	45.768272565097
27370	45.7682716906432
27388	45.7682675810707
27390	45.7682673816595
27406	45.7682665803081
27436	45.7682637356163
27468	45.7682636595201
27478	45.7682613758927
27490	45.7682613628803
27508	45.7682608237462
27512	45.7682577517239
27524	45.768255901511
27538	45.7682535435794
27556	45.76825346248
27562	45.7682531662391
27564	45.7682527254073
27570	45.7682524407007
27576	45.7682501861345
27592	45.7682498850882
27598	45.7682483649854
27602	45.7682468838959
27632	45.7682436363447
27646	45.7682425500693
27654	45.7682377360874
27662	45.7682372898192
27670	45.7682368768112
27676	45.7682324941878
27682	45.7682310246378
27684	45.7682305066487
27688	45.7682289306738
27698	45.7682281067053
27700	45.7682265681178
27708	45.768224758871
27718	45.7682216621561
27724	45.7682205202845
27768	45.7682189787135
27770	45.7682188798133
27774	45.7682170080975
27818	45.7682157293168
27838	45.7682153916319
27854	45.7682144293225
27862	45.7682130770967
27874	45.7682124932383
27882	45.7682118646416
27892	45.7682112789006
27912	45.7682107482435
27916	45.7682097254822
27918	45.768208298375
27934	45.7682082172126
27938	45.768206134737
27944	45.7682057021301
27962	45.7682041800724
27980	45.7682036830883
27982	45.7682020529893
27992	45.7682018686180
28000	45.7682018472243
28008	45.7682013575398
28012	45.7682010767324
28018	45.7682010486744
28022	45.7682005492908
28024	45.7681996753074
28044	45.7681973109699
28050	45.7681959640303
28066	45.7681956869172
28092	45.7681922696251
28112	45.7681910841717
28122	45.7681902402240
28128	45.7681884235918
28144	45.7681865474920
28160	45.7681830766209
28172	45.7681827703021
28180	45.7681805397877
28198	45.768178322192
28208	45.7681746657156
28250	45.7681729531892
28304	45.7681720922038
28328	45.7681691713003
28360	45.7681690495036
28362	45.7681686033436
28366	45.7681683492972
28374	45.7681673988993
28390	45.7681670321811
28394	45.7681646041643
28408	45.7681630990485
28420	45.7681627623483
28436	45.7681615871404
28440	45.7681596953159
28446	45.7681586885439
28474	45.7681582148362
28500	45.7681561908552
28504	45.7681547460855
28518	45.768154625484
28520	45.7681541816206
28522	45.7681539817138
28562	45.7681534820513
28570	45.7681516964752
28588	45.7681515700209
28590	45.7681505580799
28594	45.7681486287852
28624	45.7681484144964
28626	45.7681472980856
28664	45.7681470490014
28708	45.768146743618
28716	45.7681466833161
28720	45.7681462133802
28724	45.7681453561387
28748	45.7681448277967
28774	45.7681436451822
28778	45.7681432006825
28790	45.7681411675055
28812	45.7681396650014
28826	45.7681381910352
28840	45.7681374119142
28850	45.7681364717108
28852	45.7681357807937
28890	45.7681351138593
28912	45.7681338133816
28940	45.7681338044817
28964	45.7681334279287
28968	45.7681333914553
28974	45.7681320911675
28982	45.7681307395815
28992	45.7681290806945
29018	45.7681290092254
29020	45.7681283829741
29028	45.7681273307707
29032	45.7681269832061
29042	45.7681267528748
29046	45.7681264714176
29048	45.7681256127163
29068	45.7681253895738
29070	45.7681251052340
29074	45.7681249055810
29080	45.7681248842352
29094	45.7681244781221
29104	45.7681239767917
29110	45.7681236960476
29116	45.7681231456072
29120	45.7681213920418
29124	45.7681204227662
29142	45.7681190937639
29150	45.7681189642966
29170	45.7681186262663
29172	45.7681182389582
29174	45.7681177268904
29180	45.7681161220698
29186	45.7681154555612
29200	45.7681148842378
29220	45.7681104927211
29240	45.7681104868706
29242	45.7681076175073
29274	45.7681071830034
29292	45.7681059233607
29310	45.7681059160675
29320	45.7681050425285
29330	45.7681048626347
29350	45.7681042255762
29354	45.7681041698253
29362	45.7681041504309
29366	45.7681036086238
29368	45.7681028316883
29370	45.7681024368408
29374	45.7681016161103
29378	45.7681011106025
29396	45.7681006391783
29442	45.7681005518781
29448	45.7680997288558
29458	45.7680987001193
29478	45.7680977426772
29486	45.7680975752909
29490	45.7680972277589
29514	45.7680962443445
29544	45.768095236434
29556	45.7680951296458
29568	45.7680944341843
29574	45.7680943481005
29580	45.7680941727216
29616	45.768093914459
29618	45.7680929632108
29630	45.7680927553578
29636	45.7680919823246
29640	45.7680919732279
29642	45.7680916023023
29650	45.76809137801
29674	45.7680911049028
29692	45.7680909277686
29694	45.7680908970071
29700	45.7680904313121
29706	45.7680897268625
29720	45.768089612993
29732	45.7680886646649
29746	45.7680885812939
29756	45.7680881813114
29784	45.7680876812693
29794	45.7680870930062
29810	45.7680870408763
29812	45.7680867920593
29826	45.7680866251311
29828	45.7680866231957
29836	45.7680858858083
29840	45.7680845936367
29860	45.7680845253242
29866	45.7680844934917
29872	45.7680842773722
29884	45.7680842754821
29892	45.7680837404495
29894	45.7680836474067
29904	45.7680828755876
29936	45.7680825809607
29942	45.7680823470368
29946	45.7680812984338
29952	45.7680808486024
29962	45.7680807637427
29966	45.7680806689863
29972	45.7680806093162
29982	45.768079539916
29996	45.7680791694622
29998	45.7680791022256
30000	45.7680789379300
30032	45.7680787373969
30038	45.7680784735224
30054	45.7680778864982
30066	45.7680771765721
30094	45.768077113781
30096	45.7680765840873
30102	45.7680765199762
30122	45.7680758985033
30136	45.7680758758495
30140	45.7680755389535
30144	45.7680753268983
30160	45.7680751847762
30168	45.7680751235006
30170	45.7680750345535
30200	45.7680746592832
30220	45.7680745361523
30224	45.768074505137
30258	45.7680740055602
30276	45.7680739651163
30280	45.7680738575691
30282	45.7680737821604
30284	45.7680732578335
30290	45.768073214682
30324	45.768072748313
30344	45.7680726067055
30348	45.7680722892375
30358	45.7680719680751
30366	45.7680715532941
30374	45.768070550838
30382	45.7680704143216
30390	45.7680702875793
30410	45.7680699110377
30436	45.7680694440605
30442	45.7680694063322
30450	45.7680691179254
30470	45.7680689101038
30518	45.7680688394901
30524	45.7680683203805
30548	45.7680682600776
30560	45.7680682147799
30566	45.7680676319929
30582	45.7680675533055
30590	45.7680674501387
30604	45.7680673772639
30612	45.7680670139462
30638	45.7680666989482
30650	45.7680664766009
30666	45.7680663434993
30670	45.7680661188671
30690	45.7680659251729
30718	45.7680658048884
30736	45.7680657755886
30750	45.768065694468
30756	45.7680652355013
30778	45.7680651655687
30786	45.7680651286314
30798	45.7680649428331
30812	45.7680646500099
30816	45.7680643139366
30822	45.7680640484851
30852	45.7680639200566
30856	45.7680632176761
30858	45.7680630746559
30870	45.7680630341705
30874	45.7680628237943
30876	45.7680620298693
30878	45.7680618406893
30882	45.7680615915927
30932	45.7680611672896
30948	45.7680611286219
30950	45.7680609649719
30960	45.7680603661648
30976	45.7680603251293
31032	45.7680602779293
31044	45.7680602024254
31050	45.7680598886144
31084	45.7680597237251
31096	45.7680595391725
31102	45.7680593265913
31112	45.7680593240254
31116	45.7680592304636
31120	45.7680591319564
31136	45.7680588673673
31148	45.7680587214084
31150	45.7680584730683
31188	45.7680584644033
31190	45.7680581851029
31196	45.7680578688132
31218	45.7680576727299
31228	45.768057509975
31236	45.7680574678374
31250	45.7680573718525
31252	45.7680573517319
31262	45.7680570644361
31270	45.7680569226792
31272	45.7680569107388
31278	45.7680566580108
31282	45.7680565502918
31292	45.7680564841783
31296	45.7680559586462
31318	45.7680558916935
31330	45.7680558647389
31334	45.7680556292264
31340	45.768055509245
31362	45.7680554015643
31364	45.7680553860243
31378	45.7680553781785
31392	45.7680553520156
31394	45.768055340414
31408	45.7680552591169
31420	45.768055232368
31430	45.7680549073138
31440	45.7680547061928
31454	45.768054491629
31458	45.7680544710281
31462	45.7680543208678
31474	45.7680540876911
31490	45.7680539774247
31514	45.7680539377355
31524	45.7680538885462
31538	45.7680538412527
31546	45.7680537134952
31552	45.768053706081
31554	45.7680536831522
31556	45.7680536824108
31568	45.7680534766333
31574	45.7680534639715
31592	45.7680534119572
31602	45.7680532217017
31610	45.7680531532954
31626	45.7680530265589
31628	45.7680529296842
31636	45.7680526757003
31648	45.7680526250188
31662	45.7680525023263
31668	45.7680524223557
31686	45.768052157116
31716	45.7680521328974
31718	45.7680520309425
31724	45.7680519133282
31752	45.7680518297585
31760	45.7680517989537
31770	45.7680517641517
31782	45.7680517503829
31790	45.7680517138592
31820	45.7680515634329
31840	45.7680513856552
31866	45.7680513605493
31894	45.7680513393476
31898	45.7680511877644
31908	45.7680511791616
31916	45.7680511299605
31922	45.7680509982864
31930	45.7680508261243
31954	45.7680507957572
31964	45.768050486699
31986	45.7680504431814
32002	45.7680503801678
32008	45.7680500259354
32034	45.7680498229322
32048	45.76804971672
32062	45.7680496801923
32078	45.7680495630384
32118	45.7680494896437
32120	45.7680494687926
32140	45.7680494173558
32152	45.7680493784684
32164	45.7680493715507
32174	45.7680493485393
32182	45.7680492272171
32218	45.7680491477786
32242	45.7680491417734
32244	45.7680491078015
32248	45.7680490861605
32264	45.7680490776643
32288	45.7680490572924
32306	45.7680490498826
32312	45.7680490440028
32332	45.7680490279397
32346	45.7680489623297
32354	45.7680489609664
32374	45.7680489319499
32384	45.7680489158892
32388	45.7680488816015
32390	45.7680488602216
32406	45.7680488488964
32414	45.7680488266584
32416	45.7680488183901
32424	45.7680487761938
32434	45.7680487417259
32452	45.768048736251
32464	45.7680486887057
32474	45.768048616999
32488	45.7680486115971
32490	45.768048601276
32498	45.7680484008885
32516	45.7680481157481
32524	45.7680480142151
32550	45.7680479792849
32558	45.7680479123883
32562	45.7680478811463
32568	45.7680477320413
32580	45.7680476628517
32602	45.7680476449219
32608	45.768047475405
32626	45.7680474567911
32630	45.7680473604718
32686	45.7680472752685
32688	45.7680472688268
32692	45.768047220733
32714	45.7680471865401
32720	45.7680471302236
32732	45.7680469873893
32750	45.7680469774858
32764	45.7680469685124
32766	45.7680469585365
32774	45.768046864225
32780	45.7680467004809
32804	45.7680465975377
32840	45.7680465380508
32842	45.7680464840711
32858	45.768046342449
32876	45.7680462569696
32918	45.768046229679
32934	45.7680462102842
32940	45.7680461704567
32942	45.7680460570423
32966	45.7680459731076
32986	45.7680459655742
32996	45.7680459430606
33008	45.768045789201
33028	45.7680457563961
33030	45.7680457149705
33054	45.7680456627127
33058	45.7680456437986
33080	45.7680456132874
33090	45.76804553736
33100	45.7680455337940
33116	45.7680455086543
33140	45.7680454204259
33166	45.7680453132972
33194	45.7680452719376
33206	45.7680452624938
33208	45.7680450893028
33224	45.7680447815247
33252	45.7680446761971
33272	45.7680446460379
33282	45.7680445810331
33284	45.7680445151275
33290	45.7680445061571
33296	45.7680444742723
33312	45.7680443887052
33318	45.7680442834272
33344	45.7680442106317
33380	45.7680441456144
33390	45.7680441350712
33400	45.7680441227226
33406	45.76804410862
33410	45.768044092565
33422	45.7680440614906
33434	45.7680440545908
33460	45.7680440265029
33474	45.7680440232627
33476	45.7680439966519
33480	45.7680439732951
33504	45.7680439370441
33506	45.7680439118151
33508	45.7680438307154
33510	45.7680437975908
33532	45.7680437755878
33536	45.7680436868702
33538	45.7680436388007
33542	45.7680435377600
33554	45.7680435213855
33572	45.7680434620268
33590	45.7680434430194
33606	45.768043421018
33620	45.7680433361829
33636	45.7680433136713
33662	45.7680432720695
33676	45.7680431694591
33706	45.7680431670343
33708	45.7680431643276
33710	45.7680431413307
33712	45.7680430680359
33734	45.7680430471331
33766	45.7680430272667
33768	45.7680430138889
33776	45.7680429590798
33780	45.7680429115861
33794	45.7680428365686
33818	45.7680428038815
33820	45.7680427776938
33826	45.7680426966581
33844	45.7680426885924
33850	45.7680426213403
33866	45.7680425513307
33868	45.7680425251448
33874	45.7680425095964
33894	45.7680424818446
33900	45.7680424790232
33904	45.7680423944982
33948	45.7680423739422
33966	45.7680423694677
33968	45.7680423257672
33980	45.7680422918221
33994	45.7680422058819
34000	45.7680420905017
34006	45.7680420196068
34026	45.7680419697983
34032	45.7680418617355
34070	45.7680418241186
34076	45.7680418225993
34088	45.7680417931534
34092	45.7680416960665
34102	45.7680416841579
34120	45.7680416489438
34134	45.7680416127202
34152	45.7680415773441
34160	45.7680415601134
34164	45.7680415243267
34166	45.7680414949545
34172	45.7680414889585
34184	45.7680414521894
34188	45.7680413920885
34220	45.7680413152882
34228	45.7680413076178
34248	45.768041294803
34250	45.7680412650572
34270	45.7680412487894
34294	45.7680412243566
34296	45.7680411814431
34300	45.7680411523043
34314	45.768041145106
34340	45.768041144186
34344	45.7680410993359
34362	45.7680410833526
34378	45.7680410456795
34394	45.7680410401879
34404	45.768041012824
34406	45.7680410002935
34410	45.7680409825507
34420	45.7680409661907
34426	45.7680409283632
34436	45.7680409232786
34446	45.7680409176261
34452	45.7680408807772
34456	45.7680408670162
34478	45.7680408620650
34482	45.7680408581085
34486	45.7680408547482
34492	45.7680408333899
34510	45.7680408040536
34518	45.7680407983210
34520	45.7680407794149
34538	45.7680407675637
34548	45.7680407616885
34556	45.7680406930029
34562	45.7680406660734
34568	45.76804065675
34576	45.7680406321251
34588	45.7680405954278
34590	45.7680405947338
34592	45.7680405787783
34600	45.7680405470209
34612	45.7680404718673
34626	45.7680404675315
34628	45.7680404258602
34632	45.768040389869
34670	45.7680403857669
34678	45.7680403777487
34680	45.7680403668787
34682	45.7680403504347
34692	45.7680403366382
34720	45.7680403352289
34724	45.7680402554016
34726	45.7680402486055
34732	45.7680401957333
34746	45.7680401882477
34748	45.7680401121564
34792	45.7680401093515
34794	45.7680401084697
34796	45.7680400551483
34806	45.7680399610509
34812	45.768039939867
34826	45.7680399386165
34828	45.7680398695804
34838	45.7680398451802
34844	45.7680398267911
34848	45.7680398156378
34850	45.7680396254765
34856	45.7680396238697
34858	45.7680394762613
34870	45.7680394686182
34880	45.7680394604981
34888	45.7680394038885
34918	45.7680393880284
34922	45.7680392823923
34940	45.7680392669801
34954	45.7680392192442
34980	45.7680391725061
35046	45.7680391700315
35052	45.7680391676256
35060	45.7680390925483
35072	45.7680390323493
35120	45.7680390267147
35126	45.7680390194995
35144	45.768039013579
35148	45.7680389994753
35154	45.7680389870541
35164	45.7680389805347
35166	45.7680389477970
35178	45.7680389338192
35192	45.7680389068407
35212	45.7680389001
35218	45.7680388778488
35236	45.7680388449832
35246	45.7680388365392
35268	45.7680388162958
35276	45.7680388057548
35280	45.7680388036058
35304	45.7680387836772
35326	45.7680387654578
35328	45.7680387425636
35342	45.7680387392167
35348	45.768038731749
35356	45.7680386976665
35358	45.7680386784293
35380	45.7680386568717
35408	45.7680386250526
35414	45.7680386151897
35436	45.7680386065804
35442	45.7680386020659
35444	45.7680385905311
35468	45.7680385602845
35480	45.7680385479190
35482	45.768038547896
35484	45.7680385376986
35502	45.7680384972118
35526	45.7680384906234
35534	45.7680384526435
35546	45.7680384453196
35570	45.7680384183574
35582	45.7680384089662
35588	45.7680383935384
35602	45.7680383812424
35622	45.7680383531869
35624	45.7680383495696
35630	45.7680383441689
35632	45.7680383399903
35648	45.7680383289755
35650	45.7680383033323
35692	45.7680383024437
35702	45.7680382793893
35706	45.7680382646404
35708	45.7680382528068
35724	45.7680382325954
35730	45.7680382235522
35742	45.7680382181317
35750	45.7680382011492
35788	45.7680381971608
35802	45.768038196074
35804	45.7680381673262
35810	45.768038162504
35820	45.7680381274332
35832	45.7680381217632
35836	45.7680381065569
35842	45.7680380963059
35866	45.768038077305
35870	45.7680380751447
35872	45.7680380709333
35888	45.7680380703545
35892	45.7680380673421
35896	45.7680380624298
35898	45.7680380570525
35926	45.7680380456194
35952	45.7680380435691
35962	45.7680380366018
35964	45.7680380296248
35978	45.7680380290859
35980	45.7680380126049
36022	45.7680380053958
36024	45.7680380047031
36026	45.7680380026139
36034	45.7680379966394
36036	45.7680379952013
36046	45.7680379781989
36082	45.7680379759388
36098	45.768037974659
36100	45.7680379646101
36106	45.7680379617838
36112	45.7680379581235
36124	45.7680379574958
36126	45.7680379509721
36134	45.7680379438026
36164	45.7680379410045
36168	45.7680379384968
36190	45.768037931225
36196	45.7680379292746
36224	45.7680379244226
36236	45.7680379203689
36246	45.7680379173923
36252	45.7680379165327
36258	45.7680379156835
36262	45.7680379131816
36284	45.7680379113411
36292	45.7680379104002
36324	45.7680379079254
36334	45.7680379045107
36342	45.7680379041702
36354	45.7680379036687
36356	45.7680379034279
36360	45.7680379003726
36378	45.768037897309
36384	45.7680378949775
36388	45.7680378936805
36390	45.768037889191
36394	45.7680378871932
36404	45.7680378852265
36438	45.7680378801487
36448	45.768037878171
36470	45.7680378765797
36486	45.7680378744052
36490	45.7680378709053
36492	45.7680378682291
36500	45.7680378681397
36530	45.7680378651232
36534	45.7680378590155
36536	45.7680378553872
36544	45.7680378527723
36574	45.7680378456699
36580	45.7680378454229
36584	45.7680378434576
36586	45.7680378374866
36614	45.7680378356896
36620	45.768037834897
36624	45.7680378315112
36644	45.7680378295488
36648	45.7680378230538
36652	45.7680378208892
36666	45.7680378108809
36670	45.7680378103302
36672	45.768037806193
36696	45.7680378025202
36704	45.7680377866856
36716	45.7680377813761
36724	45.7680377720051
36736	45.7680377646650
36738	45.7680377600562
36740	45.7680377571718
36754	45.7680377355132
36760	45.7680377289922
36792	45.7680377199411
36800	45.7680377055385
36808	45.7680377003612
36832	45.7680376785615
36836	45.7680376764594
36844	45.7680376749762
36846	45.7680376733592
36862	45.7680376674493
36878	45.7680376660916
36884	45.7680376602959
36890	45.7680376478340
36902	45.7680376404476
36930	45.7680376388578
36934	45.7680376378113
36948	45.7680376303747
36956	45.7680376262075
36958	45.7680376163911
36980	45.768037602548
36988	45.7680375973806
36992	45.7680375731885
37026	45.7680375718227
37034	45.7680375574616
37036	45.7680375419056
37038	45.7680375269037
37052	45.7680375092806
37056	45.7680374864139
37072	45.7680374759080
37098	45.7680374752421
37106	45.7680374532741
37132	45.7680374437584
37134	45.7680374104038
37140	45.7680374094352
37146	45.7680374051882
37152	45.7680373800511
37166	45.7680373733937
37168	45.7680372942291
37172	45.7680372660755
37180	45.7680372656755
37184	45.7680372609487
37214	45.7680372485603
37222	45.7680372359314
37246	45.7680372322566
37268	45.7680372262658
37276	45.7680372189197
37282	45.7680372009561
37292	45.7680371939823
37308	45.7680371870794
37324	45.7680371835728
37346	45.7680371765518
37348	45.7680371645447
37382	45.7680371516144
37398	45.7680371394389
37408	45.7680371393745
37412	45.7680371164363
37418	45.7680371145849
37420	45.7680371134273
37428	45.7680371042103
37434	45.7680370907021
37492	45.7680370886795
37496	45.7680370838454
37514	45.7680370580069
37538	45.768037051616
37542	45.7680370372073
37562	45.7680370220567
37568	45.7680370145802
37572	45.7680370076667
37574	45.7680369652196
37578	45.7680369538401
37584	45.7680369524178
37594	45.7680369320033
37602	45.7680369186487
37630	45.7680369178141
37636	45.7680369146118
37648	45.7680369068046
37656	45.7680369014277
37658	45.7680368967318
37664	45.7680368883125
37682	45.7680368876146
37684	45.7680368567942
37690	45.7680368440657
37692	45.7680368107229
37714	45.7680367929774
37720	45.7680367925575
37724	45.7680367805157
37738	45.7680367656938
37754	45.7680367295967
37772	45.7680367255397
37780	45.7680367234694
37790	45.7680366822379
37792	45.7680366636642
37802	45.7680366477381
37822	45.7680366147818
37832	45.7680366057358
37848	45.7680365812602
37852	45.7680365718197
37876	45.7680365693495
37890	45.7680365609802
37902	45.7680365412384
37908	45.7680365271749
37918	45.7680365152767
37936	45.7680365031707
37956	45.7680364828028
37980	45.768036464657
37994	45.7680364523131
38008	45.7680364475925
38016	45.7680364393545
38020	45.7680364331901
38022	45.7680364322006
38028	45.768036414916
38044	45.7680364070688
38050	45.7680363908473
38074	45.7680363872571
38098	45.7680363613219
38112	45.7680363557856
38120	45.7680363392609
38132	45.7680363335379
38136	45.7680363289316
38150	45.7680363223216
38182	45.7680363161725
38202	45.768036315585
38216	45.7680363110876
38220	45.7680362983113
38234	45.7680362933960
38238	45.7680362850740
38240	45.7680362757003
38264	45.7680362676078
38268	45.7680362553125
38308	45.7680362532982
38310	45.768036253271
38314	45.7680362523746
38316	45.7680362417742
38334	45.7680362391453
38340	45.7680362340141
38354	45.7680362332954
38372	45.7680362293956
38382	45.7680362195136
38386	45.7680362187321
38394	45.7680362168456
38406	45.7680362133045
38412	45.7680362092778
38418	45.7680362053402
38432	45.7680362053003
38436	45.7680362038343
38440	45.7680362007319
38442	45.7680361952881
38446	45.7680361895044
38492	45.7680361863922
38496	45.7680361839761
38522	45.7680361839162
38524	45.7680361828728
38528	45.7680361820516
38532	45.7680361815338
38550	45.7680361754776
38570	45.7680361752724
38582	45.7680361738237
38584	45.7680361705665
38590	45.7680361647072
38618	45.7680361641413
38622	45.7680361606361
38638	45.7680361601181
38642	45.7680361576971
38662	45.7680361546176
38678	45.7680361512123
38686	45.7680361502978
38710	45.7680361467515
38722	45.7680361445885
38732	45.7680361425076
38746	45.7680361415853
38762	45.7680361397579
38772	45.7680361388087
38776	45.7680361336351
38778	45.7680361318206
38788	45.7680361278754
38820	45.7680361275576
38822	45.7680361258281
38828	45.7680361241909
38852	45.7680361229488
38856	45.7680361229075
38862	45.7680361213487
38870	45.7680361211833
38874	45.7680361206656
38876	45.7680361201395
38896	45.7680361185186
38926	45.7680361162049
38952	45.76803611581
38968	45.7680361154593
38974	45.7680361132418
38994	45.7680361106431
39012	45.7680361101377
39038	45.7680361087626
39084	45.7680361081014
39086	45.7680361069177
39098	45.7680361057995
39102	45.7680361047102
39116	45.7680361041803
39118	45.768036103069
39136	45.768036101718
39140	45.7680361006387
39144	45.7680361006241
39162	45.7680360993742
39164	45.7680360982505
39178	45.7680360952842
39206	45.7680360943099
39216	45.7680360928691
39226	45.7680360924738
39228	45.7680360904567
39230	45.7680360900159
39238	45.7680360874488
39246	45.7680360847267
39276	45.7680360820735
39306	45.7680360792432
39328	45.7680360784185
39334	45.7680360783212
39336	45.7680360767833
39346	45.7680360758347
39348	45.768036075834
39364	45.7680360731875
39412	45.7680360719735
39422	45.7680360713998
39434	45.7680360713183
39440	45.7680360708146
39442	45.7680360700857
39452	45.7680360694679
39466	45.7680360677860
39474	45.7680360661975
39476	45.7680360652126
39478	45.7680360640249
39494	45.7680360631707
39514	45.7680360619797
39524	45.7680360617308
39526	45.7680360601889
39528	45.7680360595002
39536	45.7680360578485
39538	45.768036055231
39564	45.7680360545948
39576	45.7680360528351
39592	45.7680360470426
39634	45.7680360453886
39648	45.7680360440262
39666	45.7680360440100
39670	45.7680360432789
39676	45.768036042426
39684	45.7680360402391
39692	45.7680360377957
39708	45.7680360376719
39726	45.7680360363759
39742	45.7680360343125
39756	45.7680360340722
39768	45.7680360314246
39782	45.7680360292739
39798	45.768036028934
39802	45.7680360271304
39810	45.7680360269689
39816	45.7680360266015
39826	45.76803602468
39836	45.7680360245687
39840	45.7680360236257
39906	45.7680360234678
39912	45.7680360230605
39924	45.7680360206051
39956	45.7680360193584
39968	45.7680360188737
39972	45.7680360158199
40000	45.7680360139449
40002	45.7680360119438
40038	45.7680360119186
40050	45.7680360095948
40064	45.7680360088071
40084	45.7680360079761
40110	45.7680360063584
40132	45.7680360057355
40146	45.7680360049651
40150	45.7680360049233
40174	45.7680360046737
40178	45.7680360034573
40190	45.7680360020807
40208	45.7680360020581
40210	45.7680360013747
40212	45.7680360005532
40220	45.7680360004695
40228	45.7680359991901
40230	45.7680359979581
40270	45.7680359974474
40280	45.7680359968415
40282	45.7680359965376
40296	45.7680359964051
40318	45.7680359959505
40322	45.7680359959006
40334	45.7680359955864
40336	45.768035995466
40342	45.7680359950137
40344	45.7680359946203
40360	45.7680359944153
40374	45.7680359941662
40394	45.7680359939629
40400	45.7680359939599
40404	45.7680359934789
40420	45.7680359930213
40436	45.7680359922814
40462	45.7680359917694
40476	45.7680359917589
40486	45.7680359917569
40490	45.7680359917434
40494	45.7680359915896
40504	45.7680359909295
40518	45.7680359908660
40530	45.7680359899393
40558	45.7680359885434
40572	45.7680359880999
40584	45.7680359876335
40586	45.7680359874628
40590	45.7680359866641
40622	45.7680359863593
40644	45.7680359853022
40656	45.7680359848783
40662	45.7680359846975
40678	45.7680359845561
40680	45.768035983902
40692	45.7680359837961
40700	45.7680359836212
40706	45.7680359835419
40708	45.7680359833494
40716	45.7680359831134
40718	45.7680359829669
40720	45.7680359829222
40734	45.7680359821054
40740	45.7680359818404
40746	45.768035981493
40750	45.7680359810128
40752	45.7680359807476
40762	45.7680359806356
40764	45.768035980393
40768	45.7680359801561
40770	45.7680359800768
40778	45.7680359798831
40786	45.7680359797162
40792	45.7680359795678
40800	45.7680359794096
40806	45.7680359791341
40812	45.7680359789892
40838	45.7680359789252
40844	45.7680359787378
40848	45.7680359784804
40850	45.7680359778827
40856	45.7680359778156
40860	45.7680359777542
40862	45.7680359773776
40874	45.7680359762916
40882	45.7680359755546
40892	45.7680359754032
40928	45.7680359752573
40938	45.7680359745575
40956	45.7680359745495
40960	45.7680359744559
40966	45.7680359739131
40994	45.7680359734128
41010	45.7680359732279
41014	45.7680359730706
41032	45.7680359728337
41036	45.7680359727002
41056	45.7680359717770
41058	45.7680359714722
41078	45.7680359713028
41096	45.768035970746
41130	45.76803597042
41138	45.7680359700634
41144	45.7680359691914
41162	45.7680359688611
41168	45.7680359679473
41200	45.7680359678947
41202	45.768035967793
41204	45.7680359674180
41214	45.7680359673654
41224	45.7680359670867
41236	45.7680359667766
41258	45.7680359660584
41276	45.7680359656824
41282	45.7680359653287
41298	45.7680359652527
41300	45.7680359649512
41302	45.7680359641287
41330	45.7680359636943
41352	45.7680359635344
41362	45.7680359629479
41378	45.7680359628463
41386	45.7680359627323
41388	45.7680359623424
41392	45.7680359619296
41394	45.7680359617923
41398	45.7680359617544
41404	45.7680359612881
41448	45.7680359610124
41450	45.7680359606269
41466	45.7680359593028
41478	45.768035958945
41502	45.7680359588978
41530	45.7680359587381
41538	45.7680359579003
41544	45.7680359572868
41574	45.7680359572375
41580	45.7680359571639
41582	45.7680359570322
41590	45.7680359564538
41598	45.7680359564203
41628	45.7680359562672
41650	45.7680359560678
41664	45.7680359560488
41680	45.7680359555882
41684	45.7680359555297
41696	45.7680359553952
41706	45.7680359551926
41724	45.7680359551402
41728	45.7680359551046
41732	45.7680359548443
41738	45.7680359548366
41742	45.7680359545366
41768	45.7680359540867
41784	45.7680359538282
41800	45.7680359538106
41810	45.7680359537579
41818	45.7680359533814
41820	45.7680359531765
41824	45.7680359529356
41832	45.7680359528014
41840	45.7680359526522
41866	45.7680359526247
41870	45.768035952308
41880	45.7680359519776
41888	45.7680359519335
41900	45.7680359517122
41912	45.7680359515773
41924	45.7680359514081
41932	45.7680359508358
41962	45.7680359507577
41978	45.7680359506489
41984	45.7680359506284
41990	45.7680359504562
41998	45.7680359504266
42004	45.7680359499381
42036	45.7680359497782
42038	45.7680359497331
42042	45.7680359496832
42060	45.7680359490398
42086	45.768035948765
42100	45.7680359486999
42104	45.7680359486397
42106	45.7680359485877
42108	45.7680359484346
42126	45.7680359482342
42160	45.7680359480186
42180	45.7680359479961
42184	45.7680359474106
42208	45.7680359472449
42210	45.7680359470479
42232	45.7680359468737
42236	45.7680359468127
42244	45.7680359464994
42262	45.7680359463568
42282	45.7680359463269
42290	45.7680359460382
42306	45.7680359460034
42310	45.7680359459768
42324	45.7680359458583
42330	45.7680359457019
42354	45.7680359455522
42356	45.7680359453793
42388	45.7680359453044
42398	45.7680359452138
42400	45.7680359451183
42410	45.7680359448984
42436	45.7680359448968
42444	45.7680359448906
42452	45.7680359448063
42470	45.7680359446986
42490	45.7680359446407
42498	45.7680359446092
42500	45.7680359445096
42506	45.7680359444446
42524	45.7680359444162
42538	45.7680359443375
42548	45.7680359442623
42558	45.76803594422
42564	45.7680359441053
42574	45.7680359440606
42578	45.7680359438057
42592	45.7680359437909
42596	45.7680359435903
42600	45.7680359434248
42648	45.76803594316
42656	45.768035942969
42676	45.7680359428674
42682	45.7680359428349
42696	45.7680359425053
42706	45.7680359420618
42716	45.7680359417810
42736	45.7680359417421
42746	45.7680359410947
42748	45.7680359410897
42768	45.7680359410856
42782	45.7680359410593
42784	45.768035940795
42800	45.7680359407622
42806	45.7680359406525
42818	45.7680359402466
42848	45.768035940006
42868	45.7680359399098
42874	45.7680359397274
42916	45.7680359396248
42922	45.7680359395554
42926	45.7680359395273
42928	45.7680359394320
42932	45.7680359394286
42936	45.7680359394153
42940	45.7680359393635
42946	45.7680359392216
42970	45.76803593911
42976	45.7680359390739
43000	45.7680359389957
43004	45.7680359389607
43014	45.7680359388621
43020	45.7680359388119
43022	45.7680359387462
43074	45.7680359386878
43082	45.7680359385548
43086	45.7680359385377
43100	45.7680359383209
43104	45.7680359382822
43108	45.7680359380056
43120	45.76803593761
43134	45.7680359375092
43146	45.7680359374236
43156	45.7680359370683
43200	45.7680359370418
43208	45.7680359368971
43232	45.768035936835
43248	45.768035936685
43274	45.7680359366081
43278	45.768035936482
43300	45.7680359364625
43302	45.7680359364035
43304	45.7680359363965
43310	45.7680359363692
43316	45.7680359363158
43346	45.7680359362732
43354	45.7680359362275
43360	45.7680359361476
43398	45.7680359361206
43406	45.7680359360239
43412	45.7680359359915
43416	45.7680359358251
43436	45.7680359358183
43468	45.7680359357636
43474	45.7680359357232
43482	45.7680359356815
43496	45.7680359355859
43506	45.7680359355513
43510	45.7680359355353
43512	45.768035935456
43520	45.7680359354105
43548	45.7680359353913
43564	45.7680359353846
43582	45.7680359353092
43594	45.7680359353076
43598	45.7680359352864
43622	45.7680359352768
43656	45.7680359352483
43680	45.7680359352461
43684	45.7680359352266
43694	45.7680359352154
43698	45.7680359351834
43714	45.7680359351782
43722	45.7680359351704
43738	45.7680359351319
43756	45.7680359351002
43762	45.7680359350949
43780	45.7680359350839
43784	45.7680359350654
43790	45.7680359350367
43794	45.7680359349756
43818	45.7680359349532
43826	45.7680359349327
43844	45.7680359349325
43860	45.7680359348491
43876	45.7680359348374
43888	45.7680359348263
43892	45.7680359347989
43894	45.7680359347848
43908	45.7680359347291
43910	45.7680359347056
43914	45.7680359346487
43916	45.7680359346359
43932	45.7680359345607
43934	45.7680359345116
43966	45.7680359344739
43992	45.7680359343819
43996	45.7680359343632
43998	45.7680359343621
44004	45.7680359343391
44012	45.7680359343085
44014	45.768035934284
44016	45.7680359342536
44018	45.7680359341723
44036	45.7680359341323
44044	45.7680359340628
44050	45.7680359340399
44054	45.7680359339562
44070	45.7680359338370
44092	45.7680359338076
44104	45.7680359338036
44108	45.7680359337739
44110	45.7680359337621
44116	45.7680359337381
44136	45.7680359337362
44138	45.7680359336378
44142	45.7680359336221
44144	45.7680359335445
44146	45.7680359335377
44158	45.7680359334534
44160	45.7680359334237
44166	45.7680359334132
44178	45.768035933315
44182	45.7680359333074
44196	45.7680359331825
44226	45.7680359330895
44228	45.7680359330056
44254	45.7680359329641
44258	45.7680359329583
44264	45.768035932878
44284	45.7680359327334
44286	45.7680359326871
44312	45.7680359326292
44352	45.7680359326267
44370	45.7680359325693
44384	45.7680359325692
44388	45.7680359325514
44392	45.7680359325261
44408	45.7680359324992
44430	45.7680359324894
44436	45.7680359324729
44444	45.7680359324602
44460	45.7680359324182
44480	45.7680359324133
44498	45.7680359323761
44514	45.7680359323731
44526	45.7680359323428
44538	45.7680359323111
44578	45.7680359323094
44598	45.7680359322845
44610	45.768035932268
44642	45.7680359322518
44652	45.7680359322321
44660	45.7680359322282
44666	45.7680359322219
44670	45.7680359321894
44684	45.7680359321837
44686	45.7680359321826
44688	45.7680359321755
44714	45.7680359321537
44718	45.7680359321471
44744	45.7680359321369
44762	45.7680359321327
44778	45.7680359321264
44786	45.7680359321182
44814	45.7680359321039
44828	45.7680359321023
44838	45.7680359321
44840	45.7680359320921
44844	45.7680359320804
44850	45.7680359320701
44858	45.7680359320543
44860	45.7680359320334
44878	45.7680359320258
44894	45.7680359320054
44910	45.7680359320047
44914	45.7680359319915
44922	45.7680359319579
44930	45.7680359319205
44944	45.7680359319021
44972	45.768035931888
44986	45.7680359318568
44994	45.7680359318434
44996	45.7680359318365
45028	45.7680359318145
45040	45.7680359317979
45060	45.7680359317939
45062	45.7680359317905
45068	45.7680359317813
45090	45.7680359317636
45150	45.7680359317521
45160	45.768035931747
45164	45.7680359317443
45194	45.7680359317372
45204	45.7680359317263
45206	45.7680359317229
45210	45.7680359317222
45214	45.7680359317163
45218	45.7680359316973
45222	45.7680359316924
45228	45.7680359316875
45232	45.7680359316737
45240	45.7680359316702
45258	45.7680359316602
45268	45.76803593166
45276	45.7680359316557
45286	45.7680359316382
45294	45.7680359316308
45306	45.7680359316146
45320	45.7680359316048
45336	45.7680359316003
45350	45.768035931596
45352	45.7680359315817
45372	45.7680359315765
45382	45.7680359315731
45394	45.7680359315713
45396	45.7680359315558
45424	45.7680359315259
45466	45.7680359315165
45476	45.7680359314956
45484	45.7680359314956
45492	45.7680359314881
45514	45.7680359314846
45516	45.7680359314665
45524	45.7680359314445
45528	45.7680359314305
45536	45.7680359314276
45538	45.7680359314212
45548	45.7680359314188
45550	45.768035931409
45552	45.7680359313985
45558	45.7680359313769
45602	45.7680359313602
45610	45.768035931333
45642	45.7680359313326
45644	45.7680359313314
45662	45.7680359313148
45666	45.7680359313055
45676	45.7680359312878
45712	45.7680359312713
45748	45.7680359312647
45798	45.7680359312641
45804	45.7680359312612
45812	45.768035931253
45814	45.7680359312520
45818	45.7680359312507
45836	45.768035931246
45846	45.7680359312391
45876	45.7680359312385
45882	45.7680359312348
45898	45.7680359312329
45906	45.7680359312322
45910	45.7680359312312
45930	45.7680359312257
45936	45.7680359312242
45950	45.7680359312223
45970	45.7680359312218
45976	45.7680359312204
45978	45.7680359312186
45984	45.7680359312129
45986	45.7680359312124
45994	45.7680359312074
46016	45.7680359311893
46044	45.7680359311854
46064	45.7680359311826
46072	45.7680359311825
46082	45.7680359311768
46088	45.7680359311757
46100	45.7680359311687
46116	45.7680359311687
46124	45.768035931164
46126	45.7680359311616
46140	45.7680359311573
46154	45.7680359311571
46160	45.7680359311566
46164	45.7680359311477
46190	45.7680359311406
46198	45.7680359311372
46210	45.7680359311366
46226	45.768035931136
46228	45.7680359311345
46260	45.7680359311247
46266	45.7680359311237
46284	45.7680359311236
46292	45.7680359311233
46294	45.7680359311218
46296	45.7680359311138
46318	45.7680359311133
46320	45.7680359311092
46334	45.7680359311047
46336	45.7680359310962
46346	45.7680359310891
46352	45.7680359310841
46354	45.7680359310738
46376	45.7680359310641
46402	45.7680359310634
46408	45.7680359310633
46412	45.7680359310583
46414	45.7680359310507
46420	45.7680359310502
46422	45.7680359310439
46434	45.7680359310435
46438	45.7680359310339
46452	45.7680359310306
46472	45.7680359310304
46480	45.7680359310221
46482	45.7680359310211
46490	45.7680359310199
46524	45.7680359310169
46550	45.7680359310154
46552	45.7680359310134
46572	45.7680359310132
46580	45.7680359310118
46590	45.7680359310087
46592	45.7680359310070
46604	45.7680359310069
46608	45.7680359310063
46610	45.7680359310024
46612	45.7680359309941
46616	45.7680359309891
46666	45.7680359309875
46686	45.7680359309849
46692	45.7680359309794
46730	45.7680359309677
46746	45.768035930967
46756	45.7680359309647
46760	45.768035930957
46786	45.7680359309542
46800	45.7680359309535
46802	45.7680359309522
46814	45.7680359309512
46820	45.768035930951
46822	45.7680359309494
46834	45.7680359309465
46842	45.7680359309416
46856	45.7680359309415
46864	45.7680359309387
46888	45.7680359309369
46892	45.7680359309355
46898	45.7680359309297
46912	45.768035930927
46918	45.7680359309269
46932	45.7680359309265
46936	45.7680359309197
46958	45.7680359309192
46966	45.7680359309088
46990	45.768035930899
47012	45.768035930897
47030	45.7680359308966
47038	45.7680359308963
47040	45.7680359308915
47044	45.7680359308889
47056	45.7680359308835
47064	45.7680359308831
47072	45.7680359308757
47078	45.7680359308741
47092	45.7680359308661
47108	45.7680359308624
47114	45.7680359308585
47118	45.7680359308576
47134	45.7680359308555
47136	45.7680359308451
47142	45.7680359308429
47162	45.7680359308369
47192	45.7680359308348
47202	45.7680359308346
47208	45.768035930826
47214	45.7680359308257
47224	45.7680359308256
47246	45.7680359308172
47248	45.7680359308145
47258	45.7680359308032
47284	45.7680359307996
47300	45.7680359307964
47306	45.7680359307908
47310	45.768035930775
47320	45.7680359307696
47342	45.7680359307629
47356	45.7680359307616
47362	45.768035930759
47382	45.7680359307453
47406	45.7680359307409
47430	45.7680359307265
47440	45.7680359307262
47450	45.7680359307239
47458	45.7680359307218
47466	45.7680359307117
47520	45.7680359307083
47522	45.7680359307047
47540	45.7680359307033
47560	45.7680359307004
47578	45.7680359306979
47594	45.7680359306897
47620	45.7680359306893
47626	45.768035930688
47642	45.7680359306873
47648	45.7680359306834
47672	45.7680359306792
47708	45.7680359306777
47712	45.768035930676
47720	45.7680359306754
47728	45.7680359306697
47732	45.7680359306672
47736	45.7680359306583
47754	45.7680359306562
47806	45.7680359306558
47808	45.7680359306549
47820	45.7680359306537
47822	45.7680359306532
47828	45.7680359306518
47832	45.7680359306515
47846	45.7680359306504
47852	45.7680359306495
47862	45.7680359306457
47880	45.7680359306456
47882	45.7680359306434
47892	45.7680359306371
47908	45.7680359306256
47916	45.7680359306174
47924	45.7680359306168
47926	45.768035930608
47934	45.7680359306047
47970	45.768035930601
47978	45.7680359305997
47986	45.7680359305988
47990	45.7680359305969
48010	45.768035930593
48036	45.7680359305925
48038	45.7680359305878
48058	45.7680359305861
48068	45.7680359305849
48080	45.7680359305848
48082	45.7680359305844
48096	45.7680359305795
48102	45.7680359305781
48106	45.7680359305735
48154	45.7680359305726
48176	45.7680359305708
48182	45.7680359305689
48184	45.7680359305686
48202	45.7680359305686
48208	45.7680359305678
48212	45.7680359305672
48216	45.7680359305671
48220	45.7680359305636
48236	45.7680359305628
48244	45.7680359305603
48248	45.7680359305597
48266	45.7680359305584
48270	45.7680359305563
48280	45.7680359305551
48286	45.7680359305541
48320	45.7680359305503
48328	45.7680359305486
48346	45.7680359305477
48348	45.7680359305456
48358	45.7680359305438
48362	45.7680359305412
48364	45.7680359305388
48370	45.7680359305369
48374	45.7680359305337
48402	45.7680359305337
48418	45.7680359305282
48422	45.7680359305273
48430	45.7680359305235
48442	45.7680359305188
48468	45.7680359305089
48518	45.7680359305076
48534	45.7680359305062
48546	45.7680359305061
48548	45.7680359305035
48556	45.7680359305013
48564	45.7680359304974
48592	45.7680359304954
48608	45.7680359304930
48624	45.7680359304923
48646	45.7680359304909
48664	45.7680359304901
48676	45.7680359304897
48678	45.7680359304887
48682	45.7680359304886
48700	45.7680359304878
48710	45.7680359304845
48746	45.7680359304819
48772	45.7680359304795
48782	45.7680359304748
48810	45.7680359304728
48826	45.7680359304724
48834	45.7680359304721
48860	45.7680359304715
48868	45.7680359304686
48882	45.7680359304679
48894	45.7680359304675
48898	45.7680359304645
48906	45.7680359304639
48922	45.7680359304615
48934	45.7680359304597
48968	45.7680359304563
48980	45.7680359304551
48984	45.7680359304539
48992	45.7680359304529
48998	45.7680359304528
49004	45.7680359304515
49010	45.7680359304515
49012	45.7680359304508
49014	45.7680359304505
49020	45.7680359304491
49030	45.7680359304453
49034	45.7680359304451
49036	45.7680359304405
49038	45.7680359304393
49050	45.7680359304369
49056	45.7680359304307
49074	45.768035930427
49090	45.7680359304252
49116	45.7680359304225
49128	45.7680359304209
49166	45.768035930417
49178	45.7680359304125
49230	45.7680359304113
49240	45.7680359304105
49242	45.7680359304083
49256	45.7680359304066
49260	45.7680359304035
49262	45.7680359304029
49268	45.7680359304024
49278	45.7680359304016
49282	45.7680359304013
49284	45.768035930401
49316	45.7680359304004
49318	45.7680359303999
49324	45.768035930398
49338	45.7680359303977
49340	45.7680359303975
49346	45.7680359303963
49360	45.7680359303948
49368	45.7680359303928
49400	45.7680359303922
49408	45.7680359303912
49430	45.7680359303910
49432	45.7680359303891
49442	45.7680359303883
49446	45.7680359303866
49452	45.7680359303863
49456	45.7680359303861
49468	45.768035930386
49474	45.7680359303846
49476	45.7680359303832
49478	45.7680359303818
49504	45.7680359303815
49514	45.7680359303802
49532	45.7680359303774
49548	45.7680359303771
49550	45.7680359303768
49558	45.7680359303765
49568	45.7680359303761
49572	45.7680359303753
49584	45.7680359303752
49586	45.7680359303750
49590	45.768035930375
49596	45.7680359303731
49606	45.7680359303731
49636	45.7680359303727
49646	45.7680359303724
49648	45.7680359303722
49652	45.7680359303714
49654	45.7680359303711
49660	45.7680359303708
49670	45.7680359303698
49682	45.7680359303696
49692	45.7680359303682
49726	45.7680359303673
49732	45.7680359303673
49734	45.7680359303668
49750	45.7680359303667
49758	45.7680359303665
49760	45.7680359303661
49778	45.7680359303643
49786	45.7680359303639
49794	45.7680359303638
49800	45.7680359303634
49804	45.7680359303631
49810	45.7680359303627
49830	45.7680359303625
49838	45.7680359303624
49850	45.7680359303621
49864	45.7680359303621
49874	45.7680359303616
49876	45.7680359303609
49890	45.7680359303608
49894	45.7680359303606
49904	45.7680359303598
49908	45.7680359303594
49926	45.7680359303594
49970	45.7680359303592
49988	45.7680359303586
49992	45.7680359303586
49994	45.7680359303584
50010	45.7680359303582
50016	45.7680359303581
50030	45.7680359303581
50038	45.7680359303579
50048	45.7680359303577
50056	45.7680359303574
50066	45.7680359303572
50068	45.768035930357
50076	45.768035930357
50090	45.7680359303569
50100	45.7680359303568
50110	45.7680359303563
50116	45.7680359303563
50128	45.7680359303558
50156	45.7680359303554
50170	45.7680359303554
50176	45.7680359303554
50188	45.7680359303552
50192	45.7680359303546
50202	45.7680359303543
50208	45.7680359303539
50214	45.7680359303536
50224	45.7680359303534
50232	45.768035930353
50254	45.7680359303524
50276	45.7680359303522
50284	45.7680359303521
50316	45.7680359303514
50328	45.7680359303509
50334	45.7680359303508
50336	45.7680359303507
50338	45.7680359303505
50348	45.7680359303505
50362	45.7680359303499
50364	45.7680359303498
50390	45.7680359303497
50398	45.7680359303495
50408	45.7680359303492
50416	45.7680359303491
50418	45.7680359303488
50428	45.7680359303477
50430	45.7680359303466
50446	45.7680359303463
50476	45.7680359303462
50486	45.7680359303462
50512	45.7680359303458
50526	45.7680359303458
50538	45.7680359303456
50552	45.7680359303455
50560	45.7680359303453
50562	45.768035930345
50578	45.7680359303449
50592	45.7680359303447
50604	45.7680359303446
50606	45.7680359303435
50628	45.7680359303434
50652	45.7680359303433
50658	45.7680359303433
50664	45.7680359303429
50670	45.7680359303411
50674	45.7680359303407
50684	45.7680359303404
50700	45.7680359303404
50722	45.7680359303401
50744	45.76803593034
50752	45.7680359303398
50754	45.7680359303397
50758	45.7680359303385
50760	45.7680359303383
50826	45.768035930338
50832	45.7680359303377
50856	45.7680359303375
50862	45.7680359303374
50878	45.7680359303373
50882	45.7680359303373
50902	45.7680359303371
50910	45.7680359303371
50924	45.768035930337
50938	45.7680359303369
50940	45.7680359303366
50948	45.7680359303365
50950	45.7680359303362
50964	45.7680359303360
50976	45.7680359303359
50994	45.7680359303357
51022	45.7680359303353
51030	45.7680359303351
51044	45.768035930335
51086	45.7680359303349
51090	45.7680359303347
51104	45.7680359303344
51130	45.7680359303343
51156	45.7680359303339
51158	45.7680359303336
51176	45.7680359303334
51204	45.7680359303331
51210	45.7680359303328
51256	45.7680359303328
51258	45.7680359303326
51266	45.7680359303326
51268	45.7680359303323
51308	45.7680359303321
51330	45.7680359303321
51348	45.7680359303319
51370	45.7680359303317
51392	45.7680359303317
51396	45.7680359303317
51398	45.7680359303317
51400	45.7680359303316
51408	45.7680359303315
51418	45.7680359303314
51450	45.7680359303313
51468	45.7680359303313
51472	45.7680359303312
51488	45.7680359303311
51514	45.7680359303310
51516	45.768035930331
51526	45.7680359303309
51538	45.7680359303307
51540	45.7680359303307
51542	45.7680359303306
51558	45.7680359303305
51562	45.7680359303304
51564	45.7680359303304
51568	45.7680359303304
51570	45.7680359303302
51572	45.7680359303301
51582	45.76803593033
51610	45.7680359303295
51652	45.7680359303295
51654	45.7680359303294
51676	45.7680359303293
51682	45.7680359303292
51710	45.7680359303292
51722	45.7680359303291
51724	45.7680359303291
51732	45.7680359303289
51738	45.7680359303289
51748	45.7680359303289
51758	45.7680359303289
51760	45.7680359303288
51762	45.7680359303287
51764	45.7680359303285
51766	45.7680359303283
51800	45.7680359303280
51812	45.7680359303279
51828	45.7680359303278
51840	45.7680359303278
51874	45.7680359303276
51884	45.7680359303275
51898	45.7680359303274
51900	45.7680359303272
51928	45.7680359303272
51944	45.7680359303271
51946	45.7680359303271
51952	45.768035930327
51982	45.7680359303269
51994	45.7680359303269
52004	45.7680359303269
52010	45.7680359303268
52028	45.7680359303268
52030	45.7680359303268
52052	45.7680359303268
52054	45.7680359303267
52068	45.7680359303267
52072	45.7680359303267
52092	45.7680359303266
52096	45.7680359303266
52098	45.7680359303265
52116	45.7680359303265
52124	45.7680359303264
52134	45.7680359303264
52142	45.7680359303263
52158	45.7680359303263
52166	45.7680359303263
52168	45.7680359303263
52184	45.7680359303262
52196	45.7680359303261
52204	45.7680359303261
52206	45.7680359303261
52226	45.7680359303260
52230	45.768035930326
52234	45.768035930326
52236	45.7680359303260
52252	45.7680359303259
52260	45.7680359303257
52268	45.7680359303256
52276	45.7680359303255
52288	45.7680359303255
52300	45.7680359303254
52306	45.7680359303253
52312	45.7680359303253
52328	45.7680359303252
52366	45.7680359303252
52370	45.7680359303252
52376	45.7680359303251
52390	45.7680359303251
52406	45.7680359303249
52432	45.7680359303248
52434	45.7680359303247
52436	45.7680359303247
52452	45.7680359303247
52478	45.7680359303247
52484	45.7680359303246
52486	45.7680359303246
52500	45.7680359303245
52510	45.7680359303244
52516	45.7680359303243
52520	45.7680359303243
52532	45.7680359303242
52534	45.7680359303242
52544	45.7680359303242
52550	45.7680359303241
52566	45.7680359303241
52588	45.7680359303241
52594	45.7680359303240
52598	45.768035930324
52618	45.768035930324
52620	45.768035930324
52622	45.7680359303239
52624	45.7680359303239
52642	45.7680359303238
52650	45.7680359303238
52656	45.7680359303238
52664	45.7680359303236
52674	45.7680359303236
52682	45.7680359303235
52684	45.7680359303234
52692	45.7680359303234
52704	45.7680359303232
52712	45.7680359303231
52714	45.7680359303231
52732	45.7680359303231
52742	45.7680359303230
52746	45.7680359303229
52752	45.7680359303229
52754	45.7680359303228
52782	45.7680359303227
52788	45.7680359303227
52802	45.7680359303226
52806	45.7680359303226
52816	45.7680359303226
52824	45.7680359303226
52838	45.7680359303223
52846	45.7680359303222
52852	45.7680359303222
52892	45.7680359303221
52896	45.7680359303221
52900	45.768035930322
52912	45.7680359303219
52924	45.7680359303218
52948	45.7680359303217
52960	45.7680359303217
52968	45.7680359303215
52976	45.7680359303213
53020	45.7680359303213
53028	45.7680359303212
53044	45.7680359303211
53058	45.768035930321
53068	45.768035930321
53078	45.7680359303209
53080	45.7680359303208
53100	45.7680359303208
53116	45.7680359303207
53132	45.7680359303207
53140	45.7680359303205
53144	45.7680359303205
53164	45.7680359303204
53180	45.7680359303201
53226	45.7680359303201
53228	45.7680359303198
53244	45.7680359303197
53278	45.7680359303196
53314	45.7680359303196
53316	45.7680359303196
53318	45.7680359303196
53322	45.7680359303195
53334	45.7680359303194
53338	45.7680359303193
53344	45.7680359303193
53378	45.7680359303193
53382	45.7680359303193
53388	45.7680359303192
53404	45.7680359303192
53412	45.7680359303192
53418	45.7680359303191
53428	45.7680359303191
53436	45.7680359303190
53444	45.768035930319
53452	45.7680359303189
53466	45.7680359303189
53470	45.7680359303189
53480	45.7680359303188
53496	45.7680359303187
53510	45.7680359303187
53520	45.7680359303187
53540	45.7680359303186
53568	45.7680359303186
53596	45.7680359303185
53624	45.7680359303185
53638	45.7680359303185
53650	45.7680359303184
53658	45.7680359303183
53662	45.7680359303183
53666	45.7680359303183
53668	45.7680359303183
53674	45.7680359303182
53678	45.7680359303182
53706	45.7680359303181
53712	45.7680359303181
53720	45.768035930318
53728	45.7680359303179
53738	45.7680359303179
53768	45.7680359303179
53780	45.7680359303178
53784	45.7680359303178
53802	45.7680359303177
53804	45.7680359303177
53866	45.7680359303177
53878	45.7680359303176
53880	45.7680359303176
53892	45.7680359303176
53894	45.7680359303174
53920	45.7680359303174
53958	45.7680359303173
53978	45.7680359303173
53988	45.7680359303172
53994	45.7680359303172
54002	45.7680359303171
54004	45.7680359303171
54010	45.768035930317
54028	45.7680359303169
54050	45.7680359303169
54084	45.7680359303169
54092	45.7680359303167
54106	45.7680359303165
54108	45.7680359303161
54124	45.768035930316
54126	45.7680359303158
54140	45.7680359303158
54148	45.7680359303158
54150	45.7680359303158
54158	45.7680359303157
54178	45.7680359303157
54182	45.7680359303157
54198	45.7680359303156
54208	45.7680359303155
54228	45.7680359303155
54230	45.7680359303155
54252	45.7680359303155
54298	45.7680359303154
54316	45.7680359303154
54322	45.7680359303154
54330	45.7680359303153
54338	45.7680359303153
54342	45.7680359303152
54354	45.7680359303152
54356	45.7680359303152
54376	45.7680359303151
54388	45.7680359303151
54392	45.7680359303151
54406	45.768035930315
54408	45.768035930315
54420	45.7680359303149
54438	45.7680359303149
54446	45.7680359303148
54448	45.7680359303148
54478	45.7680359303147
54502	45.7680359303147
54528	45.7680359303147
54534	45.7680359303147
54542	45.7680359303146
54560	45.7680359303146
54586	45.7680359303146
54590	45.7680359303145
54592	45.7680359303145
54624	45.7680359303144
54636	45.7680359303144
54638	45.7680359303143
54656	45.7680359303143
54668	45.7680359303143
54676	45.7680359303143
54686	45.7680359303142
54714	45.7680359303142
54738	45.7680359303142
54740	45.7680359303142
54748	45.7680359303141
54760	45.7680359303141
54806	45.7680359303141
54834	45.7680359303141
54840	45.7680359303141
54852	45.7680359303141
54854	45.768035930314
54914	45.768035930314
54948	45.768035930314
54956	45.768035930314
54970	45.7680359303139
54990	45.7680359303138
54992	45.7680359303138
55010	45.7680359303137
55018	45.7680359303137
55042	45.7680359303137
55060	45.7680359303137
55066	45.7680359303137
55068	45.7680359303136
55094	45.7680359303136
55096	45.7680359303136
55106	45.7680359303136
55108	45.7680359303135
55122	45.7680359303135
55138	45.7680359303135
55144	45.7680359303135
55164	45.7680359303135
55170	45.7680359303135
55176	45.7680359303134
55178	45.7680359303134
55180	45.7680359303134
55190	45.7680359303134
55198	45.7680359303133
55206	45.7680359303133
55208	45.7680359303133
55216	45.7680359303133
55222	45.7680359303132
55234	45.7680359303132
55248	45.7680359303132
55274	45.7680359303131
55276	45.7680359303131
55282	45.7680359303131
55290	45.768035930313
55292	45.768035930313
55298	45.768035930313
55308	45.768035930313
55336	45.768035930313
55338	45.7680359303129
55344	45.7680359303129
55368	45.7680359303129
55374	45.7680359303129
55386	45.7680359303128
55408	45.7680359303128
55416	45.7680359303127
55446	45.7680359303127
55448	45.7680359303127
55462	45.7680359303126
55492	45.7680359303125
55496	45.7680359303125
55506	45.7680359303125
55508	45.7680359303125
55532	45.7680359303125
55542	45.7680359303124
55548	45.7680359303124
55558	45.7680359303124
55568	45.7680359303124
55584	45.7680359303123
55636	45.7680359303123
55642	45.7680359303123
55644	45.7680359303123
55672	45.7680359303122
55682	45.7680359303122
55698	45.7680359303122
55714	45.7680359303121
55734	45.7680359303121
55772	45.7680359303121
55792	45.7680359303121
55808	45.7680359303121
55824	45.7680359303121
55842	45.7680359303121
55858	45.7680359303121
55886	45.768035930312
55900	45.768035930312
55958	45.768035930312
55968	45.768035930312
55988	45.768035930312
56006	45.7680359303120
56030	45.7680359303119
56032	45.7680359303119
56040	45.7680359303119
56054	45.7680359303119
56078	45.7680359303119
56082	45.7680359303119
56088	45.7680359303118
56124	45.7680359303118
56178	45.7680359303118
56214	45.7680359303117
56218	45.7680359303117
56236	45.7680359303117
56268	45.7680359303117
56270	45.7680359303117
56284	45.7680359303117
56328	45.7680359303117
56358	45.7680359303117
56364	45.7680359303117
56374	45.7680359303117
56390	45.7680359303116
56412	45.7680359303116
56440	45.7680359303116
56452	45.7680359303115
56466	45.7680359303115
56482	45.7680359303115
56494	45.7680359303115
56496	45.7680359303115
56518	45.7680359303114
56524	45.7680359303114
56526	45.7680359303114
56546	45.7680359303114
56554	45.7680359303113
56596	45.7680359303113
56600	45.7680359303113
56616	45.7680359303113
56622	45.7680359303113
56626	45.7680359303113
56644	45.7680359303112
56662	45.7680359303112
56670	45.7680359303112
56686	45.7680359303112
56690	45.7680359303112
56706	45.7680359303112
56714	45.7680359303111
56722	45.7680359303111
56736	45.7680359303111
56746	45.7680359303111
56752	45.7680359303111
56762	45.7680359303111
56784	45.7680359303111
56798	45.768035930311
56824	45.768035930311
56826	45.768035930311
56864	45.768035930311
56890	45.768035930311
56894	45.768035930311
56938	45.7680359303110
56976	45.7680359303109
56994	45.7680359303109
56998	45.7680359303109
57012	45.7680359303109
57050	45.7680359303108
57062	45.7680359303108
57066	45.7680359303108
57110	45.7680359303107
57130	45.7680359303107
57148	45.7680359303107
57176	45.7680359303107
57202	45.7680359303107
57230	45.7680359303107
57254	45.7680359303106
57282	45.7680359303106
57294	45.7680359303106
57320	45.7680359303106
57330	45.7680359303106
57332	45.7680359303106
57338	45.7680359303106
57350	45.7680359303106
57394	45.7680359303105
57408	45.7680359303105
57416	45.7680359303105
57442	45.7680359303105
57456	45.7680359303104
57518	45.7680359303104
57534	45.7680359303104
57552	45.7680359303104
57568	45.7680359303104
57582	45.7680359303104
57586	45.7680359303104
57604	45.7680359303103
57640	45.7680359303103
57658	45.7680359303103
57684	45.7680359303103
57712	45.7680359303103
57716	45.7680359303103
57740	45.7680359303103
57756	45.7680359303103
57760	45.7680359303103
57774	45.7680359303103
57824	45.7680359303102
57852	45.7680359303102
57930	45.7680359303102
58002	45.7680359303102
58026	45.7680359303102
58048	45.7680359303102
58052	45.7680359303102
58084	45.7680359303102
58106	45.7680359303102
58138	45.7680359303102
58178	45.7680359303102
58282	45.7680359303102
58324	45.7680359303101
58346	45.7680359303101
58658	45.7680359303101
58676	45.7680359303101
58718	45.7680359303101
58740	45.7680359303101
58774	45.7680359303101
58786	45.7680359303101
58828	45.7680359303101
59004	45.7680359303101
59038	45.7680359303100
59070	45.7680359303100
59122	45.76803593031
59154	45.76803593031
59186	45.76803593031
59212	45.76803593031
59308	45.76803593031
59478	45.76803593031
60944	45.76803593031
62016	45.76803593031
62024	45.7680359303099
62644	45.7680359303099
63086	45.7680359303099
63396	45.7680359303099
66374	45.7680359303099
68896	45.7680359303099
70046	45.7680359303099
70346	45.7680359303099
70722	45.7680359303099
75448	45.7680359303099
97514	45.7680359303099
115406	45.7680359303098
300000	45.7680359303098
