52	512.92032209231
56	491.835172158398
60	450.375681755356
90	400.035127173762
100	353.362774253806
128	325.244373650550
198	324.495032835751
228	306.202799929834
268	300.526897554340
318	288.864260432294
406	287.728264110814
412	276.53460683056
480	257.480222385160
484	246.216415966312
488	230.967236187772
732	224.280463060569
1114	217.225293791346
1390	211.605554052023
2142	171.784041182324
3858	170.416511982877
3954	166.510910188793
4124	157.425073250641
4358	150.137957602268
4586	134.879535483668
4716	127.518799347871
4730	116.413811699523
4738	112.468330429021
4774	110.760190584499
4780	107.350640399573
4822	105.399606263116
4828	105.075249526455
4878	102.995767780075
4880	101.066420736335
4882	100.736996045956
4898	98.9349027845751
4940	94.3729111401127
5002	93.1447179332819
5008	92.738904305121
5024	92.0521921128028
5054	91.9810162973583
5066	91.3397608117356
5070	91.2836868479948
5078	91.2384152752355
5090	91.0660331850185
5096	90.1264070748156
5106	89.0530639391196
5126	88.9620986643931
5134	88.8428766778625
5140	88.0774282379693
5158	85.2035301763562
5174	85.1313681978718
5186	83.9305553544847
5194	83.5433914624107
5210	83.0066925461242
5224	81.4882530966671
5230	81.2666396721933
5258	81.1079310066222
5278	81.0468211393599
5282	80.3465148702648
5296	78.082431328086
5308	77.2299762592978
5312	76.4813846433253
5360	76.0807852317388
5362	75.8804543895659
5374	75.742411706568
5376	75.4045394006964
5386	75.016829821676
5400	74.4660313265497
5410	74.268731296081
5424	74.1724176809142
5428	74.1167935000946
5430	73.7244403274566
5444	73.6664649865399
5450	73.4564713968744
5460	72.8586973136078
5464	72.4861169538527
5468	71.992272306788
5488	71.8653435432176
5496	71.8148049498145
5498	71.3360298373156
5502	71.0474234702781
5516	70.5169881899421
5518	70.3091719452561
5522	69.6997938469028
5530	68.5793990106068
5566	68.4980458532186
5568	67.7922825800113
5578	67.7019946414753
5582	67.4599917400124
5586	66.0548506621292
5598	65.7152935424356
5606	65.6629125932332
5652	65.5665754819564
5666	65.4443841754105
5672	64.9711023633998
5680	64.6716747609316
5696	64.0937609325234
5698	63.764299962173
5702	63.5747267474861
5742	63.082820966239
5752	63.073419780402
5774	62.984284827185
5782	62.5353503243162
5798	61.9727811180239
5826	61.9337646647911
5832	61.75607740208
5840	61.5162199304496
5848	61.3794621906337
5854	61.2028770665217
5858	61.1231782942895
5864	60.0601684973166
5880	58.3706036646799
5914	58.3527723690937
5918	58.2061782145105
5920	57.8248187411653
5930	57.1106866257393
5932	54.8304647299928
5966	54.7218490384591
6000	54.3725476130384
6002	53.8736280441481
6008	53.0272683698746
6028	52.9273877528423
6038	52.4991476512099
6042	52.4374586207549
6044	52.3133138893868
6060	52.2710203540944
6064	52.0880601048628
6066	52.01496675442
6074	50.6243472074997
6094	50.5567382349937
6108	50.4856820614967
6128	50.3536484058996
6130	50.332121344182
6134	50.3164828474654
6140	50.2569429152034
6146	49.6385430111168
6154	49.4885647313204
6208	48.9605417871548
6244	48.4650890833043
6268	48.3873887962575
6272	47.5985035982721
6274	47.0499024635277
6282	47.026702906099
6296	47.0249296320653
6304	46.6788191503874
6316	46.6174342865547
6318	46.510506557752
6330	45.9849458030411
6358	45.6454481404966
6368	45.5347580346741
6378	44.7325287310747
6396	44.4843610332421
6400	44.4647365162708
6424	44.3821648616274
6440	44.1046532829784
6468	43.7883513821968
6478	43.5453430269782
6498	43.2450542606978
6508	43.1999176859847
6512	43.0691124211813
6514	42.8734338099294
6534	42.6467611719129
6542	42.5310328058443
6548	42.1762241865181
6580	42.1440133713323
6594	41.9130489230228
6598	41.4578844215977
6620	41.1793622034452
6684	41.1600307639301
6686	41.1240472597605
6696	41.0443765227676
6706	40.9802107925154
6714	40.5752587065203
6732	40.4907979965676
6750	40.317140600763
6752	40.2901308693931
6758	40.1115265513111
6770	39.9989765426922
6772	39.52326875378
6792	39.50714390948
6796	39.3544131744789
6800	39.1939781027476
6818	38.9703578083917
6826	38.9424985871594
6838	38.7054107097963
6844	38.6407061632957
6848	38.5394437198573
6852	38.3689857929547
6862	38.1537277283297
6884	38.1496244583145
6898	38.0839511358874
6900	38.0443803698386
6902	37.7005801762661
6918	37.6773087489207
6920	37.6196941001294
6938	37.6026479105764
6946	37.358162847176
6956	37.3563800868504
6974	37.3556294620313
6986	37.3374897839387
6988	37.2714715139576
6990	37.2141414506283
7004	37.082958512331
7010	37.0265239684140
7012	37.012539863604
7016	36.7881292517448
7032	36.4677051578767
7044	36.2906339133908
7050	36.2858882911929
7054	36.0564412702809
7056	36.0526305951978
7062	35.9626019800935
7068	35.7687602593569
7070	35.6694033469891
7078	35.202963150652
7090	34.9719511930888
7104	34.9448990728079
7118	34.7915378579684
7124	34.5930227872564
7148	34.3110704745072
7198	34.2611979996024
7200	34.2117343756206
7222	34.131451946905
7228	34.1198937612182
7240	34.1163828954927
7248	34.1050321169164
7266	34.0997499873741
7268	34.0255931823073
7278	33.9823099139848
7284	33.8633752472559
7288	33.7518477650456
7294	33.7360782617379
7304	33.7081330115341
7306	33.625701437863
7308	33.5395882025869
7312	33.4309329018830
7324	33.3989320329310
7346	33.2685113797281
7358	33.1198328094078
7388	33.0498263682387
7390	33.01141171158
7408	33.001520981357
7410	32.8657916036146
7416	32.8086662659376
7452	32.7973590197045
7458	32.6200656062270
7468	32.6187943486699
7476	32.5284248620049
7496	32.3258690190266
7504	32.29718508952
7518	32.2467446546407
7528	32.0908610511954
7536	31.8442023092356
7552	31.6461277163911
7566	31.4785653300553
7574	31.2708770661391
7578	30.9368148336721
7602	30.9055344816364
7624	30.7122148469857
7634	30.2633958280373
7642	30.2182378599876
7648	30.0849945089327
7658	29.8442957483242
7670	29.6279687642723
7676	29.6030218366512
7678	29.5463082615902
7708	29.4517861510522
7718	29.4356605317261
7728	29.4256941325975
7734	29.3877769815806
7738	29.2976319365294
7752	29.2893954678113
7756	29.1807586137794
7758	29.1468233576467
7762	29.08788910614
7778	29.0198685901848
7784	28.98749701592
7796	28.7594959440320
7822	28.7442964242333
7830	28.6826403994117
7838	28.6204126954822
7848	28.6200764182975
7862	28.5835478612656
7864	28.4292704045935
7880	28.3653786065871
7888	28.3191710857416
7894	28.2747515424609
7938	28.2568178371591
7940	28.1568483497298
7942	28.1163916141639
7964	28.0694139864686
7972	27.988352409864
7974	27.8942363011911
7988	27.8843899852849
8016	27.854890889584
8024	27.838979089447
8040	27.7942641605021
8042	27.7136355275254
8064	27.7049743543909
8076	27.6864550223939
8080	27.5378609694647
8120	27.4946575095023
8126	27.4881302210059
8128	27.4834138275776
8134	27.3872706884771
8160	27.3705714352586
8164	27.323749046876
8170	27.2052232440154
8176	27.1246767369044
8186	26.9120993562348
8214	26.8914226040307
8232	26.8667537709579
8240	26.8658980421289
8250	26.8174138282177
8252	26.7750819477027
8260	26.7138575003291
8262	26.6901413013872
8284	26.6413287274055
8294	26.5067405028102
8302	26.3550180151292
8312	26.3018568685136
8328	26.1832490315209
8348	26.1309048745584
8362	26.1178295696791
8376	26.064227529095
8380	26.0411425335292
8386	26.0261263149473
8390	26.0251247786389
8392	25.9012570741203
8410	25.8955199422651
8418	25.8816454727909
8422	25.8256391018090
8436	25.757443560037
8450	25.7266936976506
8472	25.7091017299404
8482	25.5829275404163
8486	25.4868781344897
8504	25.4312739182882
8516	25.4281722688488
8526	25.4036370221397
8528	25.2519771559015
8550	25.1624284899926
8564	25.1207973141727
8596	25.1040225382781
8598	25.1036669273431
8600	25.0217881696478
8614	25.0109358348286
8624	24.9729770049170
8630	24.8542028621671
8644	24.7296639306798
8652	24.6908690851407
8662	24.6606943358173
8670	24.5791149639135
8686	24.4269114769894
8706	24.4200132619670
8708	24.4018526772288
8712	24.2829973524066
8726	24.2269431093327
8746	24.1625652404781
8798	24.153026170834
8810	24.1374610601032
8812	24.1343356951511
8816	24.1182430468673
8830	24.0731408446725
8848	24.0402330902667
8852	23.9711990973397
8860	23.9389830834634
8874	23.9327382179322
8890	23.9304752991567
8892	23.9068191532254
8904	23.8894244656854
8906	23.819865969614
8916	23.8085086345516
8920	23.7888777955311
8930	23.760327203977
8936	23.7283223266882
8938	23.7228205514009
8948	23.698069424974
8956	23.6856874464464
8958	23.6694499842686
8968	23.5885627826319
8972	23.5837684684097
8980	23.539929753905
8986	23.5220789175394
8990	23.5035479200870
9002	23.4942110740432
9010	23.4752457733708
9022	23.4728409433040
9024	23.4126564547027
9032	23.4111650966245
9056	23.3913216955506
9072	23.3869898107452
9074	23.3126385556521
9096	23.2887625987056
9108	23.2879134685991
9120	23.2216797605652
9142	23.1737829289574
9148	23.1653758872416
9150	23.1386346231812
9170	23.1281033618770
9192	23.1107338227063
9204	23.1024747708233
9220	23.0886847302608
9230	23.0879013686775
9232	23.0755843222149
9234	23.0690412820254
9242	23.0642594952371
9248	23.0590016269855
9252	23.0537224960596
9260	23.0442304250779
9262	23.0109479722942
9270	22.9797901671697
9272	22.9763080783226
9302	22.9754717372320
9304	22.9661611489926
9314	22.9634872755854
9322	22.9348903033915
9340	22.9150801016331
9354	22.8947220259484
9376	22.834675567112
9382	22.8063660979051
9410	22.7654978248393
9418	22.7642188427991
9422	22.7292187033483
9426	22.7272067150851
9432	22.6686027163745
9472	22.6598095451453
9478	22.6443287535526
9482	22.6377828903845
9496	22.6239894008629
9520	22.5920095919832
9530	22.5828832146672
9560	22.5781348664960
9576	22.5570866852595
9610	22.5388141583876
9616	22.5366147072693
9626	22.5139574856391
9628	22.489991320391
9668	22.4872202680764
9676	22.4695141731952
9696	22.4404993276759
9736	22.4242522537427
9750	22.4102867300462
9752	22.4028743539517
9762	22.3890642560744
9782	22.3807729430964
9796	22.3659745905381
9814	22.3338996031857
9826	22.3022854664052
9830	22.2787472692188
9836	22.2485540157557
9848	22.2369566197069
9852	22.2338678782552
9854	22.2289713059177
9858	22.2149659524277
9876	22.1921758470487
9878	22.1659755405033
9882	22.1350388811822
9886	22.1178889147779
9910	22.1118384706761
9930	22.1038038566679
9952	22.0975357322366
9970	22.0642935724948
9988	22.0594733661795
10000	22.0575224738924
10004	22.0560947402988
10008	22.0523469422569
10032	22.0484219564864
10042	22.0386730737233
10048	22.0326945866746
10056	22.0293088572814
10074	22.0117065702002
10096	21.9757483737725
10110	21.957758252221
10114	21.9540681388486
10122	21.9516781607037
10126	21.9306279101164
10134	21.9293441166494
10140	21.8605374918105
10182	21.8163430310692
10196	21.8097018030194
10198	21.7541034681058
10224	21.7398336282904
10236	21.7360603924562
10270	21.7261215430605
10282	21.7237732774457
10284	21.7020898362394
10290	21.692197307932
10294	21.6780395117476
10306	21.6742952606726
10320	21.6650711092953
10322	21.6571221199826
10324	21.6378569522954
10328	21.6190741434328
10342	21.6095098449678
10368	21.5945341238018
10388	21.5571196424778
10418	21.5491949645608
10422	21.5445291409945
10438	21.5260577269596
10466	21.5199640045031
10484	21.5177736212113
10490	21.5165334641016
10520	21.5065857888629
10530	21.4847260450483
10544	21.4805858727365
10556	21.4719514814327
10576	21.4689376565189
10586	21.4682159590746
10588	21.4646569388268
10608	21.4600209374750
10610	21.4575302289146
10616	21.4520338801209
10620	21.4494910771885
10624	21.4488301369427
10638	21.4330620022209
10652	21.4265193638150
10660	21.3959804495762
10690	21.3954632669085
10694	21.3933202026810
10700	21.3854432459439
10702	21.3730861994494
10718	21.3705785428648
10732	21.3584580353500
10748	21.3573239854396
10758	21.3355278797905
10766	21.3345640335131
10782	21.3331856542131
10788	21.3279406222104
10790	21.3175363064331
10824	21.3031640173170
10846	21.2989144090847
10852	21.2931554033533
10858	21.2856701770151
10872	21.2785484329568
10880	21.2780120946607
10886	21.2778101747558
10892	21.2741260712319
10896	21.2599462556227
10926	21.2514566158321
10936	21.2385896424224
10950	21.2215905799239
10976	21.1969860348503
11012	21.1966775322123
11018	21.1656760385227
11022	21.1439350568029
11040	21.1120851273779
11066	21.1035195965057
11082	21.0956490288638
11108	21.0692743738778
11112	21.0632880809955
11124	21.0617851512565
11130	21.0464447418357
11138	21.0201438346845
11144	20.992340947904
11174	20.9895650393388
11176	20.9798838984229
11182	20.9790704213164
11192	20.9338866270931
11208	20.9280377880291
11238	20.9218836160537
11264	20.9148357849144
11276	20.9081282827467
11290	20.9012014787767
11308	20.8906239763426
11314	20.8744191595905
11318	20.859935424952
11336	20.8536760969754
11342	20.8522199648524
11344	20.8394855013281
11362	20.8371174335542
11374	20.8350315835115
11376	20.8286584591445
11378	20.8267911410693
11386	20.8213155033562
11396	20.8128352147623
11400	20.8088226249715
11402	20.7991783213306
11414	20.7973005645888
11418	20.7930980650876
11420	20.7843548766361
11426	20.7815312030915
11446	20.7482258448867
11452	20.7372214131413
11468	20.7238862402599
11492	20.7223977043172
11510	20.7128703313454
11530	20.7070979803997
11550	20.7026035767423
11566	20.6856525224235
11582	20.6798920859867
11600	20.6379380369779
11610	20.6296633778938
11660	20.6166708970593
11698	20.6136072010113
11712	20.6066497759792
11720	20.5989483392305
11724	20.5988503759537
11728	20.593235297551
11736	20.5908063241185
11744	20.5740243173000
11758	20.5682107595317
11770	20.5653871464888
11782	20.5620312818955
11784	20.5549136663382
11800	20.5512293758744
11810	20.5460211258862
11826	20.5441140289647
11830	20.5407807272070
11832	20.5353776236666
11840	20.5331378961799
11852	20.5252166985662
11866	20.5144092840537
11870	20.5043056178756
11876	20.4995287359178
11878	20.4901001561430
11888	20.4809526885828
11898	20.4787040604728
11912	20.4772587953686
11924	20.4772305577088
11926	20.4766071318188
11930	20.4667125558921
11938	20.4563797932865
11964	20.4499037081435
11972	20.4415888442183
11976	20.4361365775192
11986	20.4281435101907
11990	20.4272598430908
11994	20.4175250026485
12002	20.4114691867635
12036	20.4034279725134
12056	20.4029323522313
12058	20.3999208252945
12074	20.3954256973502
12088	20.3950072949871
12106	20.3936756065217
12126	20.3859733339476
12128	20.3855051738233
12136	20.379275117946
12146	20.3731268146047
12148	20.3672035529539
12186	20.3637745230935
12198	20.3567128314503
12214	20.3477381092134
12224	20.3441783610706
12230	20.3432283749221
12236	20.3338997125886
12254	20.3266993051821
12256	20.3252455344674
12266	20.3215951603551
12274	20.3097613950913
12298	20.3057460213829
12302	20.3019456322670
12316	20.3018437424122
12318	20.2964648580254
12340	20.2886470828832
12362	20.2769151065988
12402	20.2694382707545
12406	20.2673157722991
12408	20.2661506112232
12414	20.2645713420039
12426	20.2637746959323
12442	20.2608401072602
12460	20.2604563975212
12476	20.2592446831556
12478	20.2581266838481
12480	20.2575754193940
12488	20.2524594776815
12510	20.2522314108214
12512	20.2471268317113
12544	20.2435609420804
12548	20.2365484319735
12560	20.2339721139840
12578	20.2336545105229
12586	20.2330955399385
12588	20.2306907400003
12590	20.2278487599429
12634	20.2217668709037
12648	20.2216905072604
12652	20.2214247963893
12656	20.2213494605768
12664	20.2195505057222
12686	20.2178231604859
12698	20.2147916536679
12716	20.2109763775042
12730	20.2103573902405
12738	20.2094549319737
12746	20.2089926944158
12754	20.2081897978558
12756	20.2042586982019
12760	20.2019631769177
12802	20.1997418227401
12804	20.1997012876326
12820	20.1970247555547
12832	20.1959606863604
12834	20.1945200135709
12842	20.1939599377974
12868	20.1936776193722
12874	20.1889757822257
12892	20.1886904919385
12904	20.1875711109652
12926	20.1854608417225
12936	20.1843207454163
12950	20.18395470355
12954	20.1830655669242
12964	20.1830431054360
12974	20.1827407384218
12976	20.1821890332556
12994	20.1805285186268
13024	20.1797548391456
13040	20.1795984790178
13056	20.1792045613858
13060	20.1783719389513
13068	20.1767907527726
13074	20.1741996168193
13130	20.1712391436787
13138	20.1708009244434
13142	20.1702160487102
13146	20.1701907913869
13168	20.1684351217214
13176	20.1676979329603
13204	20.1664530878914
13206	20.1662259782210
13242	20.1658867359893
13246	20.1645937545882
13272	20.1637435265727
13278	20.1626382743342
13296	20.1609350132221
13306	20.1604082727264
13316	20.1595419947977
13342	20.1594423292088
13352	20.1582084314191
13354	20.1561475428155
13380	20.1557310689357
13388	20.1546221267862
13392	20.1541695545152
13412	20.1541391527280
13414	20.1536230175222
13420	20.1517621400751
13426	20.1495256117806
13440	20.1467201511473
13448	20.1456491036117
13478	20.1448017706028
13482	20.1443283255357
13518	20.1418047333802
13530	20.1417847498908
13548	20.1386773842508
13558	20.1380392598855
13568	20.1374046884427
13592	20.1358431465878
13618	20.1349832587347
13620	20.1348262213666
13634	20.1346357112772
13642	20.1344461563561
13644	20.1336598952778
13648	20.1334165487515
13650	20.1286148197461
13676	20.1268745272139
13678	20.1259677260927
13680	20.1258490055891
13686	20.1219251208896
13722	20.1217099858148
13726	20.121380536017
13738	20.1208670152638
13752	20.1197708121161
13764	20.1175435167159
13768	20.1166967126005
13790	20.1151945502598
13796	20.1128946703058
13810	20.1107456410711
13824	20.1096379229702
13864	20.1091626793428
13868	20.1075166402468
13890	20.1062276003633
13908	20.1048471376414
13918	20.1031013122106
13934	20.1005692017897
13950	20.0974712108624
13956	20.0967477067074
13964	20.0929052835639
13978	20.0899509130435
13994	20.0878693749507
14014	20.0870103585008
14024	20.0858991642323
14034	20.0801383573536
14058	20.0793443932685
14064	20.0787367594722
14088	20.0780933677599
14092	20.0765057409033
14096	20.0708796832621
14112	20.0704019939471
14124	20.0697373193267
14140	20.067361559324
14150	20.0653330699514
14166	20.0643199136524
14172	20.0624223981097
14188	20.0583612139903
14228	20.0553623507129
14236	20.0542363833272
14252	20.0531858924781
14264	20.0526250214804
14270	20.0516669189588
14286	20.0507514319661
14294	20.0505024781437
14316	20.0484808233069
14328	20.0477640577032
14362	20.0474823043408
14380	20.0453868226082
14436	20.0442021277247
14438	20.0440760570223
14446	20.0438164910201
14454	20.0435213541032
14462	20.0434618690915
14470	20.0429619329573
14484	20.0408589041822
14498	20.0401588195520
14542	20.0380070597087
14554	20.0374602486025
14566	20.0361926389786
14574	20.0357367326635
14578	20.0352396562812
14584	20.0350211539870
14590	20.0344916663100
14594	20.0342267467437
14602	20.0340833035102
14606	20.0322263540799
14620	20.0301488650914
14634	20.0290448639916
14650	20.0273480440309
14652	20.0265398881448
14666	20.0259125147344
14672	20.0258823059309
14678	20.0247007305249
14700	20.0235220864839
14722	20.0226775658912
14732	20.0224793854047
14734	20.0217742747148
14752	20.0216405571381
14754	20.0213173203323
14756	20.0201543457186
14786	20.0198725871861
14798	20.0198253532337
14802	20.0187661177988
14860	20.0186193430051
14866	20.0161384880862
14882	20.015418625421
14888	20.0153661585095
14894	20.0147164649786
14898	20.0130537456969
14906	20.0126532559303
14908	20.0120412203945
14922	20.0119390069255
14926	20.0113574071878
14934	20.0112828476991
14940	20.0106066909187
14954	20.0094735946781
14958	20.0082819791879
14976	20.0077155004748
14996	20.0075947714206
15000	20.0073757223499
15004	20.0062434349557
15018	20.0061681847344
15026	20.0058313227851
15030	20.0036342525221
15048	20.002532040399
15054	20.0021067765153
15066	20.0004399705153
15074	20.0001222664343
15080	19.9993976044470
15100	19.9979549650492
15110	19.9973839280539
15130	19.997073271447
15134	19.9963470755835
15142	19.9961142002647
15150	19.9951882552162
15160	19.9943319470967
15168	19.9936598807606
15174	19.9917934356500
15180	19.9915635172635
15186	19.9907107196531
15196	19.9904467251421
15200	19.9893346105602
15204	19.9881363263020
15220	19.9880006426456
15222	19.9875293560354
15250	19.9863583005854
15256	19.9853663058245
15272	19.9852901561536
15278	19.9823596215520
15322	19.9811079715002
15326	19.9804818079351
15340	19.9795480091405
15344	19.9781267705497
15364	19.9780890910985
15376	19.9772906810814
15402	19.9757792496827
15420	19.9746358600278
15424	19.9734027321854
15438	19.9729540744667
15444	19.9725156577004
15452	19.9706396439364
15466	19.9705756985819
15472	19.9696993460489
15498	19.9692025873695
15512	19.9681941082832
15530	19.9672447837687
15554	19.9669215594306
15566	19.9668306349275
15570	19.9660596620272
15576	19.9659175849909
15596	19.9657186193522
15608	19.9655725899078
15610	19.9652767425895
15636	19.9652693000085
15650	19.9645321803150
15654	19.9636593011368
15678	19.9626611086416
15688	19.9623861196974
15710	19.9611838044358
15718	19.9602736071186
15724	19.9601022841986
15728	19.9595702526299
15730	19.9593626960835
15732	19.9587613251265
15748	19.9576429576352
15794	19.9573169478381
15800	19.9556721306723
15840	19.9552607523017
15848	19.9548040634866
15860	19.9545098060044
15862	19.9541187787075
15882	19.9539754638571
15884	19.9533714146359
15896	19.9525070464826
15898	19.9520690600186
15926	19.951981725098
15944	19.9515216733859
15948	19.9515057893926
15950	19.9509453807804
15960	19.9499939546393
15980	19.9498328627594
15990	19.948188290427
16034	19.947396398786
16038	19.9472369315969
16052	19.9469470939554
16060	19.9460462192661
16070	19.9451543862142
16118	19.9448911400036
16162	19.9448893484490
16164	19.9446346670372
16174	19.9444151240421
16192	19.9439832910982
16208	19.9439707957684
16236	19.9437388677181
16238	19.9436562953033
16248	19.9436106235921
16258	19.9431244919799
16276	19.9429861578103
16286	19.942899892383
16292	19.9428778799354
16296	19.9428578621917
16298	19.9428529046196
16302	19.9425069357413
16320	19.9410826666675
16330	19.9408626878758
16332	19.9398867879467
16364	19.9396107072735
16384	19.9394759803362
16388	19.9394585232849
16390	19.9390113051863
16402	19.9387576615531
16412	19.9386133252308
16418	19.9385377606975
16420	19.9383751263995
16430	19.9381468234971
16432	19.9376075122956
16440	19.9374440714783
16456	19.9368176269251
16482	19.9368134494018
16496	19.9366347035658
16498	19.9365773213004
16512	19.9364550148943
16516	19.9361471173603
16526	19.9357242505662
16538	19.9356446944529
16556	19.9354323632041
16562	19.9352777698831
16566	19.9348037582033
16574	19.9346192278733
16594	19.9342513141257
16598	19.9341578036259
16612	19.9335240903493
16618	19.9326518746945
16628	19.9314913527262
16634	19.9313111394514
16642	19.9312719863717
16650	19.9305355722963
16678	19.9303871551158
16680	19.9302688701187
16688	19.9290961292475
16700	19.9287515127279
16706	19.928197369915
16746	19.9278253237946
16780	19.9276235207825
16784	19.9276027828461
16790	19.9267443517568
16818	19.9264800181135
16828	19.9260159404658
16842	19.9255892917584
16866	19.9254036304537
16878	19.9252479880559
16886	19.9251458580926
16898	19.9251346814802
16914	19.9248087002888
16916	19.9246295024223
16924	19.9244931768179
16940	19.9243911880358
16962	19.9241846276049
16978	19.9236094169703
16986	19.9235746355071
16998	19.9234893387450
17024	19.9233911883021
17030	19.9231079918799
17052	19.92303403829
17060	19.9228361264178
17078	19.9226570583058
17080	19.9226167980918
17096	19.9222918072157
17110	19.9221535041125
17120	19.9221532925967
17134	19.9219813127978
17160	19.9216559672856
17184	19.9214555938353
17190	19.9212850404017
17206	19.9212202134035
17234	19.9211144557273
17236	19.9209631596349
17238	19.9207533487597
17240	19.9207414540815
17242	19.9205380311329
17256	19.9203643643330
17294	19.9201916565392
17300	19.9201589331035
17302	19.9201357173082
17316	19.9200101621399
17318	19.9198186865536
17346	19.9196373016219
17348	19.919630080735
17358	19.9193843958332
17376	19.9193418376443
17386	19.9193412144833
17388	19.9191583844724
17420	19.9190646641587
17448	19.9190577313726
17450	19.9190399425845
17462	19.9189399457441
17466	19.9189029102356
17486	19.9186926902227
17490	19.9186786830568
17498	19.9184895493772
17510	19.918429485635
17516	19.9184290266479
17518	19.9184064650786
17520	19.9181680998943
17530	19.9179005797267
17544	19.9178949927543
17546	19.9174980310679
17570	19.9173893017548
17572	19.9173350992788
17618	19.9171484424831
17622	19.916864403111
17630	19.9168111215232
17636	19.9167737270903
17638	19.9166899010984
17654	19.9166475972460
17684	19.9165109292434
17688	19.9164595830804
17696	19.9163276546267
17722	19.9160992092928
17734	19.9160868898255
17738	19.916073264394
17770	19.9159633704724
17778	19.9158763471864
17804	19.9158747732235
17810	19.9156952688894
17822	19.9156352507427
17828	19.9155549158286
17832	19.915520252257
17834	19.9154539972199
17846	19.9153547939980
17872	19.9152578173342
17888	19.9151855000006
17900	19.9151827382046
17904	19.9151329410663
17916	19.9151068212912
17922	19.915105045189
17924	19.9148868666252
17954	19.9147580344173
17964	19.9145950736773
17972	19.9145759848874
17974	19.9144274995287
17978	19.9142763101025
18000	19.9142563035155
18020	19.9141495322145
18028	19.9141096887016
18044	19.9140277434161
18072	19.9139691490533
18080	19.9139288572561
18090	19.9138793035775
18104	19.9137888284120
18116	19.9137871803030
18120	19.9137458136538
18122	19.9136562425426
18128	19.9135410339055
18148	19.9135321216038
18156	19.9134368782439
18170	19.9133873516778
18172	19.9133587905143
18176	19.9131023845423
18178	19.9130767575821
18194	19.9130682745183
18196	19.9129619433913
18204	19.9128683846652
18206	19.9128286057292
18210	19.9127998322204
18212	19.9127987631659
18214	19.9123108986897
18220	19.9120452677842
18244	19.9117848393655
18252	19.9113099759439
18256	19.9107876704661
18272	19.9106456894408
18304	19.9101967557428
18322	19.91017974344
18326	19.9101285264385
18334	19.9101159919402
18336	19.9099197911787
18366	19.9097491473870
18368	19.9095934566540
18380	19.9095221923637
18390	19.9093336471168
18412	19.9093045202956
18414	19.9091924535783
18420	19.9091729198998
18422	19.9091399076085
18426	19.9089973541315
18436	19.9088786132811
18462	19.9088595368561
18484	19.9088320345401
18498	19.908805554764
18504	19.9086347834779
18510	19.9086098109646
18512	19.9085041541797
18518	19.9084774573600
18522	19.9084540360885
18524	19.9083813119411
18548	19.9082589841376
18566	19.908153496324
18570	19.9081220531010
18600	19.9080507749208
18608	19.9080094765978
18618	19.9078587874018
18624	19.9075783262039
18648	19.9073939735850
18660	19.9073885512648
18662	19.9073396888036
18668	19.9072399674517
18676	19.9071649914525
18678	19.9071137425260
18682	19.9069693435120
18692	19.9067101263291
18696	19.9065925145142
18720	19.9064193321432
18740	19.9063253932096
18752	19.9062958296514
18772	19.9061244618871
18816	19.9060762204986
18822	19.9060134625129
18832	19.9058768592523
18842	19.9057429849558
18866	19.9057005161864
18870	19.9056047265054
18878	19.9055853444571
18908	19.9054729292852
18930	19.9054567550456
18944	19.9054101617891
18946	19.9053661919994
18948	19.9052668339584
18964	19.9051845713256
18976	19.9050992085506
18984	19.9050782869117
18986	19.9050253956989
18994	19.9050224162481
18996	19.9049278969076
19002	19.9049212634115
19010	19.9048451892981
19014	19.9048441629764
19034	19.9048023718978
19044	19.9046152441139
19052	19.9045979814210
19076	19.9044888180786
19084	19.9044256610857
19086	19.9044251430994
19112	19.904392420274
19116	19.9043876666897
19120	19.9043457401139
19126	19.9042626552804
19166	19.9042423709601
19182	19.9042089970240
19184	19.9041773977334
19192	19.9041376623175
19196	19.9041244321386
19200	19.9040843195124
19204	19.9040652160156
19212	19.9040035888589
19214	19.9039645737632
19218	19.9039441077558
19220	19.903932156272
19224	19.9039025500087
19250	19.90383489371
19252	19.9037566864440
19262	19.9037212159291
19266	19.9036143891584
19280	19.9035388024076
19304	19.9035087475028
19312	19.9033295401165
19326	19.9033113084630
19342	19.9032591219515
19346	19.9031872259193
19372	19.9031597554926
19374	19.9030746444975
19388	19.9030365508479
19396	19.902897523692
19420	19.9028629056589
19432	19.9028413970061
19440	19.9028302303948
19442	19.9028254951318
19444	19.9027666732025
19464	19.9027395535277
19468	19.9026342034897
19476	19.9026213619414
19490	19.9026012873542
19492	19.9025509825986
19504	19.9024770953843
19510	19.9024066013178
19526	19.9023881693801
19528	19.9022997924435
19538	19.9022931308694
19540	19.9021992518814
19556	19.9021987816839
19562	19.9021307366307
19568	19.9021122150714
19576	19.9021051711322
19578	19.9020977820152
19586	19.9020618808729
19588	19.9020390360865
19594	19.9019918056827
19596	19.9019404715102
19606	19.9018909138911
19612	19.9018877023485
19624	19.9018755853898
19640	19.9018709837801
19646	19.9018647079240
19648	19.9018116531418
19656	19.9018076059799
19658	19.9017549920888
19670	19.9017336833118
19686	19.9017220641926
19706	19.901720367821
19712	19.9016925845941
19726	19.9016413245596
19742	19.9015520959724
19758	19.9015035788064
19780	19.9014970099074
19798	19.9014715037907
19800	19.9014608801385
19814	19.9014557861808
19816	19.9014423977852
19820	19.9014245855309
19822	19.9014214093671
19828	19.9014177890509
19836	19.9013754108041
19838	19.9013682052646
19844	19.9013476888277
19846	19.9013476632734
19852	19.9012940070123
19860	19.9012840852812
19864	19.9012478718628
19868	19.9012320904319
19876	19.9011972060516
19882	19.9011537002389
19884	19.9010959136226
19890	19.9010358003454
19922	19.9009858308866
19924	19.9009151233236
19972	19.9008579453921
20000	19.9008333719294
20002	19.9008263668584
20012	19.9008179896272
20016	19.9008095629326
20024	19.9007577052918
20076	19.9007478717401
20078	19.9007429078833
20084	19.9007313277613
20106	19.9007282668179
20122	19.9007263945193
20126	19.9007166681159
20134	19.9007113221800
20142	19.9006878018466
20146	19.9006727901415
20148	19.9006614059235
20150	19.9006376973579
20162	19.9005893200947
20174	19.9005891315984
20192	19.9005669691835
20206	19.9005625202364
20212	19.9005371265195
20220	19.9005254796479
20224	19.9005064228906
20258	19.9004916542057
20270	19.9004721141689
20302	19.9004305614567
20330	19.9004296504882
20332	19.9004200599050
20336	19.9004156304568
20356	19.9004142073950
20364	19.9004058865628
20368	19.9003982865406
20376	19.9003972800204
20380	19.9003845584086
20388	19.9003793337248
20398	19.9003482662284
20430	19.9003419798544
20434	19.9003257237847
20444	19.9002839592479
20472	19.9002789586310
20476	19.9002759278806
20492	19.9002686028569
20494	19.9002668240918
20504	19.9002630264168
20506	19.9002598750513
20508	19.9002595220353
20518	19.9002526143897
20532	19.9002374652421
20546	19.9002343224051
20582	19.9002294257655
20590	19.9002261463772
20604	19.9002255470049
20610	19.9002190153736
20616	19.9002135596279
20618	19.9002119553524
20626	19.9001931996887
20650	19.9001905467195
20656	19.9001829870171
20658	19.9001736173805
20664	19.9001634871857
20666	19.9001548614878
20674	19.9001431231349
20696	19.9001419829289
20724	19.9001278732537
20756	19.9001248518726
20758	19.9001186430165
20780	19.9001172473124
20786	19.9001143234185
20794	19.9001005041352
20822	19.9000845112650
20852	19.9000824666800
20864	19.9000785857161
20876	19.9000758389105
20888	19.9000701879212
20898	19.9000701476744
20906	19.9000676710266
20924	19.9000612388461
20934	19.9000605884393
20950	19.9000554368551
20962	19.9000454859997
20974	19.9000423609326
20980	19.9000337460468
20982	19.9000286185181
21002	19.9000224623571
21004	19.9000212020244
21024	19.9000074678646
21042	19.8999985666881
21054	19.8999853994368
21056	19.8999812947786
21060	19.8999679647627
21062	19.8999677998052
21070	19.8999635920876
21072	19.8999494116610
21090	19.8999490020889
21096	19.8999475103237
21100	19.8999443440518
21134	19.8999410088290
21138	19.8999363332396
21152	19.8999332088923
21166	19.8999262196993
21196	19.8999211402991
21202	19.8999206390805
21216	19.8999143695937
21218	19.8999125306649
21242	19.8999123590048
21248	19.899910868462
21250	19.8999056415443
21268	19.8998992430877
21312	19.8998893623137
21352	19.8998878696930
21358	19.8998824364438
21360	19.8998758375082
21368	19.8998702758789
21396	19.8998682172907
21400	19.8998675817158
21404	19.8998604947922
21420	19.8998594657756
21422	19.8998492217264
21450	19.8998447127244
21454	19.8998365567814
21456	19.8998239552305
21474	19.899816797308
21480	19.8998151596219
21482	19.8998065478283
21484	19.8997997514993
21486	19.8997812028392
21496	19.8997806095675
21512	19.8997698361860
21532	19.8997426127109
21540	19.8997306167507
21542	19.8997172869651
21548	19.8996965150223
21572	19.8996964144712
21588	19.8996851316077
21594	19.8996808323071
21602	19.8996656732660
21634	19.8996626222743
21646	19.8996607567257
21658	19.8996569361498
21664	19.8996560500747
21682	19.8996552052319
21686	19.8996483444042
21694	19.8996344520689
21714	19.8996293913133
21726	19.8996287672579
21730	19.8996258491417
21742	19.8996216579449
21744	19.8996157087567
21756	19.8996090026747
21786	19.8995999132009
21806	19.8995996781244
21828	19.8995856775695
21840	19.8995852286963
21846	19.8995771248810
21852	19.8995761309229
21858	19.8995708213244
21886	19.8995670966272
21894	19.8995667972556
21896	19.8995663585461
21904	19.8995658848020
21908	19.8995557164534
21924	19.8995547173548
21940	19.8995519914158
21956	19.899542173635
21964	19.8995403305303
21982	19.8995306679416
22024	19.8995295924953
22032	19.8995279852566
22042	19.8995258527980
22068	19.8995258297138
22076	19.8995179395949
22094	19.899516619076
22098	19.8995145498522
22104	19.8995113053028
22108	19.8995099542862
22110	19.8995034550007
22138	19.8994999777893
22164	19.8994974597587
22218	19.8994894616346
22274	19.8994883041677
22284	19.8994872473769
22292	19.8994869176621
22300	19.8994846968963
22326	19.8994830471712
22362	19.8994828642968
22368	19.8994785077578
22386	19.8994779543092
22426	19.8994772923151
22436	19.8994759544458
22442	19.8994759265552
22444	19.8994737729097
22456	19.8994727530389
22462	19.8994722617410
22468	19.8994709393871
22474	19.8994698025612
22496	19.8994655934549
22522	19.8994652901157
22530	19.8994650831676
22538	19.8994632593962
22540	19.8994629685449
22554	19.8994625349128
22556	19.8994570822113
22572	19.8994567726443
22574	19.8994557536278
22584	19.8994556558024
22616	19.8994548718247
22626	19.8994525098168
22634	19.8994524859319
22652	19.8994495528472
22654	19.8994494485633
22660	19.8994489144707
22672	19.8994437825935
22676	19.899443462445
22688	19.8994432661224
22696	19.8994421864499
22706	19.8994390889253
22714	19.8994313581130
22720	19.8994285180546
22730	19.8994255985370
22736	19.8994204396843
22748	19.8994176777928
22754	19.8994144328061
22758	19.8994060073434
22786	19.8994023219315
22804	19.8993969989519
22806	19.8993950568171
22818	19.8993919045495
22856	19.8993839010183
22872	19.8993812732596
22874	19.8993807666131
22880	19.8993776274861
22886	19.8993748193303
22894	19.899373247559
22912	19.8993693034456
22946	19.8993652763015
22958	19.899363596196
22964	19.8993556248487
22988	19.8993535764409
23000	19.8993525481307
23004	19.8993476494555
23030	19.8993459511274
23040	19.8993406512857
23066	19.8993339324509
23100	19.899332295014
23112	19.8993287940431
23124	19.8993280026471
23132	19.8993270426436
23150	19.8993259332030
23158	19.8993252860916
23174	19.8993247136193
23176	19.8993212107825
23180	19.8993210217402
23188	19.8993197087437
23210	19.8993179921143
23220	19.8993168905994
23228	19.8993158647658
23242	19.89931245866
23254	19.8993113989521
23284	19.8993040889933
23320	19.8993030978681
23324	19.8993002166598
23336	19.8992990063441
23376	19.8992974488773
23404	19.8992973609231
23406	19.8992967786575
23422	19.8992964705502
23426	19.8992955628936
23448	19.8992955318454
23450	19.8992931824524
23462	19.8992915173683
23490	19.8992910747834
23492	19.8992909663325
23498	19.8992909114669
23500	19.8992907237656
23504	19.8992900839343
23506	19.8992897406703
23520	19.8992894445996
23538	19.8992889985412
23562	19.8992886788708
23566	19.8992880287401
23578	19.8992874515147
23584	19.8992871474945
23614	19.8992868326628
23648	19.8992864712685
23656	19.8992862025512
23664	19.8992860982633
23676	19.8992858387301
23680	19.8992855806554
23690	19.8992852170037
23722	19.8992842375464
23746	19.8992837587187
23750	19.8992835847302
23762	19.899282351466
23770	19.8992815205555
23798	19.8992809432875
23808	19.8992803207445
23810	19.8992798454398
23812	19.8992797917326
23814	19.8992791794896
23846	19.8992788530379
23856	19.8992783295827
23860	19.8992781537578
23900	19.8992777336934
23904	19.8992777013797
23916	19.8992773980583
23918	19.8992773223757
23930	19.8992765145423
23944	19.8992759821352
23956	19.8992753571657
23958	19.8992751386532
23968	19.8992744992354
23972	19.8992739662514
23984	19.8992738402447
24002	19.8992733194009
24004	19.8992730435959
24018	19.8992723522106
24022	19.8992721160435
24040	19.8992720128894
24074	19.8992713565466
24088	19.8992710923844
24114	19.8992707627495
24126	19.8992705657411
24130	19.8992703974987
24140	19.8992698566873
24176	19.8992695313685
24192	19.8992694447272
24218	19.8992693938311
24222	19.8992688939226
24244	19.8992688537408
24252	19.8992685659868
24254	19.8992682113478
24256	19.8992678286980
24280	19.8992670470005
24300	19.8992667609218
24320	19.8992664917524
24336	19.8992663952348
24384	19.899266337289
24388	19.8992661169728
24396	19.8992660943614
24398	19.8992659704852
24412	19.8992658136172
24414	19.8992654706518
24434	19.8992654108963
24444	19.8992653070705
24462	19.8992651746987
24468	19.8992650365278
24474	19.8992648544604
24490	19.8992648089065
24498	19.899264664932
24500	19.8992645897545
24522	19.8992643709944
24544	19.8992641689848
24548	19.8992637562794
24568	19.8992636552775
24570	19.8992636152053
24574	19.8992634858097
24580	19.8992633450264
24582	19.8992630023801
24598	19.8992628095972
24602	19.8992627868625
24604	19.8992626868553
24606	19.8992619274389
24660	19.8992618460944
24688	19.8992613972617
24698	19.8992612919573
24714	19.8992612792796
24716	19.8992611848822
24726	19.8992606441640
24728	19.8992605766915
24760	19.8992603444118
24784	19.8992599204262
24812	19.8992597981084
24836	19.8992595344344
24842	19.8992591462445
24848	19.8992590153999
24850	19.8992588276005
24856	19.8992586950436
24878	19.8992585830857
24888	19.8992585028631
24890	19.8992584646811
24896	19.8992577723426
24898	19.8992576129221
24910	19.8992575260473
24916	19.8992573997209
24924	19.8992569332058
24926	19.8992563490757
24928	19.899256288491
24982	19.8992550302112
24988	19.8992547816716
24990	19.8992545072768
24992	19.8992540638056
25008	19.8992537681734
25024	19.8992534429511
25026	19.8992528946151
25036	19.8992524913066
25058	19.8992515880816
25070	19.8992510904324
25080	19.8992510100307
25084	19.8992505525763
25108	19.8992502921976
25124	19.8992496207606
25162	19.8992493374409
25170	19.8992492733286
25180	19.8992491025104
25190	19.8992489950965
25202	19.8992487491775
25212	19.8992486759451
25220	19.8992486437828
25228	19.8992483897128
25234	19.8992482888209
25242	19.8992478811907
25254	19.8992477589044
25302	19.8992476475031
25304	19.8992476091042
25310	19.8992473832862
25314	19.8992468370044
25350	19.8992462261637
25352	19.8992459328796
25354	19.899245922243
25370	19.8992455055681
25388	19.8992453544162
25390	19.8992450946343
25414	19.8992445859425
25418	19.8992445352531
25422	19.8992444273377
25432	19.8992435721577
25458	19.8992432126019
25474	19.8992427422415
25482	19.8992421857278
25494	19.8992419741377
25496	19.8992418478723
25498	19.8992417945638
25500	19.8992416680596
25504	19.8992411940023
25506	19.8992408274909
25510	19.8992403548381
25522	19.8992403068109
25536	19.8992398391037
25538	19.8992393291355
25542	19.8992390461541
25544	19.8992388535507
25550	19.8992386519311
25560	19.8992380576618
25578	19.8992380271049
25586	19.8992378535379
25588	19.8992373814776
25598	19.8992369210433
25616	19.8992367620382
25618	19.899236305087
25626	19.899235829081
25630	19.8992357116054
25632	19.8992354510426
25634	19.8992350843718
25648	19.8992350179734
25650	19.8992348157776
25654	19.8992346655766
25658	19.8992322680921
25662	19.8992313628349
25676	19.89922937677
25690	19.8992289187584
25694	19.8992279284485
25706	19.8992275963754
25722	19.8992273573981
25726	19.8992273419696
25736	19.8992272336771
25740	19.8992268461769
25742	19.8992262248425
25754	19.8992257683473
25756	19.8992251968813
25780	19.8992247914302
25796	19.8992246600762
25798	19.8992245505801
25802	19.8992245282573
25808	19.8992236480776
25814	19.8992234397875
25826	19.8992225827384
25850	19.8992219156930
25872	19.8992217693988
25876	19.8992215036695
25880	19.8992214726671
25896	19.8992208436423
25920	19.8992206426140
25922	19.8992196435346
25954	19.8992192688912
25978	19.8992185417767
25998	19.8992183512568
26002	19.899218072665
26008	19.8992179046436
26012	19.8992174456753
26020	19.8992173611365
26022	19.8992173382258
26028	19.8992172946099
26040	19.899217264315
26068	19.8992166449715
26098	19.8992161948597
26100	19.8992156390021
26114	19.8992151162439
26130	19.8992149394742
26136	19.8992148812267
26158	19.8992146282369
26160	19.8992143581969
26176	19.8992133950224
26188	19.8992132836452
26194	19.8992129285378
26196	19.8992122473794
26202	19.8992109799077
26230	19.899210050046
26286	19.8992097218386
26302	19.8992094869160
26306	19.8992087473205
26364	19.8992086524912
26368	19.8992084065490
26372	19.8992083022950
26378	19.8992081036036
26384	19.8992080566047
26386	19.8992079738860
26390	19.8992072831727
26432	19.8992069313539
26442	19.8992068443409
26454	19.8992067635345
26462	19.8992065625020
26468	19.8992063867395
26474	19.8992063489176
26482	19.8992062238188
26484	19.8992058267447
26486	19.8992052549598
26500	19.8992051605979
26542	19.8992050773444
26546	19.8992046966052
26552	19.8992046866492
26564	19.8992045478356
26566	19.8992042922309
26572	19.8992042621967
26578	19.8992040217319
26582	19.8992039323944
26598	19.8992039290754
26608	19.8992037706508
26612	19.8992036788002
26616	19.8992028423475
26634	19.8992020017142
26662	19.8992018555836
26692	19.8992018037571
26696	19.8992014279619
26706	19.8992011103897
26710	19.8992010846044
26714	19.8992009842278
26720	19.8992008928733
26746	19.8992008688875
26750	19.8992006892117
26758	19.8992005140795
26782	19.8992003838194
26836	19.8992002797482
26850	19.8992002351042
26856	19.8992001361883
26884	19.8992000775098
26894	19.8991999488094
26896	19.8991999431525
26900	19.8991997842972
26920	19.8991993844445
26928	19.8991990393633
26948	19.8991989769712
26956	19.8991988696696
26966	19.8991988477928
26968	19.8991988399284
26972	19.8991986863180
26974	19.8991985018928
26982	19.8991983913106
26984	19.8991983187068
26986	19.8991981920908
27008	19.8991981827155
27010	19.8991980883067
27026	19.899197939234
27030	19.8991979239598
27036	19.8991979115033
27040	19.8991977655750
27044	19.8991976657021
27046	19.8991975933710
27064	19.8991975269140
27068	19.8991974043898
27096	19.8991973983751
27108	19.8991973830454
27114	19.8991973368165
27118	19.8991971809801
27136	19.8991970248880
27144	19.8991968587062
27156	19.8991968414404
27170	19.8991967599538
27190	19.8991966597518
27204	19.8991964035337
27218	19.8991963618757
27222	19.8991963194265
27248	19.8991961481027
27252	19.8991961219978
27256	19.8991960583097
27274	19.8991958875513
27282	19.8991958776788
27296	19.8991957597538
27300	19.8991955417976
27320	19.8991954122303
27322	19.8991952863117
27338	19.8991951422908
27376	19.8991951194309
27384	19.8991950629314
27386	19.8991950368204
27392	19.8991950007421
27398	19.8991949375298
27410	19.8991948389614
27418	19.8991947684554
27436	19.8991944933983
27442	19.899194415486
27444	19.8991943115984
27452	19.8991942145833
27466	19.899194076912
27480	19.8991939714507
27492	19.8991939362671
27512	19.8991937354893
27526	19.899193681296
27534	19.899193656662
27544	19.8991935970379
27554	19.8991934118331
27564	19.8991934001428
27566	19.8991931222690
27588	19.8991931114563
27598	19.8991928921017
27606	19.8991928821736
27640	19.8991927974126
27654	19.899192551153
27676	19.8991923004947
27730	19.8991922317418
27734	19.8991920062445
27754	19.8991919492941
27758	19.8991918684064
27766	19.8991917923476
27788	19.8991917113429
27802	19.8991916813520
27818	19.8991916462093
27832	19.8991915627333
27852	19.8991915622619
27860	19.8991915396153
27864	19.8991912616076
27894	19.8991909792466
27904	19.8991907720585
27918	19.8991907605756
27932	19.8991907469678
27942	19.8991907236247
27946	19.8991905575996
27950	19.8991905380115
27954	19.8991904702947
27956	19.8991904671437
27966	19.8991903536602
27992	19.8991902812759
28000	19.899190279437
28002	19.8991901542366
28004	19.8991900893268
28008	19.8991900547133
28010	19.8991898595063
28030	19.899189852575
28036	19.8991897504460
28058	19.899189720332
28060	19.8991896104653
28072	19.8991895343675
28076	19.8991894731665
28078	19.8991893549121
28102	19.8991891526018
28112	19.8991890298176
28118	19.8991889547824
28142	19.899188705509
28162	19.8991885946838
28178	19.8991885732145
28192	19.8991882331829
28228	19.8991881913151
28238	19.8991880793407
28244	19.8991880360036
28248	19.8991877247256
28262	19.8991874864161
28274	19.8991874674755
28288	19.8991874045176
28338	19.8991867826175
28350	19.8991866527649
28372	19.8991865684137
28388	19.8991865098303
28392	19.8991863945982
28396	19.8991861844181
28418	19.8991861775635
28422	19.8991858837658
28430	19.8991858488437
28448	19.8991858359894
28450	19.8991857398539
28478	19.8991856451717
28486	19.8991855792314
28506	19.8991854837932
28520	19.8991854729344
28528	19.8991854658137
28536	19.8991854022671
28546	19.8991853785865
28548	19.8991853561284
28566	19.8991852811035
28588	19.8991851159627
28616	19.8991850532121
28692	19.8991849922816
28702	19.8991849780500
28730	19.8991849621084
28738	19.8991848860592
28742	19.8991848636710
28746	19.8991848282975
28756	19.8991847302676
28766	19.8991847205772
28770	19.8991846915023
28780	19.8991845765094
28810	19.8991845510481
28812	19.8991845415724
28818	19.8991844281907
28828	19.8991844154722
28832	19.8991842365078
28852	19.8991840564527
28858	19.8991840212235
28860	19.8991839975217
28862	19.8991839243904
28872	19.8991837213634
28892	19.8991836610210
28922	19.8991836119452
28936	19.8991835124763
28942	19.8991834920112
28946	19.8991834768664
28954	19.8991834252757
28982	19.8991833851854
29032	19.8991833409766
29040	19.8991833191392
29046	19.8991832725977
29072	19.8991832505538
29080	19.8991831710393
29094	19.8991831526820
29120	19.8991831065064
29136	19.8991830296169
29184	19.8991829882329
29198	19.8991829861596
29204	19.8991829847479
29212	19.8991829372724
29222	19.899182890992
29224	19.8991827410269
29250	19.8991827133495
29262	19.8991826200182
29264	19.8991826167759
29280	19.8991825815471
29310	19.8991825776239
29312	19.8991825023513
29314	19.8991824519052
29318	19.8991822905965
29348	19.8991822889822
29352	19.8991822729450
29358	19.8991822408315
29364	19.8991820107267
29396	19.899181948619
29400	19.8991818764306
29452	19.8991818517988
29454	19.8991818471016
29462	19.8991818050962
29468	19.8991818001742
29484	19.8991817696958
29488	19.8991817592275
29498	19.8991817437454
29506	19.8991816978996
29520	19.8991815006216
29536	19.8991814703160
29544	19.8991814314625
29550	19.8991814088525
29552	19.8991812604874
29568	19.8991812550874
29572	19.8991812050977
29586	19.8991812023536
29590	19.8991811778015
29600	19.899181100933
29604	19.8991810695573
29606	19.8991810091483
29638	19.8991809618193
29642	19.8991809550026
29648	19.8991808222701
29654	19.899180818402
29656	19.8991807737881
29686	19.8991807568005
29696	19.8991806536984
29746	19.8991804790973
29788	19.8991804272003
29794	19.8991804097480
29810	19.8991804008973
29812	19.8991803916288
29814	19.8991803684594
29828	19.8991803451676
29832	19.8991803060779
29836	19.899180305452
29854	19.8991803019719
29862	19.8991802423398
29886	19.8991802041783
29888	19.8991801808187
29928	19.8991801284611
29936	19.8991801204216
29964	19.8991800317995
29976	19.8991799854049
29992	19.8991799580706
30012	19.8991798890222
30040	19.8991798829486
30042	19.8991798720464
30050	19.8991798562278
30052	19.8991798459827
30058	19.8991798340975
30072	19.8991798262452
30078	19.8991798256759
30080	19.8991798021420
30086	19.8991797730620
30098	19.8991797347726
30108	19.8991797161357
30164	19.8991797143841
30172	19.8991797136949
30182	19.8991797094927
30184	19.8991796996867
30192	19.8991796956143
30206	19.8991796742237
30216	19.8991796538203
30252	19.8991796519689
30264	19.8991796399927
30298	19.8991796376578
30302	19.8991796347297
30312	19.8991796164440
30322	19.8991795985291
30356	19.8991795787531
30378	19.8991795711197
30382	19.8991795700125
30384	19.8991795643124
30392	19.8991795470925
30398	19.8991795327222
30400	19.8991795089616
30404	19.8991794926101
30408	19.899179439014
30442	19.8991794279952
30444	19.8991793704463
30452	19.899179349993
30480	19.8991793471981
30490	19.8991793286165
30496	19.8991793205463
30532	19.8991793180839
30536	19.89917930352
30554	19.8991792878817
30558	19.8991792675467
30590	19.8991792541255
30594	19.8991792437967
30606	19.8991792354127
30618	19.8991792192581
30648	19.8991792119276
30676	19.8991791929895
30724	19.8991791879451
30732	19.8991791805799
30734	19.8991791787337
30738	19.8991791660675
30752	19.8991791646877
30754	19.8991791532547
30758	19.8991791493616
30766	19.8991791475850
30770	19.8991791353620
30786	19.8991791220497
30798	19.8991791209205
30800	19.8991791069395
30814	19.8991790993694
30818	19.8991790881107
30824	19.8991790876412
30828	19.8991790669574
30830	19.8991790660780
30850	19.8991790544827
30870	19.8991790477855
30882	19.8991790203358
30930	19.8991789914138
30950	19.8991789669634
30984	19.8991789560386
30986	19.8991789523896
30990	19.8991789490326
31002	19.8991789487702
31004	19.8991789390486
31036	19.8991789285225
31086	19.8991789214147
31102	19.8991789096998
31140	19.8991788919193
31156	19.8991788902813
31162	19.8991788848628
31172	19.8991788831865
31180	19.8991788830817
31202	19.8991788767973
31204	19.8991788746287
31220	19.8991788678850
31226	19.8991788467100
31232	19.8991788186347
31240	19.8991788166571
31250	19.8991787973346
31264	19.8991787855572
31266	19.8991787848411
31268	19.8991787738839
31272	19.8991787641455
31280	19.8991787560256
31286	19.8991787452224
31314	19.8991787417511
31332	19.8991787157300
31338	19.8991786966935
31348	19.8991786932838
31382	19.8991786624373
31402	19.8991786561646
31406	19.8991786460246
31410	19.8991786297115
31426	19.8991786232810
31428	19.8991786111123
31446	19.8991786056201
31450	19.8991786049916
31452	19.8991786010587
31454	19.8991785845022
31466	19.8991785746089
31486	19.8991785590669
31506	19.8991785552612
31526	19.8991785375158
31532	19.8991785324390
31550	19.8991785063780
31552	19.8991784917403
31574	19.8991784748578
31590	19.8991784671720
31628	19.8991784647751
31630	19.8991784566140
31636	19.8991784259064
31646	19.899178420767
31674	19.8991784135241
31684	19.8991784118415
31706	19.8991784114628
31714	19.8991784040230
31724	19.8991783946729
31734	19.8991783877862
31744	19.8991783595800
31756	19.8991783455121
31772	19.8991783413132
31780	19.8991783319292
31810	19.8991783261039
31826	19.8991783121275
31830	19.8991782955418
31832	19.8991782876545
31836	19.8991782854348
31838	19.8991782803119
31870	19.8991782763415
31876	19.8991782703371
31886	19.8991782645945
31898	19.8991782551791
31902	19.8991782363233
31908	19.8991782345804
31926	19.8991782180468
31932	19.8991782106932
31948	19.8991782071037
31952	19.8991781948013
31956	19.8991781947772
31958	19.8991781804167
31964	19.8991781678691
31986	19.8991781629176
31994	19.899178159994
31996	19.899178154035
32014	19.8991781287462
32026	19.8991781204966
32030	19.8991781162876
32046	19.8991780872313
32050	19.8991780689793
32058	19.8991780618076
32088	19.8991780476713
32120	19.8991780330109
32124	19.8991780191244
32154	19.8991779943664
32156	19.8991779913345
32162	19.8991779825199
32170	19.8991779496586
32176	19.8991779449441
32178	19.8991779187474
32188	19.8991779174407
32194	19.8991779133015
32200	19.8991778859504
32206	19.8991778503731
32208	19.8991778491812
32210	19.8991778364643
32226	19.8991778343172
32238	19.8991778288779
32246	19.8991778159484
32252	19.8991777756163
32282	19.8991777428588
32284	19.8991777382705
32294	19.8991777153748
32296	19.8991777128875
32306	19.8991776799894
32322	19.8991776367797
32338	19.8991776170195
32342	19.8991775905082
32360	19.8991775760976
32370	19.8991775731649
32386	19.8991775728527
32392	19.8991775580562
32394	19.8991775541084
32398	19.8991775512562
32422	19.8991775467114
32430	19.8991775188703
32434	19.8991775170865
32446	19.8991774894726
32466	19.8991774889833
32478	19.8991774855843
32486	19.8991774723494
32494	19.8991774721522
32512	19.8991774721357
32514	19.8991774669013
32520	19.8991774643017
32522	19.8991774279721
32530	19.8991774146302
32544	19.8991774130864
32550	19.8991773634644
32592	19.8991773579455
32616	19.8991773538861
32622	19.8991773287784
32630	19.8991773185067
32642	19.8991773090744
32658	19.8991773080162
32664	19.8991772892279
32702	19.8991772816344
32724	19.8991772599984
32738	19.8991772593866
32756	19.8991772586897
32766	19.8991772473018
32780	19.8991772445764
32786	19.8991772413209
32804	19.8991772344683
32812	19.8991772270892
32826	19.8991772251922
32836	19.8991772175572
32838	19.8991772027646
32852	19.899177183148
32872	19.8991771665927
32890	19.8991771541153
32900	19.8991771516391
32910	19.8991771201019
32922	19.8991771035899
32942	19.8991770837988
32966	19.8991770822738
32972	19.8991770643
32982	19.8991770623567
32986	19.8991770506528
32988	19.8991770448488
33018	19.8991770084100
33040	19.8991770047217
33048	19.8991769888347
33054	19.8991769639204
33068	19.8991769543675
33104	19.8991769399219
33114	19.8991769381972
33120	19.8991769327167
33148	19.8991769319483
33154	19.8991769302146
33168	19.8991769282553
33174	19.8991769243829
33180	19.8991769102103
33184	19.8991769032137
33218	19.8991768898828
33248	19.8991768824020
33256	19.8991768779597
33274	19.8991768779521
33276	19.8991768736257
33278	19.8991768677459
33282	19.8991768542857
33290	19.8991768491546
33324	19.8991768454485
33334	19.8991768404997
33358	19.8991768395623
33372	19.8991768390012
33414	19.8991768379036
33416	19.8991768357325
33432	19.8991768308177
33440	19.8991768270756
33444	19.899176823531
33446	19.8991768226314
33488	19.8991768192756
33504	19.8991768184469
33508	19.8991768181991
33516	19.8991768175159
33524	19.8991768153432
33526	19.8991768131651
33530	19.8991768128937
33552	19.8991768082034
33566	19.8991768074075
33574	19.8991767992082
33578	19.8991767961948
33610	19.8991767958324
33616	19.8991767948186
33618	19.8991767864693
33626	19.8991767861924
33628	19.8991767860806
33634	19.8991767804821
33646	19.8991767762028
33662	19.8991767757912
33666	19.8991767696414
33680	19.8991767695335
33696	19.899176761021
33704	19.8991767568201
33720	19.8991767512839
33764	19.8991767459893
33770	19.8991767413373
33782	19.8991767410036
33786	19.899176734972
33850	19.8991767320722
33864	19.8991767316789
33870	19.8991767183769
33872	19.8991767155026
33888	19.8991767088948
33894	19.8991767050592
33912	19.8991767049752
33916	19.8991766897582
33938	19.8991766887542
33962	19.8991766878692
33966	19.8991766788005
34014	19.8991766745133
34022	19.8991766712966
34034	19.8991766711009
34036	19.8991766703628
34038	19.8991766683244
34048	19.8991766670364
34058	19.8991766636759
34068	19.8991766630880
34072	19.8991766624632
34080	19.8991766525800
34100	19.8991766487273
34112	19.8991766371293
34124	19.8991766288048
34134	19.8991765958093
34138	19.89917658556
34152	19.8991765830565
34162	19.899176572511
34192	19.8991765593090
34200	19.8991765463442
34222	19.8991765460947
34228	19.8991765439020
34232	19.8991765403403
34244	19.8991765288494
34248	19.8991765186135
34270	19.8991765170688
34274	19.8991765144666
34282	19.8991765116383
34300	19.8991765113616
34304	19.8991765108005
34312	19.8991765078230
34346	19.8991765025057
34350	19.8991764979874
34364	19.8991764973128
34370	19.8991764935763
34374	19.8991764932776
34378	19.8991764901915
34402	19.8991764835623
34420	19.8991764825777
34424	19.8991764818732
34428	19.8991764810984
34430	19.8991764794829
34434	19.8991764792573
34440	19.8991764714936
34444	19.8991764625549
34454	19.8991764547546
34480	19.8991764513073
34488	19.8991764502626
34504	19.8991764401829
34516	19.8991764380556
34530	19.8991764254927
34562	19.8991764224296
34578	19.8991764157783
34594	19.8991764157395
34602	19.8991764116997
34610	19.8991764095051
34616	19.8991764014218
34634	19.8991763994116
34656	19.8991763991009
34664	19.8991763983810
34674	19.8991763973127
34680	19.8991763868269
34708	19.8991763861877
34722	19.8991763762372
34726	19.8991763723005
34750	19.8991763647396
34770	19.8991763561822
34782	19.8991763550156
34792	19.8991763546496
34816	19.8991763487223
34846	19.8991763414692
34848	19.899176337649
34856	19.8991763298426
34860	19.8991763288314
34872	19.8991763232998
34882	19.8991763217173
34888	19.8991763183897
34916	19.8991763173999
34936	19.8991763158921
34938	19.8991763065221
34948	19.8991763055515
34958	19.8991763025035
34982	19.8991763020974
34994	19.8991762927093
35038	19.8991762912328
35044	19.8991762895906
35046	19.8991762891277
35058	19.8991762870861
35066	19.8991762856901
35086	19.8991762850840
35094	19.8991762794026
35110	19.8991762792953
35112	19.8991762780790
35120	19.8991762770308
35148	19.8991762733553
35150	19.8991762698359
35158	19.8991762646270
35176	19.8991762597955
35178	19.8991762527135
35216	19.8991762508875
35242	19.8991762465266
35264	19.8991762456935
35268	19.8991762443077
35294	19.8991762443014
35298	19.8991762440887
35304	19.8991762434684
35306	19.8991762390812
35310	19.8991762357156
35324	19.8991762338935
35354	19.8991762310706
35386	19.8991762280139
35396	19.8991762268079
35400	19.8991762264629
35434	19.8991762202022
35440	19.8991762188882
35454	19.8991762188667
35468	19.8991762162484
35478	19.8991762160137
35488	19.8991762158342
35506	19.8991762155834
35514	19.8991762143283
35516	19.899176213441
35518	19.8991762110050
35530	19.8991762101615
35540	19.8991762095332
35552	19.8991762091820
35556	19.8991762066039
35582	19.8991762057731
35594	19.8991762018363
35602	19.8991761995758
35618	19.8991761956616
35640	19.8991761939259
35648	19.8991761938980
35662	19.8991761926318
35706	19.8991761919203
35710	19.899176191614
35724	19.8991761915571
35736	19.8991761913461
35746	19.8991761912298
35750	19.8991761912134
35762	19.8991761886374
35770	19.8991761884131
35776	19.8991761863443
35788	19.8991761857857
35798	19.8991761851109
35802	19.899176184408
35804	19.8991761843899
35806	19.8991761837616
35820	19.8991761832943
35828	19.8991761810208
35834	19.8991761799094
35862	19.8991761794243
35870	19.89917617917
35876	19.8991761789984
35898	19.8991761789883
35906	19.8991761785298
35908	19.8991761766282
35914	19.8991761765568
35958	19.8991761758561
35962	19.899176175373
35976	19.8991761748669
36020	19.8991761737346
36028	19.8991761734554
36044	19.8991761734014
36066	19.8991761732655
36070	19.8991761730921
36082	19.8991761730752
36084	19.8991761726402
36098	19.8991761724767
36108	19.8991761722254
36112	19.8991761714228
36142	19.8991761704075
36186	19.8991761703362
36188	19.8991761698694
36200	19.8991761694232
36206	19.8991761694135
36214	19.8991761683751
36220	19.8991761681573
36230	19.8991761678344
36248	19.8991761678131
36252	19.8991761676213
36254	19.8991761673973
36268	19.8991761672752
36282	19.8991761670357
36294	19.8991761667901
36322	19.8991761665128
36332	19.899176166483
36348	19.8991761658669
36394	19.8991761656323
36414	19.8991761652723
36436	19.8991761646867
36452	19.8991761644628
36456	19.8991761639886
36470	19.8991761638026
36474	19.8991761632781
36494	19.8991761629267
36516	19.8991761620988
36526	19.8991761619897
36532	19.8991761618288
36540	19.8991761609228
36560	19.8991761607198
36562	19.8991761600999
36572	19.8991761594064
36582	19.8991761588251
36592	19.8991761588124
36600	19.8991761580250
36610	19.899176157763
36618	19.8991761573852
36626	19.8991761572901
36634	19.8991761568775
36644	19.8991761568713
36654	19.8991761561535
36656	19.8991761546352
36682	19.8991761541645
36684	19.8991761534471
36710	19.8991761531124
36718	19.8991761525849
36746	19.8991761525120
36752	19.8991761517707
36784	19.8991761515107
36802	19.8991761512866
36804	19.8991761501744
36848	19.8991761499157
36858	19.899176149658
36874	19.8991761491558
36884	19.8991761491132
36886	19.8991761484191
36910	19.8991761482126
36916	19.8991761481902
36920	19.8991761480962
36932	19.8991761478470
36936	19.8991761477030
36944	19.8991761471448
36964	19.8991761470919
36968	19.8991761469086
36984	19.8991761466147
36990	19.8991761465482
37002	19.899176145912
37014	19.899176145334
37048	19.8991761442707
37072	19.8991761441677
37074	19.8991761438169
37082	19.8991761435874
37124	19.8991761433239
37134	19.899176143217
37138	19.8991761424234
37178	19.8991761422661
37186	19.8991761418884
37198	19.8991761417847
37200	19.8991761416382
37204	19.8991761415193
37208	19.8991761413210
37216	19.8991761411972
37246	19.8991761406860
37250	19.899176140646
37256	19.8991761402562
37284	19.8991761396824
37304	19.8991761396553
37318	19.8991761392282
37328	19.8991761391563
37334	19.8991761389741
37338	19.8991761387247
37342	19.8991761382924
37362	19.8991761382526
37372	19.8991761382144
37380	19.899176138024
37408	19.8991761378626
37410	19.8991761378406
37426	19.899176137509
37450	19.8991761374895
37454	19.8991761370913
37472	19.8991761370069
37476	19.8991761369233
37484	19.8991761362947
37496	19.8991761360565
37502	19.8991761360134
37504	19.8991761359316
37512	19.8991761357561
37536	19.8991761357547
37540	19.8991761356518
37546	19.8991761355193
37568	19.8991761354079
37570	19.8991761351993
37588	19.8991761351860
37596	19.8991761349152
37600	19.8991761348636
37610	19.8991761348136
37618	19.8991761345722
37628	19.8991761345186
37646	19.8991761343682
37664	19.8991761341248
37670	19.8991761339673
37690	19.8991761338277
37700	19.8991761336358
37726	19.8991761336285
37728	19.8991761334192
37740	19.8991761331531
37746	19.8991761329822
37756	19.8991761329297
37770	19.8991761326223
37776	19.8991761324212
37810	19.8991761321401
37822	19.8991761320024
37842	19.8991761317447
37846	19.8991761313719
37860	19.8991761313337
37864	19.8991761307405
37898	19.8991761303142
37908	19.8991761302783
37934	19.8991761302299
37938	19.8991761299770
37954	19.8991761294972
37976	19.8991761293344
38022	19.8991761292345
38024	19.8991761289743
38028	19.8991761288892
38034	19.8991761288862
38036	19.8991761288304
38058	19.8991761285913
38070	19.8991761282329
38072	19.8991761280717
38076	19.8991761278505
38104	19.899176127792
38116	19.8991761277135
38130	19.8991761276492
38146	19.8991761272306
38156	19.8991761271454
38164	19.8991761269696
38178	19.8991761267941
38188	19.8991761265843
38204	19.8991761264032
38228	19.8991761263049
38234	19.8991761261402
38246	19.8991761261291
38250	19.8991761261064
38268	19.8991761260365
38282	19.8991761258701
38320	19.8991761258480
38322	19.8991761254967
38352	19.8991761254751
38364	19.8991761254663
38378	19.8991761252763
38390	19.8991761252427
38398	19.8991761251571
38408	19.8991761251156
38414	19.8991761250769
38430	19.8991761250701
38434	19.8991761249445
38444	19.8991761249353
38450	19.8991761248616
38462	19.8991761246420
38472	19.8991761243396
38478	19.8991761241189
38528	19.8991761240261
38534	19.8991761240092
38546	19.8991761240037
38552	19.8991761238814
38556	19.899176123881
38564	19.8991761237262
38566	19.8991761237151
38572	19.8991761234909
38586	19.8991761233188
38588	19.899176123193
38600	19.8991761231887
38604	19.8991761231708
38610	19.899176123104
38628	19.8991761230863
38634	19.8991761230118
38644	19.8991761229341
38658	19.8991761229250
38664	19.8991761228870
38666	19.8991761228542
38672	19.8991761227805
38698	19.8991761226273
38726	19.8991761226248
38738	19.8991761225718
38744	19.8991761223291
38764	19.8991761221856
38768	19.8991761220422
38796	19.8991761220418
38812	19.8991761219493
38828	19.8991761219138
38840	19.8991761218349
38854	19.8991761217194
38858	19.8991761216653
38876	19.8991761216590
38894	19.8991761215894
38902	19.8991761215538
38908	19.8991761211893
38916	19.8991761210658
38930	19.8991761210492
38950	19.8991761209341
38980	19.8991761209180
38984	19.8991761209075
39008	19.8991761208829
39024	19.8991761208170
39028	19.8991761207854
39040	19.8991761207682
39048	19.8991761207089
39060	19.899176120682
39066	19.8991761206598
39074	19.8991761205667
39106	19.8991761205574
39118	19.8991761205403
39136	19.8991761204661
39148	19.8991761204614
39160	19.8991761204406
39162	19.8991761203909
39166	19.8991761203856
39168	19.8991761203843
39174	19.8991761203234
39186	19.8991761202365
39194	19.8991761201116
39210	19.8991761200965
39218	19.8991761200444
39224	19.8991761199639
39230	19.8991761198929
39232	19.8991761197173
39254	19.8991761197129
39258	19.8991761197033
39262	19.8991761194772
39266	19.8991761190664
39272	19.8991761189464
39278	19.8991761187761
39282	19.8991761186998
39288	19.8991761185131
39304	19.8991761184974
39306	19.8991761182808
39310	19.8991761182289
39334	19.8991761181374
39368	19.8991761181018
39372	19.8991761176755
39418	19.8991761176259
39422	19.8991761174164
39430	19.8991761171889
39458	19.8991761171603
39462	19.8991761170796
39478	19.8991761170208
39486	19.8991761169799
39514	19.8991761169302
39530	19.8991761169192
39538	19.8991761167410
39576	19.8991761165065
39594	19.8991761164268
39602	19.8991761163218
39638	19.8991761163066
39654	19.8991761162630
39656	19.8991761161796
39658	19.8991761159978
39674	19.899176115862
39678	19.8991761156127
39694	19.8991761153901
39710	19.8991761153458
39716	19.8991761151325
39730	19.8991761150745
39758	19.8991761150541
39762	19.8991761147313
39772	19.8991761146128
39792	19.8991761145831
39800	19.8991761144172
39824	19.8991761143858
39836	19.8991761142718
39848	19.8991761142032
39860	19.8991761140816
39882	19.8991761139769
39886	19.8991761138032
39896	19.8991761137542
39918	19.8991761136390
39958	19.8991761133158
39962	19.8991761132275
39966	19.8991761131607
39972	19.8991761131538
39974	19.8991761130728
39978	19.8991761129272
39986	19.8991761128659
39996	19.8991761128011
39998	19.8991761127922
40002	19.8991761127762
40006	19.8991761126794
40022	19.899176112531
40030	19.8991761125213
40068	19.8991761122919
40076	19.8991761122608
40078	19.8991761121848
40098	19.8991761120870
40102	19.8991761120138
40136	19.8991761119502
40146	19.8991761118664
40158	19.8991761118223
40164	19.8991761117741
40174	19.8991761117288
40184	19.899176111719
40186	19.8991761116326
40192	19.8991761116096
40202	19.8991761113590
40234	19.8991761112690
40258	19.8991761112302
40268	19.8991761110460
40282	19.8991761110348
40288	19.8991761109563
40296	19.8991761109077
40320	19.8991761108727
40324	19.8991761108275
40326	19.8991761107826
40334	19.8991761106231
40350	19.8991761105458
40358	19.8991761104648
40360	19.8991761103846
40380	19.8991761103457
40384	19.8991761103106
40386	19.8991761102008
40390	19.899176110006
40424	19.8991761100017
40436	19.8991761099687
40438	19.8991761099489
40444	19.8991761099201
40446	19.8991761098247
40452	19.8991761096563
40464	19.8991761096083
40466	19.8991761095111
40470	19.8991761093432
40480	19.899176109336
40484	19.8991761092429
40488	19.8991761090618
40508	19.8991761088605
40536	19.8991761088092
40542	19.8991761087483
40548	19.8991761086808
40556	19.8991761086467
40564	19.8991761084463
40572	19.8991761083371
40614	19.8991761083354
40620	19.8991761082846
40626	19.8991761081749
40638	19.8991761080652
40646	19.8991761080197
40660	19.8991761079867
40678	19.8991761079434
40680	19.8991761078752
40694	19.8991761078478
40706	19.8991761077779
40720	19.8991761077244
40724	19.8991761076650
40756	19.8991761075929
40766	19.8991761075846
40768	19.8991761075657
40774	19.8991761075274
40788	19.8991761075032
40794	19.8991761074371
40828	19.8991761074075
40836	19.8991761073925
40844	19.8991761073337
40846	19.8991761073219
40852	19.8991761073153
40856	19.8991761072898
40860	19.8991761072726
40882	19.8991761072509
40892	19.8991761072106
40922	19.8991761072055
40936	19.8991761071734
40956	19.8991761071401
40962	19.8991761071258
40980	19.8991761071158
40986	19.8991761070905
41022	19.899176107074
41036	19.8991761070577
41040	19.8991761070574
41048	19.8991761070361
41064	19.8991761070189
41092	19.89917610701
41110	19.8991761070008
41142	19.8991761069986
41144	19.8991761069883
41158	19.8991761069839
41164	19.8991761069719
41178	19.8991761069705
41192	19.8991761069698
41194	19.8991761069585
41198	19.8991761069551
41214	19.8991761069309
41216	19.8991761068960
41226	19.8991761068913
41240	19.8991761068837
41242	19.8991761068771
41248	19.8991761068741
41254	19.8991761068496
41264	19.8991761067905
41290	19.8991761067637
41310	19.8991761067504
41342	19.8991761067483
41354	19.8991761067465
41366	19.8991761067453
41368	19.8991761067325
41370	19.8991761067224
41376	19.8991761067028
41380	19.8991761066888
41390	19.8991761066859
41392	19.8991761066791
41400	19.8991761066667
41404	19.8991761066574
41406	19.8991761066171
41444	19.8991761065526
41450	19.8991761065361
41456	19.8991761065207
41478	19.8991761065157
41506	19.8991761065006
41522	19.8991761064677
41526	19.8991761064609
41534	19.8991761064596
41540	19.8991761064397
41550	19.8991761064208
41578	19.8991761063832
41580	19.8991761063661
41584	19.899176106355
41594	19.8991761063479
41598	19.8991761063443
41600	19.8991761063211
41602	19.8991761062843
41612	19.8991761062777
41616	19.8991761062365
41632	19.8991761062347
41650	19.8991761062315
41652	19.8991761062204
41656	19.8991761061818
41662	19.8991761061611
41684	19.8991761061003
41750	19.8991761060885
41760	19.8991761060750
41776	19.8991761060610
41796	19.8991761060523
41798	19.8991761060414
41812	19.8991761060326
41816	19.8991761060277
41826	19.8991761060163
41834	19.8991761059943
41842	19.8991761059715
41862	19.899176105965
41868	19.8991761059535
41870	19.8991761059396
41890	19.8991761059389
41894	19.899176105928
41906	19.8991761059122
41960	19.8991761059070
41968	19.8991761059054
41980	19.8991761058543
41984	19.8991761058409
41994	19.8991761058367
41996	19.8991761058210
41998	19.8991761058069
42006	19.8991761058024
42014	19.8991761057954
42028	19.8991761057684
42050	19.8991761057274
42084	19.8991761056989
42098	19.899176105682
42112	19.8991761056713
42114	19.8991761056686
42140	19.8991761056496
42146	19.8991761056362
42178	19.8991761056297
42184	19.8991761056269
42198	19.8991761056197
42210	19.8991761056063
42228	19.8991761055962
42236	19.8991761055894
42240	19.8991761055766
42266	19.8991761055757
42268	19.8991761055713
42276	19.8991761055515
42280	19.8991761055411
42290	19.8991761055335
42308	19.8991761055219
42310	19.8991761055173
42314	19.8991761054996
42344	19.8991761054718
42348	19.8991761054384
42352	19.8991761054169
42374	19.8991761054164
42390	19.8991761053797
42408	19.8991761053637
42412	19.8991761053583
42434	19.8991761053061
42458	19.8991761052853
42462	19.8991761052679
42464	19.8991761052503
42474	19.8991761052252
42494	19.8991761052219
42500	19.8991761051724
42540	19.8991761051720
42546	19.8991761051706
42556	19.8991761051572
42564	19.8991761051548
42576	19.8991761051328
42578	19.8991761051317
42586	19.8991761051311
42590	19.8991761051271
42624	19.8991761050946
42626	19.8991761050821
42630	19.899176105077
42642	19.8991761050732
42648	19.8991761050642
42668	19.8991761050628
42680	19.8991761050472
42700	19.8991761050446
42706	19.8991761050319
42738	19.8991761050303
42750	19.8991761050297
42754	19.8991761050143
42780	19.8991761050120
42788	19.8991761050072
42818	19.8991761050033
42832	19.8991761049917
42844	19.8991761049796
42858	19.8991761049732
42882	19.8991761049729
42884	19.8991761049686
42890	19.8991761049668
42906	19.8991761049667
42908	19.8991761049662
42920	19.8991761049524
42926	19.8991761049467
42934	19.8991761049424
42956	19.8991761049407
42960	19.8991761049317
42982	19.8991761049244
42986	19.8991761049243
43004	19.8991761049163
43010	19.8991761049139
43032	19.8991761049074
43042	19.8991761048987
43052	19.8991761048961
43068	19.899176104893
43070	19.8991761048911
43072	19.8991761048883
43076	19.8991761048865
43080	19.899176104881
43096	19.8991761048776
43104	19.8991761048750
43108	19.8991761048697
43112	19.8991761048647
43124	19.8991761048619
43154	19.8991761048582
43168	19.8991761048551
43170	19.8991761048541
43174	19.8991761048535
43184	19.8991761048516
43186	19.8991761048505
43202	19.8991761048491
43206	19.8991761048466
43218	19.899176104842
43234	19.8991761048413
43246	19.8991761048387
43250	19.8991761048313
43270	19.8991761048295
43272	19.8991761048294
43282	19.8991761048206
43300	19.8991761048188
43304	19.8991761048110
43320	19.8991761048108
43322	19.8991761048108
43344	19.8991761048070
43356	19.8991761048060
43358	19.8991761048051
43362	19.8991761047996
43370	19.8991761047904
43374	19.8991761047899
43378	19.8991761047842
43382	19.8991761047734
43454	19.8991761047663
43462	19.8991761047596
43480	19.899176104748
43488	19.8991761047457
43504	19.8991761047433
43510	19.8991761047430
43512	19.8991761047404
43514	19.8991761047346
43522	19.8991761047299
43534	19.8991761047281
43544	19.8991761047247
43568	19.8991761047198
43572	19.8991761047114
43582	19.8991761047107
43588	19.8991761047065
43590	19.8991761047017
43596	19.8991761046976
43612	19.8991761046856
43622	19.8991761046770
43624	19.8991761046592
43666	19.8991761046527
43670	19.8991761046490
43672	19.8991761046403
43678	19.8991761046372
43712	19.8991761046330
43728	19.8991761046256
43730	19.8991761046234
43738	19.8991761046208
43744	19.8991761046204
43754	19.8991761046073
43756	19.8991761045846
43784	19.8991761045787
43800	19.899176104576
43802	19.8991761045751
43810	19.8991761045741
43822	19.8991761045666
43826	19.899176104566
43832	19.8991761045657
43836	19.8991761045576
43852	19.8991761045506
43854	19.8991761045366
43856	19.8991761045261
43882	19.8991761045170
43884	19.8991761045134
43890	19.8991761045105
43914	19.8991761045049
43926	19.8991761045041
43954	19.8991761045026
43956	19.8991761044889
43966	19.8991761044877
43984	19.8991761044795
44002	19.8991761044756
44008	19.8991761044721
44014	19.8991761044613
44024	19.8991761044537
44048	19.8991761044458
44060	19.8991761044453
44092	19.8991761044328
44096	19.8991761044304
44130	19.8991761044222
44162	19.8991761044192
44176	19.8991761044157
44178	19.8991761044147
44194	19.8991761044133
44198	19.8991761044094
44206	19.8991761044079
44208	19.8991761044076
44214	19.8991761044053
44228	19.8991761043991
44242	19.8991761043965
44262	19.8991761043919
44264	19.8991761043871
44280	19.8991761043812
44286	19.8991761043746
44306	19.8991761043716
44320	19.8991761043591
44342	19.8991761043543
44344	19.8991761043515
44364	19.8991761043495
44370	19.8991761043474
44392	19.8991761043437
44400	19.8991761043412
44420	19.8991761043330
44438	19.8991761043317
44458	19.8991761043277
44468	19.8991761043258
44470	19.8991761043234
44494	19.8991761043164
44506	19.8991761043118
44512	19.8991761043108
44516	19.8991761043100
44518	19.8991761043079
44542	19.8991761043074
44554	19.8991761043008
44602	19.8991761042999
44604	19.8991761042986
44618	19.8991761042978
44620	19.8991761042966
44628	19.8991761042958
44632	19.8991761042958
44636	19.8991761042911
44658	19.8991761042891
44660	19.8991761042869
44662	19.8991761042855
44664	19.8991761042816
44684	19.8991761042791
44708	19.899176104276
44714	19.8991761042753
44722	19.8991761042745
44724	19.8991761042714
44750	19.8991761042691
44760	19.8991761042685
44784	19.8991761042683
44786	19.8991761042644
44798	19.8991761042626
44806	19.8991761042619
44816	19.8991761042588
44844	19.8991761042545
44862	19.8991761042502
44872	19.8991761042490
44874	19.8991761042489
44876	19.8991761042474
44884	19.8991761042455
44888	19.8991761042441
44934	19.8991761042431
44948	19.8991761042414
44954	19.8991761042365
44964	19.8991761042356
44984	19.8991761042325
44996	19.8991761042322
45018	19.8991761042313
45036	19.8991761042311
45050	19.8991761042302
45058	19.8991761042287
45080	19.8991761042278
45082	19.8991761042276
45088	19.8991761042266
45108	19.899176104223
45114	19.8991761042224
45152	19.8991761042220
45156	19.8991761042213
45170	19.8991761042207
45184	19.8991761042178
45194	19.8991761042176
45214	19.8991761042175
45222	19.8991761042172
45240	19.8991761042153
45248	19.8991761042148
45262	19.8991761042146
45264	19.8991761042134
45276	19.8991761042122
45300	19.8991761042114
45304	19.8991761042105
45310	19.8991761042084
45328	19.8991761042072
45358	19.899176104206
45366	19.8991761042059
45370	19.8991761042059
45376	19.8991761042044
45392	19.8991761042039
45396	19.8991761042037
45398	19.8991761042037
45404	19.8991761042026
45414	19.8991761042025
45438	19.8991761042018
45444	19.8991761042
45464	19.8991761041976
45466	19.8991761041975
45478	19.8991761041964
45484	19.8991761041963
45496	19.8991761041952
45508	19.8991761041936
45514	19.8991761041915
45530	19.8991761041899
45558	19.8991761041885
45586	19.8991761041882
45594	19.8991761041882
45596	19.8991761041874
45600	19.8991761041864
45622	19.8991761041861
45642	19.8991761041848
45646	19.8991761041804
45650	19.8991761041788
45664	19.8991761041776
45688	19.8991761041775
45696	19.8991761041770
45698	19.899176104176
45708	19.8991761041757
45712	19.8991761041744
45714	19.8991761041702
45732	19.8991761041699
45740	19.8991761041697
45744	19.8991761041664
45772	19.8991761041661
45780	19.8991761041648
45782	19.8991761041629
45804	19.8991761041607
45832	19.8991761041605
45834	19.899176104156
45872	19.8991761041553
45876	19.8991761041544
45880	19.8991761041540
45886	19.8991761041539
45906	19.8991761041524
45916	19.89917610415
45944	19.8991761041484
45968	19.8991761041478
45988	19.8991761041462
45996	19.8991761041459
46022	19.8991761041443
46030	19.8991761041433
46032	19.8991761041432
46034	19.8991761041431
46052	19.8991761041411
46110	19.8991761041411
46114	19.8991761041404
46116	19.8991761041399
46122	19.8991761041392
46148	19.8991761041388
46160	19.8991761041383
46192	19.8991761041371
46198	19.8991761041366
46212	19.8991761041363
46222	19.8991761041360
46224	19.8991761041354
46232	19.8991761041352
46236	19.8991761041348
46248	19.8991761041338
46296	19.8991761041332
46298	19.8991761041329
46328	19.8991761041328
46330	19.8991761041316
46366	19.8991761041315
46406	19.899176104131
46418	19.8991761041309
46424	19.8991761041309
46430	19.8991761041307
46442	19.8991761041307
46458	19.8991761041298
46476	19.8991761041293
46492	19.8991761041277
46530	19.8991761041276
46532	19.8991761041273
46546	19.8991761041273
46550	19.8991761041270
46552	19.8991761041263
46570	19.899176104126
46572	19.8991761041256
46582	19.8991761041251
46600	19.899176104125
46618	19.8991761041245
46624	19.8991761041235
46630	19.8991761041235
46636	19.8991761041228
46646	19.8991761041224
46680	19.8991761041216
46712	19.8991761041213
46730	19.8991761041212
46732	19.8991761041210
46748	19.8991761041209
46760	19.8991761041202
46772	19.8991761041198
46796	19.8991761041196
46804	19.8991761041187
46816	19.8991761041187
46822	19.8991761041186
46830	19.8991761041186
46842	19.8991761041182
46848	19.8991761041182
46850	19.8991761041177
46870	19.8991761041176
46900	19.8991761041176
46908	19.8991761041175
46918	19.8991761041174
46920	19.8991761041173
46924	19.8991761041173
46932	19.8991761041171
46948	19.8991761041168
46954	19.8991761041168
46968	19.8991761041168
46976	19.8991761041167
46982	19.8991761041164
47020	19.8991761041162
47044	19.8991761041160
47052	19.8991761041158
47076	19.8991761041157
47092	19.8991761041155
47116	19.8991761041153
47130	19.8991761041153
47132	19.8991761041152
47134	19.8991761041150
47138	19.8991761041150
47146	19.8991761041148
47174	19.8991761041147
47182	19.8991761041147
47192	19.8991761041147
47196	19.8991761041143
47212	19.8991761041142
47214	19.8991761041142
47216	19.8991761041141
47224	19.899176104114
47238	19.8991761041140
47240	19.8991761041138
47280	19.8991761041137
47284	19.8991761041135
47288	19.8991761041134
47308	19.8991761041133
47318	19.8991761041129
47344	19.8991761041128
47350	19.8991761041128
47354	19.8991761041126
47378	19.8991761041126
47382	19.8991761041125
47386	19.8991761041123
47388	19.8991761041123
47394	19.8991761041121
47410	19.8991761041118
47422	19.8991761041116
47436	19.8991761041116
47438	19.8991761041115
47440	19.8991761041115
47442	19.8991761041111
47460	19.899176104111
47478	19.8991761041109
47490	19.8991761041108
47516	19.8991761041107
47528	19.8991761041102
47550	19.8991761041099
47568	19.8991761041095
47612	19.8991761041095
47618	19.8991761041095
47622	19.8991761041094
47634	19.8991761041094
47636	19.8991761041093
47664	19.8991761041093
47666	19.8991761041092
47668	19.899176104109
47680	19.8991761041089
47684	19.8991761041089
47688	19.8991761041085
47698	19.8991761041077
47712	19.8991761041072
47734	19.8991761041069
47746	19.8991761041068
47748	19.8991761041067
47754	19.8991761041064
47762	19.8991761041063
47768	19.8991761041063
47774	19.8991761041059
47792	19.8991761041057
47822	19.8991761041053
47830	19.8991761041053
47836	19.8991761041052
47842	19.8991761041052
47852	19.8991761041048
47866	19.8991761041047
47904	19.8991761041046
47914	19.8991761041041
47932	19.8991761041039
47956	19.8991761041031
47958	19.8991761041026
48002	19.8991761041022
48030	19.899176104102
48038	19.8991761041018
48088	19.8991761041017
48098	19.8991761041014
48108	19.8991761041013
48112	19.8991761041010
48126	19.8991761041006
48128	19.8991761041004
48170	19.8991761041003
48188	19.8991761041002
48190	19.8991761041000
48198	19.8991761040999
48210	19.8991761040995
48224	19.8991761040992
48264	19.8991761040992
48284	19.8991761040989
48308	19.8991761040986
48310	19.8991761040985
48314	19.8991761040985
48344	19.8991761040982
48362	19.8991761040979
48370	19.8991761040977
48378	19.8991761040974
48386	19.8991761040972
48394	19.8991761040972
48412	19.8991761040966
48446	19.8991761040965
48462	19.8991761040964
48466	19.8991761040963
48470	19.8991761040962
48478	19.8991761040955
48482	19.8991761040954
48488	19.8991761040952
48490	19.8991761040946
48508	19.8991761040944
48514	19.8991761040941
48520	19.8991761040941
48522	19.8991761040940
48528	19.8991761040936
48542	19.8991761040933
48546	19.8991761040931
48550	19.8991761040930
48562	19.8991761040929
48566	19.8991761040926
48570	19.8991761040924
48574	19.8991761040923
48582	19.8991761040922
48626	19.8991761040921
48632	19.8991761040913
48658	19.8991761040908
48674	19.8991761040908
48678	19.8991761040905
48704	19.8991761040901
48708	19.8991761040900
48734	19.8991761040899
48736	19.8991761040898
48738	19.8991761040898
48744	19.8991761040897
48750	19.8991761040896
48764	19.8991761040894
48768	19.8991761040888
48788	19.8991761040884
48796	19.8991761040883
48804	19.8991761040883
48806	19.8991761040883
48814	19.8991761040875
48828	19.8991761040868
48834	19.8991761040862
48864	19.8991761040861
48876	19.8991761040858
48882	19.8991761040855
48890	19.8991761040854
48898	19.8991761040848
48976	19.8991761040847
48980	19.8991761040846
48990	19.8991761040846
48996	19.8991761040842
48998	19.8991761040841
49022	19.8991761040836
49064	19.8991761040834
49082	19.899176104083
49110	19.8991761040827
49140	19.8991761040825
49160	19.8991761040825
49168	19.8991761040822
49188	19.8991761040818
49224	19.8991761040818
49226	19.8991761040817
49240	19.8991761040816
49254	19.8991761040813
49288	19.8991761040811
49316	19.8991761040811
49320	19.8991761040810
49324	19.899176104081
49348	19.8991761040810
49350	19.8991761040809
49356	19.8991761040806
49370	19.8991761040804
49394	19.8991761040804
49418	19.8991761040803
49424	19.8991761040803
49448	19.8991761040801
49474	19.8991761040800
49492	19.8991761040799
49514	19.8991761040798
49520	19.8991761040798
49524	19.8991761040797
49532	19.8991761040796
49534	19.8991761040795
49552	19.8991761040794
49574	19.8991761040792
49584	19.8991761040791
49588	19.8991761040791
49590	19.8991761040790
49592	19.8991761040785
49620	19.8991761040784
49636	19.899176104078
49648	19.8991761040779
49654	19.8991761040777
49658	19.8991761040774
49672	19.8991761040770
49688	19.8991761040769
49690	19.8991761040767
49702	19.8991761040763
49704	19.8991761040758
49718	19.8991761040757
49728	19.8991761040757
49734	19.8991761040756
49742	19.8991761040753
49744	19.899176104075
49788	19.8991761040749
49792	19.8991761040748
49798	19.8991761040747
49800	19.8991761040746
49802	19.8991761040746
49832	19.8991761040743
49880	19.8991761040741
49896	19.8991761040741
49910	19.8991761040740
49916	19.8991761040739
49924	19.8991761040739
49938	19.8991761040737
49960	19.8991761040736
49972	19.8991761040736
49986	19.8991761040736
49994	19.8991761040736
50000	19.8991761040732
50020	19.8991761040731
50024	19.8991761040731
50046	19.8991761040731
50050	19.8991761040729
50068	19.8991761040729
50072	19.8991761040728
50092	19.8991761040727
50108	19.8991761040725
50112	19.8991761040724
50132	19.8991761040723
50154	19.8991761040721
50170	19.8991761040717
50174	19.8991761040716
50176	19.8991761040713
50202	19.8991761040711
50216	19.8991761040707
50220	19.8991761040701
50250	19.8991761040700
50254	19.8991761040698
50264	19.8991761040691
50288	19.8991761040689
50290	19.8991761040686
50300	19.8991761040679
50336	19.8991761040674
50344	19.8991761040673
50360	19.8991761040670
50362	19.899176104067
50376	19.8991761040669
50402	19.8991761040667
50414	19.8991761040664
50426	19.8991761040664
50428	19.8991761040662
50430	19.8991761040659
50436	19.8991761040659
50450	19.8991761040659
50466	19.8991761040655
50496	19.8991761040655
50508	19.8991761040654
50522	19.8991761040654
50524	19.8991761040653
50538	19.8991761040651
50548	19.8991761040649
50550	19.8991761040649
50562	19.8991761040648
50582	19.8991761040648
50592	19.8991761040647
50594	19.8991761040644
50616	19.8991761040644
50618	19.8991761040643
50628	19.8991761040643
50640	19.8991761040641
50644	19.8991761040639
50648	19.8991761040636
50694	19.8991761040634
50702	19.8991761040632
50712	19.8991761040631
50714	19.8991761040631
50736	19.8991761040630
50738	19.899176104063
50742	19.8991761040629
50750	19.8991761040628
50760	19.8991761040626
50768	19.8991761040623
50792	19.8991761040621
50824	19.8991761040620
50832	19.8991761040619
50844	19.8991761040618
50858	19.8991761040618
50868	19.8991761040617
50872	19.8991761040616
50876	19.8991761040615
50896	19.8991761040615
50920	19.8991761040614
50932	19.8991761040613
50942	19.8991761040612
50952	19.8991761040612
50960	19.8991761040611
50972	19.8991761040611
50974	19.8991761040611
50980	19.899176104061
50982	19.8991761040609
50988	19.8991761040606
50990	19.8991761040605
50992	19.8991761040605
51010	19.8991761040604
51018	19.8991761040604
51030	19.8991761040603
51036	19.8991761040602
51050	19.8991761040600
51062	19.8991761040598
51090	19.8991761040597
51102	19.8991761040597
51108	19.8991761040596
51110	19.8991761040596
51116	19.8991761040593
51144	19.8991761040592
51150	19.8991761040592
51156	19.8991761040591
51160	19.8991761040589
51170	19.8991761040589
51172	19.8991761040587
51184	19.8991761040587
51190	19.8991761040586
51192	19.8991761040585
51194	19.8991761040582
51204	19.8991761040580
51218	19.8991761040576
51230	19.8991761040576
51250	19.8991761040575
51254	19.8991761040574
51264	19.8991761040568
51302	19.8991761040568
51306	19.8991761040566
51314	19.8991761040565
51328	19.8991761040565
51332	19.8991761040565
51342	19.8991761040564
51346	19.8991761040561
51362	19.8991761040561
51368	19.899176104056
51378	19.8991761040560
51386	19.8991761040559
51390	19.8991761040559
51392	19.8991761040559
51394	19.8991761040558
51412	19.8991761040557
51418	19.8991761040556
51422	19.8991761040554
51424	19.8991761040552
51436	19.8991761040549
51466	19.8991761040546
51490	19.8991761040546
51512	19.8991761040546
51526	19.8991761040543
51548	19.8991761040543
51562	19.8991761040542
51580	19.8991761040540
51582	19.8991761040539
51586	19.8991761040537
51604	19.8991761040536
51626	19.8991761040535
51630	19.8991761040534
51660	19.8991761040534
51680	19.8991761040533
51684	19.8991761040533
51692	19.8991761040533
51694	19.8991761040533
51710	19.8991761040532
51722	19.8991761040532
51726	19.8991761040531
51744	19.8991761040531
51766	19.8991761040529
51786	19.8991761040529
51788	19.8991761040528
51794	19.8991761040527
51796	19.8991761040526
51814	19.8991761040526
51830	19.8991761040526
51838	19.8991761040525
51858	19.8991761040525
51884	19.8991761040524
51902	19.8991761040523
51914	19.8991761040522
51950	19.8991761040522
51958	19.8991761040522
51974	19.8991761040522
51992	19.8991761040521
52018	19.8991761040520
52038	19.8991761040520
52042	19.899176104052
52046	19.8991761040520
52048	19.8991761040520
52052	19.8991761040518
52068	19.8991761040518
52070	19.8991761040517
52086	19.8991761040517
52100	19.8991761040517
52106	19.8991761040516
52124	19.8991761040516
52136	19.8991761040515
52140	19.8991761040515
52182	19.8991761040515
52194	19.8991761040515
52196	19.8991761040515
52212	19.8991761040514
52214	19.8991761040514
52220	19.8991761040514
52222	19.8991761040514
52240	19.8991761040513
52252	19.8991761040513
52260	19.8991761040513
52286	19.8991761040513
52290	19.8991761040512
52302	19.8991761040512
52322	19.8991761040512
52324	19.8991761040511
52348	19.8991761040511
52354	19.8991761040511
52374	19.8991761040510
52376	19.8991761040510
52384	19.899176104051
52390	19.899176104051
52412	19.8991761040509
52424	19.8991761040508
52452	19.8991761040508
52456	19.8991761040508
52474	19.8991761040507
52488	19.8991761040507
52496	19.8991761040507
52502	19.8991761040507
52504	19.8991761040507
52518	19.8991761040506
52524	19.8991761040506
52534	19.8991761040506
52550	19.8991761040506
52556	19.8991761040506
52560	19.8991761040506
52562	19.8991761040506
52572	19.8991761040506
52574	19.8991761040505
52584	19.8991761040504
52608	19.8991761040504
52632	19.8991761040503
52642	19.8991761040502
52652	19.8991761040502
52660	19.8991761040501
52676	19.8991761040501
52678	19.8991761040500
52688	19.8991761040499
52690	19.8991761040499
52704	19.8991761040499
52710	19.8991761040499
52716	19.8991761040498
52748	19.8991761040498
52774	19.8991761040497
52778	19.8991761040496
52796	19.8991761040496
52810	19.8991761040495
52820	19.8991761040495
52842	19.8991761040495
52864	19.8991761040494
52868	19.8991761040493
52900	19.8991761040493
52910	19.8991761040493
52924	19.8991761040492
52942	19.8991761040492
52944	19.8991761040492
52964	19.8991761040492
52970	19.8991761040492
53008	19.8991761040492
53012	19.8991761040491
53036	19.8991761040491
53076	19.8991761040491
53078	19.8991761040491
53100	19.8991761040491
53120	19.8991761040491
53138	19.8991761040490
53146	19.8991761040490
53156	19.899176104049
53158	19.899176104049
53176	19.899176104049
53196	19.8991761040490
53206	19.8991761040490
53226	19.8991761040489
53228	19.8991761040489
53238	19.8991761040489
53242	19.8991761040489
53244	19.8991761040489
53248	19.8991761040489
53252	19.8991761040488
53278	19.8991761040488
53288	19.8991761040488
53300	19.8991761040488
53308	19.8991761040488
53312	19.8991761040487
53326	19.8991761040487
53334	19.8991761040487
53338	19.8991761040486
53340	19.8991761040486
53362	19.8991761040485
53378	19.8991761040485
53390	19.8991761040485
53394	19.8991761040485
53422	19.8991761040485
53438	19.8991761040484
53478	19.8991761040484
53484	19.8991761040484
53488	19.8991761040484
53502	19.8991761040483
53506	19.8991761040483
53510	19.8991761040483
53520	19.8991761040482
53564	19.8991761040482
53566	19.8991761040482
53592	19.8991761040482
53606	19.8991761040482
53614	19.8991761040482
53646	19.8991761040481
53704	19.8991761040481
53706	19.8991761040481
53716	19.8991761040481
53718	19.8991761040481
53736	19.8991761040481
53756	19.8991761040480
53770	19.8991761040480
53786	19.899176104048
53798	19.899176104048
53818	19.899176104048
53820	19.899176104048
53832	19.8991761040480
53850	19.8991761040480
53852	19.8991761040479
53872	19.8991761040479
53902	19.8991761040479
53910	19.8991761040478
53916	19.8991761040478
53934	19.8991761040478
53938	19.8991761040477
53966	19.8991761040477
53980	19.8991761040477
53988	19.8991761040477
54006	19.8991761040477
54014	19.8991761040477
54032	19.8991761040477
54060	19.8991761040477
54072	19.8991761040476
54082	19.8991761040476
54104	19.8991761040476
54112	19.8991761040476
54124	19.8991761040476
54172	19.8991761040476
54214	19.8991761040476
54224	19.8991761040476
54298	19.8991761040476
54316	19.8991761040476
54354	19.8991761040475
54360	19.8991761040475
54408	19.8991761040475
54416	19.8991761040475
54428	19.8991761040475
54448	19.8991761040475
54482	19.8991761040475
54540	19.8991761040475
54582	19.8991761040475
54590	19.8991761040475
54626	19.8991761040475
54642	19.8991761040474
54644	19.8991761040474
54650	19.8991761040474
54688	19.8991761040474
54708	19.8991761040474
54750	19.8991761040474
54758	19.8991761040474
54774	19.8991761040474
54796	19.8991761040474
54820	19.8991761040474
54852	19.8991761040474
54868	19.8991761040474
54886	19.8991761040473
54894	19.8991761040473
54910	19.8991761040473
54926	19.8991761040473
54938	19.8991761040473
54976	19.8991761040473
55012	19.8991761040473
55038	19.8991761040473
55068	19.8991761040473
55100	19.8991761040473
55126	19.8991761040473
55134	19.8991761040473
55160	19.8991761040473
55164	19.8991761040473
55198	19.8991761040473
55224	19.8991761040472
55258	19.8991761040472
55282	19.8991761040472
55324	19.8991761040472
55374	19.8991761040472
55420	19.8991761040472
55486	19.8991761040472
55592	19.8991761040472
55596	19.8991761040472
55658	19.8991761040472
55694	19.8991761040472
55696	19.8991761040472
55772	19.8991761040472
55776	19.8991761040472
55826	19.8991761040472
55922	19.8991761040472
55928	19.8991761040472
55938	19.8991761040472
55954	19.8991761040472
55994	19.8991761040472
56014	19.8991761040472
56042	19.8991761040472
56056	19.8991761040471
56096	19.8991761040471
56116	19.8991761040471
56158	19.8991761040471
56204	19.8991761040471
56234	19.8991761040471
56236	19.8991761040471
56260	19.8991761040471
56294	19.8991761040471
56296	19.8991761040471
56354	19.8991761040471
56392	19.8991761040471
56436	19.8991761040471
56490	19.8991761040471
56524	19.8991761040471
56670	19.8991761040470
56760	19.8991761040470
56796	19.8991761040470
56838	19.8991761040470
56864	19.8991761040470
56952	19.899176104047
56966	19.899176104047
56984	19.899176104047
56992	19.899176104047
57002	19.899176104047
57034	19.899176104047
57054	19.899176104047
57082	19.899176104047
57096	19.899176104047
57120	19.899176104047
57146	19.8991761040470
57162	19.8991761040470
57224	19.8991761040470
57228	19.8991761040470
57258	19.8991761040469
57278	19.8991761040469
57292	19.8991761040469
57320	19.8991761040469
57328	19.8991761040469
57336	19.8991761040469
57376	19.8991761040469
57378	19.8991761040469
57496	19.8991761040469
57498	19.8991761040469
57532	19.8991761040469
57582	19.8991761040469
57602	19.8991761040469
57638	19.8991761040469
57672	19.8991761040469
57700	19.8991761040469
57732	19.8991761040469
57736	19.8991761040469
57826	19.8991761040468
57970	19.8991761040468
58014	19.8991761040468
58082	19.8991761040468
58094	19.8991761040468
58258	19.8991761040468
58304	19.8991761040468
58936	19.8991761040468
59774	19.8991761040468
63750	19.8991761040468
64020	19.8991761040468
65614	19.8991761040468
70932	19.8991761040468
71328	19.8991761040468
71708	19.8991761040468
79026	19.8991761040468
83274	19.8991761040468
84852	19.8991761040467
110884	19.8991761040467
300000	19.8991761040467
