52	726.949614444839
54	548.78167167928
56	524.066534541337
62	398.406441505147
108	389.281447828146
118	360.427774946079
180	337.197573618463
242	269.040528582968
344	258.403063396680
684	228.273838245029
978	208.251833341587
2728	167.674292338054
3192	165.577091896864
3352	150.430965926282
3392	137.046224888364
3428	111.413229683274
3480	105.095267658412
3500	100.458243394048
3538	100.175842971289
3584	99.57858865182
3588	95.607992429323
3600	93.3509556776957
3614	89.132834141936
3648	88.3915296957015
3652	85.588453443403
3672	83.939525221268
3686	82.6608994395553
3726	77.8366342002114
3738	76.4878031642751
3760	75.9917073171222
3810	74.9691384726832
3824	74.8436841755493
3836	74.203002171965
3838	72.4668284000904
3866	72.3210298952858
3876	71.4606885523001
3890	71.16847177112
3892	70.9689568003434
3894	69.6376725637242
3908	69.613890587451
3926	69.4179517807244
3930	67.999464882968
3976	67.54292148309
3986	66.8681576048492
3994	65.8023245033669
4012	65.6308401594825
4038	65.4584465867374
4056	65.3323748275551
4070	64.7672090369146
4072	64.280836891586
4092	63.8194297901828
4108	63.3142052113666
4114	63.0520613273121
4156	62.6013836648766
4164	61.477041032418
4208	61.3980141136491
4212	61.2822505342563
4218	59.7792310831886
4222	58.893206877743
4294	58.4716270011164
4296	58.4406678560641
4310	58.3282167850656
4312	57.536607604781
4316	57.531705318831
4328	57.4870197150365
4338	57.3533646169576
4354	57.2739810897248
4368	56.9459961481568
4386	56.4568476517511
4422	56.4363004115462
4428	56.2592421229617
4430	56.1829070831106
4438	55.9053953205369
4454	55.880823445724
4482	55.8163321086157
4486	55.4692516188144
4512	55.3976159195502
4544	55.2262129708576
4558	55.0522871665643
4584	54.8622799435687
4620	54.5375456705245
4622	54.2275504001495
4654	54.0553557093228
4656	53.7448561031232
4668	53.7166503487352
4694	53.409900192118
4712	53.2048891832712
4728	53.006455727406
4756	52.6096031240091
4784	52.3587796185519
4796	52.278078596775
4802	51.9839092302354
4832	51.8813101753579
4840	51.7508727612048
4848	51.4914359535526
4882	51.4612672112198
4894	51.3628915921789
4896	51.1427088513073
4906	51.081110760782
4908	51.0248796144175
4932	50.9831996079957
4934	50.8098296480602
4942	50.7553349291951
4964	50.5261432461431
5004	50.3646371372568
5022	50.3554962789002
5036	50.1133077154338
5052	49.857267306129
5058	49.5440541480463
5094	48.9438081076559
5126	48.7371861056074
5130	48.6422923624158
5136	48.3787591634255
5150	48.2893422563616
5162	48.1789080002916
5164	48.0937150975928
5170	47.8888835441482
5174	47.5062829642644
5190	47.4996968394527
5192	47.280578793904
5220	47.2373120058709
5226	47.2176676601444
5234	47.0495088970042
5238	46.7886334981392
5244	46.5646265813211
5252	46.3335416493895
5260	46.2006664091836
5266	46.1124310879281
5270	46.0517783684077
5290	45.837358461734
5294	45.7340701077758
5298	45.4029889434355
5310	45.2799061494059
5322	45.1150695787286
5324	45.0694216644728
5332	44.5472903883074
5336	44.3776695880934
5348	44.0351696280994
5380	43.9069065030274
5388	43.9012080616079
5406	43.6683253979388
5414	43.6562292406397
5428	43.6527327830659
5442	43.6031616985466
5460	43.5312500843554
5468	43.5172765702419
5480	43.4042960913836
5492	43.3403953438059
5494	43.0904668879522
5548	42.9501144401049
5556	42.8333156799079
5586	42.7146013041747
5606	42.5541585682968
5622	42.5477502518062
5626	42.5413815581134
5638	42.3200954086659
5644	42.2694582151999
5656	42.080629922977
5668	41.7875484266012
5682	41.6469349451328
5686	41.4817253933509
5688	41.3814459650211
5712	41.3664310260711
5720	41.1780586981068
5730	41.0838329296507
5746	40.9457105280386
5766	40.9174556699947
5792	40.6812744570256
5804	40.6054179785890
5816	40.5238963538692
5830	40.3645232598888
5834	40.3327429616351
5842	40.1243610432242
5848	40.055307044714
5850	39.9496433954434
5854	39.9464072447022
5862	39.859807290532
5880	39.5475793030356
5894	39.4855309286502
5902	39.1146933541893
5912	39.0989364912375
5922	39.0381013044628
5930	39.0160679487268
5952	38.8950709086641
5954	38.778520114044
5980	38.5525769667163
5984	38.402308369916
5992	38.3103764503843
6002	38.0453731647632
6026	38.0208500297455
6034	37.8936465337539
6042	37.7514395656381
6088	37.7064726020133
6090	37.6599047186994
6106	37.3737096581692
6126	37.2580474834922
6138	37.1347498028764
6142	37.1273695545168
6146	37.0348516201810
6156	36.8149601907115
6160	36.7959345368324
6164	36.4117118647812
6174	36.2995670381155
6176	36.0537848656755
6178	35.4351627468264
6204	35.22338531763
6224	35.1453062559567
6236	34.9592603955154
6258	34.9027017861193
6260	34.8335360007325
6264	34.7621743598790
6276	34.7473313960646
6284	34.5666635127514
6290	34.5218144024491
6292	34.4025213181132
6310	34.3190141546615
6322	34.2823454329367
6324	34.1892173450996
6330	34.1522398931491
6340	34.1430731208734
6350	34.0798696663808
6366	34.0538759709967
6370	33.9998046147797
6372	33.8284774599827
6420	33.7554664706588
6424	33.6881990191468
6450	33.6789210264852
6452	33.5973595751656
6460	33.4206345383339
6476	33.3897394229646
6478	33.2916973842444
6488	33.2686710113294
6490	33.1048770864263
6514	33.0825770689276
6528	32.9919053248999
6538	32.7589817123885
6568	32.7202017356515
6572	32.6858752567076
6582	32.6051586617728
6584	32.5576624944186
6594	32.5397208192918
6604	32.4366463001756
6618	32.3147018317822
6622	32.0589401455265
6624	31.8717043387935
6636	31.7952745900397
6642	31.6239365631873
6670	31.5480388338997
6698	31.3038767925478
6726	31.3014798685246
6738	31.2764757134480
6756	31.2681536182765
6770	31.2516590909489
6786	31.2058665300760
6828	31.2017058581024
6856	31.1830118677058
6862	31.1400367793636
6874	31.1227560636550
6878	31.1109891185078
6880	31.0579591844216
6892	31.0445268332198
6900	31.0257218781106
6920	30.9910657197311
6932	30.9748991278822
6950	30.9517333744493
6958	30.8535724953084
6962	30.8452594709934
6968	30.7975657546704
6982	30.7859402286407
6990	30.6989668854932
7006	30.6674085371171
7038	30.6660483407629
7040	30.6024862626568
7050	30.5960741288176
7052	30.5815803344555
7058	30.5544182991692
7064	30.5067864003301
7066	30.4313496124265
7076	30.3915998337722
7084	30.2950702458712
7090	30.2318360464924
7104	30.0300028195271
7114	30.0043273026189
7132	29.9826459906715
7134	29.8957261945319
7142	29.8358053903091
7144	29.8338677361997
7158	29.8067201918227
7162	29.7769881240694
7170	29.7590778174326
7184	29.6923089657212
7190	29.6538965504588
7194	29.6031535172128
7218	29.5618616368742
7222	29.5021828314612
7224	29.4672020715571
7242	29.3255638735889
7258	29.2621197755046
7262	29.2581330273185
7274	29.0429754003709
7284	29.0366197642851
7290	28.9254380806817
7308	28.9050214087574
7312	28.757094936004
7338	28.7287544724868
7346	28.7259095763564
7348	28.6454330517271
7376	28.6027749625902
7380	28.5515093693557
7402	28.5223157472425
7414	28.5217129412158
7418	28.4592719548421
7424	28.4044072421944
7454	28.3663026299904
7462	28.3400920238926
7478	28.2740634664582
7500	28.2610066188486
7514	28.2175413394962
7530	28.1981325241216
7554	28.1715677786753
7558	28.1569004258552
7572	28.1210132779679
7582	28.0995720750313
7590	28.0853554935369
7600	28.0475855652975
7602	28.0347198864967
7612	28.0329031544248
7636	28.0071435835222
7640	27.9833863117973
7672	27.9809211254105
7682	27.9674491441844
7686	27.9599701487367
7702	27.945836214535
7714	27.8888041581003
7722	27.8886705104043
7730	27.8740342210897
7744	27.8672291806085
7746	27.8385655323129
7748	27.8340898996718
7760	27.7915938071173
7768	27.7543437420793
7780	27.7153617069670
7784	27.6712972886589
7810	27.6463756137757
7828	27.6444910336878
7830	27.6424578169610
7836	27.6219571769413
7878	27.5969454078903
7882	27.5600089083233
7920	27.5461816721759
7936	27.5390755971579
7952	27.5291742424383
7960	27.5228839025290
7968	27.5011182111340
7974	27.4967709477118
7980	27.4873192864835
7984	27.4855046801862
7994	27.4766088862841
8000	27.4590309039887
8020	27.452978639001
8030	27.4394054515586
8034	27.4358154543966
8036	27.4334416659439
8040	27.4199716639025
8048	27.4157996495690
8066	27.4088639670897
8088	27.3893223427038
8098	27.3877299495651
8104	27.3762378137451
8110	27.3562870642662
8112	27.3515920914697
8120	27.3314364854034
8140	27.3279516522576
8174	27.3094232424590
8194	27.2937040431737
8198	27.2920892775979
8200	27.2738533268871
8204	27.2623738249998
8216	27.2603612182244
8244	27.2567707615739
8250	27.2557311368943
8260	27.2435945837948
8262	27.2178524551438
8272	27.193957378604
8296	27.1661170732805
8304	27.1582284506916
8306	27.1245936400367
8322	27.1038337802818
8330	27.1036787086591
8352	27.0852542804006
8366	27.0708723726519
8370	27.0562461597149
8374	27.0379741075301
8386	27.0346912914338
8392	27.0340703129186
8402	27.0185439432756
8440	27.0097441819291
8448	26.9983449591452
8456	26.9601065933624
8464	26.9466196498376
8470	26.9190613884377
8480	26.9050217757338
8486	26.8958188543803
8492	26.8843814355852
8496	26.8818802521547
8508	26.8609274146151
8510	26.8479675096156
8512	26.8433140776726
8516	26.8270065356497
8542	26.8123889438233
8548	26.8023754974468
8552	26.7998131987698
8554	26.7698494258985
8564	26.7694282401761
8582	26.7408492636486
8600	26.7245910185831
8612	26.6756335898740
8642	26.6684452718093
8652	26.6559308365816
8658	26.6354249357599
8672	26.6109221008053
8678	26.5951372799808
8688	26.557477767669
8714	26.5382608114815
8730	26.5148140375851
8736	26.5106053115367
8738	26.492884852492
8746	26.4800504821098
8750	26.4731274442053
8762	26.4719315756054
8772	26.4687667498808
8780	26.4623791074317
8784	26.4517972071709
8794	26.4506762128362
8802	26.4503370546878
8806	26.4452769206826
8814	26.4342757407553
8848	26.4085917721857
8884	26.3882797376533
8900	26.3869388037867
8904	26.3593853241675
8908	26.2953207529062
8934	26.2901198546502
8946	26.2846716306275
8948	26.2633443954149
8954	26.235260380598
8956	26.2351179934805
8984	26.2351087609977
8994	26.2330862197419
9000	26.2172203347754
9002	26.2146366224942
9014	26.1876357709177
9020	26.1701021413009
9032	26.1435194291341
9038	26.1372625186611
9046	26.0886551675006
9048	26.0850996619671
9064	26.0605227034150
9116	26.0430121102181
9130	26.0338471789654
9148	26.0261144187904
9158	26.0221184499817
9164	26.0133098328159
9168	25.9666146065093
9180	25.9579569149543
9204	25.9554702510446
9214	25.936683128571
9236	25.9307791423441
9240	25.9302447823745
9252	25.9027958889703
9270	25.8986540762772
9306	25.8912423193873
9310	25.8832827245363
9314	25.8662504750476
9364	25.8556809019939
9366	25.8418705100454
9372	25.8340914956227
9386	25.8260479934443
9390	25.8229372432190
9404	25.8172966124650
9412	25.8132285623099
9414	25.7930750069002
9416	25.7922443789967
9418	25.7880056251371
9424	25.7831623795779
9426	25.7673279586524
9444	25.7573531154021
9448	25.7512122095331
9468	25.7328211771522
9494	25.731847760126
9496	25.7305146375885
9500	25.7264367040625
9512	25.7173419896316
9528	25.7102049427944
9548	25.6980983470751
9550	25.6978586756886
9552	25.6795903090272
9568	25.6761833958451
9584	25.6574739932835
9588	25.6541180212379
9592	25.6352831309979
9596	25.6183479100420
9630	25.6125951826941
9650	25.6121766987389
9682	25.610616279619
9690	25.6033002610543
9696	25.6008125821853
9716	25.6003652639594
9722	25.5921013903027
9744	25.5901734944886
9748	25.5856356653308
9762	25.5838195331113
9782	25.5792590065718
9816	25.5773176954088
9826	25.5766942751731
9836	25.5765642982016
9838	25.5703016901419
9850	25.5665323502878
9876	25.5627560040936
9886	25.5615997857859
9904	25.5596702551167
9908	25.5594939414376
9910	25.5536937777004
9912	25.5522994857715
9922	25.5468410454489
9944	25.5423755135753
9948	25.5418547964136
9956	25.5398320544168
9966	25.5385478877191
9974	25.5374223034981
9978	25.5356047502132
9988	25.5335165863202
9994	25.532579230914
9998	25.5246676277845
10004	25.5200302200207
10028	25.5190355341554
10032	25.5127956592933
10034	25.5097958814867
10046	25.5038370235319
10062	25.5034754304625
10064	25.49951791818
10076	25.4982266762847
10082	25.4946522461078
10084	25.4938265460168
10094	25.4912385834279
10098	25.4838351218194
10104	25.4634505678510
10122	25.4515167744621
10130	25.4316098203249
10156	25.4183354345452
10178	25.4160431425927
10186	25.3974385854761
10236	25.3856418823700
10244	25.3804333388989
10246	25.3711856758882
10254	25.3690229207114
10262	25.362365750586
10288	25.3545156891543
10302	25.3536836557743
10306	25.3439126532392
10324	25.3394304272280
10342	25.3390547082671
10364	25.3374535411847
10382	25.3374255848728
10394	25.3363631975834
10396	25.3352045788097
10398	25.3301101489271
10430	25.3288858109622
10436	25.3286397858538
10440	25.3254455271008
10482	25.3193900972883
10508	25.3177263614645
10514	25.3169672229310
10518	25.3155168731021
10532	25.3143621376068
10540	25.3132719016763
10544	25.3127803120449
10550	25.3121277141607
10570	25.3114079275455
10578	25.3075631904959
10584	25.3032029597916
10586	25.3010014138382
10600	25.3006015761565
10606	25.3003359596183
10608	25.2988292065083
10612	25.2966648851935
10616	25.2947211026568
10624	25.2944134304095
10634	25.2917288267546
10636	25.2915927522589
10664	25.2915132947257
10668	25.2882469924495
10676	25.2877800672485
10684	25.2849979374801
10698	25.2839979396438
10700	25.2787513103918
10722	25.2748965042792
10724	25.2715764345315
10726	25.2693437092166
10742	25.2682228714126
10744	25.2675432365522
10750	25.2665696067366
10760	25.2654702022114
10770	25.2645791106271
10790	25.2620309685551
10792	25.2617377388417
10796	25.2567976432261
10802	25.2554327435775
10814	25.2547143371822
10820	25.2540527116202
10862	25.2495246514675
10868	25.2448838118618
10908	25.2443694883732
10918	25.2437852936894
10940	25.2393695598867
10946	25.2386867908445
10952	25.2377826622012
10960	25.2340027363393
10978	25.2339400900152
10980	25.2285289314124
10990	25.2241437976702
11004	25.2239520825821
11026	25.2224262930579
11042	25.2218510539865
11044	25.2134143023293
11062	25.2123879188930
11064	25.2076658923041
11100	25.2063212667475
11106	25.204713309922
11110	25.2030505576165
11142	25.2021634886030
11156	25.2005333438764
11176	25.1991398272428
11178	25.1989984298126
11184	25.1946368847978
11216	25.1930868144499
11238	25.1923727116518
11244	25.1889814184688
11264	25.18699236728
11268	25.1860457775204
11292	25.1819060796456
11298	25.1773764478769
11314	25.1767045667036
11328	25.1765148556565
11330	25.1752723790053
11340	25.1679580455897
11378	25.165359864585
11394	25.1648749942105
11404	25.1611794641328
11426	25.1610914736517
11430	25.1607523801017
11436	25.1607047552540
11438	25.1546988631012
11446	25.1518751224969
11504	25.15182360563
11512	25.1502171670868
11526	25.1487861154857
11536	25.1474725517175
11554	25.147234611434
11556	25.1426108789990
11564	25.1398973212162
11582	25.1395179306336
11590	25.1368681648027
11600	25.1348418808091
11614	25.1293109303902
11620	25.1255634285937
11628	25.1197996702245
11640	25.1184305085634
11646	25.116126401212
11648	25.1080149691236
11728	25.1075422508951
11744	25.1071232077349
11752	25.1059376084682
11764	25.1058385460469
11766	25.1038445781665
11780	25.1020239933397
11796	25.0992857094068
11820	25.0962669737455
11846	25.0959659922539
11850	25.0913031494237
11900	25.0863680489347
11912	25.0851725561458
11952	25.0845934361304
11956	25.0840609902038
11958	25.0833226914530
11978	25.0814785902065
11998	25.0793120468934
12026	25.0780776716067
12032	25.0775829803964
12038	25.0773639516102
12044	25.0761687199469
12048	25.0741599321839
12054	25.0723140023442
12056	25.0716579357265
12064	25.0679149051684
12076	25.0663131083995
12080	25.0661378131379
12090	25.0646781073945
12126	25.0636674496444
12138	25.0626579376779
12152	25.0617281343528
12186	25.0603221241249
12204	25.0577137476275
12220	25.0572144462246
12228	25.0564682200988
12236	25.0542056286351
12268	25.0540353571822
12270	25.0526449961171
12280	25.0508002290821
12286	25.0505198185957
12308	25.0487503323677
12366	25.0484265958163
12370	25.0481033192050
12384	25.0471258284286
12388	25.0460993194411
12426	25.0446030264112
12446	25.0442931953993
12456	25.0434791844230
12464	25.0417628260555
12476	25.0405830527538
12484	25.0378215279873
12496	25.0377483581127
12506	25.0375244657702
12514	25.0355261745191
12528	25.0353789378201
12534	25.0347862984666
12544	25.0317649801307
12548	25.0314466801976
12574	25.0312755256946
12578	25.0290079167727
12596	25.0280510495115
12602	25.0275118712351
12614	25.0262385876874
12618	25.0229361704503
12630	25.0220736587788
12634	25.0217335146433
12664	25.0208486818656
12672	25.0189341557249
12686	25.0176788326105
12688	25.0171847232255
12704	25.0158293737297
12732	25.0140595474993
12734	25.0129277187301
12766	25.0095397606844
12776	25.0083160764252
12786	25.0068281029414
12790	25.0052026285225
12834	25.0047510194329
12844	25.0041949387460
12850	25.0038457838682
12860	25.0000641728645
12870	24.9996480382046
12878	24.9986629744594
12890	24.9956097048073
12902	24.9941250190051
12912	24.9910925368065
12922	24.9910231356213
12944	24.9908808394620
12954	24.9907715959034
12960	24.9886710402544
12970	24.9879191186764
12984	24.9866277436002
12996	24.9849965425433
13000	24.9843401865039
13004	24.9837414400457
13008	24.9834292892014
13010	24.9827491309998
13016	24.9824772266006
13022	24.9816747935226
13042	24.9811302330512
13044	24.9788816168226
13048	24.978646711304
13068	24.9783089837205
13070	24.9779280349615
13074	24.9769082957250
13082	24.9760602617639
13096	24.9748038648749
13118	24.9747620707078
13130	24.9731259792052
13144	24.9715230952002
13148	24.9693500020395
13206	24.9690526067888
13236	24.9688810564508
13244	24.9688591526334
13250	24.9677237021027
13280	24.9671503629880
13282	24.9669508295042
13304	24.966909976222
13306	24.9666191383357
13308	24.9663106088528
13320	24.9661628778893
13338	24.9660145381405
13342	24.9660067322493
13354	24.9659363954973
13364	24.9657009201709
13372	24.9655193076789
13376	24.9651999266695
13382	24.9648971778307
13390	24.9644623298799
13408	24.9642618561701
13410	24.9642251790360
13414	24.9638771789033
13422	24.9638468109558
13428	24.9625309243941
13444	24.9621058866563
13476	24.9616885388090
13486	24.9613493817426
13514	24.9607944769573
13516	24.960617698005
13538	24.9604735985826
13554	24.9602365928353
13556	24.9597920640412
13578	24.9588096301236
13620	24.9587671313177
13638	24.9586645169324
13642	24.9582155118031
13650	24.9578908093933
13654	24.9575542492809
13666	24.955649471686
13692	24.9551123780666
13712	24.9545606236717
13746	24.9543804854624
13748	24.953558853201
13770	24.9526130508716
13776	24.9521608216289
13778	24.9512028590628
13830	24.9508206223661
13848	24.9505538715860
13856	24.9505419752093
13860	24.9501302065137
13878	24.9499537464733
13882	24.9497554682865
13884	24.9496543633232
13890	24.9494703894131
13894	24.9493603918646
13934	24.9485627607640
13938	24.9483745424984
13944	24.9482552598715
13952	24.9476628076681
13956	24.9474360744825
13972	24.9473306412019
13974	24.9471969440352
13980	24.9469698833752
13984	24.9465057335369
13990	24.9461785874949
13996	24.9445141506664
13998	24.9443795020030
14014	24.9440417752002
14024	24.9438236317907
14036	24.9431466121533
14040	24.9430396306521
14050	24.9429519072476
14054	24.9426718155022
14056	24.9412827423301
14124	24.9409277121017
14130	24.9408105655258
14136	24.9403504671913
14146	24.9393692121002
14162	24.9390521043429
14166	24.9386568727489
14168	24.9382609026694
14192	24.9363060237962
14218	24.9353752426512
14220	24.9340265743592
14252	24.9334816680435
14292	24.9327707311340
14328	24.9322908608311
14342	24.9318123516273
14370	24.9313688681065
14386	24.930742999517
14402	24.9306865937419
14404	24.9305545694984
14406	24.930415004504
14412	24.930350468806
14424	24.9298151724441
14426	24.9297654216185
14432	24.9296481048623
14448	24.9293203573888
14470	24.9292227970090
14478	24.9290761660604
14488	24.9278796174668
14508	24.9276761852733
14516	24.9276241348509
14524	24.9272983300505
14526	24.9271942706164
14528	24.9262392154554
14542	24.9260987905567
14582	24.9257456852403
14586	24.9257434530963
14596	24.9256015205939
14600	24.9249596861975
14656	24.9248084370393
14684	24.9248034228469
14692	24.9246336338219
14696	24.9243795441947
14720	24.9243761500771
14746	24.9239963243143
14768	24.9239958205786
14784	24.9233594451757
14786	24.9233271604757
14794	24.9232811479921
14808	24.9232073879087
14818	24.9231505459578
14824	24.9231383577144
14826	24.9228113755677
14852	24.9226749155202
14860	24.9222542261518
14884	24.9219617763120
14888	24.921656831829
14910	24.9215915083755
14920	24.9213091787991
14934	24.9212372528929
14936	24.9209959885618
14950	24.9208454216684
14972	24.9198239904246
14984	24.9196553354191
15000	24.9184572556439
15012	24.9174401711915
15030	24.9170299988918
15060	24.9167953910870
15062	24.9159226675553
15104	24.9157625100171
15116	24.9146889501774
15158	24.9141234418016
15166	24.9140539780672
15178	24.9138265291121
15184	24.9128795353329
15190	24.9125051809775
15228	24.9120361749059
15232	24.9119694400057
15246	24.9118063174473
15260	24.9117431589632
15266	24.911642688845
15268	24.9106989454747
15272	24.9102894837984
15294	24.9099926286468
15302	24.9095960329952
15314	24.9088442339675
15342	24.9086903591661
15346	24.9085973493016
15350	24.9081817644677
15352	24.9081165313305
15362	24.9078892073646
15364	24.9074543381837
15374	24.9072269219874
15382	24.9070507138912
15390	24.9063450162818
15396	24.9061847218511
15412	24.9055417102288
15426	24.9050551176263
15434	24.9045544052282
15442	24.9044720828734
15458	24.9043940711564
15464	24.9039000267553
15484	24.9037626482939
15502	24.9031923393024
15522	24.9030517772532
15552	24.9030488040587
15560	24.9028824192371
15570	24.9028462447508
15588	24.9028166534347
15594	24.902459857736
15600	24.9023912722015
15614	24.9022819311813
15618	24.9018688436363
15624	24.9014589587832
15646	24.9011777183152
15652	24.9000397162367
15660	24.9000016715888
15676	24.8995165633336
15716	24.8994988971740
15718	24.8993089696293
15736	24.8991792397064
15758	24.8989199562845
15768	24.8986892552342
15788	24.8986859342187
15804	24.898520460593
15820	24.8984832490143
15824	24.8984298164529
15852	24.8983102550357
15858	24.8979735947641
15874	24.8976140843615
15876	24.8974652731988
15906	24.897392761892
15914	24.8973522422764
15916	24.8970509277345
15942	24.8969371914668
15950	24.8969066661803
15964	24.8967911892477
15966	24.8967771790972
15968	24.8966868955437
15976	24.8966027732108
15984	24.8965929988921
15986	24.8963430681374
15990	24.8963143496639
15994	24.8962288328625
16004	24.8959193564052
16012	24.8956076298254
16030	24.8955820477588
16042	24.8953804670028
16066	24.8953692520091
16072	24.8951843023229
16080	24.8950436411203
16086	24.894934922309
16092	24.8948942577212
16100	24.8947564093057
16112	24.8947384742926
16116	24.8946480413255
16130	24.8945231945300
16136	24.8942868235749
16142	24.8940590138273
16144	24.8940123488504
16170	24.8937465828748
16174	24.8932398701898
16194	24.8930903754736
16220	24.8928203836816
16246	24.8925778654646
16258	24.8925556455311
16266	24.8925335696590
16270	24.8920097342689
16328	24.8919435164045
16342	24.8918428573024
16374	24.8917337755994
16382	24.8917063452355
16384	24.8913376314107
16388	24.8912673535776
16392	24.891224495262
16402	24.8911610842794
16430	24.8910005954929
16432	24.8909649974859
16470	24.8907173651369
16480	24.8904548591188
16516	24.8904010347770
16540	24.8903822771261
16556	24.8902032658283
16572	24.890166051477
16574	24.8901357901890
16588	24.8901183939594
16592	24.8900702559195
16596	24.8898870537358
16620	24.8898452611391
16626	24.8897868077899
16638	24.8897704724139
16664	24.8896184744520
16680	24.8895440007065
16696	24.8895344476763
16716	24.8895147044671
16728	24.8894167069747
16730	24.8892682503576
16762	24.8892095716847
16768	24.88916462391
16770	24.8890977093451
16772	24.8890097441864
16786	24.8889917269713
16788	24.8889519060896
16794	24.8889304576185
16802	24.8888053497604
16810	24.8886849583102
16824	24.8885342350218
16874	24.8884597487720
16880	24.8882624723523
16904	24.8882527783938
16910	24.8881349867896
16932	24.8880106209544
16938	24.8879703740557
16940	24.8879145382361
16944	24.8878446001293
16962	24.8874798333929
16986	24.887458587905
16988	24.8872863665124
17002	24.8872829431405
17010	24.8870975559874
17020	24.8870853553787
17024	24.8867879514857
17034	24.8864083463115
17054	24.8860840155127
17064	24.8859957804015
17072	24.8859116652814
17074	24.8858141966756
17080	24.885700087606
17092	24.8853530966703
17114	24.8851567833219
17138	24.8851483545218
17142	24.8850688749356
17148	24.8848289748713
17150	24.8846430510128
17160	24.8843554748085
17162	24.8839181820901
17188	24.8835918386019
17194	24.8831130122493
17234	24.8831090747161
17236	24.8829715908264
17250	24.8828774177080
17256	24.8828763738136
17276	24.8828574138500
17286	24.8827612125319
17290	24.8827460264109
17296	24.8827208639458
17298	24.8826776704480
17300	24.8826519326132
17310	24.8825261925237
17312	24.8825005402246
17324	24.8824374225140
17352	24.8824354740058
17370	24.8824310928087
17382	24.8822719696382
17384	24.8821773751433
17404	24.8821624375594
17420	24.8821455878517
17424	24.8820984708514
17428	24.8820896559833
17436	24.8820798847384
17442	24.8820269746061
17446	24.8820105771125
17450	24.8819843369676
17468	24.8819316180729
17492	24.8819228557415
17496	24.8818311585322
17520	24.8818040855549
17544	24.8816987319030
17572	24.8816592590926
17592	24.8816392771344
17594	24.8816163958818
17596	24.8815965077939
17608	24.8815746474622
17610	24.881573910231
17612	24.881506302609
17650	24.8814780157818
17652	24.8814740794516
17660	24.8814650953826
17670	24.8814437701599
17674	24.8814084455466
17684	24.8813561104678
17690	24.8813479124835
17694	24.8812869465378
17712	24.8812116950769
17736	24.8811914723663
17738	24.8811597064847
17762	24.8811355536372
17774	24.8811271257154
17784	24.8810881562329
17796	24.881062192995
17808	24.8810447615785
17818	24.8810369527676
17836	24.8810224373253
17838	24.8810167522744
17850	24.8810052951629
17856	24.8809910123125
17884	24.8809739739362
17888	24.8809214362594
17898	24.8808569742010
17916	24.8808402286455
17926	24.8808201193229
17934	24.8808007832455
17940	24.8807747190758
17972	24.8807317307388
17984	24.8807261318009
18000	24.8807098734385
18008	24.8807078176369
18010	24.8806642089623
18026	24.8806183936511
18040	24.8806093551626
18072	24.8805913241154
18130	24.8805372040527
18138	24.8805279393865
18150	24.880493612499
18164	24.8804890235486
18170	24.8804803815280
18188	24.8803980442957
18224	24.8803739278462
18226	24.8803549821034
18244	24.8803369117598
18266	24.8803265065435
18272	24.8802768837168
18298	24.8802743005999
18304	24.8802528294129
18306	24.8802524257647
18310	24.8802242439704
18316	24.8801783642938
18320	24.8801480357204
18342	24.8801259062294
18344	24.8801130119047
18348	24.8800625943162
18356	24.8800597934467
18380	24.8799135934061
18406	24.879850539889
18444	24.8798232452521
18456	24.8798098421784
18462	24.8797785186252
18468	24.8797766588741
18476	24.8797337511924
18486	24.8797272028499
18508	24.8797160201956
18526	24.8796746523323
18534	24.8796660490440
18540	24.8796326918511
18544	24.8796103964636
18562	24.8796012771655
18576	24.8795334499574
18578	24.8794724183602
18594	24.8793779845159
18604	24.8793572912482
18630	24.8793420615477
18634	24.8792423055966
18662	24.8792222994354
18666	24.8792150293488
18668	24.8792066034936
18690	24.8792046693364
18700	24.8791931344637
18708	24.8791265369017
18724	24.8790938035799
18734	24.8790428254747
18742	24.8790294870395
18748	24.8789938218251
18770	24.8789069313605
18778	24.8788726193884
18788	24.8788611270316
18804	24.8788062166032
18824	24.8787626496435
18830	24.8787498248019
18842	24.8787356121489
18846	24.8786690909208
18870	24.8786399748468
18874	24.8786229469409
18878	24.8785833256679
18906	24.8785044219109
18936	24.878475095772
18948	24.8784627321219
18962	24.8783449298098
18978	24.8783300469436
18982	24.8783029575090
19008	24.8782763982411
19010	24.8782761500818
19012	24.8782670947731
19024	24.8782336872612
19026	24.8782186521647
19038	24.8781754968979
19050	24.8781123556606
19072	24.8780253919671
19080	24.878024295269
19084	24.8779934333547
19102	24.8779398639872
19112	24.877936372429
19118	24.8778930444547
19122	24.8778852638294
19138	24.8778458177937
19142	24.8778301767096
19148	24.8778291342859
19154	24.8777736679118
19168	24.8777391327854
19216	24.8777331564512
19218	24.8775785920239
19274	24.8775218305658
19304	24.877512359694
19308	24.8774482219028
19318	24.8774213319473
19336	24.8774197918299
19344	24.8773857229557
19350	24.8773646579731
19358	24.8773571922393
19364	24.8773038325179
19384	24.8772916266944
19388	24.8772418207924
19394	24.8772353840864
19402	24.8772042901666
19422	24.8771818208515
19448	24.877173352094
19456	24.8771657656033
19458	24.8771596846635
19470	24.8771109117893
19476	24.8770796276497
19512	24.8770742812751
19516	24.8770507351151
19526	24.8769999490666
19530	24.8769246444916
19534	24.8768703841344
19536	24.8768622505386
19550	24.8768473276095
19556	24.8768441272655
19562	24.8768386623951
19574	24.8767863678600
19578	24.8767793091631
19590	24.8767518169346
19592	24.8767476053087
19598	24.8767473046945
19602	24.8766854594447
19612	24.8766792045475
19616	24.8766556264976
19618	24.876628549552
19636	24.8766029713038
19658	24.8765720221381
19660	24.8765233509959
19672	24.8765155897128
19712	24.8765119699293
19714	24.8764831576816
19740	24.8764088606958
19770	24.8763945591634
19776	24.8763528755527
19798	24.8763197089689
19800	24.8763163159798
19806	24.8762919305333
19820	24.8762799761349
19832	24.8762763123817
19848	24.8762585058842
19852	24.8762525445373
19856	24.8762499403735
19862	24.8762084801740
19876	24.8761928009853
19888	24.8761831408246
19890	24.8761790839979
19898	24.8761675468046
19910	24.8761558931935
19918	24.8761459983135
19924	24.8761277097993
19926	24.8761178355583
19956	24.8760983033729
19960	24.8760957384527
19972	24.8760775750157
19984	24.8760552698203
19996	24.8760478545351
20012	24.8760445794032
20018	24.8760430760149
20020	24.8760429153658
20026	24.8760325920557
20040	24.8760262407637
20044	24.8760248614893
20054	24.8760148509586
20064	24.8760090422334
20066	24.8759930796415
20088	24.8759749694284
20108	24.8759664104653
20110	24.8759635080804
20112	24.8759629897457
20116	24.8759493508537
20148	24.8759358169957
20162	24.8759159814798
20168	24.8759021810064
20194	24.8758867501644
20202	24.8758719935082
20214	24.8758359783476
20226	24.875833770473
20236	24.8758186418414
20260	24.8758175996511
20262	24.8757794449584
20308	24.8757640095170
20330	24.8757543905470
20354	24.875749780039
20370	24.8757448248207
20374	24.8757248514938
20414	24.8757145118888
20424	24.8757035665640
20500	24.8756998720003
20506	24.8756846338375
20532	24.8756828669520
20534	24.8756820247872
20540	24.8756795357253
20542	24.8756631026236
20568	24.8756526641219
20574	24.8756290951134
20612	24.8756237386999
20614	24.8756120479548
20632	24.8755948425092
20638	24.8755828928719
20646	24.8755753690199
20670	24.8755712610464
20680	24.8755468405807
20696	24.8755388612431
20702	24.8755115859563
20722	24.8755069626071
20724	24.8754933053374
20734	24.8754907565673
20740	24.8754722754488
20764	24.8754640238105
20776	24.8754527116130
20782	24.8754471904130
20790	24.8754425083572
20806	24.8754310131437
20814	24.8754143235318
20842	24.8754111894550
20844	24.8753918939703
20860	24.8753873327743
20886	24.8753809631785
20890	24.8753776112747
20900	24.8753737108631
20902	24.8753691882720
20910	24.8753637926023
20922	24.8753372715087
20924	24.8753235619199
20950	24.8753058018523
20992	24.8752952647117
20994	24.8752894250873
21006	24.8752850004724
21016	24.8752843985806
21018	24.8752758192507
21022	24.8752672012737
21030	24.8752540180322
21036	24.875250225863
21040	24.8752443723552
21050	24.8752435919169
21054	24.8752361696512
21066	24.8752332247913
21076	24.8752285938865
21082	24.8752155884475
21094	24.8752105854331
21110	24.8751983467625
21114	24.8751952497508
21122	24.8751729253691
21142	24.8751674277567
21158	24.8751570072924
21160	24.875150491006
21168	24.8751414242624
21182	24.8751281032735
21204	24.8751047785513
21222	24.8750992144069
21230	24.8750978620891
21234	24.8750807048114
21244	24.8750756862277
21250	24.8750701904674
21252	24.8750654528806
21260	24.8750504828079
21292	24.8750400588220
21298	24.8750338076327
21308	24.8750337033957
21312	24.8750155714942
21320	24.8750040821319
21330	24.8750008318115
21338	24.8749886427155
21340	24.8749814564659
21376	24.8749773063183
21386	24.8749584153674
21402	24.8749527736301
21410	24.8749511151806
21412	24.8749381437322
21446	24.8749341728545
21458	24.87493204156
21468	24.8749251069201
21490	24.8749182801124
21502	24.874913312346
21516	24.8749081069300
21524	24.8749056230255
21526	24.8749047211011
21530	24.8748957912099
21548	24.8748898807319
21552	24.8748813734587
21558	24.8748762887000
21570	24.8748747085192
21580	24.8748656719665
21590	24.8748642431044
21598	24.8748564888067
21610	24.8748418931170
21634	24.8748406189794
21636	24.8748396841673
21648	24.8748365501851
21660	24.8748351781855
21678	24.8748322503703
21682	24.8748234200042
21716	24.874822770296
21724	24.8748220555940
21726	24.8748108289017
21744	24.8748094461947
21746	24.8748032210233
21758	24.8748028344466
21766	24.874801016906
21776	24.8747900138849
21780	24.8747869218651
21788	24.8747850225636
21836	24.8747800454094
21840	24.8747788676542
21862	24.8747744856615
21908	24.8747716816678
21924	24.8747713917896
21926	24.8747602651224
21936	24.8747545212346
21950	24.874750228615
21952	24.8747489356491
21964	24.8747443861586
21980	24.8747384825387
21996	24.8747384487377
22004	24.8747305342957
22020	24.8747243373369
22026	24.8747233429825
22042	24.8747192258596
22056	24.8747191328030
22060	24.8747178154958
22062	24.8747174858533
22066	24.8747160479014
22072	24.8747142521261
22074	24.8746984110376
22086	24.874686567221
22094	24.8746630356069
22126	24.8746625543772
22132	24.8746596615162
22138	24.8746558263939
22152	24.8746517290473
22154	24.8746324172593
22166	24.8746305831767
22190	24.8746250740867
22192	24.8746199893284
22204	24.8746191299344
22210	24.8746176279485
22216	24.8746015895470
22244	24.8745981679033
22248	24.8745927547102
22264	24.8745884214272
22268	24.8745872110175
22274	24.8745764761353
22294	24.8745740010882
22298	24.8745665037893
22314	24.8745663540088
22344	24.8745643587113
22354	24.8745590702419
22378	24.8745516297265
22384	24.8745505014827
22388	24.8745474791249
22416	24.8745414546126
22428	24.8745414211428
22432	24.8745371823861
22440	24.8745366795435
22452	24.8745317069828
22458	24.8745272935014
22506	24.8745198606408
22510	24.8745130630309
22542	24.8745127567612
22544	24.8745065511236
22548	24.8744970500092
22574	24.8744882971107
22586	24.8744756267867
22600	24.8744644334439
22604	24.8744627171988
22606	24.8744427868522
22612	24.8744404657544
22614	24.8744271810855
22630	24.8744242009659
22632	24.8744193520294
22642	24.8744093308692
22650	24.874404076816
22682	24.874398864492
22684	24.8743928167944
22690	24.8743794937109
22700	24.8743690552388
22752	24.8743615462686
22756	24.8743582530584
22758	24.8743515590012
22762	24.8743488184924
22770	24.8743449368626
22780	24.8743406046570
22792	24.8743368000473
22798	24.8743366852817
22804	24.8743356965211
22810	24.874333019095
22814	24.8743293553679
22848	24.8743261818947
22854	24.8743219150587
22866	24.8743121773581
22888	24.8743076255744
22914	24.8743054614442
22920	24.8743025357037
22926	24.8743018205206
22928	24.8743000760796
22938	24.8742988551878
22940	24.8742973726
22946	24.8742944884421
22954	24.8742901455683
22970	24.8742878193313
22974	24.8742865443733
22984	24.8742793539004
22992	24.8742765693008
23060	24.8742732768989
23082	24.8742661999019
23104	24.8742635010490
23110	24.8742602318672
23122	24.8742597756652
23134	24.8742541614413
23160	24.8742502271706
23178	24.8742493906692
23200	24.8742476765135
23204	24.8742467561814
23208	24.8742436748403
23210	24.8742429723841
23226	24.8742398666851
23240	24.8742371068691
23286	24.8742338064118
23290	24.8742304276878
23340	24.8742275737492
23360	24.8742275403503
23364	24.8742263315404
23366	24.8742239031733
23382	24.874222178362
23384	24.8742199937932
23408	24.8742183123017
23442	24.8742181761906
23450	24.8742178975467
23454	24.8742174183300
23464	24.8742172800626
23496	24.87421592646
23508	24.8742144571152
23514	24.8742131035048
23548	24.8742128136150
23566	24.8742114116819
23576	24.8742105078364
23580	24.8742099982383
23582	24.8742094187356
23604	24.8742080059704
23616	24.874207000756
23636	24.8742062185020
23642	24.8742055592962
23666	24.8742044987756
23678	24.8742043443755
23680	24.8742038216886
23692	24.8742028530870
23694	24.8742007239795
23696	24.8742000429943
23708	24.8741997810874
23716	24.8741983447971
23738	24.8741972868911
23752	24.8741958875386
23800	24.874195283059
23808	24.8741950940867
23812	24.874194451505
23820	24.8741924064121
23842	24.8741922651939
23874	24.8741914219424
23896	24.8741903091780
23910	24.8741902974153
23914	24.8741890916728
23932	24.8741884949086
23938	24.8741879928203
23958	24.8741875620665
23960	24.8741875283998
23968	24.8741866472325
23988	24.8741859806098
23994	24.8741855019536
24010	24.874184984721
24014	24.8741839297929
24042	24.8741837472543
24044	24.8741832911874
24046	24.8741826451208
24056	24.8741796936116
24082	24.8741796022584
24086	24.8741776470502
24104	24.8741760967394
24126	24.8741736022634
24136	24.8741729407418
24140	24.8741726492033
24144	24.8741723481086
24156	24.8741718727132
24172	24.8741703558782
24176	24.8741700312638
24180	24.8741698491919
24184	24.8741680872839
24200	24.8741677182557
24208	24.8741672119365
24228	24.8741656959348
24234	24.8741646815641
24240	24.8741638044796
24250	24.8741631707264
24290	24.8741629182729
24292	24.8741620495338
24294	24.8741617157421
24306	24.8741616051711
24324	24.8741614218978
24328	24.8741607134837
24332	24.8741579072205
24346	24.8741567251448
24362	24.8741556121460
24366	24.8741551966339
24368	24.8741516785956
24376	24.8741516135672
24380	24.8741512538043
24390	24.8741510777092
24394	24.8741507155254
24396	24.8741499756246
24416	24.8741490376000
24426	24.8741463561876
24468	24.8741432800004
24498	24.8741432567328
24512	24.8741399671482
24528	24.8741377418722
24532	24.8741368936175
24552	24.8741311586133
24554	24.8741290390146
24558	24.8741262126194
24560	24.8741244407530
24586	24.8741241294604
24588	24.8741232668217
24592	24.8741222141406
24610	24.8741218096043
24616	24.874119344284
24628	24.8741169752541
24660	24.8741133722774
24674	24.8741106787480
24718	24.8741095197338
24768	24.8741089029005
24772	24.8741084054802
24776	24.8741078995148
24778	24.8741071717725
24780	24.8741038845559
24800	24.8741035507847
24808	24.8741029848210
24810	24.8741014513271
24822	24.8740995447802
24842	24.8740990080165
24844	24.8740984618229
24854	24.8740982703219
24860	24.8740974571864
24862	24.8740962153434
24864	24.8740924918554
24882	24.8740917316317
24884	24.8740916209666
24898	24.8740908428294
24904	24.8740899102627
24908	24.8740895035644
24936	24.8740882581322
24946	24.8740866422057
24968	24.8740862412259
24992	24.8740861179171
24998	24.874085947454
25008	24.8740857182600
25018	24.8740857100486
25030	24.8740837800685
25056	24.8740825026456
25076	24.8740823727585
25090	24.8740822486645
25098	24.8740820538933
25102	24.8740817246386
25108	24.8740805554721
25120	24.8740801562658
25126	24.8740779826915
25142	24.8740770441886
25160	24.8740769942611
25162	24.8740756593325
25168	24.874075572212
25180	24.8740747126656
25202	24.8740735998867
25204	24.8740729299099
25210	24.8740716767936
25218	24.8740701494218
25234	24.8740700411774
25240	24.8740695377863
25248	24.8740687216063
25264	24.8740683976875
25268	24.8740672587681
25296	24.8740666347736
25308	24.8740651295092
25318	24.8740649892152
25320	24.8740648897227
25324	24.8740645243953
25334	24.8740634019859
25346	24.8740632030405
25352	24.8740630846915
25358	24.8740624906171
25366	24.8740624050918
25372	24.8740618756678
25374	24.8740614960395
25380	24.8740613041781
25402	24.8740609553084
25410	24.8740606492515
25422	24.8740606283671
25428	24.8740598207552
25462	24.8740589753838
25498	24.874058721251
25510	24.8740581946922
25516	24.874058061866
25518	24.8740579994601
25522	24.8740579175986
25532	24.8740575966506
25536	24.8740574405880
25538	24.8740567472697
25542	24.874056740604
25554	24.8740562060323
25560	24.8740558895124
25586	24.8740543448943
25606	24.8740540377911
25608	24.8740539789972
25614	24.8740537740923
25636	24.8740518704109
25640	24.8740515860197
25660	24.8740511320392
25662	24.8740504934489
25668	24.8740486958833
25690	24.8740484365455
25704	24.8740483798574
25710	24.8740479095190
25712	24.8740478998307
25732	24.8740475638584
25736	24.8740471633961
25740	24.874045589934
25744	24.874044701035
25762	24.8740438700281
25780	24.8740431504795
25798	24.8740423396245
25822	24.874041929496
25830	24.8740418304921
25838	24.8740418061413
25842	24.8740415129233
25844	24.8740409251442
25846	24.8740406361965
25870	24.8740398254774
25888	24.874039434053
25892	24.874039135312
25914	24.8740388190331
25942	24.8740388038255
25954	24.8740383983728
25966	24.8740378144126
25972	24.8740372309932
25996	24.8740371444393
26012	24.8740369930338
26026	24.8740369711396
26030	24.8740367304465
26032	24.8740364972244
26044	24.8740361373443
26052	24.8740359199304
26056	24.8740352253623
26078	24.8740346926081
26106	24.8740345557590
26108	24.8740344836696
26110	24.8740344467578
26112	24.8740342262924
26114	24.8740338178693
26124	24.8740337610873
26130	24.8740337518720
26134	24.8740332667728
26144	24.8740331128018
26152	24.8740323783058
26164	24.8740323549175
26166	24.8740307971468
26176	24.8740301704678
26190	24.8740300294235
26194	24.8740293038718
26206	24.8740287651602
26226	24.8740272144793
26238	24.8740261133873
26252	24.8740260757933
26254	24.8740248943935
26256	24.8740247074571
26272	24.8740235715496
26302	24.8740226772766
26318	24.8740224797988
26332	24.8740217697832
26392	24.8740210738470
26396	24.8740204695764
26428	24.8740202509807
26430	24.8740200477789
26480	24.8740198946981
26492	24.8740194719975
26504	24.8740190038270
26526	24.8740184111717
26536	24.8740178966807
26554	24.8740177097384
26564	24.8740176072103
26582	24.8740174453397
26590	24.8740164670529
26596	24.874016171512
26600	24.8740160252571
26602	24.8740157023175
26606	24.8740152382311
26608	24.8740147509428
26622	24.8740143580804
26628	24.8740129742782
26642	24.8740129332986
26644	24.8740126551878
26656	24.8740124495159
26662	24.8740121959321
26664	24.8740121950984
26680	24.8740114570947
26690	24.8740113346696
26692	24.8740113016076
26706	24.8740106592801
26716	24.8740102602878
26740	24.8740101712733
26746	24.8740100288849
26750	24.8740096583531
26754	24.8740094365839
26756	24.8740093397198
26764	24.8740089485436
26786	24.8740087999363
26794	24.8740087023273
26796	24.8740085212201
26816	24.8740082232632
26818	24.8740075169416
26832	24.8740063936309
26838	24.8740062386202
26848	24.8740056686610
26854	24.8740053207811
26856	24.8740049105159
26862	24.8740048181943
26868	24.8740041155861
26884	24.8740040992956
26890	24.8740034085958
26902	24.8740032830357
26916	24.8740020342263
26932	24.8740014968874
26948	24.8740008574811
26962	24.8740006768543
26964	24.8740006141882
26976	24.8740003138814
26982	24.8740002476953
26992	24.8739996753154
26994	24.8739994328679
27002	24.8739989323474
27006	24.8739988463836
27008	24.8739972310603
27024	24.8739954683524
27050	24.873995128451
27052	24.873994128134
27102	24.8739939482559
27114	24.8739928817639
27122	24.873992556756
27128	24.8739925229965
27168	24.8739918741389
27222	24.8739916210196
27238	24.8739914155109
27256	24.8739912693067
27262	24.8739912110515
27272	24.8739910674439
27284	24.873990515879
27300	24.8739900499786
27336	24.8739898957832
27352	24.8739897813681
27378	24.8739895105899
27386	24.8739894867257
27400	24.8739892212936
27406	24.8739891783161
27408	24.8739890617494
27410	24.8739888892577
27418	24.8739887011830
27422	24.8739882933145
27424	24.8739881082967
27444	24.8739880253365
27450	24.8739878680151
27464	24.8739877898728
27476	24.8739876792466
27482	24.8739876291594
27486	24.8739876064537
27490	24.8739875472118
27510	24.8739874539112
27512	24.8739873746075
27524	24.8739873479901
27544	24.8739871071195
27560	24.8739870080423
27602	24.8739869889660
27620	24.8739869677119
27622	24.8739869025901
27628	24.8739868816866
27630	24.87398682186
27634	24.8739868214355
27636	24.8739867584258
27654	24.8739867327704
27672	24.8739866768767
27684	24.8739866176071
27692	24.8739866096264
27698	24.8739864320380
27726	24.8739863028743
27736	24.8739862154063
27750	24.8739861518432
27758	24.8739861110016
27762	24.8739860338599
27778	24.8739859934688
27780	24.8739859455112
27802	24.8739859405394
27808	24.8739858236801
27816	24.873985737125
27830	24.8739857244784
27832	24.8739854697349
27836	24.8739854613994
27838	24.8739853151251
27846	24.8739852414003
27856	24.8739851813921
27868	24.8739850749576
27888	24.8739850263826
27898	24.8739848804036
27906	24.8739847534134
27910	24.873984668652
27916	24.8739846605499
27926	24.8739846496968
27936	24.8739844634135
27944	24.8739843620317
27946	24.8739843333168
27950	24.8739842133585
27954	24.8739840050951
27972	24.8739838703566
27974	24.8739837383416
27982	24.8739835941512
27986	24.8739833402774
28002	24.8739832017023
28016	24.8739831844581
28028	24.8739830449769
28030	24.873982973033
28040	24.8739829566011
28052	24.8739826115439
28090	24.8739824287966
28108	24.8739823858224
28122	24.8739823112990
28130	24.873982299729
28134	24.8739822562291
28140	24.87398216553
28142	24.8739820828542
28156	24.873981944135
28182	24.8739817992163
28212	24.8739817769651
28224	24.8739817111756
28234	24.8739816976719
28236	24.8739816791647
28240	24.8739815382126
28242	24.8739815009776
28264	24.8739814719563
28268	24.8739813946006
28270	24.8739811879539
28272	24.8739810737501
28292	24.8739810176623
28304	24.8739809664548
28320	24.873980943882
28340	24.8739807196734
28372	24.8739805837754
28386	24.8739805658841
28394	24.8739805607147
28406	24.873980501037
28414	24.873980460361
28420	24.8739804063253
28424	24.8739803880783
28436	24.8739803654652
28438	24.8739802652365
28444	24.8739801807158
28458	24.8739801371852
28462	24.8739800419678
28478	24.8739798263418
28482	24.8739796630496
28510	24.8739794992136
28516	24.8739794605685
28526	24.8739794595366
28530	24.8739794045090
28538	24.8739793546681
28542	24.8739792288367
28546	24.8739791814356
28552	24.8739791400274
28568	24.8739788890178
28582	24.8739788790919
28600	24.8739787962085
28606	24.8739787672218
28628	24.8739786025570
28638	24.873978592467
28656	24.8739784594602
28658	24.8739783747146
28678	24.8739777486175
28680	24.8739773366688
28694	24.8739769442795
28722	24.8739769046362
28730	24.8739768820627
28754	24.8739767436744
28784	24.8739767020477
28790	24.8739765287980
28800	24.8739764990161
28810	24.8739763448748
28822	24.8739762491459
28824	24.8739762229524
28836	24.8739759417486
28846	24.8739757348771
28848	24.8739750725514
28868	24.8739749606608
28872	24.8739748867096
28876	24.8739748704882
28880	24.8739747917384
28904	24.8739747403632
28908	24.8739746783498
28926	24.8739746042467
28930	24.8739744781407
28944	24.8739744329206
28960	24.8739743991992
28964	24.873974310165
28970	24.8739742435697
28974	24.8739741717445
29000	24.8739740582706
29028	24.8739740230729
29032	24.8739738304692
29048	24.8739738120623
29082	24.8739736945624
29088	24.873973666316
29106	24.8739736652969
29126	24.8739735728765
29128	24.873973445805
29154	24.8739734325628
29160	24.8739733348457
29174	24.8739732941172
29184	24.8739732615626
29192	24.8739732426913
29196	24.873973178901
29208	24.8739731437170
29218	24.8739730835370
29232	24.8739729948436
29236	24.8739728667146
29244	24.8739728620346
29258	24.8739727178980
29278	24.8739724788833
29290	24.8739724303709
29320	24.8739723053161
29332	24.8739722753453
29340	24.8739721318345
29350	24.8739721315428
29356	24.8739720329018
29362	24.8739718922326
29370	24.8739717916877
29372	24.8739717437806
29388	24.8739717339420
29390	24.8739716850393
29406	24.8739716735805
29408	24.8739716382304
29412	24.8739716158178
29414	24.8739715540627
29418	24.8739714516175
29432	24.8739712988691
29458	24.8739710071153
29474	24.8739709935785
29488	24.8739709390614
29494	24.8739708869947
29498	24.8739707205781
29506	24.8739705604205
29508	24.8739701432534
29530	24.8739701278909
29536	24.8739698880033
29566	24.8739698469764
29592	24.8739697869277
29610	24.8739697661215
29612	24.8739697470508
29626	24.8739694966555
29642	24.8739694692466
29658	24.8739694551459
29688	24.8739694268265
29700	24.8739693209959
29712	24.8739692235884
29738	24.8739692036990
29744	24.8739691305761
29748	24.8739690401702
29760	24.873968916629
29784	24.8739688962344
29786	24.8739687965587
29806	24.8739687022761
29822	24.8739685930761
29826	24.8739684737567
29842	24.8739684282958
29852	24.8739683901617
29854	24.8739682958573
29860	24.8739682622384
29880	24.8739682019464
29886	24.8739680543988
29892	24.8739679564648
29896	24.8739678179231
29906	24.8739676899366
29926	24.8739676127948
29942	24.8739674138295
29962	24.8739674036945
29978	24.8739673848531
29980	24.8739673751939
29984	24.873967349308
29996	24.8739673192388
30002	24.8739672051727
30006	24.8739670123439
30044	24.8739668941759
30052	24.8739668224348
30056	24.8739666570291
30066	24.8739665591285
30092	24.8739665079091
30096	24.8739664787155
30118	24.8739664358697
30128	24.8739664072855
30130	24.8739660967624
30134	24.8739660722269
30158	24.8739659946078
30166	24.8739659848706
30184	24.8739658630006
30202	24.8739657490955
30210	24.8739656678325
30214	24.8739656642299
30230	24.8739655951534
30232	24.8739655658321
30244	24.8739655509535
30250	24.8739655486575
30262	24.8739655377463
30272	24.8739655042894
30288	24.8739654993808
30290	24.8739654654567
30298	24.8739654423089
30306	24.8739654236436
30330	24.873965401095
30338	24.8739653317339
30350	24.8739653102036
30366	24.8739653100286
30370	24.8739652538776
30396	24.8739651606281
30442	24.8739650876287
30446	24.8739650125923
30448	24.8739649655698
30460	24.8739649336050
30468	24.8739649105884
30486	24.8739649088867
30488	24.8739648647364
30500	24.8739648500140
30502	24.8739648397276
30514	24.8739648258111
30520	24.8739648244254
30532	24.8739648095452
30536	24.8739647964989
30542	24.8739647762792
30544	24.8739647559934
30548	24.873964730499
30554	24.8739647270239
30576	24.8739647200320
30582	24.8739647006093
30588	24.8739646818740
30594	24.873964660556
30596	24.8739646138239
30602	24.8739645727646
30616	24.8739645425511
30636	24.8739645423352
30642	24.8739645084577
30650	24.8739644571076
30656	24.8739644496740
30668	24.8739644405303
30684	24.8739643886687
30696	24.8739643368582
30708	24.8739643144707
30712	24.8739643130625
30716	24.8739642947611
30738	24.8739642047583
30746	24.8739640810682
30748	24.8739640413315
30752	24.8739639938317
30776	24.8739639710498
30786	24.8739639565927
30788	24.8739639146706
30802	24.8739638655206
30820	24.8739637508665
30848	24.8739637369159
30852	24.8739637257367
30862	24.8739637087673
30864	24.8739636919512
30892	24.8739636595488
30906	24.8739636146804
30932	24.8739635831005
30958	24.8739635744058
30972	24.8739635612222
30996	24.8739635383221
31004	24.8739635355531
31014	24.8739635277537
31018	24.8739635132362
31024	24.8739634843732
31026	24.8739634833552
31028	24.8739634760884
31030	24.8739634749051
31036	24.8739634395821
31038	24.8739634242812
31046	24.8739633823862
31076	24.8739633568612
31082	24.8739633494708
31096	24.8739633195802
31132	24.8739632790415
31158	24.8739632585457
31164	24.8739632386835
31180	24.8739632322305
31192	24.8739632240324
31202	24.8739631730121
31224	24.8739631589517
31266	24.8739631538696
31272	24.8739631465376
31280	24.8739631291455
31284	24.8739631134636
31296	24.8739631033476
31298	24.8739631007152
31306	24.8739630821659
31312	24.8739630803292
31330	24.8739630624794
31368	24.8739630528538
31378	24.8739630385448
31382	24.873963028103
31392	24.8739630268349
31394	24.8739630125716
31396	24.873963009016
31402	24.8739629861726
31404	24.8739629736020
31406	24.8739629587992
31416	24.8739629552151
31438	24.8739629495065
31444	24.8739629108924
31474	24.8739628987169
31510	24.8739628840433
31516	24.8739628752142
31520	24.8739628521611
31532	24.8739628520628
31538	24.8739628358847
31564	24.8739628345399
31572	24.873962800366
31590	24.8739627896987
31610	24.8739627611847
31630	24.8739627454641
31650	24.8739627378782
31672	24.8739627224624
31680	24.8739627082453
31684	24.873962692782
31710	24.8739626832379
31720	24.8739626722481
31748	24.8739626581361
31758	24.8739626441109
31766	24.8739626277283
31806	24.8739626165914
31868	24.8739626095758
31876	24.8739626072676
31878	24.8739626032892
31880	24.8739625945574
31886	24.8739625784086
31898	24.8739625730698
31912	24.8739625720727
31928	24.8739625713277
31938	24.8739625587729
31962	24.8739625545886
31982	24.8739625511595
32012	24.8739625509668
32014	24.8739625481008
32018	24.8739625479965
32024	24.8739625457670
32028	24.8739625373724
32054	24.8739625360944
32058	24.8739625356273
32066	24.8739625347053
32074	24.8739625334033
32084	24.8739625272883
32086	24.8739625253855
32094	24.8739625147046
32104	24.8739625069927
32130	24.8739625053761
32134	24.8739625035729
32140	24.8739624926184
32160	24.8739624905854
32162	24.8739624892224
32164	24.8739624863306
32174	24.8739624753712
32188	24.8739624720675
32192	24.8739624687648
32194	24.8739624637179
32196	24.8739624578582
32234	24.8739624487167
32246	24.8739624463246
32252	24.8739624337199
32266	24.8739624279683
32286	24.8739624264891
32292	24.8739624219873
32294	24.8739624172409
32298	24.8739624170152
32308	24.8739624155206
32314	24.8739624018026
32330	24.8739624013331
32334	24.8739624003337
32360	24.8739623964286
32376	24.8739623836716
32390	24.8739623824393
32402	24.8739623804600
32406	24.8739623734984
32410	24.8739623730754
32420	24.8739623656559
32442	24.8739623618131
32446	24.8739623609591
32454	24.8739623594030
32464	24.8739623543525
32468	24.8739623526969
32474	24.8739623503011
32490	24.8739623450351
32498	24.8739623408109
32508	24.8739623393293
32540	24.8739623322173
32544	24.8739623304416
32552	24.8739623232039
32558	24.8739623214026
32574	24.8739623148156
32592	24.8739623139702
32596	24.8739623088148
32600	24.8739623054169
32610	24.8739623024846
32612	24.8739622960267
32616	24.8739622883093
32626	24.8739622868066
32634	24.8739622779142
32654	24.8739622759666
32680	24.8739622664225
32692	24.8739622583551
32728	24.8739622535801
32732	24.8739622443363
32736	24.8739622373223
32748	24.8739622275219
32750	24.8739622199456
32752	24.8739622046948
32762	24.873962196388
32770	24.8739621948215
32774	24.8739621916499
32778	24.8739621833339
32790	24.8739621762054
32796	24.873962173023
32800	24.8739621719916
32802	24.8739621586405
32810	24.8739621539975
32816	24.8739621517512
32826	24.8739621432423
32832	24.8739621313423
32852	24.8739621158371
32856	24.8739621106425
32876	24.8739621016927
32894	24.8739620995946
32900	24.8739620982489
32902	24.8739620873855
32912	24.8739620868901
32924	24.8739620837171
32940	24.8739620761262
32942	24.8739620722492
32950	24.8739620495308
32958	24.8739620429133
32982	24.8739620386707
32996	24.8739620381237
33016	24.8739620378305
33018	24.8739620296821
33020	24.8739620210454
33034	24.873962013864
33042	24.87396201065
33048	24.8739619990218
33060	24.8739619881777
33074	24.8739619845734
33080	24.8739619626443
33090	24.8739619440607
33104	24.8739619371333
33132	24.8739619360259
33136	24.8739619139295
33148	24.8739619114060
33164	24.8739619110414
33166	24.8739619066312
33174	24.8739619060351
33182	24.8739619052200
33184	24.8739619043837
33190	24.8739618976697
33192	24.8739618894502
33214	24.8739618862880
33216	24.8739618798457
33220	24.8739618710886
33224	24.8739618656839
33256	24.8739618639516
33282	24.8739618574208
33288	24.8739618552423
33292	24.8739618545212
33300	24.8739618544788
33302	24.8739618516308
33312	24.873961845645
33318	24.8739618441152
33326	24.8739618377711
33330	24.87396183412
33340	24.8739618313243
33354	24.8739618255356
33376	24.8739618210526
33388	24.8739618170997
33392	24.8739618165808
33394	24.8739618139252
33424	24.8739618077743
33428	24.8739618063917
33430	24.873961803686
33452	24.8739618031457
33456	24.8739617959606
33466	24.8739617930426
33490	24.8739617909732
33498	24.8739617903407
33500	24.8739617856953
33502	24.8739617832605
33516	24.8739617823881
33518	24.873961781893
33520	24.8739617773723
33532	24.8739617772903
33534	24.8739617741383
33536	24.8739617694204
33554	24.8739617677709
33572	24.8739617636873
33590	24.8739617578489
33610	24.8739617538642
33624	24.8739617457616
33634	24.8739617368711
33648	24.8739617354697
33658	24.8739617348746
33670	24.8739617300098
33672	24.8739617293920
33674	24.8739617243155
33696	24.8739617207783
33698	24.8739617203085
33712	24.8739617162196
33734	24.8739617152969
33748	24.8739617082633
33760	24.8739617073452
33770	24.8739617006111
33778	24.8739617001027
33786	24.8739616884782
33798	24.8739616856355
33806	24.8739616788636
33830	24.8739616772287
33846	24.8739616702818
33882	24.8739616652079
33912	24.873961662903
33926	24.8739616599392
33928	24.8739616596793
33932	24.8739616577616
33956	24.8739616569826
33964	24.8739616536661
33968	24.8739616533776
33974	24.8739616519568
33976	24.8739616515432
33978	24.8739616495245
34000	24.8739616443016
34028	24.8739616416506
34058	24.8739616399761
34076	24.8739616352528
34098	24.8739616318811
34100	24.8739616301478
34120	24.8739616249286
34136	24.8739616245618
34138	24.8739616126761
34150	24.8739616117366
34152	24.8739616086757
34154	24.8739616052558
34158	24.8739615989010
34190	24.8739615971595
34202	24.8739615906942
34210	24.8739615869121
34214	24.8739615833055
34252	24.8739615823478
34260	24.8739615773841
34292	24.8739615702257
34324	24.8739615686650
34330	24.8739615677034
34348	24.8739615661627
34360	24.8739615658504
34366	24.8739615642077
34370	24.8739615640008
34382	24.873961563907
34384	24.8739615593161
34388	24.8739615579395
34404	24.873961557582
34416	24.8739615571535
34428	24.8739615547908
34430	24.8739615516659
34440	24.8739615477445
34444	24.8739615464098
34456	24.8739615455893
34468	24.8739615407947
34478	24.8739615346259
34482	24.8739615329021
34488	24.8739615294
34514	24.8739615222724
34516	24.8739615140894
34536	24.8739615096773
34538	24.8739615088505
34546	24.8739615035311
34570	24.8739615033011
34574	24.8739615032531
34586	24.8739615030119
34594	24.8739615017473
34596	24.8739614985526
34618	24.8739614930513
34626	24.8739614927355
34636	24.8739614902588
34652	24.8739614900402
34654	24.8739614886768
34668	24.8739614876523
34676	24.8739614834214
34724	24.8739614822026
34730	24.8739614811422
34732	24.8739614785505
34742	24.873961477961
34746	24.8739614776479
34760	24.8739614744295
34772	24.8739614731922
34782	24.8739614694217
34786	24.8739614685827
34800	24.8739614646521
34852	24.8739614643491
34860	24.8739614629139
34870	24.8739614611375
34872	24.8739614598075
34880	24.8739614581614
34912	24.8739614555344
34930	24.8739614554848
34932	24.8739614525286
34948	24.8739614506622
34952	24.8739614501058
34968	24.8739614481280
34988	24.8739614465506
35000	24.8739614458291
35012	24.8739614439562
35036	24.8739614436569
35040	24.8739614434904
35044	24.8739614426093
35060	24.8739614418451
35062	24.8739614416555
35074	24.8739614415408
35086	24.8739614410931
35094	24.8739614409268
35098	24.8739614401576
35102	24.8739614398639
35140	24.8739614387979
35144	24.8739614382997
35146	24.8739614375798
35172	24.8739614365536
35182	24.8739614363514
35186	24.8739614351393
35210	24.8739614343187
35228	24.8739614334769
35232	24.8739614311851
35242	24.8739614303784
35256	24.8739614301254
35266	24.8739614290379
35278	24.8739614263026
35294	24.8739614261294
35304	24.8739614257873
35306	24.8739614256740
35310	24.8739614238895
35320	24.873961421765
35340	24.8739614206673
35354	24.8739614190156
35366	24.8739614186275
35396	24.8739614173093
35398	24.8739614163126
35408	24.8739614159491
35410	24.8739614128304
35416	24.8739614082302
35436	24.8739614075792
35440	24.8739614069246
35444	24.8739614029801
35446	24.8739614028404
35464	24.8739613993366
35466	24.8739613985687
35490	24.8739613980793
35512	24.8739613921108
35526	24.8739613890085
35550	24.8739613886857
35568	24.8739613884775
35574	24.873961388045
35576	24.8739613876488
35586	24.8739613837854
35600	24.8739613837427
35610	24.8739613825946
35614	24.8739613812483
35630	24.8739613811784
35632	24.8739613799786
35644	24.8739613758294
35674	24.8739613753498
35710	24.8739613739552
35714	24.8739613718367
35734	24.8739613712167
35752	24.8739613706891
35766	24.8739613700227
35790	24.8739613696455
35806	24.8739613691309
35828	24.8739613680988
35834	24.8739613680857
35848	24.8739613680836
35872	24.8739613680243
35880	24.873961367839
35882	24.8739613670845
35898	24.8739613657983
35956	24.8739613655483
35960	24.8739613651328
35982	24.8739613644975
35992	24.8739613637664
36006	24.8739613634958
36012	24.8739613632495
36018	24.8739613624536
36026	24.8739613623755
36036	24.8739613623481
36060	24.8739613611079
36070	24.8739613603731
36084	24.8739613601006
36108	24.8739613598337
36110	24.8739613597642
36114	24.8739613596409
36116	24.8739613592237
36122	24.8739613591943
36132	24.8739613590802
36136	24.8739613587447
36142	24.8739613585911
36152	24.8739613583909
36168	24.8739613575654
36218	24.8739613575134
36222	24.8739613569013
36236	24.8739613566944
36246	24.8739613561697
36250	24.87396135614
36266	24.8739613557633
36272	24.8739613556383
36282	24.8739613555033
36296	24.8739613552353
36314	24.8739613548888
36316	24.8739613548664
36322	24.8739613547729
36332	24.8739613545769
36356	24.8739613536861
36390	24.8739613530689
36406	24.8739613525225
36430	24.873961352268
36432	24.8739613517779
36448	24.8739613515798
36460	24.873961351516
36468	24.8739613514219
36476	24.8739613514010
36482	24.873961351067
36500	24.8739613508165
36508	24.8739613503566
36514	24.8739613498992
36520	24.8739613498634
36566	24.8739613496322
36580	24.873961349358
36586	24.8739613492891
36604	24.8739613486880
36612	24.8739613486411
36642	24.8739613485592
36644	24.8739613484041
36662	24.8739613481596
36678	24.8739613480615
36688	24.8739613478448
36704	24.8739613477840
36710	24.8739613477623
36714	24.8739613476902
36720	24.8739613475943
36724	24.8739613472304
36742	24.8739613468778
36748	24.8739613466129
36754	24.8739613464168
36764	24.8739613463052
36768	24.8739613450484
36792	24.8739613447786
36796	24.8739613447233
36808	24.8739613446285
36818	24.8739613445026
36824	24.8739613440667
36836	24.8739613438859
36844	24.8739613430976
36874	24.8739613425832
36890	24.8739613424150
36908	24.8739613422705
36912	24.8739613420940
36916	24.8739613414121
36924	24.8739613413762
36928	24.873961341289
36940	24.8739613411875
36944	24.8739613409002
36952	24.8739613408960
36968	24.8739613404302
36988	24.8739613397094
36996	24.8739613392783
37012	24.8739613392288
37020	24.8739613392170
37038	24.8739613391191
37040	24.8739613387385
37054	24.8739613385984
37060	24.8739613385305
37070	24.873961338454
37072	24.8739613382328
37118	24.8739613380110
37126	24.8739613377449
37140	24.873961337622
37158	24.8739613375734
37166	24.8739613374472
37174	24.8739613373707
37178	24.8739613372147
37182	24.8739613369573
37198	24.8739613369057
37208	24.8739613368829
37218	24.8739613367601
37226	24.8739613367597
37228	24.8739613367115
37230	24.8739613365362
37250	24.8739613362584
37252	24.8739613361606
37272	24.8739613361182
37278	24.8739613359246
37288	24.873961335899
37290	24.8739613354376
37296	24.8739613351756
37306	24.8739613349792
37314	24.8739613348472
37316	24.8739613348031
37328	24.8739613344441
37340	24.8739613342994
37350	24.8739613337136
37374	24.8739613333785
37398	24.8739613331679
37404	24.8739613330339
37408	24.8739613328844
37424	24.8739613324709
37450	24.8739613323862
37456	24.8739613322141
37458	24.8739613317362
37480	24.8739613315823
37496	24.8739613310064
37514	24.8739613309233
37538	24.8739613309132
37542	24.8739613306943
37558	24.8739613306757
37562	24.8739613306133
37564	24.8739613301307
37576	24.8739613300164
37582	24.8739613299985
37614	24.8739613296375
37630	24.8739613293601
37632	24.8739613293312
37654	24.8739613293112
37666	24.8739613293051
37668	24.8739613290654
37674	24.8739613290613
37694	24.8739613290522
37720	24.8739613289760
37726	24.8739613289396
37740	24.8739613289313
37742	24.8739613289019
37752	24.8739613287245
37766	24.8739613286054
37792	24.873961328472
37820	24.8739613284437
37822	24.8739613283522
37834	24.8739613283466
37844	24.8739613283068
37858	24.8739613282499
37864	24.8739613282069
37882	24.8739613281118
37890	24.8739613280323
37904	24.8739613279493
37906	24.873961327935
37924	24.8739613278354
37940	24.8739613277703
37942	24.8739613277653
37950	24.8739613277631
37954	24.8739613277358
37972	24.8739613277021
37978	24.8739613276669
38000	24.8739613275511
38006	24.8739613273769
38048	24.8739613273488
38062	24.873961327314
38086	24.8739613272077
38090	24.8739613271971
38100	24.873961327172
38122	24.8739613270954
38136	24.8739613270842
38148	24.8739613270640
38150	24.8739613270458
38174	24.8739613269915
38178	24.8739613269837
38184	24.8739613269455
38190	24.8739613269428
38198	24.8739613269155
38204	24.8739613268817
38218	24.8739613268299
38224	24.8739613267522
38242	24.8739613267207
38248	24.8739613266045
38254	24.8739613265805
38270	24.873961326575
38284	24.8739613265714
38296	24.8739613264604
38298	24.8739613264315
38322	24.8739613263994
38336	24.8739613263866
38344	24.8739613263534
38350	24.8739613263410
38374	24.8739613263387
38388	24.8739613263270
38394	24.8739613262513
38412	24.8739613262471
38426	24.8739613262192
38456	24.8739613261926
38458	24.8739613261589
38460	24.8739613261034
38464	24.8739613260792
38470	24.8739613260764
38476	24.8739613260669
38494	24.8739613260483
38500	24.8739613260002
38502	24.8739613259565
38514	24.8739613259428
38546	24.8739613259158
38556	24.8739613258959
38578	24.8739613258901
38590	24.8739613257751
38622	24.8739613257146
38628	24.8739613257107
38630	24.8739613256133
38638	24.8739613255259
38670	24.8739613254988
38674	24.8739613254183
38676	24.87396132537
38680	24.8739613252818
38700	24.8739613250169
38728	24.8739613249238
38742	24.8739613249232
38756	24.8739613249181
38762	24.8739613249163
38770	24.8739613248379
38778	24.8739613246981
38792	24.8739613246753
38796	24.8739613246549
38802	24.8739613246253
38804	24.8739613246021
38810	24.8739613245550
38822	24.8739613245280
38832	24.8739613243894
38840	24.8739613243018
38860	24.8739613242147
38874	24.8739613241330
38876	24.8739613241307
38896	24.8739613240896
38908	24.8739613239729
38936	24.8739613239345
38944	24.8739613238849
38948	24.8739613238389
38954	24.8739613238299
38966	24.8739613237677
38970	24.8739613236954
38976	24.8739613236745
38986	24.8739613236505
38998	24.8739613236474
39006	24.8739613236326
39016	24.8739613235819
39030	24.8739613235755
39038	24.8739613235571
39052	24.8739613235330
39070	24.8739613235290
39076	24.8739613235165
39082	24.8739613234678
39090	24.8739613234642
39102	24.8739613233581
39108	24.8739613233567
39112	24.8739613233291
39116	24.8739613233258
39120	24.8739613232944
39126	24.8739613232468
39128	24.8739613231956
39142	24.8739613230762
39156	24.873961323065
39166	24.873961323044
39170	24.8739613230372
39178	24.87396132302
39180	24.873961323001
39190	24.8739613229982
39200	24.8739613229846
39220	24.873961322968
39226	24.8739613228686
39256	24.8739613228348
39260	24.8739613228101
39286	24.8739613227938
39288	24.8739613227892
39294	24.873961322785
39296	24.8739613227364
39320	24.8739613227292
39322	24.8739613227144
39324	24.8739613226711
39326	24.8739613226624
39336	24.8739613226425
39340	24.8739613225885
39344	24.8739613225653
39356	24.8739613225545
39368	24.8739613225359
39376	24.8739613224499
39396	24.8739613223902
39398	24.8739613223778
39422	24.87396132236
39440	24.8739613223502
39450	24.8739613223479
39454	24.8739613223464
39458	24.8739613223277
39466	24.8739613223153
39484	24.8739613222939
39486	24.873961322214
39508	24.8739613222046
39510	24.8739613221257
39514	24.8739613221135
39520	24.8739613220582
39522	24.8739613219380
39540	24.8739613217833
39548	24.8739613217515
39570	24.8739613217317
39598	24.8739613217079
39600	24.8739613216928
39602	24.8739613216367
39604	24.8739613216297
39626	24.8739613215428
39640	24.8739613214978
39672	24.8739613214766
39678	24.8739613214228
39704	24.8739613213786
39716	24.8739613213755
39726	24.8739613213517
39736	24.8739613213262
39748	24.8739613213092
39770	24.8739613212539
39782	24.8739613212472
39784	24.8739613212331
39786	24.8739613212124
39792	24.8739613211997
39822	24.8739613211513
39846	24.8739613211252
39862	24.8739613211022
39866	24.873961321055
39874	24.8739613210527
39876	24.8739613210086
39880	24.8739613209546
39886	24.8739613208834
39898	24.8739613208422
39908	24.8739613206845
39916	24.8739613206695
39928	24.8739613206304
39946	24.8739613206132
39948	24.8739613204492
39956	24.8739613204306
39960	24.873961320401
39970	24.8739613198730
40004	24.8739613198646
40024	24.8739613197037
40034	24.8739613196615
40050	24.8739613195253
40076	24.8739613194828
40106	24.8739613194694
40112	24.8739613194322
40130	24.8739613193801
40134	24.873961319322
40158	24.8739613193100
40164	24.8739613192188
40192	24.8739613192119
40204	24.8739613191848
40208	24.8739613191222
40224	24.8739613190741
40240	24.8739613189198
40244	24.8739613189166
40254	24.8739613188339
40282	24.8739613188232
40286	24.8739613188185
40290	24.8739613187844
40296	24.8739613186913
40298	24.8739613186343
40302	24.8739613185627
40328	24.873961318542
40362	24.8739613185186
40376	24.8739613184186
40384	24.8739613183943
40402	24.8739613183727
40404	24.8739613182791
40428	24.8739613182413
40444	24.873961318183
40466	24.8739613181223
40476	24.8739613180787
40484	24.8739613180233
40494	24.8739613179681
40524	24.8739613178491
40536	24.8739613178432
40548	24.8739613176375
40592	24.8739613176048
40596	24.8739613175488
40606	24.8739613174791
40614	24.8739613174624
40626	24.8739613173934
40710	24.8739613173286
40730	24.8739613173126
40734	24.8739613173032
40738	24.8739613172935
40740	24.8739613172787
40756	24.8739613172288
40768	24.8739613172271
40784	24.8739613172207
40794	24.8739613171104
40836	24.8739613170608
40848	24.8739613170317
40864	24.8739613169789
40878	24.8739613168559
40910	24.8739613168266
40926	24.8739613168258
40936	24.8739613167889
40940	24.8739613167235
40952	24.8739613166818
40962	24.8739613166199
40974	24.8739613165106
40982	24.8739613164305
40990	24.8739613163985
40994	24.8739613163827
40996	24.8739613163394
41020	24.8739613162558
41042	24.8739613162226
41054	24.8739613161847
41068	24.8739613161700
41070	24.8739613160986
41086	24.8739613160545
41088	24.8739613160231
41136	24.8739613160158
41144	24.8739613160054
41146	24.8739613159712
41160	24.8739613159465
41164	24.8739613159211
41196	24.8739613159184
41198	24.8739613158871
41208	24.8739613158592
41214	24.8739613158412
41228	24.8739613158366
41232	24.8739613158342
41236	24.8739613157856
41246	24.8739613157564
41262	24.8739613157408
41272	24.8739613157348
41278	24.8739613156978
41290	24.8739613156648
41298	24.8739613156602
41300	24.8739613156094
41308	24.8739613155987
41310	24.8739613155903
41318	24.8739613155546
41322	24.8739613155377
41348	24.8739613155045
41360	24.8739613154858
41374	24.8739613154497
41394	24.8739613154255
41426	24.8739613154226
41428	24.8739613154052
41438	24.8739613153882
41460	24.8739613153721
41464	24.8739613153719
41496	24.8739613153576
41506	24.8739613153498
41532	24.8739613153393
41544	24.8739613153179
41560	24.8739613153102
41568	24.8739613153012
41570	24.8739613152970
41594	24.8739613152936
41600	24.8739613152912
41620	24.8739613152868
41632	24.8739613152757
41646	24.8739613152693
41662	24.8739613152662
41664	24.8739613152475
41670	24.8739613152471
41682	24.8739613152339
41698	24.8739613152302
41706	24.8739613152263
41712	24.8739613152247
41720	24.8739613152134
41730	24.8739613151862
41746	24.8739613151815
41760	24.8739613151636
41798	24.8739613151583
41822	24.8739613151518
41836	24.8739613151480
41842	24.8739613151459
41880	24.873961315137
41882	24.8739613151348
41902	24.8739613151336
41904	24.8739613151291
41924	24.8739613151289
41932	24.8739613151226
41934	24.8739613151198
41944	24.8739613151191
41946	24.8739613151102
41988	24.8739613151077
41998	24.8739613151076
42004	24.8739613151037
42020	24.8739613151020
42028	24.8739613150946
42044	24.8739613150879
42052	24.8739613150789
42060	24.8739613150717
42066	24.8739613150685
42094	24.8739613150671
42102	24.8739613150604
42106	24.8739613150495
42114	24.8739613150465
42128	24.8739613150461
42156	24.8739613150413
42166	24.8739613150353
42206	24.8739613150296
42210	24.8739613150255
42220	24.873961315019
42234	24.8739613150078
42242	24.8739613150034
42252	24.8739613149976
42258	24.8739613149881
42264	24.8739613149789
42270	24.8739613149626
42276	24.8739613149566
42278	24.8739613149506
42302	24.8739613149336
42324	24.8739613149335
42330	24.8739613149221
42336	24.8739613149127
42338	24.8739613149101
42342	24.8739613148906
42364	24.8739613148865
42402	24.8739613148626
42416	24.8739613148422
42424	24.8739613148391
42432	24.8739613148168
42436	24.8739613147964
42438	24.8739613147955
42452	24.8739613147826
42454	24.8739613147825
42458	24.8739613147754
42480	24.8739613147712
42502	24.8739613147638
42514	24.8739613147537
42516	24.8739613147531
42518	24.8739613147515
42522	24.8739613147447
42524	24.8739613147422
42540	24.8739613147218
42556	24.873961314715
42572	24.8739613147101
42574	24.8739613147093
42588	24.8739613147054
42598	24.8739613146950
42604	24.8739613146906
42608	24.8739613146834
42626	24.8739613146808
42634	24.8739613146808
42650	24.8739613146683
42664	24.8739613146631
42698	24.8739613146621
42704	24.8739613146549
42740	24.8739613146467
42742	24.8739613146457
42756	24.8739613146386
42762	24.873961314635
42766	24.8739613146345
42768	24.8739613146278
42778	24.8739613146261
42790	24.8739613146259
42792	24.8739613146232
42794	24.8739613146141
42810	24.8739613146119
42834	24.8739613146116
42864	24.8739613146026
42866	24.8739613145983
42872	24.8739613145918
42884	24.8739613145836
42922	24.8739613145754
42946	24.8739613145745
42956	24.8739613145721
42962	24.8739613145639
42972	24.873961314563
42974	24.8739613145618
42984	24.8739613145583
42988	24.8739613145579
42994	24.8739613145501
43002	24.8739613145491
43022	24.8739613145442
43042	24.8739613145412
43054	24.8739613145405
43058	24.8739613145398
43066	24.8739613145372
43070	24.8739613145342
43088	24.8739613145334
43092	24.8739613145322
43094	24.8739613145255
43100	24.8739613145254
43106	24.8739613145249
43118	24.8739613145206
43132	24.8739613145183
43134	24.8739613145092
43148	24.8739613145030
43166	24.8739613145029
43180	24.8739613145025
43184	24.8739613144927
43190	24.8739613144883
43198	24.8739613144869
43226	24.8739613144829
43234	24.8739613144828
43236	24.8739613144788
43246	24.8739613144704
43258	24.8739613144684
43280	24.873961314468
43288	24.8739613144649
43300	24.8739613144632
43308	24.8739613144623
43334	24.8739613144614
43342	24.8739613144587
43368	24.8739613144564
43404	24.8739613144528
43470	24.8739613144520
43474	24.8739613144520
43478	24.8739613144479
43496	24.8739613144463
43502	24.8739613144463
43514	24.8739613144449
43520	24.8739613144442
43544	24.8739613144432
43566	24.8739613144378
43578	24.8739613144355
43592	24.87396131443
43596	24.8739613144297
43598	24.8739613144244
43604	24.8739613144238
43622	24.8739613144230
43632	24.8739613144224
43636	24.873961314417
43648	24.8739613144167
43652	24.8739613144127
43660	24.8739613144111
43666	24.8739613144002
43682	24.8739613143972
43686	24.8739613143845
43700	24.8739613143787
43710	24.873961314374
43738	24.8739613143682
43740	24.8739613143622
43748	24.8739613143545
43758	24.8739613143539
43764	24.873961314342
43768	24.8739613143367
43770	24.8739613143256
43788	24.8739613143093
43792	24.8739613142821
43798	24.8739613142734
43804	24.8739613142721
43830	24.8739613142563
43846	24.8739613142264
43882	24.8739613142141
43904	24.8739613142114
43916	24.8739613142101
43926	24.8739613142023
43930	24.8739613141974
43938	24.8739613141836
43960	24.8739613141836
43964	24.8739613141816
43970	24.8739613141699
43988	24.8739613141676
43990	24.8739613141659
43998	24.8739613141559
44008	24.8739613141521
44014	24.8739613141442
44018	24.8739613141438
44024	24.8739613141422
44026	24.8739613141331
44044	24.8739613141312
44050	24.8739613141071
44066	24.8739613141065
44068	24.8739613141054
44078	24.8739613141053
44100	24.8739613141053
44102	24.8739613141029
44112	24.8739613141029
44114	24.8739613141013
44118	24.8739613140948
44126	24.8739613140824
44146	24.8739613140784
44148	24.8739613140764
44156	24.8739613140730
44162	24.8739613140725
44180	24.8739613140637
44214	24.8739613140571
44226	24.8739613140507
44264	24.8739613140483
44306	24.8739613140464
44312	24.8739613140441
44330	24.8739613140435
44334	24.8739613140413
44356	24.8739613140402
44378	24.8739613140364
44380	24.8739613140363
44402	24.873961314034
44430	24.8739613140329
44434	24.8739613140313
44442	24.8739613140292
44478	24.8739613140283
44488	24.8739613140283
44510	24.8739613140278
44518	24.8739613140272
44530	24.8739613140263
44540	24.8739613140256
44554	24.8739613140244
44568	24.8739613140222
44600	24.8739613140215
44608	24.8739613140213
44614	24.8739613140207
44628	24.8739613140197
44648	24.8739613140192
44662	24.8739613140192
44690	24.8739613140190
44692	24.8739613140186
44698	24.8739613140181
44710	24.8739613140173
44718	24.8739613140161
44730	24.8739613140153
44752	24.8739613140148
44766	24.8739613140146
44778	24.8739613140140
44794	24.8739613140135
44808	24.8739613140126
44830	24.8739613140125
44848	24.8739613140124
44854	24.8739613140123
44864	24.8739613140123
44868	24.8739613140120
44876	24.8739613140104
44926	24.8739613140098
44950	24.8739613140095
44958	24.8739613140094
44998	24.8739613140091
45000	24.8739613140090
45016	24.8739613140084
45034	24.8739613140077
45060	24.8739613140075
45068	24.8739613140066
45082	24.8739613140065
45086	24.8739613140065
45090	24.8739613140061
45098	24.8739613140058
45106	24.8739613140057
45112	24.8739613140053
45116	24.8739613140039
45118	24.8739613140037
45120	24.8739613140035
45130	24.8739613140017
45138	24.8739613139985
45186	24.8739613139978
45202	24.8739613139967
45214	24.8739613139961
45220	24.8739613139944
45224	24.8739613139935
45234	24.8739613139920
45256	24.8739613139898
45260	24.8739613139896
45272	24.8739613139883
45290	24.8739613139878
45302	24.8739613139868
45304	24.8739613139859
45314	24.8739613139859
45346	24.8739613139855
45354	24.8739613139854
45358	24.8739613139848
45362	24.8739613139845
45364	24.8739613139834
45368	24.8739613139834
45378	24.873961313981
45424	24.8739613139805
45426	24.8739613139801
45436	24.8739613139801
45456	24.8739613139783
45498	24.8739613139781
45504	24.8739613139777
45516	24.8739613139773
45532	24.8739613139772
45542	24.873961313977
45558	24.8739613139762
45582	24.8739613139757
45620	24.8739613139756
45624	24.873961313975
45630	24.8739613139743
45658	24.873961313974
45660	24.8739613139737
45668	24.8739613139733
45678	24.8739613139729
45698	24.8739613139726
45702	24.8739613139725
45728	24.8739613139722
45750	24.8739613139721
45778	24.8739613139715
45784	24.8739613139713
45800	24.8739613139707
45836	24.8739613139703
45838	24.8739613139699
45852	24.8739613139699
45864	24.8739613139687
45874	24.8739613139686
45902	24.8739613139686
45904	24.8739613139685
45906	24.8739613139684
45910	24.8739613139678
45938	24.8739613139678
45940	24.8739613139676
45942	24.8739613139673
45952	24.8739613139668
45992	24.8739613139659
46006	24.8739613139655
46040	24.8739613139649
46078	24.8739613139646
46090	24.8739613139644
46104	24.8739613139640
46118	24.8739613139638
46126	24.8739613139635
46154	24.8739613139635
46156	24.8739613139633
46174	24.873961313963
46194	24.8739613139627
46220	24.8739613139626
46232	24.8739613139623
46246	24.8739613139623
46252	24.8739613139622
46254	24.8739613139619
46260	24.8739613139619
46268	24.8739613139618
46274	24.8739613139617
46286	24.8739613139617
46290	24.8739613139615
46312	24.8739613139615
46318	24.8739613139611
46326	24.873961313961
46330	24.873961313961
46334	24.8739613139609
46350	24.8739613139608
46358	24.8739613139602
46364	24.873961313959
46400	24.8739613139589
46404	24.8739613139589
46414	24.8739613139584
46432	24.8739613139584
46434	24.8739613139581
46446	24.8739613139575
46460	24.8739613139575
46466	24.8739613139574
46486	24.8739613139571
46526	24.8739613139567
46544	24.8739613139566
46564	24.8739613139566
46570	24.8739613139564
46572	24.8739613139563
46578	24.8739613139562
46586	24.8739613139561
46594	24.8739613139560
46614	24.8739613139560
46620	24.8739613139557
46638	24.8739613139557
46644	24.8739613139555
46656	24.8739613139554
46664	24.8739613139553
46678	24.8739613139552
46692	24.8739613139549
46696	24.8739613139548
46700	24.8739613139548
46710	24.8739613139546
46720	24.8739613139546
46740	24.8739613139546
46742	24.8739613139544
46750	24.8739613139544
46758	24.8739613139543
46766	24.8739613139543
46772	24.8739613139542
46794	24.8739613139541
46796	24.8739613139533
46810	24.8739613139531
46818	24.8739613139531
46830	24.8739613139530
46834	24.8739613139528
46842	24.8739613139527
46846	24.8739613139525
46856	24.8739613139520
46888	24.8739613139519
46912	24.8739613139517
46918	24.8739613139517
46932	24.8739613139516
46934	24.8739613139515
46946	24.8739613139515
46966	24.8739613139514
46970	24.873961313951
47008	24.8739613139509
47016	24.8739613139507
47044	24.8739613139504
47046	24.8739613139502
47068	24.8739613139501
47084	24.8739613139496
47092	24.8739613139493
47122	24.8739613139492
47144	24.8739613139489
47164	24.8739613139487
47170	24.8739613139483
47172	24.8739613139480
47174	24.873961313948
47184	24.8739613139476
47188	24.8739613139476
47200	24.8739613139476
47202	24.8739613139470
47208	24.8739613139469
47230	24.8739613139467
47236	24.8739613139467
47240	24.8739613139465
47256	24.8739613139462
47258	24.8739613139456
47282	24.8739613139452
47292	24.8739613139442
47306	24.8739613139438
47322	24.8739613139429
47336	24.8739613139426
47372	24.8739613139422
47436	24.873961313942
47438	24.8739613139411
47454	24.8739613139403
47478	24.8739613139402
47486	24.8739613139393
47494	24.8739613139393
47506	24.873961313939
47510	24.8739613139382
47530	24.8739613139369
47538	24.8739613139368
47542	24.873961313936
47578	24.8739613139347
47594	24.8739613139345
47598	24.8739613139327
47618	24.8739613139321
47624	24.8739613139314
47650	24.8739613139304
47662	24.8739613139297
47672	24.8739613139297
47674	24.8739613139296
47676	24.873961313929
47688	24.8739613139289
47690	24.8739613139269
47702	24.8739613139266
47716	24.8739613139261
47718	24.8739613139241
47730	24.8739613139233
47738	24.8739613139221
47740	24.873961313922
47746	24.8739613139211
47750	24.8739613139204
47756	24.8739613139202
47766	24.8739613139201
47776	24.8739613139197
47798	24.8739613139177
47810	24.8739613139174
47832	24.8739613139169
47836	24.8739613139163
47846	24.8739613139161
47848	24.8739613139157
47882	24.8739613139154
47884	24.8739613139152
47886	24.873961313915
47890	24.873961313913
47918	24.8739613139128
47930	24.8739613139125
47960	24.8739613139123
47970	24.8739613139117
47976	24.8739613139107
48012	24.8739613139104
48030	24.8739613139102
48032	24.8739613139101
48034	24.8739613139097
48038	24.8739613139094
48058	24.8739613139092
48060	24.8739613139092
48070	24.8739613139092
48092	24.8739613139089
48094	24.8739613139083
48104	24.8739613139079
48112	24.8739613139076
48116	24.8739613139075
48120	24.8739613139075
48134	24.8739613139070
48136	24.8739613139068
48150	24.8739613139063
48188	24.8739613139060
48202	24.8739613139059
48210	24.8739613139056
48214	24.8739613139051
48226	24.8739613139047
48236	24.8739613139040
48248	24.8739613139039
48260	24.8739613139028
48264	24.8739613139023
48284	24.8739613139019
48302	24.873961313901
48334	24.8739613139009
48338	24.8739613139007
48346	24.8739613139006
48358	24.8739613139001
48372	24.8739613138994
48398	24.8739613138993
48408	24.8739613138993
48410	24.8739613138988
48452	24.8739613138987
48456	24.8739613138983
48466	24.8739613138981
48470	24.8739613138981
48480	24.8739613138978
48488	24.8739613138976
48494	24.8739613138976
48516	24.8739613138973
48520	24.8739613138972
48528	24.8739613138972
48532	24.8739613138969
48550	24.8739613138969
48582	24.8739613138967
48608	24.8739613138966
48634	24.8739613138965
48658	24.8739613138965
48664	24.8739613138961
48684	24.8739613138961
48686	24.8739613138957
48722	24.8739613138956
48732	24.8739613138956
48734	24.8739613138955
48740	24.8739613138954
48762	24.8739613138954
48772	24.8739613138953
48800	24.8739613138953
48804	24.8739613138952
48816	24.8739613138952
48818	24.8739613138951
48824	24.8739613138951
48838	24.873961313895
48850	24.873961313895
48868	24.8739613138948
48884	24.8739613138948
48886	24.8739613138945
48904	24.8739613138944
48940	24.8739613138941
48950	24.8739613138938
48970	24.8739613138938
48978	24.8739613138938
48992	24.8739613138937
48994	24.8739613138935
49006	24.8739613138934
49012	24.8739613138931
49024	24.8739613138929
49032	24.8739613138929
49036	24.8739613138927
49102	24.8739613138926
49120	24.8739613138925
49148	24.8739613138925
49154	24.8739613138923
49170	24.8739613138922
49182	24.8739613138922
49186	24.8739613138921
49188	24.8739613138921
49192	24.8739613138919
49194	24.8739613138918
49200	24.8739613138916
49224	24.8739613138916
49240	24.8739613138914
49246	24.8739613138914
49258	24.8739613138911
49260	24.8739613138909
49274	24.8739613138908
49298	24.8739613138908
49300	24.8739613138907
49304	24.8739613138906
49306	24.8739613138905
49334	24.8739613138904
49376	24.8739613138904
49382	24.8739613138904
49388	24.8739613138903
49396	24.8739613138903
49418	24.8739613138903
49420	24.8739613138902
49440	24.8739613138901
49446	24.87396131389
49458	24.8739613138897
49468	24.8739613138896
49474	24.8739613138895
49494	24.8739613138895
49506	24.8739613138894
49522	24.8739613138891
49544	24.873961313889
49548	24.8739613138888
49564	24.8739613138888
49570	24.8739613138887
49574	24.8739613138887
49576	24.8739613138885
49586	24.8739613138884
49590	24.8739613138883
49592	24.8739613138883
49598	24.8739613138882
49602	24.8739613138881
49620	24.8739613138881
49622	24.8739613138879
49646	24.8739613138879
49660	24.8739613138878
49680	24.8739613138875
49684	24.8739613138873
49688	24.8739613138872
49708	24.8739613138871
49736	24.8739613138868
49738	24.8739613138868
49760	24.8739613138867
49762	24.8739613138865
49764	24.8739613138864
49776	24.8739613138861
49800	24.873961313886
49814	24.873961313886
49828	24.8739613138860
49832	24.8739613138859
49840	24.8739613138858
49848	24.8739613138858
49852	24.8739613138851
49858	24.8739613138850
49892	24.8739613138849
49924	24.8739613138849
49936	24.8739613138847
49940	24.8739613138846
49942	24.8739613138844
49956	24.8739613138844
49958	24.8739613138842
49974	24.8739613138841
49978	24.873961313884
50004	24.8739613138840
50010	24.8739613138840
50018	24.8739613138834
50038	24.8739613138834
50048	24.8739613138832
50062	24.873961313883
50078	24.8739613138828
50096	24.8739613138828
50100	24.8739613138826
50132	24.8739613138825
50136	24.8739613138825
50152	24.8739613138824
50188	24.8739613138823
50192	24.8739613138822
50222	24.8739613138821
50224	24.8739613138821
50230	24.8739613138820
50238	24.8739613138820
50244	24.8739613138819
50260	24.8739613138819
50268	24.8739613138818
50284	24.8739613138817
50308	24.8739613138817
50318	24.8739613138817
50364	24.8739613138817
50372	24.8739613138816
50382	24.8739613138816
50400	24.8739613138815
50404	24.8739613138814
50408	24.8739613138814
50412	24.8739613138814
50420	24.8739613138814
50426	24.8739613138814
50444	24.8739613138813
50488	24.8739613138813
50498	24.8739613138813
50504	24.8739613138812
50576	24.8739613138812
50596	24.8739613138812
50604	24.8739613138811
50606	24.8739613138811
50620	24.8739613138811
50626	24.8739613138811
50632	24.8739613138811
50634	24.873961313881
50652	24.873961313881
50654	24.8739613138810
50672	24.8739613138809
50686	24.8739613138808
50708	24.8739613138808
50716	24.8739613138808
50730	24.8739613138807
50740	24.8739613138807
50746	24.8739613138807
50760	24.8739613138806
50776	24.8739613138805
50796	24.8739613138805
50814	24.8739613138805
50822	24.8739613138805
50838	24.8739613138804
50842	24.8739613138804
50872	24.8739613138803
50882	24.8739613138803
50918	24.8739613138803
50928	24.8739613138802
50948	24.8739613138802
50954	24.8739613138802
50958	24.8739613138801
50966	24.8739613138801
50984	24.8739613138800
51002	24.87396131388
51016	24.8739613138799
51030	24.8739613138798
51052	24.8739613138798
51070	24.8739613138797
51076	24.8739613138797
51080	24.8739613138797
51082	24.8739613138797
51084	24.8739613138797
51096	24.8739613138796
51112	24.8739613138796
51116	24.8739613138795
51142	24.8739613138794
51188	24.8739613138794
51192	24.8739613138794
51206	24.8739613138794
51214	24.8739613138793
51218	24.8739613138793
51240	24.8739613138792
51250	24.8739613138792
51252	24.8739613138791
51278	24.8739613138791
51282	24.8739613138789
51286	24.8739613138789
51292	24.8739613138788
51294	24.8739613138788
51296	24.8739613138787
51324	24.8739613138786
51354	24.8739613138785
51380	24.8739613138784
51408	24.8739613138784
51418	24.8739613138784
51466	24.8739613138784
51486	24.8739613138784
51510	24.8739613138783
51512	24.8739613138783
51514	24.8739613138783
51522	24.8739613138783
51536	24.8739613138783
51538	24.8739613138782
51558	24.8739613138781
51568	24.8739613138781
51586	24.8739613138780
51588	24.8739613138780
51598	24.8739613138780
51630	24.8739613138779
51672	24.8739613138779
51674	24.8739613138779
51694	24.8739613138779
51706	24.8739613138778
51734	24.8739613138778
51760	24.8739613138778
51770	24.8739613138778
51786	24.8739613138777
51828	24.8739613138777
51834	24.8739613138777
51854	24.8739613138777
51882	24.8739613138777
51900	24.8739613138776
51908	24.8739613138776
51910	24.8739613138776
51932	24.8739613138776
51946	24.8739613138776
51950	24.8739613138775
51952	24.8739613138775
51982	24.8739613138775
52000	24.8739613138775
52030	24.8739613138775
52054	24.8739613138775
52070	24.8739613138775
52112	24.8739613138775
52124	24.8739613138775
52160	24.8739613138774
52166	24.8739613138774
52192	24.8739613138774
52210	24.8739613138774
52228	24.8739613138774
52232	24.8739613138774
52274	24.8739613138774
52304	24.8739613138774
52306	24.8739613138774
52326	24.8739613138774
52332	24.8739613138774
52360	24.8739613138773
52400	24.8739613138773
52406	24.8739613138773
52418	24.8739613138773
52422	24.8739613138773
52430	24.8739613138773
52450	24.8739613138773
52464	24.8739613138773
52482	24.8739613138773
52484	24.8739613138772
52506	24.8739613138772
52510	24.8739613138772
52516	24.8739613138772
52518	24.8739613138772
52564	24.8739613138772
52586	24.8739613138772
52592	24.8739613138772
52626	24.8739613138772
52652	24.8739613138772
52666	24.8739613138772
52670	24.8739613138772
52674	24.8739613138772
52688	24.8739613138771
52706	24.8739613138771
52714	24.8739613138771
52718	24.8739613138771
52762	24.8739613138771
52784	24.8739613138771
52790	24.8739613138771
52798	24.8739613138770
52814	24.8739613138770
52818	24.873961313877
52840	24.873961313877
52868	24.8739613138770
52880	24.8739613138770
52900	24.8739613138769
52906	24.8739613138769
52946	24.8739613138769
52972	24.8739613138769
52992	24.8739613138769
52998	24.8739613138769
53032	24.8739613138769
53036	24.8739613138769
53062	24.8739613138769
53068	24.8739613138769
53086	24.8739613138769
53120	24.8739613138768
53136	24.8739613138768
53152	24.8739613138768
53176	24.8739613138768
53180	24.8739613138768
53182	24.8739613138768
53190	24.8739613138768
53192	24.8739613138767
53220	24.8739613138767
53232	24.8739613138767
53236	24.8739613138767
53274	24.8739613138767
53298	24.8739613138767
53318	24.8739613138767
53344	24.8739613138766
53366	24.8739613138766
53368	24.8739613138766
53372	24.8739613138766
53392	24.8739613138766
53402	24.8739613138766
53408	24.8739613138766
53420	24.8739613138766
53442	24.8739613138766
53450	24.8739613138765
53452	24.8739613138765
53472	24.8739613138765
53482	24.8739613138765
53484	24.8739613138765
53490	24.8739613138765
53496	24.8739613138765
53500	24.8739613138765
53522	24.8739613138765
53542	24.8739613138764
53548	24.8739613138764
53562	24.8739613138764
53564	24.8739613138764
53574	24.8739613138764
53584	24.8739613138764
53600	24.8739613138764
53612	24.8739613138764
53650	24.8739613138764
53660	24.8739613138763
53672	24.8739613138763
53680	24.8739613138763
53682	24.8739613138763
53690	24.8739613138763
53704	24.8739613138763
53718	24.8739613138763
53726	24.8739613138762
53738	24.8739613138762
53740	24.8739613138762
53744	24.8739613138762
53764	24.8739613138762
53776	24.8739613138761
53854	24.8739613138761
53870	24.8739613138761
53876	24.8739613138761
53892	24.8739613138761
53898	24.8739613138761
53920	24.8739613138761
53948	24.8739613138761
53970	24.8739613138761
53982	24.8739613138760
53984	24.8739613138760
54002	24.8739613138760
54046	24.8739613138760
54084	24.8739613138759
54098	24.8739613138759
54136	24.8739613138759
54140	24.8739613138759
54156	24.8739613138759
54164	24.8739613138759
54196	24.8739613138758
54220	24.8739613138758
54224	24.8739613138758
54246	24.8739613138758
54276	24.8739613138758
54282	24.8739613138758
54320	24.8739613138758
54342	24.8739613138758
54352	24.8739613138758
54370	24.8739613138758
54378	24.8739613138757
54384	24.8739613138757
54388	24.8739613138757
54424	24.8739613138757
54440	24.8739613138757
54492	24.8739613138757
54538	24.8739613138757
54642	24.8739613138757
54666	24.8739613138757
54698	24.8739613138757
54700	24.8739613138757
54712	24.8739613138756
54768	24.8739613138756
54788	24.8739613138756
54844	24.8739613138756
54872	24.8739613138756
54884	24.8739613138756
54906	24.8739613138756
54912	24.8739613138756
54928	24.8739613138756
54964	24.8739613138756
54976	24.8739613138755
55052	24.8739613138755
55060	24.8739613138755
55070	24.8739613138755
55076	24.8739613138755
55090	24.8739613138755
55100	24.8739613138755
55106	24.8739613138755
55112	24.8739613138755
55178	24.8739613138755
55208	24.8739613138755
55218	24.8739613138755
55228	24.8739613138755
55230	24.8739613138755
55274	24.8739613138755
55280	24.8739613138755
55398	24.8739613138755
55408	24.8739613138755
55492	24.8739613138754
55536	24.8739613138754
55594	24.8739613138754
55606	24.8739613138754
55636	24.8739613138754
55658	24.8739613138754
55740	24.8739613138754
55764	24.8739613138754
55790	24.8739613138754
55812	24.8739613138754
56018	24.8739613138754
56112	24.8739613138754
56124	24.8739613138754
56168	24.8739613138754
56182	24.8739613138754
56198	24.8739613138753
56220	24.8739613138753
56340	24.8739613138753
56442	24.8739613138753
56634	24.8739613138753
56792	24.8739613138753
56810	24.8739613138753
56944	24.8739613138753
56980	24.8739613138753
57054	24.8739613138753
57100	24.8739613138753
57714	24.8739613138753
58402	24.8739613138753
58714	24.8739613138753
58796	24.8739613138753
59084	24.8739613138752
59312	24.8739613138752
60492	24.8739613138752
62192	24.8739613138752
62894	24.8739613138752
63084	24.8739613138752
63166	24.8739613138752
64906	24.8739613138752
68890	24.8739613138752
73100	24.8739613138752
73234	24.8739613138752
73300	24.8739613138752
73454	24.8739613138752
73636	24.8739613138752
73666	24.8739613138752
73726	24.8739613138752
73910	24.8739613138752
74066	24.8739613138752
74556	24.8739613138751
75264	24.8739613138751
75484	24.8739613138751
75562	24.8739613138751
75634	24.8739613138751
75980	24.8739613138751
78146	24.8739613138751
89098	24.8739613138751
89360	24.8739613138751
90536	24.8739613138751
103012	24.8739613138751
105344	24.8739613138751
106148	24.8739613138751
107024	24.8739613138751
107924	24.8739613138751
109462	24.8739613138751
118806	24.8739613138751
135710	24.8739613138750
152580	24.8739613138750
183588	24.8739613138750
184222	24.8739613138750
300000	24.8739613138750
