52	625.000329810044
54	606.788493362895
62	543.365638135169
64	435.811101094705
66	405.640099833003
80	398.011200352741
92	370.858578130415
144	331.083827123512
222	303.156473361432
268	296.230616718521
272	289.695303426305
350	280.772284184079
524	271.972552503746
608	260.831819137508
624	252.116967019959
1508	238.092134446761
1600	230.477086269955
2310	227.210677452915
2778	227.085988126064
2808	196.503407453839
4276	195.220165077246
4630	190.234809552551
4718	161.740712386960
4994	153.219258681541
5054	138.807102986328
5060	137.047777343971
5080	130.021104932516
5136	128.387502648387
5142	122.174003186492
5184	121.333930523924
5204	120.610919853836
5208	118.235892697030
5226	117.449020332467
5284	116.748684439056
5290	116.362253495584
5296	115.950985383928
5300	113.875642822371
5356	113.859088304394
5376	113.246659818245
5378	110.055484053551
5398	108.530975943781
5418	104.818871243469
5444	103.997139659082
5456	103.688266131433
5490	102.824737967870
5492	101.498637742733
5526	100.655327040736
5558	100.124236502508
5612	98.923560118052
5624	98.5490477832262
5626	98.1296746179683
5646	97.3948041824666
5676	95.7360355076284
5684	95.001519372844
5762	94.5423878119282
5768	93.653553998098
5770	91.6106025730732
5800	91.0668655795778
5814	90.9342095154605
5820	88.6823000594486
5842	87.3296296904324
5850	87.1541805536729
5866	85.8836904637082
5872	83.4722206173776
5892	81.2650458040444
5910	80.4816263713586
5926	79.3803373544688
5930	79.3585268357203
5942	78.1557613233178
5990	78.0785338194132
6004	78.0418978671324
6006	77.7452558774633
6018	77.0763293724582
6024	76.684920534932
6030	76.2149300747268
6042	76.1424691210744
6062	75.3566114705807
6116	75.3066812547744
6118	75.2665334011224
6134	75.0530430108602
6138	74.8740675036154
6144	74.8253222436125
6150	74.7716946082506
6180	74.7158898956634
6182	74.7090269348967
6184	74.6654010414084
6190	73.9439855304483
6224	73.8999472696404
6228	73.8936995428653
6238	73.6687668158527
6240	73.6367770040069
6242	73.2912708732718
6244	73.0013492134945
6260	72.8745972285298
6300	72.7935882062587
6306	72.504408395156
6328	72.4359472303765
6330	72.2750434539734
6332	71.6916935841412
6352	71.6524693092914
6374	71.4780933176711
6380	71.4588573252401
6386	71.2061443055738
6392	71.0133933187248
6394	70.8679895999102
6400	70.7566881684992
6406	70.483766263485
6412	70.3175616029723
6426	69.961311518825
6434	69.9524418331502
6438	69.9502355691601
6446	69.496379727357
6462	69.3402297584788
6480	69.1368261891223
6484	68.9591846653729
6488	68.769799673043
6494	68.5704617990711
6498	68.062576687044
6512	67.7053909885995
6518	67.594223389816
6534	67.491376288994
6536	67.1465357001912
6552	66.5562455374544
6560	66.3287343380127
6580	66.1371997379413
6582	66.1124374434797
6594	66.0985934044263
6606	65.4165256772322
6610	64.8295672453774
6628	64.6897450052237
6634	64.6824569883238
6640	64.2217923383264
6662	63.8110285082662
6680	63.6856050256326
6682	63.313420272461
6728	63.3063224194644
6734	63.1658748585723
6742	63.1433641425915
6744	63.0145959737133
6748	62.9418017562587
6752	62.351037726932
6760	62.0083502205703
6766	61.9069991323494
6782	61.8747146033657
6792	61.1487604995272
6800	60.8023267110716
6802	60.7611167055917
6812	60.2053346537447
6824	60.1332827577153
6828	59.4939411142466
6840	59.2795890283008
6868	59.0845298363572
6870	58.7813240213603
6882	57.9902010230445
6892	57.0878828862115
6926	56.0653997537776
6934	55.8510746624322
6944	54.3507267917641
6996	54.3423861692652
7002	53.8122614549071
7024	53.5733932514069
7062	53.3771047636929
7068	53.1682520855841
7074	52.8594717861571
7090	52.4446262645916
7098	52.1815559887495
7132	52.17901466126
7136	51.9081509784093
7138	51.8083534741402
7156	51.7940500485894
7160	51.43886665107
7166	51.2739086644382
7194	51.2679539235411
7200	51.1651094835451
7208	51.0854763291841
7210	50.9266960464978
7224	50.5772860687108
7256	50.3186954699575
7270	50.2603532439168
7280	50.1688001750448
7292	49.7380600540977
7312	49.7341131748583
7320	49.7280160340077
7342	49.3940743373243
7356	49.0716483975195
7366	48.9471349802559
7378	48.6869661033228
7388	48.6559584935936
7404	48.651903886054
7426	48.6489325727832
7428	48.4224539615525
7454	48.1647688337003
7498	48.1485750921155
7500	48.0017919577544
7544	47.8677417311378
7558	47.846421547222
7560	47.6861304701736
7586	47.6272607488556
7588	47.597873871243
7594	47.5040133221038
7602	47.3926913151659
7640	47.3336760383139
7648	47.2787152569483
7652	47.0067259153509
7674	46.9967826467013
7684	46.7395034764743
7686	46.4944585267984
7704	46.3573214859486
7714	46.2324041742099
7720	46.0871182411111
7746	45.9354266528472
7752	45.2681456796078
7760	44.9825082269356
7776	44.927398292835
7778	44.8321618580867
7782	44.7580658562105
7790	44.7176232875211
7806	44.5743197464115
7814	44.1808549338032
7858	43.872585906851
7884	43.8181973765872
7894	43.7964272549748
7904	43.734984253364
7922	43.6115299794723
7930	43.5919093130834
7940	43.5174690763974
7944	43.4302002539763
7950	43.3990613429700
7958	43.355109249257
7962	43.2933865570965
7966	43.2890694428145
7988	43.2725632445701
7992	43.169901054024
8004	43.1660408900838
8020	43.0529767347256
8034	42.9444073585952
8054	42.8048991230229
8064	42.7985241467075
8072	42.7671127108689
8076	42.6545836288492
8110	42.5777430951619
8122	42.5735241996216
8134	42.5204586473524
8142	42.4585034844237
8162	42.4550687937423
8172	42.4098089602617
8176	42.3893495627259
8178	42.3204918333406
8200	42.295716164771
8208	42.2671340835173
8230	42.1952104771825
8258	42.1749022403528
8266	42.126412979416
8276	42.1042320072625
8280	42.1001226503769
8288	42.0447151425088
8304	42.0185948749628
8316	41.9813273207921
8328	41.9514510381473
8338	41.8608067111665
8366	41.8042380080461
8376	41.7854222804157
8388	41.6969940904598
8420	41.5918563860172
8432	41.5509170932528
8440	41.5428063775637
8456	41.4940064311714
8484	41.4900297596799
8486	41.4534339430306
8488	41.44316585918
8522	41.4112878121156
8524	41.4094861759186
8528	41.3979888164018
8554	41.3979468233868
8562	41.3803529586617
8594	41.3399604446884
8642	41.3231723459665
8654	41.3196911630497
8656	41.3036903591872
8658	41.2886247681517
8664	41.2757114544757
8674	41.2626930740766
8692	41.2579770676406
8698	41.2228099097545
8706	41.2067606798584
8710	41.1953646728553
8712	41.1949015577023
8744	41.1935350650115
8748	41.1747447401873
8776	41.1693110951773
8778	41.1642139123440
8790	41.1639456229249
8792	41.1461319081712
8798	41.1432354272953
8806	41.1197177610007
8812	41.101586207698
8816	41.0487596563008
8826	41.0092450953225
8844	40.9934753593217
8848	40.9609765710354
8870	40.9336107893137
8876	40.8994540597856
8878	40.7822359469228
8892	40.7642319964269
8896	40.5828931327479
8900	40.5387061919224
8936	40.402484222113
8956	40.4011250189087
8976	40.3889152336294
9002	40.3494637938299
9006	40.3404542750654
9010	40.3385124956809
9014	40.3099175074492
9016	40.2910093987887
9026	40.2141965022412
9028	40.1677346400567
9050	40.0850017795239
9060	40.0718743819058
9064	40.0115300983167
9084	39.9976545928847
9090	39.9745134141042
9094	39.9548113729337
9096	39.9382361985438
9104	39.9078919202483
9130	39.791841917271
9138	39.785983619897
9142	39.7839031745673
9146	39.7471632725768
9156	39.7180509346588
9170	39.7168167150288
9172	39.7168107568194
9180	39.7149051319736
9188	39.6830394954768
9190	39.6480500687543
9202	39.6423503520648
9206	39.6076093006459
9216	39.5651015455618
9230	39.5515055410458
9244	39.4716903974819
9256	39.4340159239638
9262	39.3739972194061
9280	39.3418892453784
9288	39.3353840909712
9290	39.2565949518276
9310	39.2280882368438
9312	39.2152152662967
9338	39.2070440976082
9348	39.1732902609387
9354	39.1638437032608
9362	39.1469750005608
9380	39.1161612972425
9414	39.0974901647641
9422	39.0971162965404
9432	39.0706247663822
9444	39.0601428977926
9446	39.0428048439519
9474	39.0326671502142
9480	39.025421987289
9482	38.963436718845
9502	38.9611271548900
9538	38.9492773829175
9546	38.9415621397894
9556	38.9139727226501
9596	38.9138109028196
9604	38.8801941247643
9608	38.8633645327126
9624	38.8610972285798
9628	38.8559910678835
9642	38.8331454673163
9674	38.8293342034494
9696	38.8118927612814
9706	38.7924813360705
9724	38.7875511839698
9734	38.7825643202783
9746	38.7468827726182
9768	38.7091323327533
9776	38.6822634263478
9780	38.676754543132
9788	38.6764407508564
9798	38.6666484253632
9816	38.6128832517598
9854	38.5936369345229
9862	38.5704666317366
9868	38.5616507306317
9870	38.5565999917588
9878	38.5346460375121
9898	38.5177021411358
9922	38.4834313146818
9942	38.4536748680723
9962	38.4258011009726
9974	38.4188260726227
9980	38.367355637181
9992	38.3425057683797
10014	38.3006046199075
10026	38.2944248531959
10038	38.2817354470608
10044	38.2610444216086
10058	38.2195333872613
10060	38.2142617146268
10098	38.1626455883239
10128	38.136151700947
10130	38.1221381859112
10138	38.0886798742491
10150	38.0456446706131
10186	38.0107944181286
10210	38.0035997737856
10218	38.002495394725
10236	37.9897304393801
10258	37.9651246501486
10276	37.9480221487155
10294	37.9393538274689
10302	37.9284892522995
10316	37.9148810375168
10318	37.897942213029
10320	37.8960453468504
10348	37.8860151150815
10370	37.8739334787851
10372	37.8483640425659
10400	37.8420917720099
10406	37.8411394182056
10430	37.8291659539217
10434	37.815426129493
10444	37.8018687654306
10450	37.7949345172633
10454	37.7898124027445
10456	37.7859737963299
10466	37.7731163626899
10484	37.7554926583970
10494	37.7294193349177
10520	37.7228301866851
10526	37.7165252893424
10530	37.7114239499303
10540	37.7104405424993
10544	37.7046257909908
10558	37.6928310654016
10560	37.6846551693892
10564	37.6839644287879
10566	37.6697514658971
10586	37.6654807492763
10588	37.6566512220034
10592	37.6493122850941
10608	37.6491611231026
10612	37.644213183513
10614	37.6239876579528
10650	37.6061969500517
10656	37.5773384814083
10700	37.5710607465773
10706	37.5613605402643
10712	37.5565301845547
10714	37.542787648929
10732	37.5306302998375
10758	37.5295369775292
10762	37.5250311967211
10780	37.5185457844343
10796	37.5108437041936
10814	37.5049186144878
10826	37.5029784317603
10832	37.5029432093236
10836	37.5007608856713
10840	37.4854431744318
10850	37.4782709565286
10868	37.4377530208296
10884	37.4355146449311
10894	37.4339099070679
10912	37.4329978258059
10938	37.4223691390035
10954	37.4171092718476
10956	37.4139590788161
10964	37.4131755369914
10966	37.4027032850036
10980	37.4002109276938
10982	37.38295096848
10994	37.3679722105848
11022	37.3536976325538
11042	37.3517542249355
11050	37.3457853261525
11056	37.3453197792627
11068	37.3383734502842
11078	37.3338600905651
11082	37.3202261630889
11088	37.3194202272533
11102	37.3181128316738
11108	37.3102086529083
11112	37.3063098816319
11120	37.2996547983751
11142	37.2881606465068
11148	37.2861224231775
11152	37.2627259054305
11154	37.251837932224
11184	37.2416700766396
11200	37.236245226867
11202	37.2259066148688
11208	37.2180359185001
11224	37.209965066432
11234	37.1921973684801
11238	37.1835538546334
11244	37.1774210829877
11246	37.1533181792189
11264	37.1442576890926
11268	37.1228512526884
11294	37.1206815555108
11302	37.1100498986322
11316	37.1082961124635
11324	37.1077033426429
11346	37.1056845898199
11352	37.0886599815935
11368	37.080317524237
11376	37.0742463560663
11394	37.0247336327454
11414	37.0212653958541
11432	37.0083171250034
11438	36.9966129587025
11454	36.9818102584687
11466	36.9598685035881
11490	36.9450941213443
11530	36.9344069829350
11532	36.9277504673071
11542	36.9257846350183
11556	36.8997093696699
11592	36.8981759078143
11602	36.8837872982717
11606	36.8773306580827
11610	36.8741378626911
11624	36.8676656465345
11630	36.859285747572
11642	36.8441007672969
11646	36.8181252673524
11670	36.817880998901
11672	36.7930921452901
11686	36.7747019030515
11694	36.7726281371176
11696	36.7272280325730
11720	36.7121065648762
11724	36.6989592613918
11732	36.6862498663410
11792	36.6841087904211
11794	36.6730306246422
11806	36.6620000608043
11814	36.6534663321291
11836	36.650348569791
11842	36.640644557093
11852	36.6313233198084
11866	36.5989984946879
11876	36.5869350628191
11892	36.5424121423589
11926	36.5387055947689
11956	36.5195229785254
11966	36.5116108444529
11976	36.5092943722107
11982	36.4981944436675
12008	36.4786101013212
12034	36.4774534836001
12036	36.4744511417765
12042	36.4689877152400
12060	36.4540242060196
12076	36.4410517079536
12098	36.433142555071
12106	36.4316995440831
12112	36.4188474075014
12128	36.4126958069301
12142	36.4111486454883
12148	36.3963163822699
12170	36.386306538252
12174	36.3779863351454
12176	36.3776204003826
12188	36.3733091906108
12212	36.3726172339882
12214	36.3648285980384
12240	36.3590578781341
12272	36.3461930059538
12326	36.3178464683253
12334	36.301773678888
12348	36.2831716320147
12358	36.2717733728794
12380	36.2616342515264
12384	36.2408515007223
12402	36.2261164309886
12422	36.2244982848313
12430	36.2214723271363
12444	36.2201240596173
12446	36.2144664202291
12464	36.2066293610423
12472	36.1970856707158
12514	36.1889563718195
12520	36.1787319055879
12550	36.1737034229960
12578	36.1701721995541
12584	36.1650604068551
12588	36.162365901118
12606	36.1613287014141
12612	36.1606749969115
12642	36.1580486422066
12650	36.1499705832498
12680	36.1416002622388
12688	36.141114903344
12712	36.1391239773631
12716	36.1380370254004
12730	36.1365680370523
12740	36.1352164584804
12742	36.1317683482089
12748	36.1294895913044
12762	36.1244740307701
12772	36.122373323402
12790	36.1220541819176
12796	36.1211297063431
12800	36.1137306229978
12808	36.1131652208314
12822	36.1128601301507
12824	36.1095785277005
12848	36.1017895096012
12858	36.0989535780108
12876	36.0987112909351
12902	36.0951522428468
12934	36.0914322155486
12948	36.0899105540462
12950	36.0896315128401
12962	36.0863825833439
12968	36.0862553142204
12984	36.0852505843143
12992	36.0819317313851
13000	36.080763499351
13016	36.0784026698829
13032	36.0762969737411
13046	36.0686979282364
13048	36.066353675809
13070	36.0661136523937
13074	36.0656894494628
13088	36.0642121532471
13090	36.0596454515661
13108	36.0573625349537
13126	36.0541505797342
13152	36.0537410433667
13156	36.0518097251497
13162	36.0506929372941
13176	36.045120907752
13184	36.044230598844
13196	36.0425517398971
13212	36.0395404364735
13242	36.0392575717657
13252	36.0388450250357
13254	36.0364503905043
13270	36.0356004355874
13272	36.0353759474991
13282	36.0343189622169
13294	36.0343071562451
13300	36.0315460707801
13314	36.0302522907333
13324	36.0272957463886
13340	36.0258278035433
13342	36.0243516440452
13352	36.0239406721923
13362	36.023763082628
13372	36.0231762949324
13382	36.0221177088466
13384	36.021723230836
13400	36.0210727577727
13410	36.0197995449179
13422	36.0185485019358
13424	36.018111427955
13444	36.017744602054
13456	36.0176629993257
13458	36.0163831510227
13460	36.0154384527085
13496	36.0125949074410
13500	36.0121049322823
13512	36.011690740778
13522	36.0115422940825
13528	36.0111931809587
13544	36.0086436173463
13552	36.0083186312941
13570	36.0073708874525
13602	36.0072995841693
13620	36.0066192146961
13624	36.0064383626091
13626	36.0049416788414
13632	36.0032729513373
13648	36.0031758869156
13670	35.9998122112536
13686	35.9995572234552
13688	35.9940380166735
13728	35.9936615569601
13740	35.9932519874869
13756	35.9932278560444
13760	35.9929919043924
13762	35.9924336483708
13770	35.9920547389479
13780	35.9910170805411
13786	35.9908951259233
13788	35.9903214590531
13790	35.9898704131091
13816	35.9898672785544
13822	35.9881035427866
13836	35.9862950630371
13860	35.9855856365866
13866	35.9840529429743
13876	35.9834990945101
13878	35.9830344052182
13894	35.9811710995772
13900	35.98097600791
13906	35.9803399511951
13916	35.9776447358918
13940	35.9760427511843
13956	35.9745433403466
13976	35.9743577486842
13990	35.9740259152638
14002	35.9736138207516
14018	35.9727489813085
14036	35.9719425035846
14048	35.971339311836
14058	35.9696192592717
14060	35.9680130451675
14066	35.9669699666487
14088	35.9669037278614
14094	35.9667871806883
14098	35.965478837892
14112	35.964468401661
14146	35.9637337397934
14156	35.9630012810336
14188	35.9625961544764
14190	35.9621587811825
14194	35.9620695666316
14220	35.9620116978747
14228	35.9609941262992
14240	35.9609598310673
14244	35.9598367839461
14258	35.9591658713755
14274	35.9582124060647
14282	35.9575795326636
14292	35.9574794871786
14294	35.9571441340108
14314	35.9547725440816
14332	35.9543267207723
14334	35.9526906899829
14370	35.9523849549819
14380	35.9515057500619
14414	35.9498539217595
14452	35.9495241153168
14462	35.9492169410896
14472	35.9490718105327
14490	35.9490150020908
14498	35.9486969749201
14502	35.9475239259892
14522	35.9452924647804
14538	35.9441611593008
14540	35.9437558379128
14550	35.9427671041154
14552	35.9423337151366
14568	35.9412933097829
14570	35.9393452178045
14572	35.93512449905
14632	35.9348989831289
14634	35.9332878212816
14638	35.9326025323334
14646	35.9317895089211
14662	35.9310140669491
14668	35.9308256050369
14672	35.9305053657342
14678	35.9273927174982
14690	35.9259693230217
14724	35.9247284437443
14738	35.9246941373477
14744	35.9221095351808
14752	35.9212406714975
14762	35.9167936264327
14770	35.9163496464011
14780	35.9162729805700
14786	35.9157797848988
14792	35.9150743258617
14794	35.9144599976419
14798	35.914202981061
14808	35.9127683044231
14822	35.9116753910218
14842	35.9108716029331
14870	35.9090449047472
14912	35.9087399379155
14914	35.9085694873246
14916	35.9081595591163
14918	35.9079735870185
14934	35.9073886465903
14946	35.9070152621987
14950	35.9064890620893
14976	35.906323278806
14984	35.9053276155855
15036	35.9051800221303
15040	35.9038915464923
15046	35.9037829612978
15074	35.9034854654991
15080	35.9034259832447
15098	35.9026064617173
15124	35.9023678828368
15134	35.9020859596147
15138	35.9019815383807
15142	35.9008916433373
15208	35.9008285015080
15212	35.9007396691585
15216	35.900503064285
15220	35.9004387731845
15222	35.8999513109033
15244	35.8999389152008
15260	35.8994069185293
15278	35.8990128799033
15280	35.8987591632015
15282	35.8984271563733
15334	35.8982566431670
15346	35.8980040057422
15362	35.8972304725005
15370	35.8971503308251
15384	35.8970875900836
15386	35.8967784702865
15426	35.8967067699496
15436	35.8966960651463
15438	35.8966615787995
15444	35.8964106513152
15446	35.8957832813718
15454	35.8947948376944
15492	35.894648194675
15496	35.8945577284993
15504	35.8939404524027
15510	35.8931673177872
15512	35.8928417132356
15524	35.8921056378326
15530	35.8915548168715
15538	35.8915124628906
15548	35.890962270845
15556	35.8899255769647
15568	35.8895693476626
15590	35.8892288441544
15594	35.8886349705732
15606	35.8879802945996
15612	35.8873594647867
15622	35.8872968891347
15636	35.8869307083218
15640	35.8863558131472
15650	35.8863442829548
15656	35.8850300265866
15678	35.8843576043491
15682	35.8836754619344
15696	35.8834072461796
15704	35.8829866930659
15722	35.8823205245195
15732	35.8819227693965
15738	35.8808628759042
15754	35.8803638084212
15780	35.8800179633475
15796	35.8798803898548
15798	35.8797925650532
15800	35.8789033543342
15810	35.8758749245806
15824	35.8754837812514
15836	35.8750868939077
15866	35.8741430638314
15894	35.8730171146407
15944	35.8724390710408
15950	35.8720291162523
15960	35.8716159978515
15980	35.8709582206189
15998	35.8707695959583
16020	35.8701430128520
16034	35.8698628466257
16036	35.8698363779446
16048	35.8690014747495
16074	35.8686779771677
16084	35.8681053863047
16092	35.8677829624365
16094	35.8675935210163
16104	35.867365019829
16108	35.8672238697211
16110	35.8669398546031
16118	35.8667473545357
16122	35.8665284785483
16130	35.8661306994588
16132	35.8656312375653
16144	35.8653960185596
16146	35.8653551092253
16150	35.8651096758595
16154	35.864767452306
16170	35.8646348207681
16178	35.8645669374011
16194	35.8645296939219
16196	35.8643502284414
16208	35.8642015302082
16224	35.8640966302347
16260	35.8640738452528
16262	35.8639745915032
16264	35.8638617901974
16276	35.8637443145647
16280	35.8636676970186
16288	35.8636522192423
16296	35.863608590564
16298	35.8634908179111
16302	35.863126863253
16306	35.863081478019
16314	35.8629003035897
16320	35.8626407399335
16336	35.862394515495
16374	35.8621982744856
16384	35.8620637411480
16406	35.8618831538231
16426	35.8617329803733
16428	35.8617125613476
16436	35.8615877422101
16438	35.8614866376308
16452	35.8614745743442
16470	35.8613465351119
16480	35.8611360974077
16486	35.8608944138637
16500	35.86073386393
16508	35.8606111890576
16518	35.8605686458379
16530	35.8604759929736
16566	35.8603222300283
16570	35.8600505306962
16586	35.8598907937466
16602	35.8593186800091
16618	35.8590706141618
16628	35.8588259763681
16648	35.8584233206675
16652	35.8583006571163
16658	35.8582835175434
16664	35.8581644565244
16666	35.8581194045827
16670	35.8579680166610
16680	35.8575039655213
16712	35.8569626902885
16722	35.8567977071767
16726	35.8567947554170
16734	35.856776484991
16736	35.8564157634544
16744	35.8557523375157
16750	35.8551667493961
16764	35.8545753273318
16776	35.8543379729157
16780	35.8536299977798
16874	35.8535567107213
16876	35.8532840078185
16880	35.8532716835639
16898	35.8531356442627
16906	35.8530257530631
16912	35.8526656615432
16920	35.8522052626248
16928	35.8521473630624
16932	35.8518761574441
16934	35.8517782677816
16940	35.8517053392443
16946	35.8514867119462
16960	35.8512987021540
16966	35.8511892083258
16980	35.8504606322415
16986	35.8502611162401
17022	35.8501012226639
17034	35.849689188854
17052	35.849318450426
17060	35.8492716402961
17070	35.8489329126128
17072	35.8487550499086
17076	35.8486896310749
17080	35.8481800593631
17100	35.8481350146238
17108	35.8477763790903
17112	35.8476164215644
17158	35.8472003146486
17162	35.8471090335318
17168	35.8468719132299
17192	35.8467642455973
17200	35.8463849315958
17208	35.8460114302963
17222	35.8457997663391
17234	35.8456415187138
17246	35.8456161349734
17252	35.8452404313310
17260	35.8449611781789
17288	35.8449404520807
17306	35.8448729231354
17314	35.8444080233079
17320	35.8442174098118
17338	35.8441779461351
17348	35.8438262867581
17376	35.8436706513584
17402	35.8436518359656
17406	35.8436429563619
17412	35.8434879152129
17420	35.843483445319
17422	35.8434038018298
17430	35.8433465757645
17436	35.843208038565
17448	35.8431924338289
17450	35.8430276376892
17452	35.842755361697
17464	35.8427350258092
17466	35.8424861766811
17476	35.8423840250375
17478	35.8422993223169
17490	35.8422054868746
17496	35.8420735621161
17498	35.8415822778047
17514	35.8410385242906
17524	35.8406620836842
17584	35.8404483403489
17594	35.8402728782169
17622	35.840256531
17624	35.8400301531086
17652	35.8399351426405
17660	35.8399225026586
17668	35.8397796903396
17670	35.8394591904848
17672	35.8394242638069
17682	35.8391505915508
17684	35.8391120434719
17688	35.8384086217783
17706	35.8383866273293
17712	35.8382857988584
17724	35.8379951158922
17730	35.8379321205954
17738	35.8376296848375
17742	35.8374612671819
17752	35.8374605584888
17756	35.8374468238440
17760	35.8373882847167
17774	35.8373086290326
17782	35.8370925272941
17788	35.8369506098789
17798	35.8366447871261
17844	35.8365831479918
17850	35.8365759094971
17854	35.8363611476015
17858	35.8361646420218
17890	35.8360915372744
17898	35.8359168056565
17928	35.8357871788357
17952	35.8355350127392
17982	35.8352003476091
17990	35.8350857510415
17996	35.8347428458432
18008	35.8347137232858
18010	35.8347008844355
18014	35.8346259184327
18042	35.8344211690304
18050	35.8343586432528
18056	35.8343145025448
18062	35.8341598971437
18064	35.8339402113264
18082	35.8337328115228
18084	35.8337316122369
18086	35.8334982396764
18118	35.8334710117854
18140	35.8331322239460
18150	35.8329720454221
18154	35.8328957032266
18204	35.8328523334661
18234	35.8326698925694
18268	35.8325579216758
18274	35.8324804016186
18290	35.8323867992002
18302	35.8321788176427
18308	35.8321431480562
18318	35.8319150470574
18334	35.8319072495287
18360	35.8318899214688
18368	35.8318499655868
18370	35.8316191389983
18386	35.8314663192678
18392	35.8314042408903
18416	35.8313090303103
18424	35.8311876632161
18454	35.8311785238019
18456	35.8311005360814
18462	35.8310458916113
18464	35.8309912750808
18472	35.8309684105177
18474	35.8309063425636
18482	35.8307472276162
18490	35.8307227556449
18502	35.8305949105854
18506	35.8305619540512
18510	35.8305526387629
18520	35.8304821728082
18536	35.8304756533349
18540	35.8303751223321
18542	35.8303742067735
18568	35.8303132507128
18576	35.8303101589725
18598	35.8300348225554
18612	35.8300319486886
18630	35.829957991934
18634	35.8298174379404
18644	35.8298113617267
18656	35.8298035960697
18676	35.8297482953837
18682	35.8297341854444
18686	35.8295138640433
18692	35.8293425441912
18696	35.8293038341878
18710	35.8291622493681
18720	35.8291296898428
18724	35.8291247807504
18732	35.8291119891421
18752	35.829045433682
18762	35.8290005098963
18784	35.8289240942984
18788	35.8288634793105
18816	35.8287467135925
18848	35.8287358300647
18850	35.8287351762905
18852	35.8286351498685
18866	35.8286155829223
18870	35.8286031103246
18874	35.8285525322393
18884	35.8283540836746
18898	35.8279686750661
18926	35.8278095391019
18934	35.82777150651
18942	35.8277639776021
18962	35.8277357945415
18974	35.8276868915768
18984	35.8276316633935
18992	35.8275531724432
19004	35.8275211356674
19006	35.8275060897926
19016	35.8274229511192
19028	35.8273425597851
19032	35.8273388257047
19036	35.8272744354425
19046	35.8272040937989
19056	35.8271052915018
19086	35.8270706179762
19096	35.8269631487391
19132	35.8268533422128
19148	35.8267421893013
19162	35.8267266475077
19164	35.8266999340103
19172	35.8265841801798
19198	35.8265759815075
19204	35.8265637452381
19214	35.8265312301753
19216	35.8265068763571
19222	35.8264624157906
19224	35.826434965731
19230	35.8263298365827
19236	35.826267575378
19258	35.8262549178772
19260	35.826193270074
19270	35.8261033166388
19292	35.8260220643971
19294	35.8260105570132
19310	35.8258920902841
19328	35.8257885231734
19330	35.8257858905227
19350	35.8257794689021
19360	35.8257653246474
19362	35.8257389351872
19394	35.8257156288219
19414	35.82570604883
19418	35.8256435207871
19432	35.8255662113367
19464	35.8255414317281
19482	35.8254608006782
19492	35.8253761687567
19504	35.8253510507575
19546	35.8252987337655
19558	35.8252933014866
19582	35.8252642627666
19604	35.825243211277
19618	35.8252384947169
19620	35.8251986606415
19624	35.8251944092374
19630	35.8251877901561
19636	35.8250993502737
19638	35.8250151956851
19652	35.8250033763629
19660	35.8250003779786
19676	35.8249992533225
19678	35.824947243101
19686	35.8249028186623
19690	35.8248782173512
19692	35.8248510060914
19708	35.8247915339044
19734	35.8247531778234
19736	35.8247162634844
19740	35.8245843323338
19758	35.8245715011768
19762	35.8245074833102
19780	35.8245061733704
19792	35.8243229628862
19830	35.8243207034412
19856	35.8242290883828
19864	35.8241998958741
19886	35.8241995012917
19888	35.8241961142558
19894	35.8241891584702
19896	35.8241687916752
19904	35.8241475019809
19928	35.8240780233576
19930	35.8240399160505
19944	35.8239968020245
19962	35.8239954928816
19972	35.8239844424363
19978	35.8239694876668
19986	35.8239351168034
20000	35.8238975819064
20014	35.8238160487133
20030	35.8238091434173
20034	35.8237945026509
20044	35.8236809411858
20082	35.8236685528887
20102	35.8236239737855
20106	35.8236134692938
20114	35.8235572427415
20118	35.8235136703884
20146	35.8235013068451
20150	35.823421585904
20168	35.8233719356456
20178	35.8233551468822
20180	35.8233309665379
20214	35.8232858571059
20246	35.8232743069391
20254	35.8232462796933
20268	35.8232185934617
20276	35.8231889971443
20292	35.8231879229748
20310	35.8231308872208
20316	35.8231136112557
20326	35.8230564342235
20354	35.8230454275514
20368	35.8230415054364
20374	35.8230239957426
20376	35.8230184396875
20380	35.8230035790914
20394	35.8229553468067
20420	35.8229528455381
20424	35.8228167676353
20462	35.8227918084902
20480	35.8227753029403
20490	35.8227455136960
20494	35.8227168842807
20498	35.8227080043924
20506	35.8226755967873
20536	35.8226685957139
20550	35.8226260887409
20566	35.8226133013045
20580	35.8225959156329
20600	35.8225833577037
20604	35.8225528275556
20620	35.8225037990883
20628	35.8224980296269
20632	35.8224854820431
20634	35.8224748098116
20642	35.8224622187776
20650	35.8224574290629
20674	35.822452029672
20678	35.8224019569173
20688	35.8223920689192
20692	35.8223651483169
20698	35.8223445161426
20714	35.822326839095
20722	35.8223225018003
20728	35.8222878205751
20734	35.8222712599474
20744	35.8222007781705
20750	35.8221876042587
20752	35.8221455140257
20778	35.8220941967854
20782	35.8220558148051
20786	35.8220235069330
20798	35.82200083759
20822	35.8219994523825
20830	35.8219877388282
20848	35.8219582544494
20852	35.821946932365
20878	35.8219416542441
20886	35.8218857320341
20916	35.8218744728483
20922	35.8218529366789
20928	35.8218482568189
20946	35.82182305204
20962	35.8217979610098
20966	35.8217640942583
20992	35.82173151588
21006	35.8217073898887
21008	35.821703767023
21014	35.8216929190489
21018	35.8216724576953
21026	35.821652556097
21036	35.8216352417351
21040	35.8216047785826
21046	35.8215719213515
21052	35.8215623108722
21062	35.8215540391514
21082	35.8215291327418
21088	35.8214875917952
21112	35.821483201157
21120	35.8214812447845
21140	35.821480623225
21160	35.8214565220779
21168	35.8214543100199
21170	35.8214368825843
21194	35.8214366952681
21200	35.8214250392167
21208	35.8214231334961
21212	35.8213815293924
21230	35.8213808110461
21232	35.8213362664268
21252	35.8213219554117
21270	35.8213116298383
21274	35.8213046520771
21280	35.8213045929767
21298	35.8212718580989
21320	35.8212553559101
21322	35.8212492232485
21334	35.8212227046646
21364	35.8212088066931
21376	35.8211966042548
21382	35.8211675995930
21388	35.8211323342815
21398	35.8211054464609
21410	35.8210874178794
21466	35.8210856074384
21480	35.8210486866214
21490	35.8210482905632
21502	35.8210329517495
21518	35.8210059459697
21552	35.8209914601798
21570	35.8209813139494
21580	35.8209782667164
21594	35.8209745017134
21608	35.8209461016901
21626	35.8209268695011
21636	35.8209228007251
21638	35.820912411488
21642	35.8208893929376
21668	35.8208697527173
21676	35.8208603892238
21678	35.8208587526063
21680	35.8208557018174
21690	35.8208237985744
21706	35.8208088712004
21720	35.8207948854491
21722	35.8207741501133
21730	35.8207649037518
21736	35.8207283971021
21778	35.8206815029162
21786	35.8206784173607
21806	35.8206668746904
21812	35.8206565318981
21814	35.820647383781
21818	35.8206466731974
21826	35.8205505248791
21838	35.8205139770747
21842	35.8205003199152
21864	35.8204869212828
21888	35.8204854856302
21898	35.8204739232820
21910	35.82046897799
21930	35.8204524933985
21940	35.8204416202203
21942	35.8204355140289
21970	35.8204277312405
21972	35.8204142037384
21988	35.8204074120392
22008	35.8203968051033
22034	35.8203921643498
22042	35.8203871273713
22060	35.8203766591271
22064	35.8203635050005
22080	35.8203605996005
22100	35.8203535128951
22104	35.8203404052832
22108	35.8203374900813
22112	35.8203140897396
22136	35.8203038067522
22170	35.8203015071052
22182	35.8202991853445
22190	35.8202971931478
22200	35.8202834247316
22204	35.8202805132308
22206	35.8202789264681
22212	35.8202737188142
22216	35.8202729668
22226	35.8202652365823
22244	35.8202627418971
22250	35.8202624313436
22254	35.8202619933997
22266	35.8202606832435
22270	35.8202548976467
22278	35.8202544230302
22288	35.8202461582564
22318	35.820245271274
22326	35.820243578769
22354	35.8202394047993
22360	35.8202377868304
22370	35.8202368115638
22374	35.8202310979432
22378	35.82021892122
22390	35.8202180195854
22396	35.8202135098281
22412	35.8202106858449
22416	35.8202037181047
22420	35.8202027394761
22434	35.8201925723966
22438	35.8201897504219
22454	35.8201862750488
22466	35.8201840404512
22478	35.8201825919993
22508	35.8201739270466
22514	35.8201716743549
22532	35.8201672167616
22540	35.8201671130092
22546	35.820160349848
22548	35.8201595948946
22554	35.8201560911923
22576	35.8201512582493
22578	35.8201296620158
22606	35.8201117189599
22638	35.8201029603878
22652	35.8201009053449
22664	35.8200929417220
22666	35.8200922536615
22676	35.8200907782047
22678	35.8200853450075
22694	35.8200802875861
22704	35.820077546785
22708	35.8200646838544
22732	35.8200613479862
22738	35.8200607924331
22758	35.8200503615299
22768	35.8200477136707
22772	35.8200423805674
22776	35.8200342981097
22798	35.8200268322078
22808	35.8200248165099
22820	35.8200174943409
22830	35.820007616702
22836	35.8199995069201
22848	35.819987457798
22866	35.8199823520529
22868	35.819975865141
22872	35.8199680737147
22882	35.8199614978244
22906	35.8199547377779
22908	35.8199513054899
22926	35.8199499527846
22934	35.8199448623619
22960	35.8199395567552
22972	35.8199389233421
22974	35.819931348249
22984	35.8199283323076
22986	35.8199272607207
22988	35.8199228194035
22994	35.8199204595223
23014	35.8199130335545
23022	35.8199059338637
23036	35.819901132552
23044	35.8198968528955
23054	35.8198952053122
23062	35.8198906794538
23072	35.8198898014192
23074	35.8198820442912
23094	35.8198783128263
23098	35.8198663020179
23118	35.8198461573709
23152	35.8198348925105
23168	35.8198346603916
23174	35.8198332546268
23180	35.819831839915
23206	35.8198300085303
23210	35.8198248923715
23214	35.8198161555831
23232	35.8198137288677
23244	35.819813428282
23250	35.8198124712625
23252	35.8198096208223
23266	35.8197995052866
23284	35.8197922040014
23286	35.8197920080065
23298	35.8197758273713
23310	35.8197738705318
23330	35.8197656012082
23344	35.8197641896161
23364	35.8197568478649
23370	35.8197550146993
23376	35.8197547759382
23380	35.8197542701847
23386	35.8197458551083
23398	35.819745694376
23406	35.8197444569178
23408	35.8197431606955
23414	35.8197389600628
23420	35.8197296242525
23432	35.8197277482098
23444	35.8197258033102
23448	35.8197176765298
23456	35.8197131529442
23464	35.8197089979772
23472	35.8197088084022
23482	35.8197082417089
23490	35.8197081175943
23492	35.8197047903169
23528	35.8197027414484
23540	35.8196986976897
23542	35.8196955116227
23546	35.8196904109851
23564	35.8196845325331
23578	35.8196803496588
23588	35.8196759050923
23592	35.8196728158985
23628	35.8196711552572
23632	35.8196690852245
23636	35.8196674555425
23642	35.8196650545317
23650	35.8196606493328
23652	35.8196552572777
23678	35.8196518775591
23684	35.8196492361195
23698	35.8196485869971
23700	35.8196447475373
23710	35.8196442133208
23714	35.8196351176552
23732	35.8196233463978
23740	35.8196227992947
23748	35.8196186745209
23760	35.8196159561063
23762	35.8196138355397
23778	35.819610375707
23792	35.8196050823055
23796	35.819600609665
23810	35.819589033224
23846	35.8195827767785
23866	35.8195758922998
23872	35.819574737079
23914	35.8195660592011
23946	35.819561879678
23976	35.8195608870882
23984	35.8195605074697
23990	35.8195565582113
23996	35.8195514978113
24010	35.8195453563659
24016	35.8195402078605
24026	35.8195389780865
24032	35.8195328171888
24038	35.8195220309475
24040	35.8195178110359
24052	35.8195170280378
24058	35.8195105629529
24088	35.8195041271515
24110	35.8195009102401
24120	35.8194986082582
24122	35.8194985994784
24126	35.8194983749701
24146	35.819487120617
24162	35.8194779916907
24166	35.8194688671152
24176	35.8194541860379
24200	35.8194427150886
24212	35.8194319414024
24226	35.819420596161
24232	35.8194095529181
24256	35.8193906007319
24266	35.8193799204258
24274	35.8193743122790
24304	35.8193733822244
24308	35.8193589133300
24322	35.8193552711423
24332	35.8193529251105
24336	35.8193510105389
24340	35.8193361813576
24358	35.8193226922482
24362	35.8193052824193
24370	35.8192976198832
24372	35.8192888019029
24382	35.8192789190137
24450	35.8192759401739
24464	35.8192604623436
24490	35.8192599258739
24496	35.8192554074694
24498	35.8192550628201
24522	35.8192404152475
24546	35.8192397261228
24548	35.8192331629825
24560	35.8192307427492
24570	35.8192295415064
24572	35.8192270287845
24574	35.8192244602141
24580	35.8192216154659
24582	35.8192174590889
24590	35.8192042222139
24610	35.8192015496579
24614	35.8191886265290
24636	35.8191868938077
24662	35.819181341811
24674	35.8191732811080
24676	35.8191657272134
24688	35.8191619722979
24708	35.8191541396037
24728	35.8191536111542
24734	35.8191488448349
24740	35.8191477525681
24742	35.8191397176549
24746	35.8191374385409
24752	35.8191357316691
24794	35.8191342110269
24798	35.8191197692806
24824	35.8191183119787
24826	35.8191177456913
24830	35.8191134793504
24848	35.8191124177503
24862	35.8191071648356
24864	35.819104622098
24902	35.8190967423730
24934	35.8190923236422
24936	35.8190887438929
24942	35.8190845595798
24954	35.8190815986049
24968	35.8190809970925
24978	35.81907349701
24996	35.8190693532542
24998	35.8190645974577
25008	35.8190643672999
25012	35.8190526580436
25046	35.8190521977561
25048	35.8190413846206
25072	35.8190398590094
25082	35.8190301260488
25090	35.8190291712667
25106	35.8190283854488
25112	35.8190185798435
25118	35.8190157394895
25132	35.8190127959111
25152	35.8190109028353
25160	35.8190035851602
25176	35.818999949998
25192	35.8189978256202
25194	35.8189931768335
25228	35.8189923166567
25238	35.8189901004986
25244	35.8189854336266
25268	35.8189852279448
25272	35.8189816310397
25288	35.8189816144771
25300	35.8189778656872
25302	35.8189749247914
25336	35.8189746644197
25338	35.8189724021005
25342	35.8189697034644
25356	35.8189635556215
25366	35.818961658621
25378	35.8189600550185
25392	35.8189597029589
25402	35.8189525072375
25428	35.8189477481178
25436	35.8189462215495
25458	35.8189455931795
25462	35.8189414660378
25464	35.818940243204
25478	35.8189358930984
25494	35.8189230271505
25536	35.8189225071213
25556	35.8189203557495
25562	35.8189182080213
25564	35.8189176336819
25574	35.8189161030223
25578	35.8189156603484
25584	35.8189146543104
25590	35.8189072523319
25612	35.8189037506034
25618	35.8188995085203
25620	35.8188909122765
25626	35.8188905175389
25674	35.8188882737135
25680	35.8188859654611
25692	35.8188826842369
25700	35.8188787570469
25722	35.8188782791657
25730	35.8188753206065
25738	35.8188704501394
25756	35.8188669343491
25768	35.8188611821349
25784	35.8188567686486
25788	35.8188491178367
25794	35.8188462973660
25820	35.8188346051813
25846	35.8188282766779
25868	35.8188262284089
25894	35.8188193432061
25898	35.8188184554684
25910	35.8188114720697
25916	35.8188104703609
25922	35.8188070468476
25942	35.8188022283424
25970	35.8188016460444
25982	35.8188011934224
25988	35.8187999110492
25996	35.8187942390829
26020	35.8187939144338
26026	35.8187910874531
26062	35.8187898306058
26078	35.8187890661867
26092	35.818787884649
26110	35.8187862932227
26124	35.8187829962259
26154	35.818781353802
26156	35.818781336481
26172	35.8187794850100
26178	35.8187786194636
26180	35.8187771373016
26182	35.8187755577076
26198	35.8187703788939
26206	35.8187703425217
26212	35.8187673697857
26222	35.8187667520033
26226	35.8187662289643
26240	35.8187593737478
26274	35.8187578869682
26290	35.8187573945784
26296	35.8187572867388
26302	35.8187545643245
26330	35.8187545024023
26336	35.8187523877375
26354	35.8187522904479
26356	35.8187519183942
26360	35.8187506874221
26366	35.8187505218708
26372	35.8187489920997
26378	35.8187475854647
26388	35.8187474092737
26402	35.8187467806245
26416	35.8187449459914
26420	35.8187431342796
26436	35.8187374916739
26468	35.8187347067731
26472	35.8187326803614
26476	35.8187304302925
26508	35.8187292112298
26510	35.8187240879037
26522	35.8187222291456
26540	35.8187207552027
26546	35.81871933389
26584	35.8187192240173
26590	35.8187180203906
26602	35.8187177875602
26606	35.8187152790458
26616	35.8187146738721
26632	35.8187140118959
26650	35.8187131293227
26678	35.8187124995468
26692	35.8187120535815
26712	35.8187119157221
26724	35.8187118989036
26726	35.8187114033335
26732	35.8187107030018
26756	35.8187096530492
26766	35.8187094050401
26782	35.8187093305649
26798	35.8187089369427
26816	35.8187087127114
26822	35.8187076415112
26842	35.8187071705502
26874	35.8187065246955
26918	35.8187065239976
26920	35.8187064957269
26922	35.8187064873211
26926	35.8187063049937
26932	35.818706082258
26934	35.818705980157
26944	35.8187057906252
26950	35.8187057237111
26952	35.8187051171624
26990	35.8187050241761
26996	35.8187047067793
27004	35.8187046750892
27016	35.8187041325053
27032	35.8187038963871
27042	35.8187030189465
27044	35.8187009941348
27048	35.818700771582
27054	35.8187006948901
27060	35.8186998819078
27076	35.818699653017
27102	35.8186976536047
27126	35.8186974075365
27144	35.8186964304709
27154	35.8186961920159
27172	35.8186956637373
27176	35.8186943807297
27178	35.8186937347734
27186	35.8186936679968
27190	35.8186929388945
27204	35.8186916808202
27214	35.8186916717354
27230	35.8186913060878
27236	35.8186912388828
27244	35.8186886847935
27256	35.8186886404793
27276	35.8186869250536
27298	35.8186866183347
27302	35.8186864353073
27306	35.8186857603597
27314	35.8186851719521
27338	35.818684668559
27346	35.8186839973593
27350	35.8186839258020
27352	35.8186837152131
27354	35.8186836535722
27358	35.8186828181074
27362	35.818681770614
27380	35.8186814185993
27402	35.8186806570173
27408	35.8186806031633
27424	35.8186805959581
27434	35.8186801715147
27444	35.8186792476835
27458	35.8186790756218
27474	35.8186781073557
27476	35.8186780969868
27492	35.8186778602938
27516	35.8186778377145
27528	35.8186772521936
27540	35.8186763126787
27548	35.8186760220575
27554	35.818675640897
27564	35.8186753898816
27566	35.8186749366609
27580	35.8186740733909
27592	35.8186726001811
27608	35.8186723516454
27616	35.8186706247945
27630	35.8186701788734
27672	35.8186700412211
27684	35.8186697132433
27686	35.8186693626806
27710	35.818668530694
27718	35.8186682881666
27720	35.8186680330634
27724	35.8186668179312
27730	35.8186664165926
27746	35.8186662051894
27750	35.8186650991181
27758	35.8186644190293
27760	35.8186638922792
27788	35.8186622161865
27844	35.8186621455708
27856	35.8186619805202
27868	35.818661943496
27876	35.8186615017797
27878	35.8186587754011
27894	35.8186587259203
27912	35.8186575271489
27922	35.8186566693049
27928	35.8186552579674
27940	35.818654953528
27942	35.818654106978
27958	35.8186540220185
27970	35.8186536295287
27972	35.8186524406937
27974	35.8186518318342
27988	35.8186500338283
28022	35.8186485710043
28024	35.8186481957812
28040	35.8186477489526
28052	35.8186472989184
28072	35.8186471360646
28076	35.8186434895944
28092	35.8186430098884
28098	35.8186413562862
28116	35.8186413227
28126	35.818639998718
28136	35.8186373699451
28138	35.8186350195514
28150	35.8186341954620
28166	35.8186332349719
28198	35.8186323636671
28212	35.8186298047118
28234	35.8186296662644
28236	35.8186294901943
28238	35.8186286452234
28240	35.8186271181987
28248	35.8186266781734
28260	35.8186245355543
28312	35.8186244329869
28316	35.8186237140505
28328	35.8186218000496
28346	35.8186196148401
28368	35.8186189378208
28376	35.818618632487
28392	35.8186166439976
28400	35.8186155659599
28414	35.8186151356659
28420	35.8186149724594
28448	35.818614565499
28460	35.8186141792552
28492	35.8186128323891
28522	35.818612803104
28524	35.8186126984063
28528	35.8186120415134
28554	35.8186119830459
28556	35.8186107278648
28558	35.818610706238
28576	35.8186103129985
28580	35.8186092122559
28584	35.8186083521613
28586	35.8186081991496
28594	35.8186068989576
28598	35.818606594376
28612	35.8186064772187
28618	35.8186061225376
28628	35.8186049516112
28630	35.8186048664494
28634	35.8186040843322
28648	35.8186038665342
28664	35.818603865776
28670	35.8186028418695
28672	35.8186018764021
28690	35.8186015655294
28698	35.8186009866672
28714	35.8186003325301
28728	35.8185979466158
28770	35.8185955708063
28776	35.8185947842507
28780	35.8185939556561
28790	35.8185931809435
28800	35.818592624542
28804	35.8185915672144
28806	35.8185898179643
28818	35.8185875156792
28832	35.8185858061412
28840	35.8185841553976
28846	35.8185819865742
28858	35.8185810306955
28860	35.8185789913435
28864	35.8185759940063
28880	35.818573751137
28892	35.8185731323878
28898	35.8185729639649
28918	35.8185695360798
28920	35.8185694730119
28940	35.8185682296896
28942	35.8185675660145
28944	35.8185654463031
28946	35.818563438013
28954	35.8185626074065
28964	35.8185625621254
28970	35.8185600547324
28984	35.8185600426537
28988	35.8185594870601
29000	35.8185557682844
29022	35.8185555107938
29046	35.8185551125793
29050	35.8185541457230
29054	35.8185529727697
29060	35.8185523488245
29076	35.8185514789542
29086	35.8185496832939
29132	35.8185487786879
29162	35.8185485287514
29164	35.8185484774267
29172	35.8185482226973
29178	35.8185482059810
29182	35.8185471590654
29232	35.8185469127228
29260	35.8185460426293
29282	35.8185457215948
29290	35.8185449095725
29298	35.8185448230674
29312	35.818543835596
29332	35.8185433133119
29348	35.8185423622186
29368	35.818541176351
29392	35.8185404630512
29402	35.8185382378674
29416	35.8185378649964
29422	35.8185375558485
29434	35.8185374772236
29440	35.8185373529521
29444	35.8185372984605
29446	35.8185360766475
29472	35.8185355643778
29488	35.8185353286923
29542	35.8185336058762
29564	35.8185333336443
29594	35.8185323903152
29602	35.8185321836158
29630	35.8185316729094
29646	35.8185316041054
29650	35.8185314605677
29678	35.8185312985132
29680	35.8185308701779
29682	35.8185307895126
29686	35.8185303868694
29688	35.8185301732570
29714	35.8185298765673
29716	35.8185298758455
29744	35.8185295100609
29746	35.8185295045773
29748	35.8185284091082
29778	35.8185277401334
29796	35.8185277363546
29802	35.8185276072961
29806	35.818527596892
29814	35.8185269596937
29816	35.818526884206
29822	35.8185261808216
29846	35.8185260946731
29850	35.8185259905725
29866	35.8185255396441
29872	35.8185242494265
29892	35.818523683507
29924	35.8185233040052
29928	35.8185228935232
29938	35.8185221069689
29978	35.818521559612
29998	35.8185212488655
30014	35.8185211881603
30026	35.8185210869323
30028	35.8185207859079
30040	35.8185205635785
30044	35.8185203054275
30058	35.8185196203444
30066	35.8185194652473
30082	35.8185191791848
30116	35.8185191562108
30118	35.8185190699937
30128	35.8185188102207
30138	35.8185187602437
30154	35.8185186153729
30160	35.8185186151849
30164	35.8185186046446
30168	35.8185182802758
30174	35.8185179968775
30182	35.8185179611561
30204	35.8185179088808
30208	35.8185176061089
30214	35.8185175693443
30224	35.818517316776
30232	35.8185165857877
30234	35.8185160133516
30264	35.8185158860665
30270	35.8185156650355
30306	35.8185156093959
30316	35.8185155799047
30322	35.8185151174459
30342	35.8185150144723
30356	35.818514787592
30366	35.8185145327158
30380	35.81851445321
30382	35.8185140885378
30398	35.8185140428863
30408	35.8185134854406
30434	35.8185131888791
30446	35.8185130968794
30450	35.8185130925357
30452	35.8185130366370
30458	35.8185129629725
30470	35.8185128977004
30476	35.8185128525612
30486	35.8185127503449
30514	35.8185127388931
30516	35.8185121566889
30544	35.8185120713833
30554	35.8185118972781
30574	35.8185118941738
30576	35.8185118663879
30580	35.8185115235246
30582	35.8185112722303
30586	35.8185109200455
30602	35.8185109083539
30610	35.8185106837056
30614	35.8185105940934
30624	35.8185105546624
30644	35.8185105203038
30646	35.8185104738195
30648	35.8185102040648
30658	35.8185101016283
30662	35.8185099512538
30664	35.8185096098868
30682	35.8185095045669
30690	35.8185092798353
30692	35.8185087392652
30702	35.8185084832280
30710	35.8185075082435
30722	35.8185073801377
30734	35.8185072221050
30744	35.8185071141791
30750	35.8185070742878
30760	35.8185067780514
30766	35.8185061344746
30770	35.8185055066353
30790	35.8185049266938
30798	35.8185041481167
30810	35.818503640997
30832	35.8185032222582
30862	35.8185032030344
30864	35.8185030572151
30868	35.8185024878188
30892	35.8185020584923
30910	35.8185018403058
30916	35.8185015817091
30930	35.8185013006177
30936	35.8185011255261
30942	35.8185011247171
30952	35.8185010554703
30954	35.8185003520506
30972	35.8185003338049
30976	35.8185001770801
30984	35.8184998132897
31000	35.8184997081784
31004	35.8184996320789
31006	35.818499265409
31018	35.8184990951734
31042	35.8184987511934
31044	35.8184985697261
31052	35.8184982206472
31060	35.8184976548606
31096	35.8184973033596
31098	35.8184971830454
31100	35.8184970774476
31102	35.818497045936
31116	35.8184967275015
31124	35.8184966609082
31132	35.8184965590904
31134	35.8184965013391
31138	35.8184961708082
31154	35.8184960865768
31188	35.8184960285452
31200	35.8184960283817
31202	35.8184959235114
31222	35.8184957892700
31228	35.8184956460619
31234	35.8184956020273
31244	35.8184950277753
31246	35.8184943446486
31250	35.8184940433930
31254	35.8184939919544
31256	35.8184939863037
31270	35.8184937856464
31282	35.8184936943206
31286	35.8184933863134
31292	35.8184933362891
31296	35.8184929725367
31300	35.8184928557687
31320	35.8184926872744
31332	35.8184924255706
31378	35.8184921107248
31384	35.8184919473886
31396	35.8184917390765
31398	35.8184915826598
31420	35.8184914839027
31434	35.8184911654269
31440	35.8184909137944
31486	35.8184908412056
31492	35.8184908237584
31496	35.8184906166773
31520	35.8184903453328
31550	35.8184901745973
31562	35.8184901292378
31566	35.8184900405323
31580	35.8184898240174
31632	35.8184897625160
31634	35.8184896841748
31660	35.8184895993037
31668	35.8184895257738
31678	35.8184894496508
31682	35.818489446559
31692	35.8184893136118
31694	35.8184891493593
31700	35.8184889850327
31732	35.8184889295171
31736	35.8184889173743
31758	35.8184887933352
31764	35.818488689621
31770	35.8184884817916
31790	35.8184884071659
31806	35.8184882868246
31836	35.8184882671307
31848	35.8184881781191
31866	35.8184881521355
31878	35.818488051339
31890	35.8184880449829
31898	35.8184880381658
31900	35.8184880056274
31924	35.8184878453488
31956	35.8184877957976
31976	35.8184877099419
32026	35.8184875935105
32054	35.8184875432058
32070	35.8184875342419
32080	35.8184875236229
32082	35.8184874779021
32104	35.81848734037
32122	35.8184873044897
32152	35.8184872984578
32162	35.8184872430961
32170	35.8184872050643
32172	35.8184871427446
32196	35.8184871136127
32204	35.8184870903775
32214	35.8184870695299
32224	35.8184870112852
32228	35.8184868741918
32238	35.8184868631352
32254	35.8184868327191
32258	35.818486791351
32262	35.8184866560768
32280	35.8184866444096
32292	35.8184865310907
32298	35.8184865041755
32316	35.8184864370814
32326	35.818486264653
32354	35.8184861914613
32382	35.8184861478841
32388	35.8184861310629
32402	35.8184861304897
32414	35.8184860529405
32420	35.8184860031559
32426	35.8184858397571
32444	35.8184858147022
32448	35.8184857990128
32460	35.8184857087782
32466	35.8184856441198
32468	35.8184855583578
32472	35.8184855526915
32474	35.8184855413889
32482	35.8184854748457
32484	35.818485470787
32486	35.8184853856696
32500	35.8184852201679
32520	35.8184851692288
32538	35.8184851507646
32548	35.8184851397453
32550	35.8184850325511
32562	35.8184850051337
32574	35.8184849828232
32578	35.818484974282
32580	35.8184849368331
32596	35.818484905379
32608	35.8184848968379
32616	35.8184848666466
32626	35.8184848623730
32632	35.8184848352814
32644	35.8184848167756
32656	35.8184847891435
32664	35.8184847870566
32670	35.818484775152
32684	35.8184847682548
32688	35.8184847491155
32700	35.8184847389486
32702	35.818484738114
32706	35.8184846893909
32720	35.8184846828223
32746	35.8184846766461
32758	35.8184846541328
32770	35.8184845916811
32794	35.8184845833004
32802	35.818484559191
32806	35.8184844954792
32828	35.8184844795786
32836	35.8184844746831
32850	35.8184844551224
32856	35.8184844550361
32860	35.8184843912013
32874	35.8184843822249
32876	35.8184843568785
32878	35.8184843541748
32880	35.8184843231874
32882	35.8184842950357
32912	35.8184842558559
32938	35.8184842414223
32942	35.8184841968784
32954	35.818484159076
32962	35.8184840909823
32998	35.8184840772903
33000	35.8184840477423
33026	35.8184840263924
33032	35.8184839595845
33036	35.8184839582314
33050	35.8184839564405
33054	35.8184839500257
33064	35.8184839472931
33074	35.8184839343247
33078	35.8184839061449
33102	35.8184838752778
33108	35.8184838457481
33120	35.8184838230799
33134	35.8184838167445
33136	35.8184838095025
33144	35.8184837888025
33146	35.8184837530776
33150	35.8184837373965
33152	35.8184837219265
33162	35.8184836730559
33166	35.8184836347139
33202	35.8184836176089
33206	35.818483546976
33208	35.8184835360133
33222	35.8184834626537
33228	35.8184833957673
33256	35.8184833610432
33262	35.8184833537095
33282	35.8184832794756
33296	35.8184832535215
33318	35.8184831674089
33368	35.8184831436100
33380	35.818483143474
33396	35.8184831360730
33400	35.8184831059572
33402	35.8184830989416
33416	35.8184830820537
33424	35.818483080939
33426	35.8184830456858
33438	35.8184830358485
33466	35.8184830138871
33480	35.8184829972198
33522	35.8184829868556
33524	35.8184829702512
33528	35.8184829574791
33556	35.818482943601
33566	35.8184829345744
33570	35.8184829300556
33572	35.8184829078014
33574	35.8184829048337
33608	35.8184828703791
33652	35.8184828505098
33654	35.8184828432058
33662	35.8184828338552
33670	35.8184828199750
33696	35.8184828170542
33706	35.8184827809308
33730	35.8184827624058
33734	35.8184827355192
33758	35.8184827157953
33766	35.8184827091099
33782	35.8184827010891
33784	35.8184826983913
33786	35.8184826937003
33794	35.8184826575657
33842	35.8184826538952
33846	35.8184826287032
33904	35.8184826099064
33916	35.8184826059993
33928	35.8184826049139
33944	35.8184825851459
33948	35.818482579913
33954	35.8184825621878
33978	35.8184825544656
33982	35.8184825473205
33986	35.8184825175096
33996	35.8184825132665
33998	35.8184825109057
34008	35.818482507411
34012	35.8184824881416
34020	35.8184824755828
34030	35.8184824678552
34054	35.8184824430478
34068	35.8184824145116
34080	35.8184824038667
34082	35.8184824026330
34096	35.8184823830625
34098	35.8184823783933
34118	35.8184823649634
34132	35.8184823533966
34144	35.8184823381713
34156	35.8184823362488
34164	35.8184823319754
34174	35.8184823310843
34180	35.8184823244434
34192	35.8184823091661
34202	35.8184822950824
34218	35.8184822832533
34220	35.8184822631714
34232	35.8184822480717
34240	35.8184822296074
34258	35.8184822271307
34268	35.8184822199125
34278	35.8184822191179
34280	35.8184822068239
34294	35.8184821720404
34310	35.8184821616409
34330	35.8184821134154
34346	35.8184821034748
34348	35.8184820909324
34386	35.8184820865916
34390	35.8184820832077
34394	35.8184820699969
34400	35.8184820500783
34412	35.8184820362474
34422	35.8184820321485
34426	35.81848202413
34428	35.8184820070140
34448	35.8184820005502
34464	35.8184819780574
34468	35.8184819764258
34470	35.8184819571002
34492	35.8184819463956
34496	35.8184819232735
34502	35.8184819207302
34504	35.8184819174517
34510	35.8184818559694
34514	35.8184818272613
34522	35.8184818140933
34524	35.818481810805
34526	35.8184817938573
34538	35.8184817860417
34540	35.8184817844168
34546	35.8184817675763
34552	35.818481733933
34576	35.8184817223515
34588	35.8184817181427
34622	35.8184816916653
34632	35.8184816682052
34636	35.8184816445375
34658	35.8184816347959
34666	35.8184815915726
34672	35.8184815840884
34674	35.8184815823818
34682	35.8184815725228
34688	35.8184815616435
34706	35.818481545977
34722	35.8184815119889
34728	35.8184814867659
34762	35.8184814852479
34780	35.8184814784499
34800	35.8184814723005
34812	35.8184814721774
34820	35.8184814649383
34830	35.8184814607126
34832	35.8184814577509
34862	35.8184814567961
34866	35.8184814562486
34870	35.8184814514304
34874	35.8184814488334
34916	35.8184814419749
34926	35.818481435461
34928	35.8184814242644
34960	35.8184814219095
34970	35.8184814182215
34982	35.8184814145019
34990	35.81848140952
35000	35.8184813855024
35022	35.818481384821
35038	35.8184813769848
35042	35.8184813750481
35058	35.8184813692162
35070	35.818481361555
35084	35.8184813603622
35096	35.8184813557676
35108	35.8184813445505
35130	35.8184813445293
35134	35.8184813437761
35136	35.818481338079
35140	35.8184813371668
35146	35.8184813313025
35154	35.8184813264049
35196	35.8184813253480
35198	35.8184813234661
35200	35.8184813221498
35202	35.8184813198224
35212	35.8184813197714
35214	35.8184813186809
35216	35.8184813167250
35222	35.8184813111073
35228	35.8184813109829
35234	35.8184813062639
35254	35.8184813004668
35270	35.8184813003961
35272	35.8184812981116
35274	35.8184812939051
35300	35.8184812905428
35302	35.8184812835478
35314	35.8184812822021
35324	35.8184812804324
35328	35.8184812786516
35330	35.8184812766267
35336	35.8184812735756
35338	35.8184812707208
35356	35.8184812587631
35364	35.818481257452
35376	35.8184812539715
35380	35.8184812482456
35388	35.8184812427518
35400	35.8184812406843
35402	35.8184812361064
35424	35.8184812344839
35460	35.818481230824
35462	35.8184812148747
35492	35.818481211146
35496	35.8184812035537
35500	35.8184811949141
35528	35.8184811900338
35530	35.818481181819
35550	35.8184811817489
35558	35.8184811778484
35582	35.8184811759205
35590	35.8184811710982
35634	35.8184811700485
35636	35.8184811693573
35638	35.818481163859
35646	35.8184811628111
35654	35.818481160222
35660	35.8184811501279
35694	35.8184811430344
35712	35.8184811425872
35714	35.8184811372660
35728	35.8184811366083
35746	35.8184811362313
35758	35.8184811344778
35780	35.8184811302184
35790	35.8184811259976
35814	35.8184811258618
35842	35.8184811254816
35844	35.8184811205470
35852	35.8184811185469
35854	35.8184811151403
35860	35.8184811150647
35870	35.8184811146146
35872	35.8184811133615
35878	35.8184811129792
35888	35.8184811095884
35892	35.8184811092589
35894	35.8184811065337
35896	35.8184811058722
35904	35.8184811012719
35912	35.8184810958904
35928	35.8184810900536
35960	35.8184810887954
35980	35.8184810883377
35984	35.8184810877123
35986	35.8184810828524
35996	35.818481080272
36000	35.8184810777421
36010	35.818481073232
36030	35.8184810727671
36032	35.818481072186
36034	35.8184810697821
36054	35.8184810621735
36064	35.8184810573684
36068	35.8184810481618
36082	35.8184810444805
36100	35.8184810406200
36102	35.8184810383275
36122	35.8184810284575
36124	35.8184810183688
36144	35.8184810095206
36182	35.8184810085967
36184	35.8184810056796
36186	35.8184810029489
36196	35.8184810008921
36204	35.8184809951363
36216	35.8184809950522
36234	35.8184809902675
36266	35.8184809893099
36270	35.8184809853335
36314	35.8184809808276
36322	35.8184809793581
36330	35.8184809754767
36362	35.8184809750046
36364	35.8184809739048
36376	35.8184809710828
36392	35.8184809684632
36396	35.8184809671049
36406	35.8184809641109
36434	35.8184809623695
36446	35.8184809617054
36448	35.8184809586331
36452	35.8184809553704
36454	35.8184809511738
36458	35.8184809493831
36494	35.8184809451113
36496	35.8184809439949
36516	35.8184809430434
36522	35.8184809415940
36536	35.8184809399092
36544	35.8184809381609
36552	35.8184809372661
36564	35.8184809350783
36574	35.8184809332604
36606	35.8184809311366
36608	35.8184809273871
36618	35.8184809244278
36626	35.8184809226325
36646	35.8184809213892
36648	35.8184809209597
36652	35.8184809199181
36656	35.8184809195517
36660	35.8184809190043
36668	35.8184809176309
36670	35.8184809098582
36686	35.8184809098442
36700	35.8184809085787
36710	35.8184809059875
36718	35.8184809057915
36724	35.8184809051067
36730	35.8184809011028
36752	35.8184808982733
36756	35.8184808975934
36776	35.818480897301
36786	35.8184808972471
36792	35.8184808945162
36804	35.8184808940323
36820	35.8184808912891
36832	35.8184808894409
36838	35.8184808891018
36850	35.8184808881062
36852	35.8184808872864
36856	35.8184808872216
36862	35.8184808871089
36878	35.8184808866278
36886	35.8184808845817
36898	35.8184808839565
36902	35.8184808836929
36906	35.8184808822641
36922	35.8184808812473
36926	35.8184808810381
36936	35.8184808807421
36938	35.8184808781504
36958	35.8184808775554
36976	35.8184808767048
36984	35.8184808755862
36990	35.8184808734761
37024	35.8184808734286
37034	35.8184808725473
37052	35.8184808702653
37070	35.8184808693198
37092	35.818480868771
37102	35.8184808683774
37104	35.8184808681252
37106	35.8184808677506
37124	35.8184808668514
37130	35.8184808660582
37132	35.8184808651834
37140	35.8184808649673
37144	35.8184808642083
37158	35.8184808632688
37162	35.8184808629589
37166	35.8184808624992
37176	35.8184808617357
37186	35.8184808614909
37194	35.8184808599382
37210	35.8184808597145
37216	35.818480858643
37220	35.8184808571492
37254	35.818480856272
37258	35.8184808552836
37260	35.8184808551854
37274	35.8184808547765
37276	35.8184808546661
37294	35.8184808543858
37296	35.8184808532273
37314	35.8184808531522
37336	35.8184808526291
37350	35.8184808510105
37364	35.8184808506751
37376	35.8184808504426
37382	35.8184808481844
37392	35.8184808470213
37396	35.8184808448337
37408	35.818480842199
37430	35.8184808390622
37462	35.8184808364671
37466	35.8184808364093
37506	35.8184808359127
37512	35.8184808357155
37528	35.8184808349232
37540	35.8184808340635
37550	35.8184808340495
37556	35.8184808316859
37564	35.818480831418
37570	35.8184808309681
37586	35.8184808309192
37604	35.8184808307465
37630	35.8184808302757
37632	35.8184808301245
37658	35.8184808297604
37660	35.8184808297013
37668	35.8184808291592
37676	35.8184808288905
37702	35.8184808282799
37708	35.8184808281496
37714	35.8184808277858
37726	35.818480827283
37746	35.8184808270864
37764	35.8184808266394
37808	35.818480826345
37810	35.8184808258799
37832	35.8184808257907
37842	35.8184808257808
37852	35.8184808254396
37854	35.8184808250482
37876	35.818480824846
37912	35.8184808243896
37952	35.8184808241131
37980	35.8184808239078
37994	35.8184808238738
38000	35.8184808236819
38012	35.8184808235868
38026	35.8184808235300
38028	35.8184808234674
38042	35.8184808232388
38050	35.8184808231114
38052	35.8184808229702
38054	35.8184808225554
38080	35.8184808222707
38106	35.8184808222643
38108	35.8184808221985
38116	35.8184808218442
38124	35.8184808218265
38140	35.8184808217082
38144	35.8184808216425
38146	35.8184808210092
38150	35.818480820988
38154	35.8184808207529
38172	35.8184808202542
38178	35.8184808201885
38180	35.8184808201524
38190	35.8184808192895
38228	35.8184808186259
38236	35.8184808181192
38244	35.8184808177996
38248	35.8184808170865
38254	35.8184808160777
38290	35.8184808154368
38296	35.8184808146202
38308	35.8184808145754
38326	35.8184808140802
38330	35.8184808139204
38340	35.8184808134912
38348	35.8184808127054
38352	35.8184808123461
38362	35.8184808120680
38374	35.8184808116907
38384	35.8184808113787
38386	35.8184808105908
38402	35.8184808089641
38424	35.8184808089038
38448	35.8184808070557
38452	35.8184808064645
38474	35.8184808057139
38484	35.8184808054559
38492	35.8184808053676
38500	35.8184808052604
38512	35.8184808045387
38516	35.8184808034009
38546	35.8184808029639
38556	35.8184808019978
38568	35.8184808017797
38572	35.8184808015276
38576	35.8184808013942
38590	35.8184808007468
38606	35.8184808006231
38612	35.8184808003474
38622	35.8184807993558
38624	35.8184807982826
38628	35.8184807977652
38634	35.8184807961605
38672	35.8184807948987
38682	35.8184807945655
38686	35.8184807927836
38716	35.8184807920896
38734	35.8184807919507
38736	35.8184807914394
38750	35.8184807907206
38756	35.8184807897611
38768	35.8184807897402
38780	35.8184807889798
38792	35.8184807880999
38800	35.8184807869256
38820	35.8184807854466
38828	35.8184807849949
38848	35.8184807848486
38852	35.8184807845756
38872	35.8184807836991
38902	35.8184807826221
38912	35.8184807826035
38922	35.8184807824642
38928	35.8184807813821
38948	35.8184807809371
38978	35.8184807801498
38996	35.8184807800153
38998	35.8184807791716
39032	35.8184807784556
39042	35.8184807776761
39074	35.8184807775651
39082	35.8184807768697
39104	35.8184807767848
39106	35.8184807766143
39120	35.8184807759131
39122	35.8184807753603
39150	35.8184807752663
39154	35.8184807751144
39162	35.818480774801
39178	35.8184807745717
39182	35.8184807744126
39194	35.8184807742991
39196	35.8184807738735
39202	35.8184807730902
39250	35.8184807727417
39260	35.8184807723969
39276	35.8184807721537
39278	35.8184807708843
39302	35.8184807706794
39304	35.8184807699897
39310	35.8184807693015
39328	35.8184807690849
39352	35.8184807686996
39358	35.8184807683165
39364	35.818480768096
39410	35.8184807680269
39414	35.818480767509
39422	35.8184807673324
39440	35.8184807670503
39442	35.8184807670383
39452	35.8184807666279
39462	35.8184807664002
39478	35.818480766224
39484	35.8184807662129
39490	35.8184807662028
39492	35.8184807657088
39494	35.8184807655949
39496	35.8184807652006
39516	35.818480764959
39520	35.818480764312
39526	35.8184807643082
39536	35.8184807641291
39540	35.8184807640633
39546	35.8184807640598
39552	35.818480763963
39556	35.8184807636599
39558	35.8184807630931
39570	35.8184807630782
39574	35.8184807629561
39580	35.8184807628126
39594	35.8184807618951
39606	35.8184807615487
39626	35.8184807610095
39642	35.8184807607101
39678	35.8184807606826
39692	35.8184807602599
39696	35.8184807600826
39710	35.8184807596353
39734	35.8184807594329
39736	35.8184807592821
39750	35.8184807583862
39770	35.8184807581426
39794	35.8184807580245
39802	35.8184807579584
39808	35.8184807571661
39818	35.8184807563000
39830	35.8184807550771
39842	35.8184807548063
39848	35.8184807546584
39854	35.8184807529394
39856	35.8184807526836
39874	35.8184807524918
39876	35.8184807512576
39882	35.8184807509214
39896	35.8184807498208
39898	35.8184807496926
39902	35.8184807482081
39904	35.8184807480256
39930	35.8184807479747
39940	35.8184807478094
39952	35.8184807476995
39962	35.8184807461793
39968	35.8184807456351
39982	35.8184807455726
40004	35.8184807453584
40012	35.8184807444911
40014	35.8184807440501
40022	35.8184807432997
40040	35.8184807429403
40042	35.8184807428779
40050	35.8184807423973
40058	35.8184807421339
40080	35.818480742058
40084	35.8184807419054
40094	35.8184807411996
40120	35.8184807407453
40126	35.8184807407038
40144	35.8184807404483
40146	35.8184807404094
40158	35.8184807395472
40162	35.8184807394908
40172	35.8184807393245
40192	35.8184807390437
40214	35.8184807387978
40228	35.8184807386301
40232	35.8184807382113
40234	35.8184807380894
40242	35.818480738012
40246	35.8184807379715
40250	35.8184807376838
40252	35.8184807366396
40264	35.8184807360887
40278	35.8184807347244
40290	35.8184807346303
40308	35.8184807345495
40310	35.8184807329000
40342	35.8184807323814
40356	35.8184807313572
40372	35.8184807302304
40384	35.8184807290233
40412	35.8184807271677
40416	35.8184807264866
40430	35.8184807261574
40446	35.8184807261429
40448	35.8184807247903
40452	35.8184807247411
40466	35.8184807241792
40488	35.818480723745
40492	35.8184807237243
40498	35.8184807227325
40538	35.8184807221059
40548	35.8184807219736
40562	35.8184807214133
40564	35.8184807208768
40588	35.8184807204182
40592	35.8184807198162
40610	35.8184807198007
40628	35.8184807192757
40630	35.8184807191257
40632	35.8184807181462
40658	35.8184807174423
40674	35.8184807173830
40686	35.8184807158565
40688	35.8184807156994
40698	35.8184807155755
40710	35.8184807154525
40732	35.8184807147708
40750	35.8184807140521
40772	35.8184807139030
40774	35.818480713835
40786	35.8184807136355
40804	35.8184807125973
40806	35.8184807116544
40828	35.8184807115833
40834	35.8184807109567
40846	35.8184807108969
40858	35.8184807107579
40862	35.8184807100121
40868	35.8184807092415
40876	35.8184807082538
40878	35.8184807078343
40886	35.818480707489
40894	35.8184807069797
40914	35.8184807069513
40922	35.8184807055424
40944	35.8184807051652
40962	35.8184807046604
40988	35.8184807045223
40998	35.8184807035626
41012	35.8184807018599
41042	35.8184807011765
41050	35.8184807010607
41062	35.8184807005188
41074	35.8184807003275
41118	35.8184807001379
41120	35.8184806999067
41128	35.8184806996234
41134	35.8184806994847
41138	35.8184806994433
41162	35.8184806989934
41166	35.8184806989263
41172	35.8184806983558
41200	35.8184806982328
41224	35.8184806978188
41260	35.8184806977455
41268	35.8184806975681
41274	35.8184806975318
41284	35.8184806975226
41290	35.8184806971438
41294	35.8184806967835
41314	35.8184806965398
41326	35.8184806963766
41342	35.8184806961155
41346	35.8184806960274
41366	35.8184806956745
41370	35.8184806955635
41376	35.8184806954892
41386	35.8184806953665
41390	35.8184806951419
41392	35.8184806948787
41402	35.8184806947997
41428	35.8184806947753
41434	35.8184806947363
41444	35.8184806945321
41450	35.8184806943410
41472	35.8184806943245
41484	35.8184806942238
41508	35.818480694113
41516	35.8184806941039
41524	35.8184806939582
41536	35.8184806939341
41554	35.8184806938824
41558	35.8184806938115
41564	35.8184806936092
41586	35.8184806934465
41594	35.8184806934321
41602	35.8184806933534
41604	35.8184806932757
41612	35.818480693132
41656	35.8184806930155
41684	35.8184806928772
41686	35.8184806926220
41706	35.8184806925656
41708	35.8184806925540
41712	35.8184806925089
41718	35.8184806924356
41724	35.8184806921725
41746	35.818480692011
41756	35.8184806916911
41772	35.8184806916167
41790	35.8184806911825
41796	35.8184806908415
41838	35.818480690717
41854	35.8184806907112
41856	35.8184806905428
41868	35.8184806901099
41878	35.8184806898187
41882	35.8184806897607
41892	35.8184806896511
41922	35.8184806894653
41924	35.8184806893544
41928	35.8184806893055
41964	35.8184806891572
41982	35.8184806891039
41986	35.8184806889703
41994	35.8184806887766
42016	35.8184806886297
42020	35.8184806879511
42050	35.8184806877197
42054	35.8184806876071
42062	35.8184806874724
42068	35.8184806874161
42074	35.8184806873994
42080	35.8184806869495
42086	35.8184806868103
42104	35.8184806867036
42114	35.8184806865648
42132	35.8184806864704
42140	35.8184806863139
42148	35.8184806862455
42172	35.8184806861531
42178	35.8184806860569
42188	35.8184806860209
42198	35.8184806858815
42214	35.8184806855349
42250	35.8184806854345
42258	35.8184806853565
42262	35.8184806852431
42264	35.8184806848519
42276	35.8184806847045
42296	35.8184806844477
42316	35.8184806844317
42318	35.818480684276
42324	35.8184806842178
42330	35.8184806841113
42334	35.8184806841032
42352	35.8184806838254
42374	35.8184806838011
42384	35.8184806837868
42394	35.8184806837166
42412	35.8184806835416
42444	35.8184806835188
42452	35.8184806834109
42454	35.8184806833415
42464	35.818480683249
42488	35.8184806830778
42518	35.8184806829613
42530	35.8184806829574
42532	35.8184806829221
42542	35.8184806828387
42554	35.8184806827481
42568	35.8184806826818
42598	35.8184806826524
42608	35.8184806825565
42614	35.8184806825295
42624	35.8184806824928
42628	35.8184806824186
42642	35.8184806822579
42676	35.8184806822469
42694	35.8184806821615
42696	35.8184806820382
42700	35.8184806820013
42702	35.8184806818280
42736	35.8184806815378
42756	35.8184806815268
42758	35.8184806814575
42764	35.8184806814515
42770	35.8184806814142
42784	35.818480681393
42796	35.8184806812039
42814	35.8184806811744
42822	35.8184806810118
42836	35.8184806808862
42838	35.8184806807175
42878	35.8184806806833
42888	35.8184806806708
42900	35.8184806806509
42908	35.8184806805315
42914	35.8184806804468
42918	35.8184806804325
42928	35.818480680423
42936	35.8184806804014
42938	35.8184806803688
42942	35.818480680343
42948	35.818480680324
42950	35.8184806803077
42960	35.8184806802518
42968	35.8184806802481
42976	35.8184806802143
42980	35.8184806802105
42984	35.8184806800829
43000	35.8184806800036
43052	35.8184806799845
43064	35.8184806798975
43096	35.8184806798349
43100	35.8184806798247
43104	35.8184806797307
43108	35.8184806796679
43110	35.8184806796267
43122	35.8184806795889
43128	35.8184806795488
43140	35.8184806795379
43158	35.8184806794429
43188	35.8184806794361
43198	35.8184806794114
43206	35.8184806793932
43212	35.8184806793828
43214	35.8184806793604
43222	35.8184806793497
43234	35.8184806793249
43250	35.8184806793047
43252	35.8184806792717
43270	35.818480679268
43274	35.8184806792009
43278	35.8184806791648
43288	35.8184806791306
43306	35.8184806790934
43310	35.8184806789941
43334	35.8184806789381
43340	35.8184806788754
43354	35.8184806788323
43368	35.8184806787345
43370	35.8184806787226
43380	35.8184806786773
43390	35.8184806786532
43398	35.8184806786025
43426	35.8184806785475
43428	35.8184806784766
43434	35.8184806784237
43452	35.8184806784074
43476	35.8184806784029
43486	35.8184806783225
43500	35.8184806782278
43502	35.8184806781613
43508	35.8184806781268
43518	35.8184806780847
43526	35.8184806780192
43536	35.8184806780118
43538	35.8184806780047
43556	35.8184806779944
43574	35.8184806779482
43590	35.8184806779282
43594	35.8184806779131
43596	35.8184806777966
43606	35.8184806776629
43610	35.8184806775481
43612	35.8184806775108
43632	35.8184806774487
43644	35.8184806774376
43654	35.8184806773167
43660	35.8184806772719
43684	35.8184806772094
43694	35.8184806770969
43740	35.8184806770421
43744	35.8184806769869
43766	35.8184806769663
43778	35.8184806769462
43788	35.8184806768481
43814	35.8184806768294
43820	35.818480676814
43832	35.818480676809
43834	35.8184806767317
43846	35.8184806766037
43860	35.8184806765367
43876	35.8184806765323
43884	35.8184806764563
43896	35.8184806764257
43906	35.8184806764051
43918	35.8184806763243
43922	35.8184806763232
43928	35.8184806762626
43934	35.8184806762624
43938	35.8184806762302
43944	35.8184806762011
43970	35.8184806761792
43972	35.8184806761570
43976	35.8184806761192
43986	35.8184806760686
43996	35.8184806760524
44004	35.8184806760294
44034	35.8184806759909
44064	35.8184806759823
44068	35.8184806759584
44086	35.8184806759217
44100	35.8184806759170
44116	35.8184806758814
44118	35.8184806758771
44128	35.8184806758612
44156	35.8184806758580
44158	35.8184806758083
44166	35.8184806757961
44196	35.8184806757652
44212	35.8184806757439
44234	35.8184806757331
44244	35.8184806757280
44254	35.8184806757117
44256	35.8184806756972
44278	35.8184806756689
44298	35.8184806756407
44302	35.8184806755899
44314	35.8184806755529
44328	35.8184806755143
44330	35.8184806755016
44352	35.8184806754582
44358	35.8184806754492
44364	35.8184806754255
44368	35.8184806754149
44378	35.8184806754107
44384	35.8184806753992
44388	35.8184806753731
44392	35.8184806753707
44394	35.8184806753534
44396	35.8184806753399
44398	35.8184806753378
44432	35.818480675319
44436	35.8184806753066
44442	35.8184806752581
44448	35.8184806752422
44462	35.8184806752218
44468	35.8184806752109
44470	35.818480675202
44472	35.8184806751938
44476	35.8184806751615
44480	35.8184806751221
44532	35.8184806751131
44536	35.8184806750655
44542	35.8184806749948
44552	35.8184806749817
44558	35.8184806749787
44574	35.8184806749785
44580	35.8184806749689
44594	35.8184806749412
44614	35.8184806749187
44624	35.8184806748929
44642	35.8184806748895
44648	35.8184806748514
44662	35.8184806748036
44668	35.8184806747943
44676	35.8184806747830
44680	35.8184806747374
44692	35.8184806747277
44698	35.8184806747163
44712	35.8184806746882
44716	35.8184806746558
44732	35.8184806746064
44744	35.8184806745734
44748	35.8184806745465
44756	35.8184806745389
44758	35.8184806744758
44792	35.818480674454
44802	35.8184806744377
44812	35.8184806743978
44814	35.8184806743854
44816	35.8184806743201
44858	35.8184806742868
44870	35.8184806742740
44880	35.8184806742673
44884	35.8184806742491
44900	35.8184806741972
44914	35.8184806741569
44940	35.8184806741344
44960	35.818480674134
44980	35.8184806741218
44988	35.8184806740954
44992	35.8184806740710
45006	35.8184806740641
45010	35.8184806740517
45022	35.8184806740350
45034	35.8184806740344
45038	35.8184806739965
45052	35.8184806739938
45054	35.8184806739898
45056	35.8184806739456
45060	35.8184806739264
45064	35.8184806738898
45066	35.8184806738744
45072	35.8184806737973
45084	35.8184806737664
45098	35.8184806737516
45102	35.8184806737444
45104	35.8184806737221
45124	35.8184806736976
45144	35.818480673687
45146	35.8184806736815
45162	35.8184806736426
45182	35.8184806736082
45192	35.8184806735805
45202	35.8184806735539
45204	35.8184806735426
45206	35.8184806735167
45234	35.8184806735043
45236	35.8184806734501
45240	35.8184806733775
45246	35.8184806733411
45274	35.8184806732808
45286	35.8184806732472
45302	35.8184806732353
45350	35.818480673224
45368	35.8184806731987
45370	35.8184806731738
45374	35.8184806731538
45378	35.8184806731198
45390	35.8184806730754
45394	35.8184806730622
45402	35.8184806730015
45442	35.8184806729554
45450	35.8184806729317
45458	35.8184806729006
45478	35.8184806728613
45492	35.8184806728613
45504	35.8184806728374
45508	35.8184806727773
45510	35.8184806727527
45544	35.8184806727444
45548	35.8184806726767
45568	35.8184806726233
45586	35.8184806725310
45598	35.8184806725222
45618	35.8184806724518
45632	35.8184806723979
45640	35.8184806723753
45644	35.8184806723405
45666	35.8184806723315
45668	35.8184806722689
45690	35.818480672241
45700	35.8184806722282
45714	35.8184806721561
45744	35.8184806721229
45760	35.8184806720733
45766	35.8184806720006
45794	35.8184806719784
45866	35.8184806719673
45896	35.8184806719515
45900	35.8184806719464
45906	35.8184806719245
45926	35.8184806719145
45936	35.8184806719104
45942	35.8184806718957
45956	35.818480671876
45972	35.8184806718617
45982	35.8184806718317
45992	35.8184806718183
45998	35.8184806718152
46010	35.8184806718089
46012	35.8184806717788
46034	35.8184806717746
46046	35.8184806717307
46058	35.8184806717035
46060	35.8184806716745
46108	35.8184806716719
46116	35.8184806716442
46120	35.8184806716427
46138	35.8184806716317
46152	35.8184806716137
46172	35.8184806716103
46174	35.8184806716048
46184	35.8184806715913
46186	35.8184806715766
46196	35.8184806715730
46200	35.8184806715678
46210	35.8184806715531
46220	35.8184806715409
46236	35.8184806715387
46262	35.8184806715352
46280	35.8184806715240
46316	35.8184806715222
46322	35.8184806715176
46338	35.8184806714757
46354	35.8184806714309
46374	35.8184806713784
46384	35.8184806713718
46388	35.8184806713546
46402	35.8184806713447
46426	35.8184806713099
46448	35.8184806713089
46452	35.8184806713041
46456	35.8184806712781
46474	35.8184806712593
46492	35.8184806712510
46502	35.8184806712416
46512	35.8184806712356
46514	35.8184806712276
46518	35.8184806712036
46538	35.8184806711969
46546	35.8184806711593
46550	35.8184806710996
46560	35.8184806710873
46572	35.8184806710791
46596	35.8184806710405
46612	35.8184806710336
46614	35.8184806710261
46652	35.8184806709662
46662	35.8184806709556
46664	35.8184806709415
46668	35.8184806709139
46670	35.8184806709015
46672	35.8184806708438
46690	35.8184806708246
46730	35.8184806708136
46734	35.8184806708078
46772	35.8184806707946
46780	35.818480670786
46782	35.8184806707802
46784	35.818480670768
46808	35.8184806707626
46820	35.8184806707601
46832	35.818480670751
46836	35.8184806707471
46838	35.818480670732
46852	35.8184806707192
46854	35.8184806707142
46862	35.8184806707113
46886	35.8184806707094
46900	35.8184806707016
46904	35.8184806706963
46910	35.8184806706934
46916	35.8184806706893
46924	35.8184806706857
46928	35.8184806706727
46936	35.8184806706704
46938	35.8184806706608
46958	35.8184806706522
46972	35.8184806706507
46974	35.8184806706501
46988	35.8184806706422
46990	35.8184806706418
46994	35.8184806706288
47024	35.8184806706142
47058	35.8184806706107
47076	35.8184806705537
47084	35.8184806705426
47092	35.8184806705403
47094	35.8184806705275
47096	35.8184806705113
47098	35.8184806705094
47112	35.8184806704904
47124	35.8184806704728
47128	35.8184806704618
47130	35.8184806704553
47138	35.8184806704446
47160	35.818480670438
47190	35.8184806704365
47192	35.8184806704202
47208	35.8184806704190
47228	35.8184806704136
47234	35.8184806704060
47238	35.8184806703983
47254	35.8184806703900
47258	35.8184806703813
47264	35.8184806703612
47286	35.818480670359
47310	35.8184806703559
47318	35.8184806703326
47332	35.8184806703249
47336	35.8184806703221
47342	35.8184806703127
47356	35.8184806702955
47380	35.8184806702938
47382	35.8184806702923
47384	35.8184806702677
47432	35.8184806702629
47434	35.8184806702515
47442	35.818480670238
47450	35.8184806702359
47470	35.818480670234
47488	35.8184806702185
47494	35.8184806702178
47496	35.818480670206
47512	35.8184806701865
47534	35.8184806701617
47552	35.81848067016
47574	35.8184806701571
47578	35.8184806701406
47584	35.8184806701306
47596	35.8184806701194
47606	35.8184806701108
47622	35.8184806700959
47674	35.8184806700881
47692	35.8184806700639
47724	35.8184806700525
47736	35.8184806700477
47754	35.8184806700283
47766	35.8184806700275
47776	35.818480670016
47824	35.8184806700019
47836	35.8184806699949
47870	35.8184806699948
47872	35.8184806699916
47880	35.8184806699872
47886	35.8184806699849
47890	35.8184806699773
47898	35.8184806699768
47922	35.8184806699757
47926	35.8184806699690
47930	35.8184806699637
47948	35.8184806699611
47950	35.818480669956
47960	35.8184806699527
47970	35.8184806699517
47972	35.8184806699474
47976	35.8184806699474
48004	35.8184806699457
48016	35.8184806699340
48042	35.8184806699265
48052	35.8184806699262
48056	35.8184806699238
48064	35.8184806699207
48078	35.8184806699201
48080	35.8184806699097
48118	35.8184806699092
48124	35.8184806699084
48126	35.818480669899
48136	35.8184806698986
48152	35.8184806698985
48154	35.8184806698980
48166	35.818480669884
48190	35.8184806698745
48226	35.8184806698743
48230	35.8184806698641
48246	35.8184806698531
48276	35.8184806698491
48282	35.818480669844
48296	35.8184806698414
48308	35.8184806698407
48314	35.8184806698318
48316	35.8184806698292
48356	35.818480669826
48364	35.8184806698257
48366	35.8184806698173
48392	35.8184806698083
48398	35.8184806698037
48424	35.8184806697998
48466	35.8184806697944
48486	35.8184806697864
48524	35.8184806697820
48552	35.8184806697783
48584	35.8184806697771
48602	35.8184806697747
48608	35.8184806697744
48610	35.8184806697737
48616	35.8184806697734
48618	35.8184806697725
48626	35.8184806697717
48632	35.8184806697708
48636	35.8184806697705
48652	35.8184806697694
48670	35.8184806697669
48678	35.8184806697652
48688	35.8184806697643
48708	35.8184806697622
48718	35.8184806697621
48734	35.8184806697616
48760	35.8184806697615
48764	35.8184806697603
48766	35.8184806697601
48772	35.8184806697598
48788	35.8184806697592
48798	35.8184806697587
48802	35.8184806697572
48808	35.8184806697559
48812	35.8184806697555
48814	35.8184806697555
48818	35.8184806697534
48820	35.8184806697531
48826	35.8184806697528
48830	35.818480669752
48858	35.8184806697513
48860	35.8184806697501
48874	35.8184806697494
48882	35.818480669749
48886	35.8184806697485
48898	35.8184806697467
48916	35.8184806697455
48920	35.8184806697448
48928	35.8184806697409
48936	35.8184806697399
48944	35.8184806697388
48946	35.8184806697387
48954	35.8184806697384
48966	35.8184806697324
48972	35.8184806697302
48974	35.8184806697284
48978	35.8184806697283
48990	35.8184806697251
48998	35.8184806697223
49022	35.8184806697215
49026	35.8184806697185
49048	35.8184806697171
49056	35.818480669715
49070	35.8184806697137
49072	35.8184806697131
49096	35.8184806697097
49120	35.8184806697086
49132	35.8184806697077
49136	35.8184806697062
49148	35.8184806697058
49154	35.8184806697053
49160	35.8184806697043
49164	35.8184806697041
49174	35.8184806696987
49200	35.8184806696975
49210	35.8184806696952
49222	35.8184806696943
49230	35.8184806696937
49250	35.8184806696935
49256	35.8184806696905
49278	35.8184806696903
49286	35.8184806696896
49288	35.8184806696893
49296	35.8184806696874
49304	35.8184806696869
49308	35.8184806696852
49312	35.8184806696831
49326	35.8184806696824
49338	35.8184806696793
49340	35.8184806696787
49348	35.8184806696769
49378	35.8184806696759
49394	35.8184806696756
49396	35.8184806696754
49398	35.8184806696728
49404	35.8184806696722
49426	35.8184806696713
49428	35.8184806696690
49432	35.8184806696675
49444	35.8184806696616
49472	35.8184806696607
49484	35.8184806696602
49488	35.8184806696578
49514	35.8184806696576
49518	35.8184806696568
49528	35.818480669654
49558	35.8184806696535
49560	35.8184806696527
49570	35.818480669652
49580	35.8184806696494
49586	35.8184806696481
49588	35.8184806696458
49608	35.8184806696458
49618	35.8184806696443
49630	35.8184806696424
49670	35.8184806696418
49688	35.8184806696416
49694	35.8184806696404
49726	35.8184806696389
49736	35.8184806696383
49742	35.8184806696369
49780	35.8184806696368
49784	35.8184806696334
49800	35.8184806696329
49812	35.8184806696314
49834	35.8184806696312
49846	35.8184806696311
49850	35.8184806696309
49854	35.8184806696299
49884	35.8184806696297
49888	35.8184806696287
49904	35.8184806696283
49924	35.8184806696281
49928	35.818480669628
49930	35.8184806696265
49948	35.8184806696257
49958	35.8184806696251
49960	35.8184806696251
49966	35.8184806696245
49968	35.8184806696244
49988	35.8184806696239
49994	35.8184806696233
49998	35.8184806696230
50012	35.8184806696223
50032	35.8184806696223
50042	35.818480669622
50046	35.8184806696214
50066	35.8184806696211
50090	35.8184806696203
50124	35.8184806696203
50126	35.8184806696202
50140	35.8184806696200
50142	35.81848066962
50150	35.8184806696198
50162	35.8184806696197
50164	35.8184806696196
50168	35.8184806696193
50176	35.8184806696189
50186	35.8184806696188
50188	35.8184806696186
50198	35.8184806696181
50216	35.8184806696177
50242	35.8184806696175
50246	35.8184806696172
50258	35.8184806696171
50272	35.8184806696169
50274	35.8184806696162
50278	35.8184806696147
50328	35.8184806696138
50330	35.8184806696136
50332	35.8184806696117
50364	35.818480669611
50394	35.8184806696102
50396	35.81848066961
50420	35.8184806696092
50446	35.8184806696091
50460	35.8184806696087
50466	35.8184806696084
50468	35.8184806696084
50478	35.8184806696081
50504	35.8184806696073
50536	35.8184806696069
50542	35.8184806696064
50552	35.8184806696057
50556	35.8184806696054
50576	35.8184806696053
50578	35.818480669605
50586	35.8184806696049
50596	35.8184806696046
50610	35.8184806696046
50612	35.8184806696043
50624	35.8184806696036
50636	35.8184806696032
50648	35.8184806696031
50664	35.8184806696021
50694	35.8184806696021
50706	35.8184806696020
50708	35.818480669601
50726	35.8184806696003
50748	35.8184806696000
50750	35.8184806695996
50766	35.8184806695993
50772	35.8184806695981
50780	35.8184806695979
50782	35.8184806695978
50786	35.818480669597
50798	35.8184806695965
50814	35.8184806695960
50816	35.8184806695959
50846	35.8184806695958
50852	35.8184806695946
50856	35.8184806695937
50870	35.8184806695932
50890	35.8184806695914
50926	35.8184806695910
50940	35.8184806695901
50950	35.8184806695898
50952	35.8184806695893
50966	35.8184806695892
50970	35.8184806695892
50972	35.8184806695887
50978	35.8184806695881
50998	35.818480669588
51000	35.8184806695865
51068	35.8184806695864
51076	35.8184806695856
51094	35.8184806695853
51098	35.8184806695839
51108	35.8184806695836
51126	35.8184806695835
51140	35.8184806695834
51162	35.8184806695833
51172	35.8184806695832
51174	35.8184806695829
51184	35.8184806695818
51210	35.8184806695817
51212	35.8184806695814
51216	35.8184806695808
51222	35.8184806695806
51230	35.8184806695805
51256	35.8184806695804
51264	35.8184806695802
51266	35.8184806695799
51276	35.8184806695793
51322	35.8184806695790
51324	35.8184806695785
51338	35.8184806695777
51372	35.8184806695775
51386	35.8184806695774
51392	35.8184806695774
51404	35.8184806695772
51416	35.818480669577
51418	35.818480669577
51422	35.8184806695769
51430	35.8184806695765
51440	35.8184806695765
51442	35.8184806695764
51454	35.818480669576
51460	35.8184806695756
51480	35.8184806695755
51500	35.8184806695751
51512	35.8184806695744
51548	35.818480669574
51566	35.8184806695739
51568	35.8184806695737
51578	35.8184806695735
51592	35.8184806695735
51614	35.8184806695734
51630	35.8184806695732
51634	35.818480669573
51636	35.818480669573
51640	35.8184806695725
51668	35.8184806695723
51672	35.8184806695722
51692	35.8184806695717
51722	35.8184806695716
51734	35.8184806695712
51738	35.8184806695708
51744	35.8184806695706
51754	35.8184806695706
51758	35.8184806695698
51770	35.8184806695697
51776	35.8184806695691
51782	35.818480669569
51798	35.8184806695686
51832	35.8184806695686
51850	35.8184806695685
51852	35.8184806695683
51864	35.8184806695682
51866	35.818480669568
51910	35.818480669568
51922	35.8184806695678
51926	35.8184806695678
51934	35.8184806695677
51962	35.8184806695676
51966	35.8184806695674
51992	35.8184806695672
52002	35.8184806695670
52040	35.8184806695669
52042	35.8184806695669
52054	35.8184806695669
52064	35.8184806695667
52072	35.8184806695664
52106	35.8184806695662
52112	35.8184806695662
52122	35.8184806695659
52132	35.8184806695656
52134	35.8184806695656
52138	35.8184806695654
52152	35.8184806695654
52158	35.8184806695654
52160	35.8184806695653
52182	35.8184806695653
52202	35.8184806695652
52208	35.8184806695652
52224	35.818480669565
52240	35.8184806695648
52250	35.8184806695646
52270	35.8184806695646
52274	35.8184806695645
52290	35.8184806695644
52294	35.8184806695643
52298	35.8184806695641
52302	35.8184806695641
52306	35.8184806695639
52316	35.8184806695638
52318	35.8184806695637
52326	35.8184806695637
52372	35.8184806695636
52384	35.8184806695636
52390	35.8184806695635
52406	35.8184806695634
52414	35.8184806695632
52422	35.8184806695632
52428	35.8184806695631
52432	35.8184806695631
52470	35.8184806695630
52472	35.8184806695629
52486	35.8184806695629
52488	35.8184806695626
52496	35.8184806695626
52524	35.8184806695626
52546	35.8184806695624
52548	35.8184806695623
52550	35.8184806695621
52568	35.8184806695620
52578	35.8184806695619
52582	35.8184806695618
52584	35.8184806695615
52602	35.8184806695612
52622	35.818480669561
52638	35.818480669561
52640	35.8184806695609
52652	35.8184806695609
52666	35.8184806695609
52696	35.8184806695606
52716	35.8184806695605
52752	35.8184806695604
52754	35.8184806695604
52764	35.8184806695602
52786	35.8184806695602
52790	35.8184806695602
52808	35.8184806695601
52818	35.8184806695601
52834	35.8184806695601
52846	35.8184806695599
52848	35.8184806695598
52854	35.8184806695598
52884	35.8184806695597
52896	35.8184806695597
52902	35.8184806695597
52920	35.8184806695596
52936	35.8184806695595
52958	35.8184806695595
52962	35.8184806695595
52972	35.8184806695595
52974	35.8184806695595
52980	35.8184806695594
53004	35.8184806695594
53014	35.8184806695594
53016	35.8184806695593
53032	35.8184806695593
53038	35.8184806695592
53042	35.8184806695591
53052	35.818480669559
53098	35.8184806695590
53126	35.8184806695589
53136	35.8184806695589
53146	35.8184806695589
53160	35.8184806695589
53164	35.8184806695588
53174	35.8184806695588
53214	35.8184806695588
53256	35.8184806695587
53264	35.8184806695587
53274	35.8184806695587
53326	35.8184806695586
53344	35.8184806695586
53356	35.8184806695586
53358	35.8184806695586
53362	35.8184806695585
53374	35.8184806695585
53376	35.8184806695585
53378	35.8184806695584
53388	35.8184806695584
53412	35.8184806695584
53414	35.8184806695583
53430	35.8184806695582
53436	35.8184806695582
53460	35.8184806695581
53470	35.8184806695581
53474	35.8184806695580
53482	35.8184806695580
53486	35.8184806695579
53496	35.8184806695578
53500	35.8184806695578
53524	35.8184806695577
53546	35.8184806695576
53558	35.8184806695575
53572	35.8184806695575
53576	35.8184806695575
53602	35.8184806695573
53632	35.8184806695571
53652	35.8184806695571
53684	35.8184806695571
53710	35.818480669557
53714	35.818480669557
53718	35.818480669557
53728	35.8184806695569
53748	35.8184806695569
53770	35.8184806695569
53786	35.8184806695569
53792	35.8184806695568
53808	35.8184806695568
53836	35.8184806695567
53842	35.8184806695567
53860	35.8184806695567
53866	35.8184806695566
53900	35.8184806695566
53910	35.8184806695566
53914	35.8184806695566
53952	35.8184806695565
53978	35.8184806695565
54014	35.8184806695564
54020	35.8184806695564
54024	35.8184806695563
54046	35.8184806695563
54050	35.8184806695562
54054	35.8184806695562
54060	35.8184806695561
54118	35.818480669556
54138	35.818480669556
54140	35.818480669556
54142	35.8184806695559
54150	35.8184806695559
54172	35.8184806695558
54190	35.8184806695556
54220	35.8184806695555
54232	35.8184806695554
54240	35.8184806695553
54252	35.8184806695553
54254	35.8184806695552
54298	35.8184806695551
54320	35.8184806695550
54336	35.818480669555
54338	35.8184806695548
54380	35.8184806695548
54390	35.8184806695548
54402	35.8184806695546
54414	35.8184806695546
54438	35.8184806695546
54450	35.8184806695546
54452	35.8184806695545
54464	35.8184806695545
54472	35.8184806695545
54484	35.8184806695544
54516	35.8184806695544
54526	35.8184806695544
54528	35.8184806695544
54542	35.8184806695543
54546	35.8184806695543
54556	35.8184806695543
54560	35.8184806695543
54576	35.8184806695542
54578	35.8184806695542
54622	35.8184806695541
54634	35.8184806695541
54636	35.8184806695541
54658	35.818480669554
54678	35.818480669554
54702	35.8184806695540
54704	35.8184806695539
54714	35.8184806695539
54734	35.8184806695539
54738	35.8184806695539
54746	35.8184806695538
54758	35.8184806695538
54778	35.8184806695537
54794	35.8184806695537
54816	35.8184806695537
54820	35.8184806695537
54828	35.8184806695537
54832	35.8184806695537
54850	35.8184806695536
54870	35.8184806695536
54884	35.8184806695536
54898	35.8184806695535
54912	35.8184806695535
54926	35.8184806695534
54934	35.8184806695534
54944	35.8184806695534
54956	35.8184806695534
54962	35.8184806695533
54984	35.8184806695533
54994	35.8184806695532
55004	35.8184806695532
55010	35.8184806695531
55058	35.8184806695531
55062	35.818480669553
55092	35.818480669553
55104	35.8184806695529
55114	35.8184806695529
55130	35.8184806695529
55152	35.8184806695528
55166	35.8184806695528
55206	35.8184806695526
55316	35.8184806695526
55324	35.8184806695526
55338	35.8184806695525
55390	35.8184806695525
55414	35.8184806695524
55418	35.8184806695524
55466	35.8184806695523
55488	35.8184806695523
55498	35.8184806695523
55504	35.8184806695522
55506	35.8184806695522
55512	35.8184806695522
55532	35.8184806695522
55540	35.8184806695522
55550	35.8184806695521
55572	35.8184806695521
55604	35.8184806695521
55606	35.8184806695521
55636	35.818480669552
55640	35.818480669552
55676	35.818480669552
55684	35.818480669552
55688	35.8184806695520
55690	35.8184806695519
55736	35.8184806695519
55746	35.8184806695519
55796	35.8184806695519
55860	35.8184806695519
55866	35.8184806695518
55886	35.8184806695518
55890	35.8184806695518
55910	35.8184806695518
55936	35.8184806695518
55944	35.8184806695518
55962	35.8184806695517
55964	35.8184806695517
55966	35.8184806695517
55972	35.8184806695517
55980	35.8184806695517
55982	35.8184806695516
55994	35.8184806695516
56036	35.8184806695516
56040	35.8184806695515
56044	35.8184806695515
56060	35.8184806695515
56088	35.8184806695515
56098	35.8184806695515
56110	35.8184806695514
56122	35.8184806695514
56146	35.8184806695514
56178	35.8184806695514
56194	35.8184806695513
56228	35.8184806695513
56234	35.8184806695513
56236	35.8184806695512
56248	35.8184806695512
56264	35.8184806695512
56276	35.8184806695512
56284	35.8184806695512
56340	35.8184806695512
56358	35.8184806695511
56366	35.8184806695511
56370	35.8184806695511
56376	35.8184806695511
56408	35.8184806695511
56420	35.818480669551
56444	35.818480669551
56452	35.8184806695509
56472	35.8184806695509
56474	35.8184806695509
56528	35.8184806695509
56536	35.8184806695509
56554	35.8184806695508
56562	35.8184806695508
56578	35.8184806695508
56580	35.8184806695508
56590	35.8184806695508
56608	35.8184806695508
56616	35.8184806695507
56630	35.8184806695507
56656	35.8184806695507
56658	35.8184806695507
56664	35.8184806695507
56666	35.8184806695507
56674	35.8184806695506
56714	35.8184806695506
56732	35.8184806695506
56734	35.8184806695506
56744	35.8184806695506
56754	35.8184806695505
56762	35.8184806695505
56782	35.8184806695505
56802	35.8184806695505
56804	35.8184806695505
56826	35.8184806695504
56840	35.8184806695504
56868	35.8184806695504
56876	35.8184806695504
56922	35.8184806695504
56928	35.8184806695504
56930	35.8184806695503
56952	35.8184806695503
56956	35.8184806695503
56970	35.8184806695503
57000	35.8184806695503
57036	35.8184806695502
57042	35.8184806695502
57138	35.8184806695502
57148	35.8184806695502
57150	35.8184806695502
57156	35.8184806695502
57160	35.8184806695502
57186	35.8184806695502
57198	35.8184806695502
57220	35.8184806695502
57238	35.8184806695502
57258	35.8184806695501
57264	35.8184806695501
57316	35.8184806695501
57332	35.8184806695501
57338	35.8184806695501
57366	35.8184806695501
57372	35.8184806695501
57416	35.8184806695501
57426	35.8184806695500
57438	35.8184806695500
57440	35.81848066955
57466	35.81848066955
57476	35.81848066955
57484	35.8184806695500
57488	35.8184806695500
57492	35.8184806695499
57540	35.8184806695499
57588	35.8184806695499
57594	35.8184806695499
57624	35.8184806695499
57632	35.8184806695499
57656	35.8184806695499
57682	35.8184806695498
57780	35.8184806695498
57828	35.8184806695498
57830	35.8184806695498
57836	35.8184806695498
57848	35.8184806695498
57874	35.8184806695498
57878	35.8184806695497
57890	35.8184806695497
57894	35.8184806695497
57912	35.8184806695497
57928	35.8184806695497
57998	35.8184806695497
58038	35.8184806695497
58098	35.8184806695497
58184	35.8184806695497
58236	35.8184806695497
58254	35.8184806695497
58284	35.8184806695496
58396	35.8184806695496
58468	35.8184806695496
58496	35.8184806695496
58618	35.8184806695496
58718	35.8184806695496
58774	35.8184806695496
58844	35.8184806695496
58910	35.8184806695496
58934	35.8184806695496
58942	35.8184806695496
58988	35.8184806695495
59006	35.8184806695495
59030	35.8184806695495
59068	35.8184806695495
59070	35.8184806695495
59082	35.8184806695495
59084	35.8184806695495
59104	35.8184806695495
59108	35.8184806695495
59142	35.8184806695495
59144	35.8184806695495
59174	35.8184806695494
59234	35.8184806695494
59258	35.8184806695494
59282	35.8184806695494
59298	35.8184806695494
59342	35.8184806695494
59364	35.8184806695494
59376	35.8184806695493
59378	35.8184806695493
59468	35.8184806695493
59522	35.8184806695493
59562	35.8184806695493
59564	35.8184806695493
59604	35.8184806695493
59668	35.8184806695493
59732	35.8184806695493
59882	35.8184806695493
59960	35.8184806695493
60020	35.8184806695492
60052	35.8184806695492
60094	35.8184806695492
60186	35.8184806695492
60222	35.8184806695492
60332	35.8184806695492
60492	35.8184806695492
60548	35.8184806695492
60556	35.8184806695492
60564	35.8184806695492
60610	35.8184806695492
60624	35.8184806695492
60660	35.8184806695492
60688	35.8184806695491
60694	35.8184806695491
60746	35.8184806695491
60818	35.8184806695491
60890	35.8184806695491
60892	35.8184806695491
60904	35.8184806695491
60922	35.8184806695490
60982	35.8184806695490
61034	35.818480669549
61052	35.818480669549
61106	35.818480669549
61158	35.818480669549
61182	35.818480669549
61222	35.818480669549
61246	35.818480669549
61262	35.818480669549
61332	35.8184806695489
61354	35.8184806695489
61390	35.8184806695489
61398	35.8184806695489
61402	35.8184806695489
61410	35.8184806695489
61502	35.8184806695489
61532	35.8184806695489
61632	35.8184806695489
61712	35.8184806695489
61722	35.8184806695489
61758	35.8184806695488
61840	35.8184806695488
62030	35.8184806695488
62148	35.8184806695488
62260	35.8184806695488
62292	35.8184806695488
62376	35.8184806695488
62412	35.8184806695488
62540	35.8184806695488
62626	35.8184806695488
62670	35.8184806695488
62698	35.8184806695488
62796	35.8184806695487
63034	35.8184806695487
63114	35.8184806695487
63388	35.8184806695487
63470	35.8184806695487
63806	35.8184806695487
65226	35.8184806695487
67924	35.8184806695487
68630	35.8184806695487
76124	35.8184806695487
81962	35.8184806695487
84070	35.8184806695487
84512	35.8184806695487
84972	35.8184806695486
95002	35.8184806695486
106608	35.8184806695486
177368	35.8184806695486
300000	35.8184806695486
