52	681.930107694584
54	668.608026669083
56	400.439268165397
90	331.551192731491
104	323.411371376424
202	310.591090848559
276	289.433595791357
332	274.313154526238
460	264.418917192977
806	253.211398225341
862	249.098776020459
1042	240.404151021449
1534	228.166104845441
1882	205.255840846817
2450	201.558374187666
4054	192.572431556078
4112	181.322634240518
4200	165.142617142721
4214	159.478309913568
4276	154.551729953874
4320	149.155438758915
4334	144.904989167870
4368	144.263100892357
4380	144.220437223083
4386	131.852784709572
4408	127.401046452528
4416	116.850322086069
4426	114.622119372748
4454	108.677383126263
4480	107.775098197490
4496	107.688274496320
4498	105.133024607191
4520	101.567969529958
4578	98.3307520783825
4598	94.3748279378789
4672	93.6507471978947
4674	93.2155805846218
4686	92.8830105531677
4700	92.2916014396174
4714	90.9613149430397
4722	90.441483279946
4758	89.8781076142626
4768	89.8262538740344
4770	88.6098985843569
4812	88.3598345014799
4816	88.2261711040564
4832	87.7114849240508
4836	87.1583032200608
4852	86.1923324096123
4860	85.0020695471638
4888	84.9894475330987
4892	84.0602228760976
4924	83.8592956538386
4926	83.8213993083628
4928	83.0599032194958
4932	81.3912090745663
4954	80.5687666794707
4956	80.1680421766683
4958	79.4293938599812
4978	78.184371550047
4992	77.3665691417936
5014	77.180133184477
5016	76.9921240024672
5022	75.6665937464846
5028	74.6869134218841
5040	74.243821730981
5048	73.7689926052086
5052	72.406290044609
5062	72.2818641898602
5082	71.0469391643222
5090	70.76245944303
5092	70.0838641462003
5104	69.7384475172576
5108	69.3651266819292
5114	68.4475585587798
5124	67.9275283262722
5136	67.5899975945732
5156	66.9298968189359
5170	66.1544340540067
5180	65.825044317986
5182	64.9201789678376
5192	64.3237256902175
5226	63.9463699697316
5244	63.9298552500062
5254	63.4861902533391
5260	62.9318242125393
5264	62.1723945603705
5276	61.3902023275358
5298	60.3601631192949
5300	59.876783517079
5326	59.859476818948
5346	59.6927992798182
5358	59.6589906918378
5360	58.793404120125
5362	58.410755245005
5374	57.165351741486
5394	56.8440352667273
5402	56.7477005892473
5414	56.4902375284661
5422	55.5898093930833
5450	55.2593626828856
5472	54.8802258897816
5476	54.1840416653032
5498	53.5555085838083
5554	53.2476064291233
5570	53.172196753133
5580	53.0891132152544
5584	52.8795269989662
5606	52.8760028216184
5612	52.8616325321357
5634	52.3797308784844
5650	52.1710896843416
5668	51.9987484811696
5670	51.9433336657967
5690	51.8774128355515
5692	51.2042171297411
5696	51.152062829688
5698	51.0673036745112
5700	50.7215616193151
5728	50.6757173186475
5742	50.3363529676205
5772	50.1992793616592
5774	50.0245357296042
5776	50.011834681123
5790	49.9882773502777
5794	49.9116597155717
5808	49.5806607370774
5844	49.2046036566465
5870	48.9944607671813
5874	48.9190296694981
5876	48.842136441332
5916	48.7993743971958
5918	48.5786269799524
5922	48.1958848330462
5936	47.9677726613682
5966	47.9661379737177
5970	47.7431414579679
6000	47.66649338734
6042	47.5525901940829
6048	47.374634849242
6062	47.3703897784945
6070	47.1275246839017
6088	46.9533027648418
6102	46.8367567340005
6118	46.7811398698119
6134	46.7743300930561
6136	46.7566313773837
6138	46.5948846941192
6150	46.475190220106
6160	46.4514672627306
6182	46.2306151699137
6184	45.9561759703884
6190	45.834406463795
6200	45.7614362340610
6220	45.7423547910644
6226	45.7138289309029
6230	45.5326184997977
6244	45.3848396136733
6246	45.3560234372753
6270	45.3104436772225
6276	44.9074718878261
6298	44.7484886203646
6310	44.737589538275
6326	44.5741897555806
6352	44.5706880266839
6358	44.3326228264087
6366	44.1753462271193
6388	43.8678054781602
6390	43.6225641859928
6438	43.5039253308685
6454	43.3173352162942
6476	43.2790413401296
6486	43.2317538002330
6498	43.1967371416077
6502	43.1196496864190
6504	43.0556925524415
6506	42.700468713595
6524	42.4626861980474
6530	42.3896799426663
6556	42.3163118982937
6558	42.2669717903165
6564	42.2118598838137
6566	42.1495039459301
6568	41.7773891005202
6600	41.769136459407
6602	41.6653961115035
6606	41.6335234134018
6612	41.6295338002525
6624	41.5719326922465
6634	41.4163130664448
6688	41.0840689269554
6700	41.0562428172228
6716	40.9875028168859
6768	40.9743826572725
6770	40.9076291870553
6778	40.8085913664217
6782	40.7132963893186
6802	40.5938685785400
6850	40.46091462402
6864	40.3939680156927
6866	40.3368465327826
6914	40.3308015344015
6918	40.2637867764602
6930	40.250294986274
6936	40.1879740014036
6946	40.1481255011686
6958	40.1074631771927
6962	40.0908039873759
6968	40.0852901454928
6972	39.9144748505528
6984	39.8359907466809
7006	39.7229915059671
7014	39.7030454237551
7028	39.6329154672288
7078	39.6088351355889
7094	39.5958413531268
7096	39.5652451444739
7108	39.5639373964709
7112	39.4744596269506
7118	39.4688595648732
7126	39.4310459455417
7132	39.4212727690839
7140	39.3395449929941
7144	39.2942004119233
7164	39.2902502254155
7168	39.2571650716858
7170	39.2386935262347
7176	39.2352548822163
7178	39.2050317824175
7182	39.1973544635694
7198	39.0935767668857
7226	39.0203877777480
7240	39.0146038662901
7244	38.9520762239135
7264	38.944774257204
7272	38.8874029006248
7284	38.861722357622
7290	38.8254911449052
7308	38.7066010133572
7336	38.7019592791014
7342	38.6965602626569
7350	38.6741404770788
7356	38.6233732625447
7364	38.6140233023903
7372	38.5879832330257
7376	38.4921794327721
7378	38.4545608391605
7382	38.4396972102110
7388	38.4311250340836
7390	38.4118181889006
7392	38.2985179859351
7398	38.2238117248271
7410	38.1430773034281
7438	38.058310267285
7442	38.0531260017407
7446	37.8854281043449
7462	37.8394936355375
7464	37.7335486235785
7472	37.5952641362958
7490	37.5832468314341
7492	37.5829674204257
7508	37.4115411440846
7510	37.3926759739877
7520	36.8366115372378
7578	36.790659550848
7586	36.7377379644167
7620	36.7219749251993
7624	36.6418456652404
7640	36.5925384341875
7650	36.5872689828218
7678	36.5327393886184
7704	36.5145644505287
7706	36.4999561441295
7724	36.3792537107294
7728	36.3081771145862
7738	36.2773622348159
7750	36.2374369807512
7756	36.211352675491
7758	36.0408512348881
7764	36.0350790829572
7798	35.9972254825774
7802	35.9904728143086
7806	35.9028525517393
7808	35.8714445992551
7816	35.8560613729198
7822	35.7776612728303
7834	35.7644240546424
7838	35.7486398642614
7844	35.7327076976896
7852	35.7063327889233
7862	35.5666060101221
7866	35.4365432751245
7878	35.4099865028201
7884	35.3437875225504
7888	35.3181016220003
7894	35.2334369013067
7902	35.2011156262663
7930	35.1415967198924
7940	35.0649070249677
7958	35.0342069798424
7964	35.0119836764173
7990	34.9329822238983
8016	34.9189776946383
8026	34.8831277019084
8040	34.8447514634296
8042	34.8193349659717
8064	34.817325524833
8070	34.7559777689328
8072	34.6955497403271
8074	34.6853068863227
8080	34.6581770484122
8086	34.6542019482617
8088	34.5580859981543
8132	34.4711508897174
8136	34.4242238481902
8166	34.3499235032727
8174	34.2667033174919
8176	34.2271260633769
8190	34.2231350378194
8194	34.2125247299797
8202	34.2099597460658
8204	34.1717446654208
8212	34.0958926315739
8254	34.0856513041487
8264	34.0591462034253
8276	34.0237563128493
8284	33.9361510386026
8298	33.865662422427
8306	33.8641862542182
8318	33.8566900589246
8332	33.8325030883105
8338	33.8238651452869
8342	33.7062116007551
8348	33.6588715262465
8372	33.6326740158756
8378	33.6065800956785
8384	33.6013446989449
8404	33.5742123432312
8406	33.4467088654580
8416	33.4152345981123
8420	33.3021697609354
8426	33.2070654527282
8440	33.184795285949
8442	33.1283051892578
8452	33.1052351139486
8466	33.0581722268876
8468	33.0212990659343
8476	32.963254678068
8480	32.7715357792233
8508	32.7190057598176
8522	32.7055715968486
8528	32.653187157356
8532	32.6456126297217
8542	32.6281083275824
8552	32.5978720006882
8554	32.4375374218493
8588	32.4293004795518
8594	32.4106539341030
8596	32.3466324037136
8602	32.3247385454235
8614	32.2740051151435
8624	32.2140079978217
8628	32.2091466120887
8636	32.1058111697398
8674	32.0009658384609
8694	31.9993043293345
8696	31.9636273835877
8710	31.9546770403812
8720	31.9342612355384
8760	31.9109900184497
8764	31.8604899816672
8778	31.8483217829816
8796	31.7986232799440
8824	31.7613612724906
8832	31.7597175661973
8856	31.7527797376718
8858	31.7161935105759
8864	31.6917483217794
8890	31.6868740476154
8892	31.6743765566156
8918	31.5946788560574
8956	31.5625225542374
8962	31.5377506592913
8968	31.4832047652308
8976	31.431880537958
8984	31.3287715280939
8996	31.3237460343363
9006	31.3212728446802
9010	31.2572277318327
9034	31.2272810390926
9064	31.2230219067104
9066	31.1617961469991
9084	31.1536814750329
9086	31.0922371145345
9108	31.074730086222
9110	31.0643740041177
9126	30.9821902385902
9144	30.9096343975396
9158	30.9086632317472
9178	30.8693939518644
9184	30.8364165704348
9218	30.8082898839794
9224	30.7682969612924
9256	30.7609213881226
9258	30.7544940858635
9264	30.6477862923341
9288	30.558895020296
9290	30.5185022666193
9316	30.4881831242362
9326	30.4778220840473
9328	30.4650770352367
9336	30.3876517854309
9356	30.3647367814835
9386	30.3637471456046
9394	30.3591047996573
9398	30.3564613902302
9416	30.3330529597030
9432	30.3219748209287
9444	30.3180230444529
9458	30.3079671613172
9470	30.3067897503232
9476	30.3038702121382
9482	30.3016607225695
9488	30.2841270420409
9506	30.2715814355981
9514	30.2694485509107
9526	30.2384757102085
9544	30.2168616522609
9570	30.1915819028718
9580	30.1892370723563
9582	30.1851847565975
9584	30.1824722382253
9600	30.1761106411581
9602	30.1605084338831
9618	30.1572569805827
9620	30.1394907768036
9626	30.126364339843
9632	30.0968217713309
9656	30.0892696531167
9662	30.0649085283368
9672	30.0532772599673
9676	30.0096286513239
9684	30.0014388079597
9698	29.9950655505506
9702	29.9800291595285
9706	29.9661878335248
9736	29.9515981577836
9742	29.9025348937455
9784	29.8914051287488
9812	29.8875393296128
9816	29.8850902206203
9820	29.8844134644153
9840	29.8754902404722
9844	29.8637871429405
9850	29.8615215221099
9856	29.8610490954882
9858	29.8558734809992
9872	29.8521170870574
9874	29.8496794671212
9884	29.8295292337053
9896	29.8084858050975
9914	29.7982600016959
9918	29.7905522160827
9948	29.7819944833104
9966	29.7731858197483
10016	29.7711711057662
10020	29.7694615682471
10024	29.7663462043470
10036	29.7606643523581
10042	29.7583883141318
10066	29.7497811770317
10074	29.7488305068153
10082	29.7450295791973
10088	29.7421560809874
10110	29.7384281898324
10142	29.735415462059
10146	29.7351165065146
10150	29.7329150879848
10156	29.7312318079289
10162	29.7262702754162
10168	29.7217432114946
10172	29.7196005976847
10176	29.7192744861798
10178	29.7167446741657
10180	29.7044590232764
10194	29.694725733629
10212	29.6945305797496
10218	29.6938309963354
10230	29.6935924676373
10238	29.6894959517897
10252	29.683158942689
10254	29.6698093190124
10268	29.6587309037701
10276	29.6558609321155
10286	29.6527536804026
10288	29.6492478435569
10290	29.6469772062368
10306	29.6456856250021
10314	29.6428258832936
10320	29.6279678953045
10374	29.6279279610566
10380	29.6271821262472
10388	29.6214315959156
10404	29.6181075792376
10410	29.6158304285952
10428	29.6141101959644
10430	29.6113932314770
10432	29.6106773214615
10442	29.6081803076716
10444	29.5994168398175
10452	29.5968580001903
10484	29.5961086592433
10486	29.5931195565392
10492	29.5927382717987
10502	29.5908732992545
10506	29.5894331001093
10516	29.5892589842439
10518	29.5879256741468
10520	29.5878626009344
10524	29.5877041948791
10536	29.5867277188372
10540	29.5855588020601
10546	29.5826229443888
10552	29.5796088971781
10556	29.5778625712194
10586	29.5759953396886
10592	29.5663988290618
10622	29.5644717919801
10624	29.5621617257906
10650	29.5613058502973
10664	29.5546279438558
10680	29.5538141250187
10706	29.5535165477127
10714	29.551047407989
10734	29.5473824796493
10754	29.5445692819689
10760	29.5424492139975
10764	29.5423008596459
10778	29.5418355157309
10800	29.5409849497027
10808	29.5403626253472
10812	29.5400074926622
10818	29.5387495043431
10854	29.5384614629803
10860	29.535635523827
10868	29.5346242997809
10886	29.5345874110213
10888	29.5341978573850
10896	29.5327089875551
10900	29.5301376102426
10914	29.5300197756793
10916	29.5280576816965
10924	29.5267405831424
10930	29.5262671123497
10936	29.5256603187024
10954	29.5245047363274
10960	29.5209427471931
10962	29.5208654703829
10976	29.5198520206079
10994	29.5176061900583
11014	29.5151094420447
11048	29.5146872374519
11056	29.5130422721335
11058	29.511958607851
11064	29.5109500365214
11068	29.51049674404
11090	29.5104955734382
11094	29.5103536569762
11096	29.5081608078763
11110	29.5070217406097
11134	29.5065469714088
11136	29.5035452106252
11150	29.5024564937400
11180	29.4980201522847
11198	29.4970449874345
11208	29.4970326592223
11216	29.4946220113593
11220	29.4945873075139
11232	29.4908799416057
11256	29.4896482280745
11268	29.4892975059847
11276	29.4884600308994
11278	29.4855664890014
11292	29.4808323299365
11298	29.4753325320515
11332	29.4744404373002
11340	29.4740126788953
11346	29.4722506620560
11362	29.4700709466879
11388	29.4692981479015
11392	29.4691114513523
11394	29.4689198287825
11418	29.468066014922
11422	29.4652942688512
11438	29.4610792023373
11478	29.4604628927608
11482	29.4583154909376
11496	29.4570083098571
11498	29.4569868423750
11506	29.4566558110206
11518	29.4548473785577
11526	29.4492726974726
11546	29.4465528882286
11548	29.4432790429894
11560	29.4386023592836
11588	29.4343932515182
11606	29.4318837518253
11636	29.4271923331349
11662	29.4271454860873
11664	29.4263240125632
11666	29.4190527869698
11696	29.4178073887321
11710	29.4165056535692
11716	29.4157714982034
11720	29.4141785590285
11722	29.4114298550094
11724	29.4089777680077
11726	29.4087425569569
11730	29.4061956117121
11740	29.404686593878
11750	29.3997425430866
11752	29.3899397864756
11792	29.3878833868285
11814	29.3844917244161
11816	29.3818254632554
11818	29.3813433716303
11820	29.3810322081576
11822	29.3712950873969
11842	29.3685100084276
11850	29.3684056658827
11872	29.3644535773336
11884	29.3609785064966
11890	29.3571548892873
11908	29.3564167416561
11918	29.3510569767611
11920	29.3425912184971
11948	29.3417004979931
11950	29.3371877551764
11978	29.3331342192346
11984	29.3287507817207
11988	29.3269666147876
12008	29.3228469168003
12024	29.3173621009089
12046	29.3152936196413
12048	29.3146304904083
12050	29.3105209396071
12074	29.3066893531699
12080	29.3043260906484
12094	29.2973075530428
12106	29.2962426948909
12112	29.2956710714378
12116	29.2815674365524
12120	29.2763202882395
12128	29.2692651841228
12134	29.2659295417679
12166	29.2605809306734
12170	29.2605464989976
12174	29.2571653467021
12178	29.2529148772632
12184	29.2475725479269
12192	29.2450543577468
12204	29.2415281576710
12214	29.2391089939664
12234	29.2318807632508
12248	29.2305939324756
12260	29.2294558775846
12262	29.2280875619161
12276	29.2271552654817
12290	29.2204012989976
12312	29.2193025581705
12328	29.2122367775546
12346	29.2090925903596
12360	29.2063497073652
12362	29.2059528677917
12372	29.2034669374712
12378	29.199315293833
12384	29.1938451658658
12406	29.1930081627005
12410	29.1929075381784
12420	29.1869007249836
12428	29.1839686227805
12430	29.1813352788764
12440	29.1793913167071
12444	29.1717200407616
12462	29.1704684019099
12480	29.1677353440631
12482	29.1677282038111
12516	29.1667844634235
12536	29.1593904472124
12558	29.1582400209742
12564	29.1572265524334
12568	29.1501471425745
12580	29.1495239649677
12588	29.1476487792451
12590	29.1443528679401
12600	29.1372731207378
12608	29.1267479048758
12624	29.1210639728112
12670	29.119529667983
12672	29.1184436621999
12680	29.1144991389013
12740	29.1070033167724
12756	29.100241236636
12790	29.0988821527181
12794	29.0918705481950
12810	29.0909544150616
12818	29.0827575328205
12826	29.0758304678023
12836	29.0714993059389
12862	29.0711423382707
12864	29.0681683388275
12888	29.0657649287031
12910	29.0632342377938
12918	29.0612044994166
12924	29.0582946474507
12930	29.0557916473087
12950	29.0541863861352
12952	29.0538136816010
12966	29.0415729365295
13008	29.0395073458035
13024	29.037741942516
13040	29.0335689910947
13102	29.0312106803093
13116	29.0305160606111
13118	29.0283709550664
13124	29.0283352209916
13130	29.0271082644345
13132	29.0268776605492
13144	29.0255121358336
13148	29.0226438611744
13162	29.0217879873785
13172	29.0195348845725
13212	29.0182174272285
13222	29.0134783008554
13240	29.0133335041150
13242	29.0123638212603
13244	29.0115401104201
13254	29.0072137284212
13270	29.0043620600679
13308	29.0043373683704
13312	29.0029721662473
13324	29.0022368615236
13326	29.0021440823045
13334	29.0018030494919
13338	29.0001503720710
13356	28.9998016135989
13362	28.999771914635
13368	28.9987985076221
13376	28.9986718637645
13380	28.9982569294865
13384	28.9971755759381
13400	28.9967038776089
13416	28.9951892941378
13444	28.9942720818214
13460	28.9942095036802
13474	28.9914288494561
13488	28.9912396423441
13494	28.9899938038631
13496	28.9875764429297
13506	28.9868916448505
13512	28.9866689052626
13526	28.985493958197
13534	28.9837120537080
13540	28.9830083743339
13570	28.9829676917165
13582	28.9825238633995
13598	28.9811555715922
13612	28.9809933623321
13616	28.9805406331159
13630	28.9805047439197
13644	28.9795846841422
13654	28.9793161833471
13660	28.9780642340761
13672	28.9772555892844
13682	28.9766865331216
13704	28.9765104885057
13708	28.9743275325986
13710	28.9736260095888
13716	28.973023229407
13718	28.9715504045653
13732	28.9697477474696
13776	28.9660406784029
13804	28.9650561511432
13822	28.9632080401456
13838	28.9613349827765
13856	28.9593111407030
13886	28.9585880984477
13896	28.9583662716751
13918	28.9580287988868
13932	28.9579382569019
13950	28.9576862081336
13954	28.9576618660090
13960	28.9569256815491
13970	28.9569138096017
13972	28.9567881562109
13982	28.9557541449359
13988	28.9556216554978
13996	28.9555180570950
14016	28.9551530361899
14022	28.9537163945417
14034	28.9527881129166
14048	28.9526564910153
14058	28.9521852665299
14062	28.9513345995373
14066	28.9496102591556
14070	28.9495188548357
14078	28.9485486198925
14090	28.9478955209474
14094	28.9472705361026
14114	28.9468922963706
14116	28.9467441621831
14120	28.9462324243625
14126	28.9462112943555
14132	28.9459255796374
14136	28.9457205482109
14146	28.9427851128406
14172	28.9427052870811
14200	28.9422386003040
14210	28.9415542374002
14212	28.9407464751596
14220	28.9404519772289
14224	28.9393765993672
14232	28.9389375756613
14250	28.9383257697693
14252	28.9381177385988
14258	28.9376706709219
14272	28.9375413008978
14286	28.9368167326056
14300	28.9366382509408
14306	28.9363904709948
14310	28.9351364007125
14332	28.9349847092667
14348	28.9330994516395
14364	28.9324800642958
14382	28.9317873682016
14392	28.9309175937359
14418	28.9299616506573
14422	28.9286972730021
14438	28.9278332629886
14444	28.9276002835782
14450	28.9273189250658
14452	28.9270463967102
14454	28.9265819520166
14462	28.9258083167487
14474	28.9250828492607
14476	28.9246500522
14510	28.9241533180065
14518	28.9238790242902
14520	28.9227081395049
14540	28.9225774979903
14548	28.9225642848386
14550	28.9216128995866
14556	28.9216057474259
14562	28.9210748730124
14570	28.9207786050608
14600	28.9205190351292
14618	28.9200968586572
14624	28.920033993857
14632	28.9198534384663
14664	28.9195002657529
14666	28.9191801120851
14674	28.9184237655646
14678	28.9172495000907
14696	28.9160334294416
14724	28.915616046497
14728	28.9155484011562
14744	28.9153573942135
14756	28.9153542105212
14760	28.9153199975392
14762	28.9141478961542
14764	28.9141336948870
14774	28.9133888557875
14788	28.9133785696061
14792	28.9127794438058
14802	28.9126348985085
14806	28.9120686368802
14810	28.911725399579
14822	28.9114863883944
14826	28.9112714591515
14834	28.9105158155933
14836	28.9104634982669
14844	28.9098487875042
14848	28.9082224674121
14850	28.9082056945982
14862	28.9076462322978
14868	28.9072261787036
14870	28.9069005432119
14892	28.9068838288207
14922	28.9065067399156
14924	28.9064801899581
14932	28.9062054220872
14950	28.9052700286638
14952	28.9051310498346
14972	28.9044148000213
14974	28.9043343586847
14988	28.9037246449121
15002	28.9033891074633
15014	28.9030303409585
15038	28.9029430474943
15062	28.9025373477945
15086	28.9014683596716
15100	28.9010842845597
15124	28.9008294140496
15132	28.9006072450251
15134	28.9004147655419
15162	28.8997822405589
15192	28.8994364039689
15208	28.8993062849739
15214	28.8992525498639
15216	28.8989468329519
15226	28.898919704515
15230	28.8986821791359
15256	28.8980882485596
15270	28.8979526246216
15280	28.8979478283187
15282	28.8979105136418
15284	28.8977348144177
15296	28.8976795221111
15300	28.8973161737553
15306	28.8971154963330
15328	28.8969972737892
15334	28.8966750558660
15366	28.8966422288687
15376	28.8964832450397
15382	28.8964737612964
15388	28.8963485695151
15392	28.8960768519073
15400	28.8958686971978
15402	28.8956797191989
15404	28.8954727167256
15412	28.8951693951569
15420	28.8950347423686
15438	28.8949761988948
15440	28.8947456180133
15446	28.8944513400885
15466	28.8942779028047
15482	28.8939587268253
15494	28.8937563116593
15502	28.8936727614837
15522	28.8934142065022
15524	28.8929816895936
15536	28.8923310171362
15548	28.8921156513257
15560	28.8918240615590
15562	28.8917758503472
15568	28.8908315729089
15608	28.8906870730343
15614	28.8905960664954
15626	28.8900579963669
15638	28.8900460276847
15648	28.8895345954226
15656	28.8893963109281
15658	28.889188025474
15664	28.888638706897
15690	28.8882907653554
15702	28.8878681487889
15714	28.8876824397076
15720	28.8874932380116
15724	28.8867852602393
15752	28.8862331963344
15758	28.8859900881879
15774	28.8859445674141
15790	28.8856282638977
15794	28.8855475133466
15796	28.8854758122241
15806	28.8853890723048
15818	28.8842544093009
15838	28.8839000632862
15854	28.8836338848659
15878	28.8832707869421
15896	28.88316938123
15910	28.8830040042895
15930	28.8829807462170
15932	28.8826356786936
15972	28.8824571957436
15992	28.8821784677608
15998	28.8821501989989
16026	28.8821487033039
16036	28.8821459025358
16042	28.8817413216869
16048	28.8814112626394
16062	28.8813919825042
16064	28.8813584709818
16082	28.8813003699912
16106	28.8810294393404
16130	28.8808430903334
16134	28.8808375899784
16142	28.8805173151909
16146	28.8802791242522
16194	28.8801311681928
16196	28.8800668320824
16216	28.8799392058746
16218	28.8797221305196
16244	28.8796433073312
16256	28.8795815161729
16264	28.879440130848
16310	28.8794320457824
16318	28.8794256674044
16330	28.8791121496903
16342	28.8790795615154
16360	28.8790029534224
16364	28.8789696743946
16366	28.8789183507192
16372	28.8787787397327
16412	28.8787645484779
16420	28.8786909189007
16422	28.8785414750655
16436	28.8783097033455
16452	28.8782708326685
16456	28.8782655264658
16468	28.8780936349523
16484	28.8779523852279
16490	28.8779414147171
16492	28.8777743726839
16506	28.8776092461269
16516	28.8775626126486
16524	28.8775282092275
16526	28.8774901159011
16536	28.8772943272589
16550	28.877237477748
16566	28.8768801870771
16590	28.8768528866625
16596	28.8765321180329
16602	28.8764909735336
16604	28.8758405976207
16626	28.8753591114018
16656	28.8753102041781
16662	28.8752547545151
16666	28.8749987140246
16688	28.8745439026857
16704	28.8743809462335
16738	28.8743324148331
16760	28.8743067514299
16766	28.8742819750602
16770	28.8742299129862
16782	28.874172407623
16792	28.8739969293822
16796	28.8739453927554
16824	28.8737041220034
16860	28.8736486208256
16870	28.8734002778577
16878	28.8731678709229
16884	28.8730463040670
16892	28.8729822160431
16898	28.8729749864146
16910	28.8728373758233
16926	28.8726712261523
16950	28.8726081272005
16954	28.8725718511275
16962	28.8725107954111
16968	28.8722030005030
16982	28.8720966327283
16996	28.8720498332133
17006	28.8720113899882
17010	28.8716568162301
17022	28.8715166787973
17034	28.8713803502790
17046	28.8710661439883
17094	28.8709160258664
17098	28.8708749309219
17110	28.8708459782045
17112	28.8708013851327
17122	28.8707645916095
17132	28.8706688987986
17140	28.8706684171596
17154	28.8706574540559
17168	28.8705074229719
17172	28.8704555580921
17196	28.8703767221146
17202	28.870266505721
17210	28.8702205271043
17212	28.8702151153076
17218	28.8701754613765
17230	28.8701025521908
17250	28.8701013507873
17260	28.870080736259
17262	28.8700380015804
17266	28.869933920401
17284	28.8698177625980
17300	28.8695581918249
17320	28.8694293622943
17340	28.8693744847631
17358	28.8692933643371
17360	28.8692220272262
17370	28.8690782526579
17380	28.8690367169184
17394	28.8689978308662
17406	28.8689153895174
17458	28.8688678637506
17472	28.8686409549754
17484	28.8686408135331
17494	28.8686100165721
17528	28.868544076205
17540	28.8685277984114
17554	28.868481988494
17578	28.8684624512275
17584	28.8684495045919
17588	28.8684222591276
17594	28.8683643698767
17598	28.8682185810646
17638	28.8681545713347
17642	28.8680951010834
17660	28.8680243086203
17666	28.8679276554909
17704	28.8678342128314
17748	28.867811797227
17760	28.8677691630554
17768	28.8676759155921
17770	28.8676594028989
17798	28.8676587469009
17810	28.8676086811828
17812	28.8674596872831
17816	28.8674263789095
17840	28.8674246346922
17842	28.8673832948607
17850	28.8673698962403
17864	28.8673073331787
17868	28.8672459896782
17896	28.8671265863942
17898	28.8670987092145
17906	28.8670102852964
17926	28.8669900406057
17932	28.8668358520239
17972	28.8667616332925
17986	28.8666633795925
17994	28.8665097088464
18020	28.8664764094935
18030	28.8663369958686
18040	28.8662848767088
18048	28.8662190103226
18066	28.8661326498219
18092	28.8660388281107
18094	28.8660326810547
18098	28.8659675205455
18104	28.8658127563096
18122	28.8657901785049
18132	28.8657694133662
18136	28.8656206887898
18154	28.8655514709785
18202	28.8654961289139
18230	28.8653007700915
18232	28.8652637017041
18238	28.8652385631685
18246	28.8652076568748
18272	28.8651844044202
18284	28.8651665690803
18292	28.865155991747
18298	28.8651173981865
18304	28.865115297069
18316	28.8650198031677
18336	28.8649949570636
18354	28.8649663750108
18356	28.8649235669997
18366	28.8648842305185
18390	28.8648540762759
18396	28.8647598043579
18414	28.8647356028447
18432	28.8647128909181
18436	28.8645812554939
18454	28.8645118472389
18488	28.8643920596334
18502	28.8643916750762
18512	28.8643066869787
18528	28.8642573385833
18542	28.8642133478426
18544	28.8641252795256
18562	28.8640429661338
18568	28.8640302127049
18580	28.8639676268073
18584	28.8638598326962
18596	28.8636467079957
18618	28.8636217646998
18622	28.8636089127367
18624	28.8635004886747
18628	28.8634092466388
18656	28.8633978949217
18664	28.8632916450997
18668	28.8632715219473
18670	28.8631692314198
18676	28.8630843847539
18682	28.8630574935122
18704	28.8630237330624
18710	28.862996210499
18726	28.8629850637805
18734	28.8629411313377
18746	28.8628738421447
18750	28.8628428756970
18754	28.8628155522882
18756	28.8627659784696
18774	28.8627280145936
18786	28.8626902626190
18814	28.8626684181254
18820	28.8626317639907
18832	28.8626132239156
18834	28.8625958187991
18844	28.8625924429130
18852	28.8625614284637
18854	28.8625253856988
18858	28.8624287295762
18862	28.8623977636450
18886	28.8623974657131
18888	28.8623663874721
18890	28.8623208039279
18896	28.8622526448363
18902	28.8622339623177
18922	28.8621877977816
18928	28.862126608224
18932	28.8621169187287
18952	28.8620845463927
18972	28.8620131508468
18986	28.8618990101288
18996	28.8618064122834
19004	28.8617124659054
19020	28.8616412725798
19024	28.8615869746588
19032	28.8615413662465
19052	28.861531337628
19056	28.8615297522666
19058	28.8613933041512
19078	28.8613775389953
19080	28.8613620604479
19086	28.8612825296808
19108	28.8612608542271
19116	28.86121320325
19118	28.8611517199098
19128	28.8611131973331
19136	28.8610629821905
19138	28.8610252464759
19142	28.8609736199568
19146	28.8609272805008
19148	28.8608921677851
19152	28.8607648159017
19174	28.8607203051309
19178	28.8605481226686
19192	28.8605453006010
19198	28.8603958275779
19210	28.8603823866503
19214	28.8603645030221
19218	28.860326475682
19242	28.8602742603685
19262	28.8602477295199
19276	28.8601929935929
19290	28.8601792793285
19292	28.8601605580336
19294	28.8601580179056
19300	28.8601430748698
19302	28.8600777792153
19332	28.8600606005722
19334	28.8599728512903
19354	28.8599247557412
19356	28.8599099184764
19364	28.8598072917227
19378	28.8597703286535
19384	28.8597417476937
19402	28.8596559269276
19406	28.859580460897
19418	28.8595457789313
19420	28.8594664061013
19422	28.8594590865446
19428	28.8594123525304
19442	28.8593988181460
19446	28.8593482935119
19482	28.8591971342924
19488	28.8591827869009
19504	28.8591603736678
19522	28.8591293222219
19548	28.8590213135179
19566	28.8590079503263
19576	28.8589996807415
19582	28.8589675132425
19592	28.8589266110269
19598	28.8588989507559
19604	28.8588712745365
19614	28.8588498055010
19616	28.8588211733007
19620	28.8587845456989
19622	28.8587088992143
19652	28.8587040684129
19662	28.8587039929528
19664	28.8586641163766
19684	28.8585820971041
19706	28.8585671358927
19712	28.8585168832752
19718	28.8585035146936
19732	28.8584832320504
19740	28.8584707246371
19742	28.8584519092047
19754	28.8584464372877
19784	28.8584425033292
19792	28.8584221117009
19796	28.8584218720455
19806	28.858419417801
19814	28.8583797368672
19818	28.8583728737422
19826	28.8583636072526
19872	28.8583027216028
19888	28.8582694226660
19892	28.8582680125773
19900	28.8582450743787
19904	28.858225669852
19912	28.8582116861148
19926	28.8581983176562
19932	28.8581760319532
19936	28.8581666314128
19938	28.8581253594124
19948	28.8581192870379
19950	28.8581141313436
19952	28.8581059471610
19958	28.8580587882488
19974	28.8580294262466
19988	28.8580219637308
19992	28.8580144916195
20006	28.8579858695516
20022	28.8579841865599
20026	28.8579653455759
20028	28.8579560966159
20052	28.8579361013136
20054	28.8579322079375
20072	28.8579316560747
20076	28.8579021427418
20080	28.8578965857358
20082	28.8578870221916
20098	28.8578743267667
20102	28.8578701160442
20106	28.8578650370414
20120	28.8578273724712
20146	28.8578098423271
20152	28.8577964559565
20154	28.8577537257286
20162	28.8577053616218
20164	28.8576597420138
20180	28.8576517797996
20182	28.8576490306501
20186	28.8576474746157
20194	28.8575896799502
20216	28.8575594147788
20268	28.8575553453585
20290	28.8575531088523
20294	28.8575220787595
20318	28.8575082210234
20322	28.8574987933338
20326	28.8574943277507
20346	28.857470741489
20376	28.8574421435416
20380	28.8574267628510
20382	28.8574249423860
20392	28.8574244538494
20394	28.8574044828347
20398	28.8574032872745
20404	28.8573824339172
20422	28.8573655124633
20426	28.8573512228892
20428	28.8573456534348
20432	28.8573331322948
20446	28.8573300628954
20448	28.8572909094040
20468	28.8572774923195
20474	28.8572382420546
20488	28.8572180127433
20504	28.8571908373000
20534	28.8571773012843
20546	28.8571409586267
20564	28.8571347298975
20570	28.8571222183291
20580	28.8571093939616
20602	28.857107185861
20610	28.8571055790054
20612	28.8571050926206
20614	28.8570867105086
20624	28.8570599935812
20636	28.8570521200671
20648	28.8569986828653
20674	28.8569935828954
20680	28.8569840206049
20698	28.8569409414967
20704	28.8569197414317
20712	28.8569012375603
20746	28.8568879580217
20760	28.8568625713973
20764	28.8568537480985
20768	28.8568438682060
20788	28.8568033909869
20796	28.8568007857014
20798	28.8567931650730
20806	28.856765561934
20814	28.8567361247253
20840	28.8567118749497
20848	28.8566672856079
20854	28.8566237024630
20858	28.8565911715303
20864	28.8565664723133
20882	28.8565606988722
20900	28.8565514111543
20904	28.8565078443262
20960	28.8564985503991
20970	28.8564633544636
20986	28.8564425359641
20996	28.8564361518188
21006	28.8564095932271
21008	28.8563899261296
21012	28.8563772169882
21036	28.8563712619402
21042	28.8563643724173
21046	28.8563533251119
21050	28.8563407900901
21052	28.8563252399783
21066	28.8563172893084
21078	28.8562999537991
21154	28.8562902751774
21158	28.8562718327749
21164	28.8562633010420
21194	28.8562630450599
21202	28.8562565958019
21212	28.8562537041562
21216	28.8562416075279
21220	28.8562252382178
21222	28.8562176256984
21238	28.8562063130562
21246	28.8562062424473
21250	28.8562025042653
21254	28.8561956576244
21270	28.8561887471645
21278	28.8561800263552
21288	28.8561760928407
21324	28.8561710994415
21328	28.8561665565739
21334	28.8561466353428
21346	28.8561433377603
21348	28.8561318933076
21362	28.8561135273832
21364	28.8561071768358
21372	28.8561040540597
21380	28.8561027244727
21406	28.8560982445045
21410	28.8560975492197
21418	28.8560919186817
21428	28.8560786257783
21446	28.8560652767281
21470	28.8560629351086
21476	28.8560470595238
21482	28.8560459948648
21488	28.8560376964564
21494	28.8560217248527
21506	28.8560216393596
21508	28.8560085126947
21522	28.8560050275196
21528	28.8560004825574
21532	28.8559983202979
21538	28.8559934730992
21548	28.8559740243695
21554	28.8559556469266
21568	28.8559240550222
21584	28.8559022079144
21588	28.8558776982598
21592	28.8558744266959
21596	28.8558466910559
21608	28.8557608910625
21612	28.8557246735583
21616	28.8557185577613
21626	28.8556509792356
21652	28.8556392916761
21666	28.8556312785498
21676	28.8555924179795
21678	28.8555805460824
21690	28.8555566678092
21708	28.8555375568159
21714	28.8555215892934
21744	28.8555192095519
21748	28.8554922162940
21754	28.8554823433223
21774	28.8554539865909
21782	28.8554285701869
21792	28.85539780162
21796	28.8553693004263
21824	28.8553666660624
21852	28.8553654941016
21864	28.8553642408273
21868	28.8553379101426
21892	28.8553250567364
21902	28.8553032820666
21904	28.8553012848888
21926	28.8552679491544
21950	28.8552597370787
21952	28.8552006155587
21962	28.8551924924132
22008	28.8551885695781
22016	28.8551686974428
22042	28.8551533298331
22046	28.8551253212599
22052	28.855118355549
22056	28.8551159822384
22070	28.8551155842539
22076	28.8551096010812
22080	28.8551040434970
22094	28.8550865310632
22100	28.8550812238939
22106	28.8550647510957
22114	28.8550590973301
22126	28.8550401660704
22156	28.8550204083952
22162	28.8550068750721
22172	28.8550037133411
22176	28.8549839547678
22214	28.8549830723261
22218	28.8549637460419
22236	28.8549479514426
22266	28.8549477866111
22274	28.8549463721472
22278	28.854939925115
22294	28.8549305385685
22302	28.8549291295266
22304	28.8549248066799
22312	28.8549229312281
22318	28.8549171252667
22328	28.8549124101425
22336	28.8548988382753
22350	28.854894271342
22368	28.8548907686546
22380	28.8548757315188
22436	28.8548695955212
22462	28.8548634679211
22482	28.8548599425685
22486	28.8548532141062
22500	28.8548470999665
22534	28.8548370699477
22542	28.8548334580339
22562	28.8548309804758
22568	28.8548304813468
22596	28.8548241046597
22614	28.854822326865
22616	28.8548219331439
22618	28.8548100313516
22642	28.8548073119014
22646	28.8548037899218
22664	28.8548031875925
22670	28.8548025752916
22682	28.8547992875911
22702	28.8547968099186
22708	28.854793248288
22712	28.8547905622046
22730	28.8547902304525
22744	28.8547872616884
22774	28.8547850751730
22780	28.8547827926223
22784	28.8547776095281
22808	28.8547745826837
22818	28.8547745549473
22826	28.8547708420694
22844	28.8547691925327
22850	28.8547625134343
22854	28.8547562504293
22898	28.8547502153963
22918	28.8547362625427
22934	28.854731592591
22942	28.8547243137840
22946	28.8547211835774
22962	28.8547206115101
22972	28.8547201641036
22976	28.8547126497243
23000	28.8547090681994
23004	28.8547024566983
23030	28.8547003798923
23040	28.8546960280214
23050	28.8546949070401
23052	28.8546912095124
23082	28.8546876520601
23084	28.854681448491
23096	28.8546807976470
23100	28.854679815148
23114	28.8546755953587
23116	28.8546681014336
23148	28.8546633088718
23152	28.8546607589587
23156	28.8546566437996
23168	28.8546521923605
23180	28.8546517223625
23184	28.8546369223866
23190	28.8546301632065
23198	28.8546298656628
23202	28.8546226116337
23236	28.8546162869383
23242	28.8546048171493
23246	28.8546046449357
23258	28.8545990290027
23264	28.8545935358966
23292	28.8545729230489
23304	28.8545678722076
23314	28.8545670896400
23316	28.8545572979877
23324	28.8545441095245
23348	28.8545354820400
23356	28.8545258876497
23364	28.8545210364452
23366	28.8545170038194
23382	28.8545091459729
23392	28.8544929469307
23408	28.8544835249453
23430	28.8544669260992
23442	28.8544657573438
23448	28.8544625948752
23452	28.8544604356706
23456	28.8544586465581
23460	28.8544586258416
23476	28.8544464945803
23496	28.8544364426897
23502	28.8544321350061
23510	28.8544216901963
23542	28.8544180770811
23572	28.8544151748843
23574	28.8544081894925
23586	28.8544063221933
23588	28.8543938470163
23610	28.8543928592103
23620	28.8543861455934
23634	28.8543672056860
23660	28.854331309623
23674	28.8543295046754
23678	28.8543199517383
23684	28.8543103009655
23696	28.8542940371778
23698	28.8542889910560
23728	28.8542739986755
23744	28.8542739796558
23768	28.8542642905932
23778	28.8542611095760
23794	28.8542554454332
23796	28.8542545789374
23812	28.8542450109233
23820	28.8542430903420
23822	28.8542329460592
23828	28.8542288207810
23830	28.8542194600664
23868	28.8542181650153
23878	28.8542166114397
23898	28.8542159486361
23900	28.8542017401286
23904	28.8541984238886
23926	28.8541932630044
23942	28.8541903393794
23954	28.8541888201888
23964	28.8541875652431
23982	28.8541856663034
23988	28.8541850122897
23990	28.8541803436148
23992	28.8541783178579
23994	28.8541767221051
24002	28.8541754831526
24006	28.8541737324221
24014	28.8541686187962
24022	28.8541581786955
24042	28.8541518309689
24056	28.8541510995141
24058	28.8541468342944
24064	28.8541364961302
24070	28.8541314121103
24086	28.8541242720223
24088	28.8541136377464
24092	28.8541014587204
24118	28.8540901826383
24122	28.854079596566
24154	28.8540651628198
24186	28.8540516796833
24218	28.8540453841836
24220	28.854039331999
24232	28.8540377699201
24234	28.8540365701342
24238	28.8540301148244
24244	28.8540291610579
24262	28.8540270679828
24264	28.8540199384501
24280	28.8540159763053
24290	28.8540151780392
24294	28.8540119141562
24296	28.8540103108361
24308	28.8540088019564
24314	28.8540028136813
24340	28.8540017536814
24344	28.8539988844685
24346	28.8539963308254
24354	28.8539941484495
24372	28.8539897971686
24402	28.8539894032312
24404	28.8539876266303
24408	28.8539873964236
24420	28.8539827836782
24478	28.8539814394912
24486	28.8539810647309
24488	28.8539788403804
24514	28.8539786092935
24528	28.8539782709355
24530	28.8539781044856
24540	28.8539771611416
24548	28.8539767351389
24566	28.8539766717355
24568	28.8539753140398
24578	28.8539749578085
24600	28.8539733935569
24602	28.8539718144186
24610	28.8539702016348
24614	28.8539693070549
24620	28.8539682861064
24626	28.8539673780203
24634	28.8539652044110
24680	28.853965063281
24682	28.8539643935104
24684	28.8539628101994
24702	28.8539619889106
24706	28.8539610725141
24712	28.853959921417
24720	28.8539565607089
24730	28.8539560019956
24738	28.8539559264230
24744	28.8539558390357
24748	28.8539538969689
24752	28.8539530894649
24756	28.8539523460283
24796	28.8539511211653
24800	28.8539509556416
24802	28.853950389659
24806	28.8539468848702
24838	28.8539440249516
24854	28.8539431274509
24860	28.8539426760531
24862	28.8539410385415
24868	28.8539404472715
24876	28.8539384343608
24884	28.8539337301934
24904	28.8539314509164
24914	28.8539304777963
24930	28.8539301482934
24936	28.8539238726928
24942	28.8539236420807
24946	28.8539184542961
24952	28.8539167115435
25000	28.8539156782446
25006	28.8539156296921
25024	28.8539152871444
25040	28.8539139296383
25044	28.8539132291565
25062	28.8539130984350
25064	28.8539090428667
25110	28.8539073562425
25116	28.8539062748537
25154	28.8539052480814
25162	28.8539040978066
25174	28.8539029855682
25180	28.8539012114454
25198	28.8538996358420
25206	28.8538993289319
25246	28.8538975791525
25262	28.8538972302299
25274	28.8538950319145
25308	28.8538936892841
25318	28.8538932239711
25322	28.8538913050343
25330	28.8538903025173
25340	28.8538892922142
25342	28.8538867108957
25344	28.8538861387763
25350	28.8538840755349
25360	28.8538826049686
25366	28.8538825910339
25368	28.8538801837176
25382	28.8538760468377
25396	28.853875623309
25416	28.8538742039939
25430	28.8538741643255
25440	28.8538717334503
25446	28.8538693743956
25456	28.8538664009783
25484	28.8538658468806
25486	28.8538648957618
25494	28.8538624104494
25504	28.8538614024923
25520	28.8538611141464
25528	28.8538580963738
25560	28.8538580785149
25566	28.8538570657393
25574	28.8538559270838
25582	28.8538553978825
25606	28.8538546776579
25616	28.8538518026169
25640	28.8538517921664
25648	28.8538487652954
25660	28.853847959619
25692	28.8538476415798
25710	28.8538467044064
25712	28.8538466388599
25720	28.8538455566573
25726	28.8538454393037
25728	28.8538442619472
25752	28.8538400793174
25792	28.8538394848641
25800	28.8538382665355
25826	28.8538378267872
25834	28.8538367551871
25866	28.8538366570304
25874	28.8538364790748
25876	28.8538364479101
25878	28.8538356453295
25886	28.8538340290901
25892	28.8538324787424
25894	28.8538324449178
25906	28.8538322046995
25914	28.8538320461769
25916	28.8538320312494
25926	28.8538316960201
25942	28.8538310803742
25958	28.8538304356938
25962	28.8538298979671
25980	28.8538296516348
25994	28.8538290146257
25998	28.8538276174504
26010	28.8538269215212
26060	28.8538263647025
26078	28.8538259883637
26082	28.8538255565951
26104	28.8538251972996
26148	28.8538251670924
26150	28.8538250524731
26158	28.8538248998711
26160	28.8538244636024
26164	28.8538243730062
26180	28.8538236363379
26222	28.8538236101579
26226	28.8538233330981
26248	28.8538232798518
26250	28.8538232069368
26252	28.8538230921301
26266	28.8538229275148
26272	28.8538229266157
26276	28.8538228892522
26298	28.8538227710611
26304	28.8538223963991
26324	28.8538223714228
26332	28.8538221563855
26382	28.8538221560541
26384	28.8538221442521
26388	28.8538218694182
26392	28.8538218591183
26406	28.8538217845572
26416	28.8538217097389
26422	28.8538216570535
26430	28.8538214447017
26476	28.8538212150423
26484	28.8538211617273
26492	28.8538210029517
26500	28.8538209149836
26506	28.8538207378574
26524	28.8538205427951
26558	28.8538204830790
26564	28.8538201647759
26580	28.8538200286352
26592	28.853819815078
26594	28.8538197382718
26608	28.8538196236163
26610	28.8538195547224
26612	28.8538191127202
26622	28.8538186656742
26664	28.8538185215635
26676	28.8538179410867
26722	28.8538174383259
26748	28.8538173203539
26754	28.8538171353320
26774	28.8538168290594
26788	28.8538166270592
26808	28.8538163896056
26812	28.853816202105
26854	28.8538158778513
26868	28.8538155040273
26876	28.8538153538231
26894	28.8538147937003
26942	28.8538145026397
26966	28.853814351557
26984	28.8538143044025
26988	28.8538141690640
27002	28.8538138906493
27026	28.8538138564133
27036	28.8538137017714
27068	28.8538133707071
27082	28.8538131338274
27098	28.8538131138742
27108	28.853812910735
27110	28.8538127265109
27112	28.8538127148616
27130	28.8538126252304
27148	28.8538123330350
27168	28.8538122529989
27178	28.8538120457257
27184	28.8538116421531
27218	28.8538111577295
27226	28.8538109448132
27228	28.8538105602351
27256	28.8538103096683
27294	28.8538102115074
27302	28.8538102104470
27308	28.8538101592091
27310	28.8538101068429
27316	28.8538100074829
27328	28.8538099189152
27334	28.8538097220326
27358	28.853809612532
27366	28.8538095495563
27368	28.8538094259619
27378	28.8538093315410
27386	28.8538090873381
27388	28.8538090211502
27392	28.8538086780029
27398	28.8538083017770
27410	28.8538082068517
27420	28.8538081850517
27422	28.853808090741
27426	28.8538078125189
27446	28.853807282364
27482	28.8538071383298
27488	28.8538069440197
27492	28.853806858151
27526	28.8538068376021
27538	28.8538064925084
27564	28.8538064873053
27576	28.8538063420947
27588	28.8538063001876
27600	28.8538062910163
27616	28.8538060888354
27638	28.8538058850489
27654	28.8538055581396
27680	28.8538052689522
27696	28.8538052460366
27706	28.853804973908
27710	28.8538048289535
27748	28.8538045880922
27758	28.85380446375
27764	28.8538043443403
27766	28.8538043085441
27790	28.8538041637618
27806	28.8538038139958
27850	28.8538037595549
27852	28.8538035691614
27866	28.853803487046
27868	28.8538033751688
27870	28.8538033112814
27876	28.8538031641143
27890	28.8538030195341
27908	28.8538030062203
27920	28.8538029805639
27938	28.8538029553042
27950	28.8538029420584
27960	28.8538027305910
27976	28.8538027060323
27978	28.8538027008897
27982	28.8538025352846
28018	28.8538023275503
28028	28.8538023179389
28030	28.8538022123746
28038	28.8538020793927
28056	28.8538020720526
28064	28.8538019619983
28072	28.8538018978414
28078	28.8538017163905
28094	28.8538017067216
28102	28.8538016575890
28106	28.8538016000076
28122	28.8538015024572
28132	28.8538014117436
28148	28.8538013929315
28172	28.8538013566629
28186	28.8538013163137
28204	28.8538012351306
28226	28.8538012010558
28236	28.8538010491606
28254	28.8538009475462
28278	28.8538009111483
28280	28.8538008052888
28292	28.8538007213457
28312	28.8538005508994
28318	28.8538004259830
28352	28.8538003973761
28358	28.8538002525652
28360	28.8538001728035
28366	28.8537999452633
28396	28.8537999412484
28406	28.8537998142082
28410	28.8537997509992
28416	28.8537997095009
28418	28.8537997030117
28420	28.8537996710706
28424	28.8537995603079
28432	28.8537994910355
28438	28.8537994881156
28444	28.8537993281489
28448	28.8537993236847
28450	28.8537990932188
28476	28.8537989749735
28490	28.853798898086
28522	28.8537988570910
28538	28.853798768313
28540	28.8537986748006
28560	28.8537985852048
28570	28.853798584275
28590	28.8537985490046
28602	28.8537985160923
28610	28.8537984551500
28624	28.8537983665501
28644	28.8537982268157
28648	28.8537982051784
28666	28.8537981020363
28698	28.8537980632321
28704	28.8537980552674
28714	28.8537980431442
28718	28.8537980352436
28728	28.8537979976875
28746	28.8537979764434
28764	28.8537979720693
28766	28.8537979584337
28772	28.8537979421228
28774	28.8537978412953
28780	28.8537977827273
28792	28.8537977526120
28798	28.8537976647417
28854	28.8537976296792
28884	28.8537975371269
28906	28.8537974714653
28916	28.8537974549586
28926	28.8537973663012
28948	28.8537973270060
28950	28.8537973073601
28964	28.8537972227807
28970	28.8537971590584
28980	28.8537971105326
28982	28.8537970568084
29022	28.8537970505530
29024	28.8537969588937
29040	28.8537968804098
29060	28.8537968792074
29064	28.8537968074649
29118	28.8537967903937
29124	28.8537967640714
29128	28.8537966893071
29166	28.8537966884986
29188	28.8537966839912
29196	28.8537966657684
29214	28.8537966383138
29226	28.8537966246524
29244	28.8537965987022
29256	28.8537965620308
29276	28.8537965433999
29286	28.8537965145402
29314	28.8537964684901
29338	28.8537964503580
29362	28.8537964453888
29364	28.8537964419728
29372	28.8537964233503
29380	28.8537964182856
29390	28.8537964089998
29398	28.8537963870519
29404	28.8537963804272
29422	28.8537963554882
29438	28.8537963543573
29444	28.8537963419124
29452	28.8537963125033
29464	28.8537963091688
29476	28.8537962984599
29478	28.8537962902344
29480	28.8537962806216
29488	28.8537962715204
29500	28.8537962612034
29526	28.8537962449703
29562	28.8537962375567
29568	28.8537962165711
29578	28.8537962108627
29596	28.8537962106099
29604	28.8537962103381
29606	28.8537961902314
29610	28.8537961646081
29630	28.8537961547143
29678	28.853796125337
29706	28.8537961222352
29708	28.8537961135884
29734	28.853796112288
29742	28.8537960896926
29752	28.8537960794023
29762	28.8537960329758
29770	28.8537960116607
29776	28.8537959599114
29780	28.8537959037974
29790	28.8537958958395
29812	28.8537958687353
29820	28.8537958497564
29844	28.8537958333693
29864	28.8537958198367
29874	28.8537957957091
29884	28.8537957756292
29896	28.8537957613252
29910	28.8537957607304
29924	28.8537957292287
29944	28.8537956875758
29960	28.8537956637428
29986	28.8537956581826
30000	28.8537956305005
30012	28.8537956236664
30014	28.8537956025036
30026	28.8537955641013
30038	28.8537955165891
30046	28.8537955156979
30048	28.8537955120868
30052	28.8537955047089
30060	28.8537954938858
30068	28.8537954934004
30070	28.8537954536955
30074	28.8537954133449
30110	28.8537953881425
30118	28.8537953725728
30144	28.8537953373069
30172	28.8537953325562
30174	28.8537953242531
30182	28.8537953230742
30188	28.8537952569104
30202	28.8537952409664
30208	28.8537952377842
30214	28.8537951917641
30218	28.8537950777470
30232	28.8537950500528
30276	28.8537950062150
30322	28.8537949767916
30342	28.8537949735979
30348	28.8537949708111
30354	28.8537949670099
30358	28.8537949375655
30362	28.8537949355308
30382	28.8537949334468
30396	28.8537949159318
30402	28.8537948912980
30406	28.8537948882146
30408	28.8537948444173
30414	28.8537947851388
30434	28.8537947703216
30444	28.8537947373412
30474	28.8537947289304
30494	28.8537947196196
30506	28.8537946752762
30516	28.8537946320044
30542	28.8537946174236
30554	28.8537946146038
30576	28.8537946126359
30578	28.8537945989841
30582	28.8537945915699
30586	28.8537945732266
30596	28.8537945182801
30640	28.8537944844096
30676	28.8537944667066
30688	28.8537944622646
30704	28.8537944527131
30706	28.8537944426304
30716	28.8537944264376
30720	28.8537944180713
30724	28.8537944169562
30732	28.8537943949065
30734	28.8537943870452
30766	28.8537943453226
30768	28.8537943117
30788	28.8537942938666
30804	28.8537942553618
30808	28.8537942358204
30820	28.8537942100627
30832	28.8537942036532
30838	28.8537941762023
30844	28.8537941711286
30848	28.8537941599443
30868	28.8537941122935
30894	28.8537940836038
30908	28.8537940733790
30932	28.8537940708442
30938	28.8537940598055
30948	28.8537940412821
30960	28.8537940384003
30962	28.8537940280920
30972	28.8537940131319
30974	28.8537939915378
30998	28.8537939866567
31002	28.8537939846657
31016	28.8537939826658
31030	28.8537939823652
31036	28.8537939741013
31040	28.8537939686789
31072	28.8537939675501
31076	28.8537939672396
31080	28.8537939513123
31098	28.8537939508094
31102	28.8537939350241
31104	28.8537939329461
31106	28.853793931271
31112	28.8537939308172
31122	28.8537939202412
31136	28.8537939156581
31140	28.8537939115008
31152	28.8537939080372
31168	28.8537938961646
31170	28.8537938909188
31184	28.8537938856019
31210	28.8537938755501
31212	28.8537938674563
31224	28.8537938478197
31250	28.853793842151
31266	28.8537938344717
31270	28.8537938263545
31310	28.8537937946585
31320	28.8537937839574
31348	28.8537937699594
31352	28.8537937534019
31396	28.8537937482397
31406	28.8537937410865
31426	28.8537937382057
31432	28.8537937297015
31434	28.8537937257416
31444	28.8537937221092
31458	28.8537937198668
31460	28.8537937056868
31496	28.8537936945347
31524	28.8537936849908
31534	28.8537936808288
31538	28.8537936796345
31576	28.8537936731069
31582	28.8537936667723
31588	28.8537936667418
31590	28.8537936648011
31592	28.853793662474
31594	28.8537936600071
31596	28.8537936588191
31604	28.8537936483302
31612	28.8537936410169
31616	28.8537936257822
31640	28.8537936101275
31650	28.8537936060602
31652	28.8537936011983
31672	28.8537935991419
31678	28.8537935923012
31696	28.8537935894291
31702	28.8537935637134
31724	28.8537935540567
31736	28.8537935310442
31760	28.8537935264002
31786	28.8537935235325
31788	28.8537935169756
31816	28.8537935164918
31826	28.8537935031057
31840	28.8537934955763
31874	28.8537934929261
31876	28.8537934925691
31882	28.8537934869120
31908	28.8537934839523
31914	28.8537934821111
31936	28.8537934766631
31962	28.8537934690895
31976	28.8537934681382
31984	28.8537934674830
32000	28.8537934628544
32008	28.8537934575046
32010	28.8537934488389
32018	28.8537934474031
32026	28.8537934434968
32048	28.8537934429273
32056	28.8537934404953
32058	28.8537934320882
32068	28.853793429252
32082	28.8537934267058
32088	28.8537934262256
32098	28.8537934239767
32104	28.8537934223761
32122	28.8537934177543
32132	28.8537934047464
32140	28.8537934019676
32154	28.8537934015135
32156	28.8537933928262
32158	28.8537933888984
32168	28.8537933875412
32176	28.8537933872843
32178	28.8537933853973
32180	28.8537933843412
32202	28.8537933759928
32218	28.8537933640548
32226	28.8537933585664
32258	28.8537933578476
32274	28.8537933561523
32276	28.8537933539829
32282	28.853793350875
32304	28.8537933393471
32330	28.853793337372
32354	28.8537933370836
32358	28.8537933328517
32372	28.8537933326632
32400	28.8537933279305
32406	28.8537933273657
32410	28.8537933239478
32412	28.8537933203873
32436	28.853793316446
32442	28.8537933051797
32450	28.8537933030806
32464	28.8537933002991
32472	28.8537932857688
32476	28.8537932643777
32480	28.8537932608543
32512	28.8537932565829
32540	28.8537932539836
32544	28.8537932517666
32556	28.8537932484109
32560	28.8537932400412
32578	28.8537932359066
32584	28.8537932301948
32592	28.8537932214507
32610	28.8537932200848
32618	28.853793213579
32626	28.8537932005006
32636	28.8537931981349
32640	28.8537931852029
32648	28.8537931757002
32656	28.8537931567382
32658	28.853793155016
32680	28.8537931485654
32700	28.8537931470772
32726	28.8537931442394
32740	28.8537931369932
32746	28.8537931360474
32752	28.8537931303154
32758	28.8537931288351
32764	28.8537931254506
32770	28.8537931209875
32784	28.8537931183962
32802	28.8537931183825
32806	28.8537931131926
32808	28.8537931103933
32854	28.8537931101735
32856	28.8537931055904
32874	28.8537930995951
32902	28.8537930991768
32910	28.8537930945188
32920	28.8537930832411
32926	28.8537930819244
32928	28.853793077256
32936	28.8537930677366
32940	28.8537930658612
32954	28.8537930651743
32958	28.8537930597258
32980	28.8537930527670
32992	28.8537930513045
32994	28.8537930470272
33018	28.8537930409104
33034	28.8537930402972
33042	28.8537930378553
33044	28.8537930311169
33048	28.8537930275918
33058	28.8537930247888
33066	28.8537930229079
33070	28.8537930217724
33084	28.8537930213279
33088	28.8537930200393
33090	28.853793018431
33092	28.8537930171571
33102	28.8537930149399
33122	28.8537930111998
33124	28.8537930095129
33156	28.8537930078665
33164	28.8537930063626
33176	28.8537930061023
33182	28.8537930014329
33208	28.8537929983279
33214	28.8537929950534
33230	28.8537929937141
33238	28.8537929919547
33250	28.8537929913597
33254	28.8537929880256
33264	28.8537929870000
33282	28.8537929831157
33290	28.8537929826613
33294	28.8537929824708
33296	28.8537929802357
33304	28.8537929777114
33306	28.8537929756886
33312	28.853792966386
33342	28.8537929647498
33348	28.8537929635316
33360	28.8537929529227
33382	28.8537929496872
33388	28.8537929425517
33402	28.8537929391096
33406	28.8537929352900
33410	28.8537929326177
33436	28.8537929295106
33450	28.853792928187
33456	28.8537929210668
33472	28.8537929180447
33476	28.8537929152508
33500	28.8537929102070
33518	28.8537929100055
33520	28.8537928986604
33534	28.853792898399
33536	28.8537928969917
33544	28.8537928934713
33566	28.8537928887941
33578	28.8537928764539
33590	28.8537928761822
33608	28.8537928754195
33612	28.8537928723073
33636	28.8537928664262
33648	28.8537928604228
33682	28.8537928550877
33706	28.8537928532247
33708	28.8537928497800
33712	28.8537928482261
33736	28.8537928482078
33742	28.8537928461999
33758	28.8537928455590
33760	28.8537928455237
33762	28.8537928420455
33770	28.8537928404083
33780	28.8537928395069
33796	28.8537928333242
33842	28.8537928318464
33860	28.8537928303120
33866	28.8537928288075
33882	28.8537928274137
33890	28.8537928268284
33912	28.8537928253608
33920	28.8537928253515
33922	28.8537928251001
33928	28.853792824349
33938	28.8537928217976
33940	28.8537928217590
33946	28.8537928209355
33948	28.8537928173589
33972	28.8537928161542
33980	28.8537928154727
33986	28.8537928149163
34008	28.8537928132993
34018	28.8537928131343
34028	28.8537928129588
34034	28.8537928107485
34036	28.8537928106866
34052	28.8537928047686
34062	28.8537928039735
34098	28.8537928003212
34106	28.8537927996683
34112	28.8537927989532
34118	28.8537927989264
34126	28.8537927985332
34130	28.8537927942473
34134	28.8537927926206
34144	28.8537927904417
34166	28.8537927889915
34180	28.8537927879883
34182	28.8537927834478
34210	28.8537927827185
34222	28.8537927789359
34244	28.8537927784255
34248	28.8537927770977
34264	28.8537927741510
34268	28.8537927701479
34282	28.8537927660361
34312	28.8537927650624
34316	28.8537927623929
34322	28.853792759784
34356	28.8537927591274
34358	28.8537927587539
34382	28.8537927573081
34386	28.8537927547552
34396	28.8537927540271
34404	28.8537927517762
34420	28.8537927481323
34422	28.8537927480225
34448	28.8537927466974
34464	28.8537927442361
34486	28.853792744103
34488	28.8537927393708
34514	28.8537927358896
34544	28.8537927353596
34546	28.8537927340340
34550	28.8537927313987
34556	28.8537927310273
34558	28.8537927301312
34566	28.8537927269815
34582	28.8537927251586
34590	28.8537927244315
34592	28.8537927243926
34594	28.8537927243759
34596	28.8537927204942
34604	28.8537927201507
34608	28.8537927154993
34610	28.8537927138421
34650	28.8537927112472
34666	28.8537927097983
34678	28.8537927089926
34686	28.8537927045561
34696	28.8537927032809
34708	28.8537927020089
34714	28.8537926990718
34740	28.8537926974536
34762	28.8537926971446
34764	28.8537926946069
34772	28.8537926923446
34780	28.8537926886491
34788	28.8537926856337
34804	28.8537926840553
34812	28.8537926821716
34814	28.8537926803788
34848	28.8537926799498
34854	28.8537926786009
34860	28.8537926760914
34866	28.8537926750636
34886	28.8537926749835
34888	28.8537926722530
34900	28.8537926718241
34920	28.8537926709716
34922	28.853792670704
34940	28.8537926675867
34948	28.8537926668496
34966	28.8537926661325
34974	28.8537926658464
34980	28.853792663573
34982	28.8537926631224
34996	28.8537926612800
35020	28.8537926583428
35034	28.8537926572737
35048	28.8537926562288
35060	28.8537926560534
35064	28.8537926542786
35066	28.8537926502563
35082	28.8537926477874
35098	28.8537926477284
35112	28.8537926447684
35116	28.8537926438014
35118	28.8537926431814
35138	28.8537926431223
35140	28.853792642752
35146	28.8537926420989
35148	28.8537926399123
35154	28.8537926393653
35158	28.8537926342299
35168	28.8537926337485
35188	28.8537926322516
35198	28.8537926306604
35210	28.8537926306568
35212	28.8537926281541
35230	28.8537926251618
35252	28.8537926241507
35266	28.8537926239014
35298	28.8537926229752
35334	28.8537926226025
35338	28.8537926216059
35340	28.8537926200156
35370	28.8537926193279
35378	28.8537926185217
35394	28.8537926183525
35410	28.8537926170883
35424	28.8537926166183
35426	28.8537926165228
35436	28.8537926154658
35442	28.8537926152157
35448	28.8537926149610
35454	28.8537926145195
35460	28.8537926142389
35462	28.8537926129372
35464	28.8537926127877
35468	28.8537926123733
35470	28.8537926100908
35502	28.8537926088508
35508	28.8537926064678
35532	28.8537926058477
35536	28.8537926057385
35542	28.8537926056657
35544	28.8537926054169
35548	28.8537926009626
35564	28.8537926008035
35568	28.8537925994768
35586	28.8537925960148
35596	28.8537925959831
35602	28.8537925891574
35612	28.853792582212
35630	28.8537925788128
35668	28.853792578208
35678	28.8537925777535
35682	28.8537925749335
35698	28.8537925741513
35704	28.8537925722991
35716	28.8537925697165
35732	28.8537925677717
35738	28.8537925639619
35784	28.853792563946
35808	28.8537925626359
35828	28.8537925625767
35838	28.8537925622215
35848	28.8537925620779
35856	28.8537925613997
35882	28.8537925604493
35902	28.8537925600053
35908	28.8537925590934
35922	28.8537925588389
35936	28.8537925588011
35954	28.8537925583619
35956	28.8537925574214
35974	28.8537925566902
35980	28.8537925562797
35998	28.853792554639
36026	28.8537925539937
36042	28.8537925529851
36046	28.8537925514433
36062	28.8537925501253
36078	28.8537925493678
36082	28.8537925488443
36094	28.8537925481102
36116	28.8537925478737
36124	28.8537925464754
36160	28.8537925456793
36174	28.8537925451850
36184	28.8537925450481
36188	28.8537925445114
36206	28.8537925440628
36214	28.8537925437063
36234	28.8537925432168
36238	28.8537925429028
36240	28.8537925428147
36246	28.8537925420185
36250	28.8537925417365
36256	28.8537925417163
36278	28.8537925400442
36300	28.8537925395136
36306	28.8537925391107
36318	28.8537925388034
36330	28.8537925381846
36332	28.8537925371143
36352	28.8537925365542
36372	28.8537925364187
36380	28.8537925359744
36394	28.8537925354677
36406	28.8537925354383
36408	28.8537925353347
36412	28.8537925351221
36424	28.8537925349311
36432	28.8537925348805
36434	28.8537925346913
36440	28.8537925341238
36450	28.8537925332123
36452	28.8537925328908
36470	28.8537925325180
36478	28.8537925324812
36488	28.8537925319606
36506	28.8537925313909
36518	28.8537925312513
36534	28.8537925307038
36542	28.8537925306014
36570	28.8537925304204
36592	28.8537925304150
36598	28.8537925300626
36602	28.8537925291251
36612	28.8537925286752
36626	28.8537925284669
36650	28.853792528132
36652	28.8537925277582
36658	28.8537925276746
36662	28.8537925273387
36670	28.8537925271174
36680	28.853792526983
36692	28.8537925266335
36712	28.8537925264345
36728	28.8537925263035
36736	28.8537925257758
36754	28.8537925255162
36760	28.8537925252016
36776	28.8537925246586
36780	28.8537925246482
36796	28.8537925242586
36814	28.8537925238446
36846	28.8537925230887
36858	28.8537925229648
36870	28.8537925227515
36884	28.853792522588
36900	28.8537925222468
36922	28.8537925216263
36946	28.8537925213083
36970	28.8537925209788
36982	28.8537925208450
36992	28.8537925207578
37000	28.8537925207523
37008	28.8537925206501
37020	28.8537925201946
37036	28.8537925201819
37046	28.8537925200825
37058	28.8537925200744
37072	28.8537925197653
37080	28.8537925197643
37082	28.853792519524
37086	28.8537925190650
37100	28.8537925189526
37118	28.8537925186069
37158	28.8537925185372
37192	28.8537925182763
37202	28.8537925181658
37204	28.8537925179995
37208	28.8537925176905
37234	28.8537925173688
37236	28.8537925173265
37244	28.8537925168872
37248	28.8537925167523
37266	28.8537925166351
37284	28.8537925164583
37288	28.8537925162829
37316	28.8537925161688
37320	28.8537925161157
37332	28.8537925159935
37350	28.8537925159459
37352	28.85379251587
37366	28.8537925158419
37372	28.8537925158301
37376	28.8537925158054
37380	28.8537925156111
37388	28.8537925149480
37402	28.8537925147374
37414	28.8537925142405
37418	28.8537925141482
37424	28.8537925140107
37460	28.8537925139687
37462	28.8537925138486
37474	28.8537925138177
37478	28.8537925137927
37486	28.8537925137428
37492	28.8537925137134
37496	28.8537925136733
37520	28.8537925135789
37522	28.8537925135581
37526	28.8537925135015
37550	28.8537925134235
37554	28.853792513423
37562	28.8537925133550
37598	28.8537925130257
37612	28.8537925130109
37616	28.853792512957
37626	28.8537925129239
37638	28.8537925128991
37654	28.8537925128495
37660	28.8537925127788
37662	28.853792512773
37666	28.853792512746
37674	28.8537925126546
37680	28.853792512639
37686	28.8537925126044
37704	28.8537925125039
37706	28.8537925124732
37708	28.8537925122306
37734	28.8537925119332
37746	28.8537925119016
37752	28.8537925117812
37770	28.8537925116649
37772	28.8537925116099
37776	28.8537925115432
37778	28.8537925110823
37794	28.8537925110093
37796	28.8537925108807
37806	28.8537925102648
37830	28.8537925097909
37834	28.8537925096941
37840	28.8537925091625
37874	28.8537925091443
37894	28.8537925090455
37916	28.8537925087580
37960	28.8537925087447
37974	28.8537925086369
38014	28.8537925085443
38036	28.8537925085234
38064	28.8537925084894
38070	28.8537925084516
38072	28.8537925083990
38080	28.8537925083756
38110	28.8537925083251
38114	28.8537925082970
38120	28.8537925082627
38128	28.8537925082185
38160	28.8537925081781
38164	28.8537925080766
38180	28.8537925080694
38184	28.8537925080492
38196	28.8537925080199
38198	28.8537925079215
38204	28.8537925079161
38212	28.8537925077947
38266	28.8537925077821
38268	28.8537925077277
38326	28.8537925077249
38340	28.8537925077232
38344	28.8537925075957
38360	28.8537925075928
38364	28.8537925075468
38368	28.8537925075245
38416	28.8537925074837
38418	28.853792507431
38430	28.8537925074298
38450	28.8537925073474
38462	28.8537925073455
38478	28.8537925073235
38480	28.8537925073149
38490	28.85379250725
38518	28.853792507243
38534	28.8537925072286
38538	28.8537925071968
38546	28.8537925071709
38548	28.8537925071605
38554	28.8537925071016
38560	28.8537925070679
38564	28.8537925070294
38566	28.8537925069917
38578	28.8537925069349
38604	28.8537925069299
38628	28.8537925068619
38682	28.8537925068556
38702	28.8537925068406
38714	28.8537925068328
38722	28.8537925068169
38760	28.8537925067988
38762	28.8537925067823
38800	28.8537925067703
38802	28.8537925067530
38832	28.8537925067368
38836	28.8537925067213
38846	28.8537925067056
38856	28.853792506686
38868	28.8537925066575
38872	28.8537925066569
38874	28.853792506633
38896	28.853792506621
38912	28.8537925066111
38916	28.8537925066093
38932	28.8537925066044
38944	28.8537925065990
38956	28.8537925065679
38974	28.8537925065639
38990	28.8537925065591
38998	28.8537925065365
39018	28.8537925065157
39022	28.8537925065108
39038	28.8537925065099
39056	28.8537925065081
39062	28.8537925065013
39064	28.8537925064946
39068	28.8537925064867
39092	28.85379250647
39120	28.8537925064531
39138	28.8537925064514
39168	28.8537925064495
39170	28.8537925064244
39196	28.8537925064226
39212	28.853792506412
39228	28.8537925064096
39256	28.8537925064093
39262	28.8537925064069
39266	28.8537925064065
39274	28.8537925063898
39290	28.8537925063879
39306	28.8537925063864
39310	28.8537925063857
39320	28.8537925063844
39322	28.8537925063817
39326	28.8537925063794
39344	28.8537925063781
39350	28.853792506364
39354	28.8537925063619
39366	28.8537925063516
39368	28.8537925063491
39374	28.853792506343
39390	28.8537925063373
39396	28.8537925063328
39410	28.8537925063287
39416	28.8537925063273
39418	28.8537925063096
39446	28.8537925063082
39448	28.853792506292
39484	28.8537925062913
39486	28.8537925062804
39500	28.8537925062772
39502	28.8537925062704
39528	28.8537925062690
39530	28.8537925062639
39540	28.8537925062554
39548	28.8537925062490
39552	28.853792506231
39562	28.8537925062309
39588	28.8537925062255
39590	28.8537925062172
39602	28.8537925062099
39606	28.8537925062059
39610	28.8537925061901
39642	28.8537925061842
39646	28.8537925061821
39650	28.8537925061782
39662	28.8537925061674
39682	28.8537925061651
39684	28.8537925061423
39700	28.8537925061332
39714	28.853792506118
39728	28.8537925061123
39744	28.8537925060859
39750	28.8537925060834
39758	28.8537925060746
39768	28.853792506064
39770	28.8537925060619
39778	28.8537925060466
39796	28.8537925060392
39800	28.8537925060325
39802	28.8537925060247
39820	28.8537925060096
39826	28.8537925060032
39838	28.8537925059965
39846	28.8537925059857
39866	28.8537925059557
39880	28.8537925059445
39896	28.8537925059362
39910	28.8537925059242
39912	28.8537925059109
39942	28.8537925058937
39956	28.8537925058893
39960	28.8537925058891
39962	28.8537925058784
39970	28.8537925058718
39972	28.8537925058534
39978	28.8537925058519
40000	28.8537925058421
40014	28.8537925058307
40046	28.8537925058229
40060	28.8537925058223
40064	28.8537925058131
40070	28.8537925058048
40084	28.853792505799
40092	28.8537925057909
40094	28.8537925057812
40112	28.8537925057728
40134	28.8537925057563
40172	28.8537925057416
40186	28.8537925057411
40208	28.8537925057406
40214	28.8537925057325
40230	28.8537925057174
40254	28.8537925057122
40262	28.8537925057097
40288	28.8537925057040
40290	28.8537925057029
40292	28.8537925056981
40296	28.8537925056950
40304	28.8537925056803
40348	28.8537925056729
40350	28.8537925056696
40352	28.8537925056638
40354	28.8537925056564
40360	28.8537925056502
40378	28.8537925056480
40380	28.8537925056397
40404	28.8537925056328
40428	28.8537925056179
40448	28.8537925056163
40452	28.8537925056132
40460	28.8537925056105
40466	28.8537925056043
40480	28.853792505598
40482	28.8537925055935
40516	28.8537925055919
40522	28.8537925055822
40524	28.8537925055813
40538	28.8537925055809
40540	28.8537925055804
40542	28.8537925055801
40544	28.8537925055740
40574	28.853792505567
40586	28.8537925055634
40596	28.8537925055629
40604	28.8537925055590
40606	28.8537925055526
40612	28.8537925055476
40624	28.8537925055369
40630	28.8537925055365
40636	28.8537925055278
40660	28.8537925055264
40664	28.8537925055257
40666	28.8537925055201
40672	28.8537925055122
40678	28.8537925054990
40692	28.8537925054985
40696	28.8537925054941
40700	28.8537925054877
40708	28.8537925054647
40726	28.8537925054562
40742	28.8537925054491
40758	28.8537925054390
40774	28.8537925054330
40782	28.8537925054261
40824	28.8537925054167
40834	28.8537925054145
40844	28.8537925054054
40864	28.8537925054006
40878	28.8537925053997
40882	28.8537925053962
40892	28.8537925053958
40898	28.8537925053932
40906	28.8537925053906
40908	28.8537925053887
40924	28.8537925053864
40934	28.8537925053862
40952	28.8537925053862
40958	28.8537925053692
40974	28.8537925053635
40976	28.8537925053485
40986	28.8537925053396
40994	28.8537925053354
41012	28.8537925053273
41024	28.8537925053177
41034	28.8537925053139
41036	28.8537925053081
41048	28.8537925053048
41056	28.8537925052993
41070	28.8537925052892
41088	28.8537925052852
41092	28.8537925052753
41094	28.8537925052647
41114	28.8537925052608
41136	28.8537925052604
41152	28.8537925052544
41162	28.8537925052463
41182	28.8537925052348
41196	28.8537925052286
41206	28.8537925052183
41210	28.853792505211
41214	28.8537925052061
41228	28.8537925051998
41248	28.853792505193
41252	28.8537925051863
41258	28.8537925051831
41260	28.8537925051808
41264	28.8537925051792
41278	28.8537925051722
41284	28.8537925051673
41294	28.8537925051485
41308	28.8537925051391
41314	28.8537925051307
41320	28.8537925051161
41332	28.8537925051104
41354	28.8537925051030
41386	28.8537925050904
41398	28.8537925050817
41410	28.8537925050771
41412	28.8537925050618
41416	28.8537925050593
41434	28.8537925050582
41440	28.8537925050484
41476	28.8537925050373
41500	28.8537925050318
41512	28.8537925050179
41544	28.8537925050112
41558	28.8537925050051
41568	28.8537925050024
41574	28.8537925049976
41576	28.8537925049918
41596	28.8537925049855
41604	28.8537925049783
41622	28.8537925049764
41638	28.8537925049753
41648	28.8537925049669
41656	28.8537925049556
41664	28.8537925049461
41708	28.8537925049446
41710	28.8537925049436
41722	28.8537925049402
41742	28.8537925049330
41748	28.8537925049281
41760	28.8537925049241
41774	28.8537925049163
41780	28.8537925049162
41792	28.8537925049
41800	28.8537925048972
41806	28.8537925048872
41838	28.8537925048840
41854	28.8537925048817
41856	28.8537925048761
41862	28.8537925048655
41872	28.8537925048638
41884	28.8537925048555
41898	28.8537925048555
41910	28.8537925048472
41940	28.8537925048461
41942	28.8537925048413
41944	28.8537925048354
41946	28.8537925048335
41962	28.853792504829
41988	28.8537925048251
42014	28.8537925048167
42016	28.8537925048165
42038	28.8537925048092
42078	28.8537925048078
42102	28.8537925048023
42110	28.8537925047927
42138	28.8537925047905
42158	28.8537925047846
42166	28.8537925047781
42200	28.8537925047769
42216	28.8537925047764
42222	28.8537925047702
42236	28.8537925047692
42246	28.8537925047685
42262	28.8537925047683
42278	28.8537925047637
42292	28.8537925047616
42308	28.8537925047511
42310	28.8537925047451
42364	28.8537925047421
42368	28.8537925047381
42396	28.8537925047360
42408	28.8537925047326
42410	28.8537925047315
42422	28.8537925047303
42430	28.8537925047244
42442	28.8537925047204
42468	28.8537925047180
42502	28.8537925047120
42508	28.8537925047113
42536	28.8537925047036
42564	28.8537925047015
42570	28.8537925047013
42604	28.8537925047008
42606	28.8537925047005
42614	28.8537925046993
42620	28.8537925046975
42640	28.8537925046971
42642	28.8537925046963
42660	28.8537925046949
42668	28.8537925046937
42688	28.8537925046934
42690	28.8537925046917
42710	28.8537925046917
42724	28.8537925046906
42726	28.8537925046904
42732	28.8537925046865
42734	28.8537925046853
42758	28.8537925046829
42760	28.8537925046824
42764	28.8537925046805
42792	28.8537925046798
42806	28.8537925046775
42818	28.8537925046769
42822	28.8537925046766
42842	28.8537925046765
42860	28.8537925046764
42878	28.8537925046758
42884	28.8537925046749
42896	28.8537925046749
42902	28.8537925046749
42906	28.8537925046743
42910	28.853792504674
42912	28.8537925046734
42928	28.8537925046725
42948	28.8537925046718
42952	28.8537925046716
42968	28.8537925046710
42990	28.8537925046686
43002	28.8537925046664
43024	28.8537925046644
43030	28.8537925046627
43040	28.8537925046597
43050	28.853792504659
43058	28.8537925046590
43060	28.8537925046581
43082	28.8537925046579
43086	28.8537925046568
43090	28.8537925046551
43100	28.853792504655
43112	28.8537925046540
43120	28.8537925046535
43126	28.8537925046524
43128	28.8537925046515
43146	28.8537925046504
43160	28.8537925046481
43194	28.8537925046481
43196	28.8537925046474
43200	28.8537925046464
43202	28.8537925046459
43212	28.8537925046453
43224	28.8537925046448
43234	28.8537925046415
43290	28.8537925046413
43298	28.8537925046392
43318	28.8537925046386
43326	28.8537925046381
43328	28.8537925046376
43340	28.8537925046354
43346	28.8537925046344
43362	28.8537925046335
43372	28.8537925046299
43376	28.8537925046297
43394	28.8537925046288
43406	28.8537925046279
43416	28.853792504627
43426	28.8537925046253
43462	28.8537925046249
43502	28.853792504624
43518	28.8537925046212
43526	28.8537925046204
43544	28.8537925046175
43548	28.8537925046168
43558	28.8537925046095
43590	28.8537925046095
43592	28.8537925046089
43604	28.8537925046068
43610	28.8537925046059
43638	28.8537925046057
43642	28.8537925046045
43644	28.8537925046035
43648	28.8537925046022
43680	28.8537925046016
43700	28.8537925046006
43714	28.8537925046000
43718	28.8537925045993
43732	28.8537925045986
43744	28.8537925045984
43750	28.8537925045971
43772	28.8537925045970
43778	28.8537925045968
43780	28.8537925045964
43788	28.8537925045959
43806	28.8537925045953
43816	28.8537925045949
43822	28.8537925045926
43832	28.8537925045922
43834	28.8537925045908
43856	28.8537925045905
43892	28.8537925045905
43900	28.8537925045900
43914	28.8537925045899
43926	28.8537925045896
43930	28.8537925045894
43932	28.8537925045891
43964	28.8537925045883
43984	28.8537925045879
43992	28.8537925045876
43996	28.8537925045876
43998	28.8537925045871
44004	28.8537925045867
44006	28.8537925045864
44018	28.8537925045856
44048	28.8537925045850
44050	28.8537925045848
44056	28.8537925045843
44060	28.8537925045839
44062	28.8537925045836
44072	28.8537925045831
44088	28.853792504582
44110	28.8537925045817
44116	28.8537925045815
44138	28.8537925045812
44144	28.8537925045812
44148	28.8537925045803
44182	28.8537925045802
44184	28.8537925045798
44194	28.8537925045793
44196	28.8537925045783
44202	28.8537925045779
44220	28.8537925045768
44234	28.8537925045752
44238	28.8537925045745
44280	28.853792504574
44288	28.8537925045736
44298	28.8537925045733
44304	28.8537925045728
44306	28.8537925045727
44312	28.8537925045722
44314	28.8537925045693
44328	28.8537925045689
44338	28.8537925045686
44344	28.8537925045666
44352	28.8537925045658
44374	28.8537925045657
44380	28.8537925045655
44386	28.8537925045650
44406	28.8537925045639
44418	28.8537925045637
44420	28.8537925045628
44426	28.8537925045626
44442	28.8537925045624
44460	28.8537925045623
44470	28.8537925045602
44484	28.8537925045600
44488	28.8537925045592
44506	28.8537925045588
44520	28.8537925045588
44524	28.8537925045584
44528	28.8537925045571
44542	28.8537925045566
44548	28.8537925045564
44562	28.8537925045562
44576	28.8537925045552
44586	28.8537925045551
44590	28.8537925045549
44606	28.8537925045546
44618	28.8537925045535
44640	28.8537925045535
44642	28.8537925045535
44648	28.8537925045532
44658	28.8537925045526
44662	28.8537925045522
44674	28.8537925045519
44682	28.8537925045512
44696	28.8537925045507
44702	28.8537925045506
44712	28.8537925045502
44720	28.8537925045501
44724	28.8537925045496
44748	28.8537925045488
44762	28.8537925045484
44764	28.8537925045476
44770	28.8537925045472
44778	28.8537925045469
44784	28.8537925045469
44788	28.8537925045467
44800	28.8537925045459
44838	28.8537925045449
44852	28.8537925045442
44862	28.853792504544
44868	28.8537925045439
44878	28.8537925045429
44904	28.8537925045427
44914	28.8537925045426
44920	28.8537925045408
44942	28.8537925045407
44948	28.8537925045403
44952	28.8537925045396
44964	28.8537925045391
44966	28.8537925045388
44970	28.8537925045376
44986	28.8537925045373
44994	28.8537925045371
45002	28.853792504536
45014	28.8537925045360
45026	28.8537925045356
45054	28.853792504535
45068	28.8537925045347
45074	28.8537925045343
45104	28.8537925045343
45112	28.8537925045335
45118	28.8537925045328
45124	28.8537925045327
45126	28.8537925045325
45186	28.8537925045324
45190	28.8537925045323
45194	28.8537925045319
45202	28.8537925045316
45218	28.8537925045315
45236	28.8537925045314
45238	28.8537925045309
45240	28.8537925045309
45270	28.8537925045308
45276	28.8537925045306
45280	28.8537925045306
45284	28.8537925045300
45304	28.8537925045298
45312	28.8537925045284
45336	28.8537925045281
45338	28.8537925045281
45342	28.8537925045276
45350	28.853792504527
45376	28.8537925045268
45386	28.8537925045265
45404	28.8537925045264
45408	28.8537925045264
45412	28.8537925045261
45420	28.8537925045261
45428	28.8537925045260
45444	28.8537925045258
45446	28.8537925045257
45454	28.8537925045253
45460	28.8537925045247
45512	28.8537925045246
45516	28.8537925045243
45520	28.8537925045239
45536	28.8537925045235
45564	28.8537925045233
45586	28.8537925045229
45594	28.8537925045229
45596	28.8537925045229
45614	28.8537925045229
45618	28.8537925045228
45626	28.8537925045225
45632	28.8537925045223
45636	28.8537925045222
45640	28.8537925045221
45658	28.853792504522
45660	28.8537925045216
45664	28.8537925045213
45686	28.8537925045213
45688	28.8537925045211
45700	28.8537925045208
45702	28.8537925045208
45710	28.8537925045204
45722	28.8537925045201
45740	28.8537925045199
45754	28.8537925045196
45756	28.8537925045194
45760	28.8537925045194
45764	28.8537925045192
45778	28.8537925045191
45780	28.8537925045189
45792	28.8537925045187
45826	28.8537925045186
45830	28.8537925045185
45850	28.8537925045181
45864	28.8537925045181
45868	28.8537925045176
45886	28.8537925045175
45894	28.8537925045166
45914	28.8537925045162
45934	28.8537925045162
45938	28.8537925045153
45958	28.853792504515
45998	28.8537925045149
46006	28.8537925045146
46010	28.8537925045141
46018	28.8537925045133
46020	28.8537925045126
46038	28.8537925045124
46050	28.8537925045115
46078	28.8537925045112
46086	28.8537925045111
46094	28.8537925045106
46108	28.8537925045102
46114	28.8537925045098
46128	28.8537925045098
46132	28.8537925045082
46160	28.8537925045074
46180	28.8537925045072
46202	28.8537925045059
46242	28.8537925045056
46256	28.8537925045054
46270	28.8537925045046
46288	28.8537925045041
46298	28.8537925045038
46306	28.8537925045034
46312	28.8537925045033
46316	28.8537925045031
46318	28.8537925045031
46322	28.8537925045031
46332	28.8537925045029
46344	28.8537925045026
46346	28.8537925045025
46360	28.8537925045019
46362	28.853792504501
46380	28.8537925045006
46402	28.8537925045005
46408	28.8537925045004
46414	28.8537925044994
46420	28.8537925044994
46424	28.8537925044992
46426	28.8537925044988
46428	28.8537925044981
46434	28.8537925044971
46452	28.8537925044966
46454	28.853792504495
46458	28.8537925044947
46490	28.8537925044931
46504	28.8537925044918
46516	28.8537925044896
46536	28.8537925044886
46596	28.8537925044885
46600	28.8537925044881
46606	28.8537925044875
46626	28.8537925044871
46630	28.8537925044871
46634	28.8537925044866
46636	28.853792504486
46642	28.8537925044860
46660	28.8537925044857
46668	28.8537925044847
46676	28.8537925044826
46704	28.8537925044822
46760	28.8537925044818
46804	28.8537925044815
46812	28.8537925044811
46840	28.853792504481
46866	28.8537925044807
46884	28.8537925044801
46906	28.85379250448
46908	28.8537925044799
46916	28.8537925044799
46922	28.8537925044798
46928	28.8537925044796
46942	28.8537925044796
46944	28.8537925044791
46958	28.8537925044789
46960	28.8537925044784
46968	28.8537925044783
46972	28.8537925044780
47002	28.8537925044779
47016	28.8537925044776
47032	28.8537925044775
47044	28.8537925044771
47054	28.8537925044768
47056	28.8537925044766
47060	28.8537925044766
47066	28.8537925044762
47092	28.8537925044760
47116	28.8537925044757
47150	28.8537925044754
47170	28.853792504475
47198	28.8537925044747
47230	28.8537925044744
47240	28.8537925044743
47246	28.8537925044741
47248	28.8537925044741
47264	28.8537925044739
47282	28.8537925044739
47296	28.8537925044738
47300	28.8537925044736
47314	28.8537925044736
47320	28.8537925044733
47326	28.8537925044732
47328	28.8537925044731
47340	28.8537925044729
47342	28.8537925044725
47352	28.8537925044724
47354	28.8537925044721
47392	28.853792504472
47396	28.8537925044718
47440	28.8537925044717
47442	28.8537925044715
47450	28.8537925044714
47464	28.853792504471
47468	28.8537925044708
47470	28.8537925044707
47484	28.8537925044706
47500	28.8537925044702
47506	28.8537925044701
47514	28.85379250447
47520	28.8537925044694
47538	28.8537925044692
47556	28.8537925044689
47578	28.8537925044687
47590	28.8537925044685
47606	28.8537925044683
47616	28.8537925044675
47652	28.8537925044675
47656	28.8537925044674
47672	28.8537925044673
47686	28.8537925044672
47688	28.8537925044667
47736	28.8537925044665
47754	28.8537925044664
47758	28.8537925044660
47764	28.8537925044659
47794	28.8537925044659
47796	28.8537925044658
47810	28.8537925044658
47814	28.8537925044653
47870	28.8537925044652
47876	28.853792504465
47878	28.8537925044646
47890	28.8537925044646
47894	28.8537925044645
47900	28.8537925044644
47908	28.8537925044641
47946	28.8537925044638
47980	28.8537925044633
47986	28.8537925044633
47990	28.8537925044630
47994	28.8537925044629
48016	28.8537925044619
48032	28.8537925044618
48058	28.8537925044616
48062	28.8537925044612
48084	28.8537925044601
48118	28.8537925044601
48120	28.85379250446
48122	28.85379250446
48126	28.8537925044597
48130	28.8537925044594
48140	28.8537925044592
48152	28.853792504459
48154	28.8537925044586
48190	28.8537925044582
48198	28.8537925044581
48202	28.853792504458
48208	28.8537925044577
48234	28.8537925044571
48258	28.853792504457
48272	28.8537925044569
48288	28.8537925044569
48290	28.8537925044565
48302	28.8537925044557
48314	28.8537925044555
48318	28.8537925044551
48322	28.8537925044548
48340	28.8537925044540
48382	28.853792504454
48386	28.8537925044539
48388	28.8537925044539
48394	28.8537925044538
48402	28.8537925044537
48404	28.8537925044537
48416	28.8537925044535
48422	28.8537925044533
48430	28.8537925044532
48434	28.853792504453
48456	28.8537925044528
48460	28.8537925044526
48488	28.8537925044525
48490	28.8537925044523
48498	28.8537925044523
48510	28.8537925044517
48512	28.8537925044516
48518	28.8537925044515
48522	28.8537925044513
48524	28.8537925044512
48536	28.8537925044511
48552	28.8537925044511
48554	28.8537925044509
48556	28.8537925044508
48570	28.8537925044501
48598	28.8537925044500
48600	28.8537925044497
48608	28.8537925044494
48612	28.8537925044486
48638	28.8537925044482
48650	28.8537925044481
48654	28.8537925044480
48662	28.8537925044480
48686	28.8537925044476
48698	28.8537925044474
48726	28.8537925044473
48740	28.8537925044471
48744	28.8537925044471
48762	28.8537925044469
48770	28.8537925044467
48774	28.8537925044462
48796	28.8537925044461
48800	28.8537925044461
48810	28.8537925044457
48830	28.8537925044456
48832	28.8537925044449
48836	28.8537925044448
48858	28.8537925044447
48876	28.8537925044445
48884	28.8537925044443
48896	28.8537925044443
48910	28.853792504444
48928	28.8537925044438
48952	28.8537925044437
48976	28.8537925044437
48984	28.8537925044436
48988	28.8537925044432
49014	28.8537925044432
49032	28.8537925044432
49034	28.8537925044431
49038	28.8537925044431
49050	28.8537925044431
49054	28.8537925044430
49064	28.8537925044428
49086	28.8537925044428
49094	28.8537925044427
49106	28.8537925044425
49122	28.8537925044425
49130	28.8537925044424
49134	28.8537925044423
49156	28.8537925044423
49158	28.8537925044421
49186	28.8537925044421
49202	28.8537925044419
49226	28.8537925044418
49242	28.8537925044418
49250	28.8537925044418
49252	28.8537925044415
49258	28.8537925044415
49260	28.8537925044413
49274	28.8537925044412
49312	28.8537925044412
49320	28.8537925044411
49350	28.8537925044411
49354	28.8537925044411
49358	28.8537925044410
49364	28.8537925044410
49374	28.8537925044410
49376	28.853792504441
49382	28.8537925044409
49416	28.8537925044408
49418	28.8537925044407
49446	28.8537925044407
49450	28.8537925044406
49500	28.8537925044405
49504	28.8537925044403
49516	28.8537925044402
49522	28.8537925044402
49534	28.85379250444
49550	28.8537925044399
49562	28.8537925044398
49570	28.8537925044398
49586	28.8537925044397
49596	28.8537925044397
49598	28.8537925044396
49606	28.8537925044395
49618	28.8537925044395
49626	28.8537925044394
49628	28.8537925044394
49648	28.8537925044393
49662	28.8537925044393
49670	28.8537925044392
49700	28.8537925044392
49740	28.8537925044392
49742	28.8537925044391
49760	28.8537925044391
49792	28.8537925044391
49794	28.8537925044391
49806	28.853792504439
49820	28.853792504439
49832	28.8537925044390
49842	28.8537925044390
49846	28.8537925044389
49890	28.8537925044388
49894	28.8537925044388
49922	28.8537925044388
49930	28.8537925044388
49932	28.8537925044387
49936	28.8537925044387
49944	28.8537925044386
49950	28.8537925044386
49958	28.8537925044386
49972	28.8537925044385
49976	28.8537925044385
49990	28.8537925044385
50000	28.8537925044384
50002	28.8537925044384
50018	28.8537925044384
50020	28.8537925044384
50028	28.8537925044383
50044	28.8537925044383
50054	28.8537925044383
50056	28.8537925044383
50070	28.8537925044383
50072	28.8537925044382
50076	28.8537925044382
50104	28.8537925044382
50106	28.853792504438
50116	28.8537925044380
50140	28.8537925044379
50166	28.8537925044378
50170	28.8537925044378
50180	28.8537925044378
50184	28.8537925044377
50194	28.8537925044377
50234	28.8537925044376
50236	28.8537925044375
50258	28.8537925044375
50260	28.8537925044374
50286	28.8537925044372
50294	28.8537925044372
50300	28.8537925044372
50302	28.8537925044371
50318	28.8537925044371
50328	28.853792504437
50374	28.8537925044369
50404	28.8537925044369
50406	28.8537925044368
50420	28.8537925044368
50432	28.8537925044366
50468	28.8537925044366
50472	28.8537925044365
50474	28.8537925044365
50480	28.8537925044364
50514	28.8537925044363
50542	28.8537925044363
50544	28.8537925044363
50548	28.8537925044362
50562	28.8537925044362
50568	28.8537925044362
50582	28.8537925044362
50614	28.8537925044361
50626	28.853792504436
50658	28.8537925044360
50660	28.8537925044360
50668	28.8537925044359
50688	28.8537925044359
50698	28.8537925044358
50704	28.8537925044358
50722	28.8537925044358
50724	28.8537925044358
50758	28.8537925044357
50762	28.8537925044357
50788	28.8537925044356
50810	28.8537925044356
50836	28.8537925044356
50874	28.8537925044356
50882	28.8537925044356
50896	28.8537925044355
50908	28.8537925044355
50916	28.8537925044355
50918	28.8537925044355
50928	28.8537925044355
50966	28.8537925044355
50990	28.8537925044355
50994	28.8537925044354
51010	28.8537925044354
51022	28.8537925044354
51032	28.8537925044354
51046	28.8537925044354
51066	28.8537925044354
51068	28.8537925044353
51090	28.8537925044353
51118	28.8537925044353
51126	28.8537925044353
51138	28.8537925044352
51142	28.8537925044352
51144	28.8537925044352
51172	28.8537925044352
51184	28.8537925044351
51222	28.8537925044351
51226	28.8537925044351
51250	28.8537925044351
51304	28.8537925044351
51322	28.8537925044351
51326	28.8537925044351
51352	28.8537925044350
51356	28.8537925044350
51384	28.8537925044350
51388	28.853792504435
51396	28.853792504435
51420	28.8537925044350
51460	28.8537925044349
51466	28.8537925044349
51488	28.8537925044349
51492	28.8537925044349
51510	28.8537925044349
51518	28.8537925044349
51536	28.8537925044348
51566	28.8537925044348
51586	28.8537925044348
51592	28.8537925044348
51622	28.8537925044348
51642	28.8537925044348
51646	28.8537925044347
51670	28.8537925044347
51696	28.8537925044347
51708	28.8537925044347
51712	28.8537925044347
51716	28.8537925044346
51722	28.8537925044346
51730	28.8537925044346
51736	28.8537925044346
51746	28.8537925044346
51748	28.8537925044345
51762	28.8537925044345
51774	28.8537925044345
51782	28.8537925044344
51806	28.8537925044344
51810	28.8537925044344
51814	28.8537925044344
51834	28.8537925044343
51840	28.8537925044342
51868	28.8537925044342
51886	28.8537925044341
51898	28.8537925044341
51900	28.853792504434
51922	28.853792504434
51946	28.853792504434
51968	28.8537925044339
51996	28.8537925044339
52000	28.8537925044339
52010	28.8537925044338
52018	28.8537925044338
52022	28.8537925044338
52044	28.8537925044338
52046	28.8537925044337
52064	28.8537925044337
52084	28.8537925044335
52110	28.8537925044335
52114	28.8537925044335
52126	28.8537925044334
52132	28.8537925044333
52172	28.8537925044333
52192	28.8537925044333
52194	28.8537925044333
52206	28.8537925044333
52238	28.8537925044333
52246	28.8537925044332
52272	28.8537925044332
52296	28.8537925044332
52318	28.8537925044332
52358	28.8537925044331
52376	28.8537925044331
52380	28.8537925044331
52400	28.8537925044331
52414	28.8537925044331
52424	28.8537925044331
52430	28.8537925044330
52458	28.853792504433
52468	28.853792504433
52490	28.853792504433
52492	28.8537925044330
52534	28.8537925044329
52560	28.8537925044329
52588	28.8537925044329
52620	28.8537925044329
52622	28.8537925044329
52640	28.8537925044328
52648	28.8537925044328
52656	28.8537925044328
52688	28.8537925044328
52696	28.8537925044328
52700	28.8537925044328
52706	28.8537925044328
52710	28.8537925044328
52716	28.8537925044327
52726	28.8537925044327
52734	28.8537925044327
52750	28.8537925044327
52752	28.8537925044327
52764	28.8537925044327
52776	28.8537925044327
52782	28.8537925044327
52784	28.8537925044327
52792	28.8537925044327
52798	28.8537925044326
52804	28.8537925044326
52810	28.8537925044326
52830	28.8537925044326
52836	28.8537925044326
52852	28.8537925044326
52854	28.8537925044326
52888	28.8537925044326
52896	28.8537925044326
52898	28.8537925044325
52916	28.8537925044325
52934	28.8537925044325
52936	28.8537925044325
52942	28.8537925044325
52982	28.8537925044324
52996	28.8537925044324
53010	28.8537925044324
53028	28.8537925044324
53038	28.8537925044324
53040	28.8537925044324
53076	28.8537925044324
53078	28.8537925044324
53084	28.8537925044323
53088	28.8537925044323
53110	28.8537925044323
53134	28.8537925044323
53148	28.8537925044323
53156	28.8537925044323
53160	28.8537925044323
53164	28.8537925044323
53170	28.8537925044322
53186	28.8537925044322
53224	28.8537925044322
53238	28.8537925044322
53242	28.8537925044322
53298	28.8537925044322
53312	28.8537925044322
53316	28.8537925044322
53336	28.8537925044321
53346	28.8537925044321
53356	28.8537925044321
53362	28.8537925044321
53366	28.8537925044321
53374	28.8537925044321
53376	28.8537925044321
53396	28.8537925044321
53402	28.8537925044321
53408	28.8537925044321
53412	28.8537925044320
53416	28.8537925044320
53424	28.853792504432
53426	28.853792504432
53436	28.853792504432
53466	28.853792504432
53486	28.8537925044320
53500	28.8537925044320
53556	28.8537925044319
53560	28.8537925044319
53562	28.8537925044319
53584	28.8537925044319
53630	28.8537925044319
53648	28.8537925044319
53652	28.8537925044319
53660	28.8537925044319
53682	28.8537925044318
53692	28.8537925044318
53710	28.8537925044318
53712	28.8537925044318
53720	28.8537925044318
53762	28.8537925044318
53764	28.8537925044318
53768	28.8537925044318
53796	28.8537925044318
53798	28.8537925044318
53810	28.8537925044317
53818	28.8537925044317
53820	28.8537925044317
53854	28.8537925044317
53858	28.8537925044317
53880	28.8537925044317
53896	28.8537925044317
53908	28.8537925044316
53912	28.8537925044316
53924	28.8537925044316
53942	28.8537925044316
53946	28.8537925044316
53970	28.8537925044316
53988	28.8537925044316
54014	28.8537925044316
54024	28.8537925044315
54026	28.8537925044315
54028	28.8537925044315
54070	28.8537925044315
54074	28.8537925044314
54104	28.8537925044314
54108	28.8537925044314
54122	28.8537925044314
54130	28.8537925044314
54166	28.8537925044314
54172	28.8537925044313
54176	28.8537925044313
54192	28.8537925044313
54212	28.8537925044313
54216	28.8537925044313
54250	28.8537925044313
54254	28.8537925044313
54258	28.8537925044313
54276	28.8537925044312
54284	28.8537925044312
54302	28.8537925044312
54304	28.8537925044312
54326	28.8537925044312
54340	28.8537925044311
54342	28.8537925044311
54360	28.8537925044310
54362	28.853792504431
54374	28.853792504431
54376	28.8537925044310
54388	28.8537925044309
54430	28.8537925044309
54446	28.8537925044309
54476	28.8537925044308
54504	28.8537925044308
54514	28.8537925044308
54526	28.8537925044308
54528	28.8537925044308
54546	28.8537925044308
54552	28.8537925044308
54602	28.8537925044307
54624	28.8537925044307
54640	28.8537925044307
54668	28.8537925044306
54682	28.8537925044306
54686	28.8537925044306
54696	28.8537925044306
54710	28.8537925044306
54716	28.8537925044306
54718	28.8537925044306
54746	28.8537925044306
54748	28.8537925044306
54750	28.8537925044306
54752	28.8537925044306
54766	28.8537925044306
54770	28.8537925044305
54778	28.8537925044305
54780	28.8537925044305
54800	28.8537925044305
54818	28.8537925044304
54854	28.8537925044304
54858	28.8537925044304
54906	28.8537925044304
54930	28.8537925044304
54942	28.8537925044304
54946	28.8537925044304
54948	28.8537925044304
54950	28.8537925044304
54960	28.8537925044303
54964	28.8537925044303
54966	28.8537925044303
54980	28.8537925044303
54988	28.8537925044303
54992	28.8537925044302
55038	28.8537925044302
55090	28.8537925044302
55114	28.8537925044302
55130	28.8537925044302
55162	28.8537925044302
55164	28.8537925044302
55182	28.8537925044302
55208	28.8537925044302
55222	28.8537925044301
55250	28.8537925044301
55252	28.8537925044301
55262	28.8537925044301
55300	28.8537925044301
55314	28.8537925044301
55330	28.8537925044301
55360	28.8537925044301
55366	28.8537925044301
55372	28.8537925044301
55398	28.8537925044301
55404	28.8537925044301
55456	28.8537925044301
55472	28.8537925044300
55496	28.8537925044300
55510	28.8537925044300
55560	28.85379250443
55586	28.85379250443
55594	28.85379250443
55626	28.85379250443
55660	28.85379250443
55704	28.8537925044300
55768	28.8537925044300
55792	28.8537925044300
55818	28.8537925044299
55836	28.8537925044299
55850	28.8537925044299
55860	28.8537925044299
55878	28.8537925044299
55882	28.8537925044299
55890	28.8537925044299
55892	28.8537925044299
55906	28.8537925044299
55922	28.8537925044298
55978	28.8537925044298
55984	28.8537925044298
56010	28.8537925044298
56024	28.8537925044298
56068	28.8537925044298
56074	28.8537925044298
56126	28.8537925044298
56148	28.8537925044298
56180	28.8537925044298
56192	28.8537925044298
56198	28.8537925044298
56228	28.8537925044298
56334	28.8537925044298
56356	28.8537925044298
56364	28.8537925044297
56380	28.8537925044297
56412	28.8537925044297
56424	28.8537925044297
56430	28.8537925044297
56452	28.8537925044297
56462	28.8537925044297
56466	28.8537925044297
56494	28.8537925044297
56504	28.8537925044297
56512	28.8537925044297
56530	28.8537925044297
56538	28.8537925044297
56550	28.8537925044297
56570	28.8537925044297
56610	28.8537925044297
56626	28.8537925044296
56640	28.8537925044296
56682	28.8537925044296
56688	28.8537925044296
56710	28.8537925044296
56716	28.8537925044296
56728	28.8537925044296
56746	28.8537925044296
56760	28.8537925044296
56770	28.8537925044296
56784	28.8537925044296
56804	28.8537925044296
56860	28.8537925044296
56890	28.8537925044296
56902	28.8537925044295
56918	28.8537925044295
56972	28.8537925044295
57026	28.8537925044295
57160	28.8537925044295
57258	28.8537925044295
57302	28.8537925044295
57336	28.8537925044295
57346	28.8537925044295
57348	28.8537925044295
57368	28.8537925044295
57408	28.8537925044295
57418	28.8537925044295
57446	28.8537925044295
57448	28.8537925044295
57664	28.8537925044295
57684	28.8537925044295
57688	28.8537925044295
57792	28.8537925044295
57806	28.8537925044295
57876	28.8537925044294
57900	28.8537925044294
57968	28.8537925044294
58282	28.8537925044294
58536	28.8537925044294
58558	28.8537925044294
58656	28.8537925044294
58676	28.8537925044294
58704	28.8537925044294
58714	28.8537925044294
58840	28.8537925044294
58970	28.8537925044294
59046	28.8537925044294
59180	28.8537925044294
59210	28.8537925044294
59238	28.8537925044294
59248	28.8537925044294
59326	28.8537925044294
59420	28.8537925044294
59466	28.8537925044294
59554	28.8537925044294
59618	28.8537925044294
59628	28.8537925044293
59694	28.8537925044293
59782	28.8537925044293
59866	28.8537925044293
59968	28.8537925044293
59974	28.8537925044293
60016	28.8537925044293
60058	28.8537925044293
60118	28.8537925044293
60124	28.8537925044293
60166	28.8537925044293
60584	28.8537925044293
60958	28.8537925044293
61290	28.8537925044293
61476	28.8537925044293
61582	28.8537925044293
61598	28.8537925044293
61772	28.8537925044292
61854	28.8537925044292
62078	28.8537925044292
63484	28.8537925044292
64084	28.8537925044292
64424	28.8537925044292
64470	28.8537925044292
65006	28.8537925044292
65036	28.8537925044292
65816	28.8537925044292
69578	28.8537925044292
70368	28.8537925044292
71836	28.8537925044292
73910	28.8537925044292
100938	28.8537925044291
107954	28.8537925044291
109974	28.8537925044291
271776	28.8537925044291
300000	28.8537925044291
