52	567.976469684548
60	512.378576309392
62	449.766394599157
80	374.023782449384
104	324.002924873294
148	313.770587560672
210	288.674669986933
234	276.87338062653
462	260.599933208962
656	258.671611181819
822	257.225633885953
836	254.543329923999
924	242.746389368832
980	233.005989115322
1178	211.669440092022
2356	206.004655360868
3306	204.37982807467
3776	195.185408160902
3904	190.758458144651
4058	169.492282448611
5362	151.112042277935
5848	149.74818595986
5912	138.184128791944
5928	129.238553395189
6018	126.832958455111
6040	118.334408933425
6046	112.314595004322
6068	105.784886896540
6094	82.2171159098144
6146	70.3864616939473
6214	69.1894925219277
6216	66.007522184874
6222	59.2757415461133
6268	58.2726972934859
6320	57.6018488032931
6338	57.1043232242556
6348	56.1106600421081
6352	55.4782047977469
6382	54.9123162658016
6390	54.3791048461258
6406	54.3335085525517
6410	52.5840501826655
6458	52.56155870358
6464	52.3719977083657
6470	52.3233298502167
6476	51.8460960476135
6480	51.56248751402
6496	51.2061424754216
6522	51.1731673951798
6546	50.7412450898373
6576	50.056061631956
6616	49.9471837511
6626	49.6729666664872
6640	49.345341128281
6646	49.2882079534567
6652	47.8777777685133
6656	46.7801555037046
6658	46.0351729509299
6660	46.0240729277451
6676	45.4620417468015
6710	45.3648252120734
6718	45.3311927885970
6722	45.2038968063430
6726	44.9197641099209
6736	44.7774799008205
6738	44.2039624318195
6756	44.1342399268618
6766	44.1231829805071
6770	43.255865267645
6800	42.9917657686847
6812	42.7416491653875
6814	42.5473558823252
6822	42.4678846985965
6824	42.1835020722724
6828	42.1598375659617
6834	42.1203737244627
6836	42.1103472065582
6840	41.1100072070877
6858	40.8710215758819
6894	40.6395918821036
6896	40.1333629955628
6920	39.9296704186679
6952	39.7222369825378
6968	39.5011543918102
6970	39.4797895383358
6982	39.1492173862966
6996	39.1269786527861
6998	39.0708545735843
7014	38.549692312036
7020	37.7023693209629
7034	37.6351277491684
7040	37.4307816670115
7042	37.2636714769714
7066	37.0489020341804
7070	36.9832157694694
7072	36.7139996476369
7078	36.3646579331743
7096	35.9218397568789
7104	35.8702390114314
7112	35.5073267544896
7134	35.2263965601343
7152	34.935332885706
7172	34.5977594844884
7174	33.9838520111604
7194	33.4942473502721
7196	33.4789536397365
7198	33.3759928504233
7220	33.2337116730657
7244	33.102100715105
7246	32.4623932092181
7286	32.3668812389346
7302	32.2035809696555
7316	32.1973853080218
7326	32.0710697987472
7334	31.8342923018302
7352	31.7683719486297
7386	31.6141520256061
7394	31.3756179128999
7420	31.1585201366656
7430	31.1373738572967
7432	30.9106675458108
7436	30.8926127678579
7444	30.7521088532947
7466	30.4522660959453
7500	30.1807333221708
7512	30.1649065555307
7518	30.0093565903746
7520	29.9896183380086
7522	29.8519977721118
7544	29.7517554995004
7558	29.7314709433142
7574	29.4778463521975
7584	29.4219992215767
7594	29.4151949970205
7604	29.3001808021176
7614	29.2719774737698
7616	28.7887862955311
7652	28.7836882635802
7658	28.7277148246691
7672	28.5643688253533
7692	28.5612016583537
7696	28.5174155235365
7698	28.3038470329367
7706	28.2909183735738
7718	27.7768408380710
7736	27.6452428019239
7744	27.3491779980278
7752	27.2434679191490
7762	27.2172439048026
7786	26.956475124237
7820	26.9379668485361
7836	26.9074603383639
7838	26.88049044458
7842	26.5327086389358
7854	26.3482888997171
7878	26.2917148964803
7880	25.9754959113696
7896	25.7545751025122
7910	25.6071549626347
7920	25.5554467122567
7926	25.5194022270813
7946	25.3647817794107
7948	25.2933349487717
7962	25.0556422982424
7986	24.9213617489952
7996	24.6684033589033
8024	24.4293964135006
8050	24.3194685654426
8054	24.2235184452239
8064	24.0881358480401
8066	24.0286502418774
8076	23.9493985816879
8114	23.8512333715207
8120	23.7740609729128
8126	23.6520038278990
8168	23.5752820761674
8186	23.4717823073052
8232	23.4083725221617
8244	23.4057234157130
8250	23.3720629665801
8264	23.3702051079341
8274	23.3643040632055
8296	23.319117532637
8298	23.2930733948098
8300	23.2326609975382
8312	23.1886953710593
8324	23.1261830078246
8358	23.0631624850233
8372	23.0310870682870
8374	22.9799267817301
8382	22.9745459499436
8402	22.7610721967217
8438	22.6240458318283
8452	22.6230426599119
8472	22.557787081786
8476	22.5283823615948
8486	22.5007011415843
8500	22.4783800339756
8502	22.4750869102124
8504	22.2103477044276
8564	22.1751874105865
8572	22.1666396506223
8574	22.1596532030830
8576	22.1550735668231
8582	22.1267294330521
8584	22.1243728088214
8590	22.0973361049983
8614	22.0565580712536
8618	22.0000678946082
8632	21.9968867429813
8664	21.9902042719095
8668	21.9739249276349
8678	21.9278700159262
8688	21.920502327478
8702	21.8952073752998
8718	21.8884139446559
8726	21.8795243413605
8760	21.8479100435837
8772	21.8351204514818
8782	21.8077642404622
8786	21.7934698319459
8804	21.7589103195930
8810	21.7520161106856
8826	21.7013816391459
8836	21.6351607078072
8848	21.5887314361623
8862	21.5782738273044
8876	21.5225477094163
8880	21.5219139279465
8900	21.4758762606949
8932	21.4135138270535
8948	21.3944041965295
8950	21.3462949951509
8976	21.3078621232309
8994	21.2971390220296
8996	21.2808455978309
8998	21.2525213595160
9006	21.2055403094708
9020	21.2050443452683
9032	21.0834646515946
9040	21.0028798027486
9042	20.9217520876204
9056	20.8967966858079
9082	20.8488167189896
9094	20.7575958888714
9114	20.7110099599966
9162	20.7042830799087
9164	20.6419768506725
9180	20.6062953574902
9196	20.6031518893443
9222	20.5316139956030
9226	20.4886565211689
9232	20.486796264023
9254	20.4605334523045
9256	20.4394108089121
9276	20.4224770803529
9286	20.3909007577274
9298	20.3736109261157
9306	20.3101056999111
9350	20.2566219187768
9352	20.2242840730485
9358	20.165600160617
9368	20.1522284967287
9370	20.1425749698022
9380	20.0908496740023
9390	19.9813256127985
9422	19.9365395306741
9440	19.9300954222344
9442	19.9249073768590
9448	19.8987241546936
9450	19.8774361416826
9472	19.8011230913825
9506	19.7386306022742
9522	19.7181846281889
9530	19.7091386745217
9540	19.698496324585
9542	19.6963595484098
9546	19.6360045194849
9554	19.5890238593818
9558	19.5740532330128
9564	19.5686074425482
9572	19.5647654209183
9594	19.5598654482121
9596	19.5282031412506
9614	19.5237200819720
9616	19.4974310704664
9620	19.4721671102465
9640	19.4530077228154
9642	19.4479328772428
9650	19.4309452672334
9654	19.4066419050101
9680	19.3941627883678
9684	19.3878934549706
9696	19.3771662426459
9700	19.3753117354916
9704	19.3659358488156
9706	19.3617548003233
9712	19.2808506481064
9734	19.2608625201930
9742	19.2496036245322
9752	19.2260356618693
9768	19.2127048403553
9782	19.2058664897515
9784	19.1925860772271
9812	19.1860674775460
9836	19.1843473006489
9842	19.1766998249283
9854	19.1592399911515
9874	19.1545707202547
9900	19.1527042074771
9916	19.1400345808573
9922	19.1354089064198
9948	19.1304899421835
9966	19.1242563683653
9972	19.123826573743
9974	19.1195947178472
9982	19.1040289374269
9994	19.0988131860803
10002	19.0894682527266
10030	19.0749799947193
10042	19.0652890145170
10060	19.0646539289400
10072	19.0620474563684
10074	19.0607628550739
10082	19.0536753250272
10098	19.0442394550442
10104	19.0268543865884
10128	19.02102438049
10138	19.0173253283624
10144	19.0151988283618
10146	19.0088673867616
10164	19.0064467204087
10166	18.9745585633052
10178	18.9637119056812
10180	18.9505119877748
10190	18.9280968389137
10220	18.9255833271850
10226	18.9235276247151
10236	18.9030670776307
10242	18.9028048859566
10258	18.8989522616101
10262	18.8854770923312
10274	18.8819218422732
10298	18.8792970870474
10300	18.8752278084879
10310	18.8732041927862
10324	18.8528176545938
10358	18.8428759087570
10360	18.8332893042972
10362	18.8231052315732
10374	18.8106219913670
10392	18.8047520966330
10406	18.8015260318069
10408	18.7860973248824
10412	18.7714329788189
10424	18.741549663874
10440	18.7339692356504
10446	18.7114041977234
10474	18.6880409484911
10484	18.6810645961272
10486	18.6471254113271
10516	18.6458140131159
10530	18.6270165298432
10532	18.6234868644668
10572	18.6221967447867
10584	18.6188170236000
10598	18.6023038337864
10600	18.5887254170032
10642	18.5805395532950
10652	18.5774333813419
10658	18.5760103002109
10664	18.5507949072439
10684	18.5460528614351
10692	18.5425165181830
10694	18.5416096648770
10698	18.5310246693325
10714	18.5309212870741
10722	18.5274476746923
10726	18.5194296913711
10728	18.5173559608510
10744	18.5156635706562
10748	18.5116662042452
10754	18.5056229397972
10758	18.4939969131922
10762	18.4881386560159
10770	18.4784669625553
10778	18.4661329833667
10784	18.4646100538182
10790	18.4532983765019
10796	18.4495851703129
10802	18.4446210814334
10812	18.4193414877921
10820	18.4118947236140
10842	18.4039982913533
10856	18.3955627539309
10864	18.3841109632065
10870	18.3777509052670
10920	18.3602718951906
10958	18.3472169291486
10968	18.3345488847188
10976	18.3291005045395
10996	18.3287235202894
11006	18.3217889064794
11020	18.3076723028844
11022	18.2890697695783
11026	18.2602607384815
11030	18.2598590268129
11044	18.2328721254508
11048	18.2252709587460
11056	18.2170283728008
11058	18.2083048168089
11066	18.1907425812761
11076	18.185557249151
11080	18.1626963610262
11112	18.1617153996393
11134	18.1570753442141
11140	18.1525608040552
11148	18.1418361290866
11178	18.1384698739952
11182	18.1245028604551
11186	18.1198092594167
11192	18.1114417726212
11206	18.0725548116305
11232	18.0438902741403
11244	18.0287695044779
11248	18.0020815903188
11270	18.0014295712551
11274	17.9923855998188
11276	17.9862773183494
11280	17.9807826766439
11282	17.9770867649518
11284	17.9692390828375
11286	17.9618367010971
11290	17.9602945969837
11320	17.9563418536489
11324	17.9408259779874
11326	17.9142603759538
11344	17.9038989842541
11352	17.8902075800108
11358	17.8795159627591
11372	17.8702048474265
11374	17.8402154618043
11390	17.8249659837681
11400	17.8169418475856
11412	17.8025369043247
11432	17.7932525136925
11436	17.7915119110113
11444	17.7907420533217
11446	17.7888157754765
11468	17.7822154405549
11482	17.7795290355076
11488	17.7762572286882
11502	17.7685909189656
11504	17.7606645166025
11506	17.7569837689679
11528	17.7463461813040
11556	17.7429949869520
11558	17.7402935789614
11560	17.7223447787577
11574	17.7165537513758
11578	17.714134745584
11582	17.7056804841565
11590	17.6886716269777
11604	17.6765815394634
11650	17.6708078718381
11654	17.6697408458022
11662	17.6597813910631
11672	17.6531029052781
11676	17.6408819003595
11690	17.6322238292471
11702	17.6246251579338
11708	17.6229585622829
11724	17.6183692200695
11726	17.6165526345808
11744	17.6115719641599
11750	17.5978160554236
11754	17.5959202728691
11766	17.5935671491083
11770	17.5908499569574
11772	17.5858538843552
11800	17.5848868738205
11812	17.5821791282514
11820	17.5805073226210
11854	17.5730745625470
11860	17.5635267454374
11870	17.5565758865248
11936	17.5522202849864
11942	17.5488385084151
11946	17.5465490711629
11948	17.5423947093616
11956	17.5373502747743
11958	17.5371135661056
11986	17.5339534406142
11994	17.5271224836273
11996	17.5221104840685
12016	17.5191057326505
12018	17.5139809810611
12026	17.5114841647474
12030	17.5052097952016
12040	17.5000278087982
12050	17.4967166892936
12054	17.4878188218860
12070	17.4691149707965
12088	17.4609515410697
12096	17.4444070884681
12108	17.4398358335712
12138	17.4329743615204
12150	17.430256091634
12156	17.4234171821003
12158	17.4204273191278
12168	17.4152988390524
12170	17.4048503812981
12192	17.3985641666042
12210	17.3805547222059
12214	17.3804260749086
12228	17.3696500158086
12240	17.3643980956696
12244	17.3599830603812
12268	17.3577967884228
12272	17.3399895710451
12282	17.3069367992411
12354	17.2989060167321
12358	17.2953420359087
12364	17.2835445192461
12372	17.2715418565154
12374	17.25654830907
12380	17.2559404067481
12382	17.2435829433098
12384	17.2387161828732
12390	17.2372465445614
12398	17.2371854287937
12408	17.2151695166675
12424	17.2087121631460
12448	17.2063586279099
12450	17.1997786121552
12456	17.1891606695241
12458	17.1869381069716
12460	17.1426102343350
12486	17.1316551262995
12490	17.1121141047248
12494	17.0868089364554
12510	17.0795867108944
12518	17.0617988986681
12520	17.0507334922475
12534	17.0479373141099
12538	17.0268047320340
12558	17.0046946830809
12578	17.0045787565574
12588	17.0038103520698
12592	16.9859470377996
12612	16.9755996578193
12614	16.9499423606237
12624	16.9354047574679
12650	16.9307599837561
12662	16.9226788086432
12670	16.9198046769110
12688	16.9197456049123
12692	16.9114250280926
12720	16.8960124931157
12728	16.8959102157153
12730	16.8915560264871
12732	16.8892696378951
12740	16.88046022947
12746	16.8794371820542
12748	16.8717985940717
12752	16.8636402233302
12782	16.8498899700119
12786	16.8242891094391
12810	16.8128547199498
12824	16.8125716015145
12828	16.809388131348
12856	16.7627496763586
12858	16.7405362374163
12870	16.7223170418265
12886	16.7150638442266
12892	16.6936997982077
12950	16.6878702898016
12972	16.6653901783144
12994	16.6645613476158
13008	16.6516559257790
13030	16.6448022140499
13060	16.6339173954848
13072	16.6237612289268
13098	16.6159358911615
13100	16.6107781412238
13102	16.6075024621383
13112	16.6024804354541
13114	16.6012574845000
13116	16.5898266946778
13134	16.5811226003299
13148	16.5787251870154
13170	16.5782650561095
13174	16.5763925062082
13176	16.5619264136426
13188	16.5608130824102
13194	16.5557554404102
13198	16.5478213568534
13208	16.5467855022979
13210	16.5418667341632
13216	16.5369007366994
13226	16.5296327622476
13234	16.5256191406330
13246	16.5226476265605
13266	16.5207373112884
13274	16.5111749759397
13288	16.5013767889555
13302	16.4970312323712
13308	16.4967478453746
13316	16.4848019814806
13356	16.4811093928428
13360	16.4790547117536
13362	16.4631044420673
13364	16.4544450731905
13366	16.4502910841811
13374	16.4486213727390
13378	16.4399900047572
13380	16.4348797931092
13388	16.4276153997045
13408	16.4268300594799
13422	16.4186733392285
13424	16.4136815776639
13450	16.4133900663819
13458	16.4101617138703
13462	16.4079454157323
13466	16.3960794515255
13470	16.3922546441341
13484	16.3882624079022
13494	16.3786859049727
13520	16.3744440397138
13542	16.3726500547153
13548	16.3702611455117
13554	16.3692067595253
13570	16.3661768529646
13584	16.3635054223317
13592	16.3609598739631
13598	16.3522684704804
13622	16.3494317001182
13624	16.3444231196455
13628	16.3410180420778
13640	16.3333356497831
13644	16.3289681691642
13652	16.3257537384864
13680	16.3203132650085
13682	16.3104765645182
13704	16.2969682383502
13712	16.2795152216388
13718	16.2749623462626
13730	16.2672720633272
13766	16.2644675934338
13768	16.2513701490502
13770	16.2507162547050
13788	16.2449005879467
13804	16.2415036155663
13808	16.2323431662506
13820	16.2238654606087
13828	16.218825822496
13838	16.2156986337548
13846	16.2082054744597
13848	16.1982644784371
13856	16.1739047999481
13888	16.1609499084948
13900	16.1467421316678
13920	16.1312688816197
13922	16.1292850234282
13932	16.1278565531204
13936	16.124744122718
13938	16.1185744462100
13956	16.1169466285368
13960	16.1162844408133
13970	16.1017463895503
13974	16.0932467740326
13978	16.0768578073594
13990	16.0545444834777
14008	16.0435638695130
14014	16.0353921360421
14032	16.0313971167427
14038	16.0244872140719
14042	16.0197118336386
14068	16.0119065607043
14082	16.0062114232969
14086	15.9946615532410
14092	15.9946587461810
14116	15.9931345499605
14124	15.984260143216
14132	15.9839942448158
14138	15.9818270949601
14140	15.9798645432502
14148	15.9740064648398
14152	15.9713435463567
14154	15.9515527633826
14166	15.9486548666045
14198	15.9434199018334
14206	15.939881934075
14212	15.9282582222886
14226	15.9260786871348
14248	15.9198257119335
14264	15.9151444287517
14268	15.9124129566833
14272	15.8964112600847
14304	15.8899198777488
14320	15.8867000139238
14328	15.8848699151603
14330	15.8829057316266
14334	15.8818962033899
14342	15.8811922697838
14348	15.8799295891460
14352	15.8748852401270
14360	15.8735114640024
14364	15.8612833753858
14388	15.8589026514393
14414	15.8585632838664
14428	15.8537298300371
14434	15.8516134125261
14442	15.8501905815869
14462	15.8432421559323
14470	15.8393656743678
14480	15.8332410403674
14512	15.8325435341126
14520	15.8298584897494
14524	15.8251569122525
14542	15.8160958213389
14548	15.8151391162610
14562	15.8104041101896
14570	15.8098876016896
14592	15.8091742179134
14596	15.8086812813873
14606	15.8026769935856
14614	15.8013205142531
14622	15.7979382583033
14632	15.7939535391290
14640	15.7938897687817
14644	15.7920667015457
14648	15.7912085571235
14656	15.7867478960441
14668	15.7841621059283
14670	15.780641535959
14672	15.7722739890720
14680	15.7631195426649
14686	15.7612508466277
14690	15.7585523451216
14704	15.7538730299307
14728	15.7435569142506
14744	15.7418244030012
14748	15.7350402338178
14758	15.7248372115736
14770	15.7222509850763
14786	15.7066245560083
14808	15.7016375433834
14816	15.6871188267072
14834	15.6572360387513
14852	15.6532654121185
14856	15.6355482273324
14866	15.6287736206108
14878	15.6125430335148
14880	15.5967777027381
14896	15.5937813293428
14938	15.5834102554845
14948	15.5720961684173
14968	15.5681276592178
14994	15.5640422413565
15000	15.5468497920431
15014	15.5307311631252
15022	15.5172017043814
15034	15.5077596944813
15038	15.4867738246622
15048	15.4774857581493
15056	15.4727622921924
15066	15.4604395649187
15074	15.4577883881216
15076	15.4400110627266
15078	15.4205586002899
15086	15.4181457687842
15098	15.4121497647612
15104	15.4078272463553
15106	15.4000271309220
15112	15.3942863911495
15118	15.388355001502
15152	15.3663165193456
15162	15.3656378146101
15192	15.3638657018494
15218	15.3638608737809
15224	15.3577890789197
15226	15.3567756860170
15230	15.3539467289414
15236	15.3497429769488
15240	15.3441699474781
15242	15.3433295993589
15258	15.3392567422578
15262	15.3347442862522
15268	15.3262119409168
15290	15.3234062241365
15294	15.3177587138119
15296	15.3175141551072
15304	15.3129739117463
15312	15.3013837995211
15350	15.2969537551975
15374	15.2909529908280
15402	15.2850817292119
15406	15.2841161209946
15410	15.2686256218172
15416	15.2649227137386
15428	15.2610303004684
15432	15.2596678049431
15438	15.2589490585289
15446	15.2572440689521
15462	15.2512698431235
15468	15.2466899354481
15488	15.2425471051212
15490	15.2415444571329
15506	15.2344518748995
15512	15.2330740299721
15584	15.2268141652683
15626	15.2259055400526
15636	15.2229305948579
15642	15.2228795541808
15650	15.2227811788979
15654	15.2224757529485
15662	15.2222576114569
15664	15.2221225784365
15666	15.2218837008666
15672	15.2194718970552
15682	15.2185821050008
15698	15.2162596614544
15710	15.2135041395522
15712	15.2101434362579
15722	15.2095207594763
15724	15.2068635170874
15730	15.2056658059717
15738	15.2051273166342
15744	15.2027099202417
15764	15.2013963330351
15768	15.1998171670204
15774	15.1967183662711
15786	15.1942150023906
15792	15.1907290597951
15804	15.1894100427105
15842	15.1882473463862
15846	15.1831812072079
15850	15.1820287942563
15862	15.1768114053824
15878	15.1695282255547
15882	15.1664546486720
15888	15.1625090872598
15896	15.1597189044491
15898	15.1587422900157
15924	15.1564276080579
15942	15.1518852970937
15948	15.14737502582
15950	15.1470725830662
15960	15.1465661593292
15970	15.1388325494992
16002	15.1379236624700
16012	15.1368800691285
16014	15.1330338550054
16018	15.1296612605581
16036	15.1281578944587
16050	15.1279414661394
16066	15.1269333393577
16078	15.1260899526953
16080	15.123430189324
16090	15.1207213499199
16094	15.1180036162159
16114	15.1166046828530
16126	15.1163988436840
16144	15.108269782241
16180	15.1036986567333
16184	15.1000509248714
16188	15.0965977793101
16210	15.0931574006384
16214	15.0919613246198
16224	15.0885649048189
16260	15.0817054140560
16270	15.0791385148155
16280	15.0791140621953
16306	15.0760437758752
16316	15.0753393748648
16318	15.0743197367438
16324	15.0730319920873
16330	15.0682409282164
16344	15.0644917992921
16380	15.0621875745255
16382	15.0609956962941
16396	15.0590452191291
16416	15.0561198940784
16418	15.0558208727012
16436	15.0554389166995
16446	15.0515543818719
16490	15.0493672949620
16510	15.046640335313
16522	15.0459425123692
16528	15.0438798679360
16540	15.0435255791624
16546	15.0421805108523
16562	15.0417145288694
16606	15.0400959839038
16610	15.0398135959791
16626	15.0395642019958
16630	15.0392553842323
16636	15.039082131197
16640	15.0380796072226
16654	15.0364801649394
16670	15.0348960783517
16722	15.0341482344202
16724	15.0337216091549
16730	15.0325034617148
16732	15.0323531351371
16736	15.0310065852876
16756	15.0306525859810
16762	15.0287647263342
16778	15.0285903530894
16780	15.027609006064
16784	15.0274171933544
16790	15.0271528273678
16812	15.0263015056588
16822	15.0257841800374
16830	15.0254462202190
16850	15.0233583373839
16860	15.0226862867063
16876	15.0216948969963
16888	15.0214041905564
16894	15.0208762956090
16898	15.0189135190779
16920	15.0186733488583
16928	15.0181745358890
16942	15.0169034318898
16946	15.0162614955828
16948	15.0154098268926
16958	15.0149439474362
16970	15.0126757478812
17002	15.0122316247876
17004	15.0119568927107
17020	15.0112319837050
17032	15.0112254372720
17046	15.0107926639832
17052	15.0099939450410
17076	15.0080476999691
17084	15.0079611703586
17086	15.0068135646167
17112	15.0060884812115
17114	15.0059166410669
17118	15.0053666163084
17120	15.0032851066407
17134	15.0025622515123
17146	15.0024999674302
17148	15.0019747542083
17150	15.0016915949003
17166	15.0012378668327
17176	15.0002252582106
17196	14.9995535308827
17222	14.9988941724647
17242	14.9985665617125
17244	14.9973591836586
17258	14.9951072842951
17266	14.9949391830776
17306	14.9930059012290
17346	14.9921155863846
17354	14.9917327305506
17358	14.9914444489951
17360	14.9912338573124
17362	14.9911884727891
17366	14.9906864324295
17374	14.9893208750107
17384	14.9877234234076
17400	14.9856966257459
17412	14.9856519779086
17418	14.9830161779928
17432	14.9827425250570
17440	14.9820999834452
17446	14.9793225554088
17452	14.9791045900636
17464	14.9790486855999
17466	14.9784195509330
17472	14.9778028405134
17480	14.9772809006211
17482	14.9770949446235
17520	14.9767597649171
17524	14.9749957236901
17536	14.9747361629799
17542	14.9745443417570
17548	14.9729203232593
17552	14.9728953845649
17564	14.9717587736789
17614	14.9713005262727
17618	14.9711987427320
17626	14.9700977076923
17638	14.9693012577324
17670	14.9691659625494
17680	14.9689896199512
17684	14.9688329719659
17688	14.9687050757213
17692	14.9682468583293
17696	14.9677072052779
17710	14.9673440484676
17716	14.9672006972388
17722	14.9667018399293
17738	14.9665008143003
17758	14.9663308021625
17760	14.9662560437586
17762	14.9662187585452
17786	14.9652649981603
17822	14.9647678660570
17828	14.9644693133541
17844	14.9643138513775
17864	14.9643076513370
17870	14.9642614580734
17874	14.9641155673743
17884	14.9641108814315
17888	14.9640351281239
17892	14.9637643341734
17914	14.9635897429878
17918	14.9635358318899
17934	14.963175522706
17944	14.9627693602761
17960	14.9626426812506
17978	14.9625517529838
17980	14.9623034756651
18000	14.9619947502789
18004	14.9619742982157
18018	14.9619524506225
18020	14.9619182444433
18022	14.9608752836885
18026	14.9604502879778
18046	14.9603738972831
18058	14.9599283780071
18064	14.9597791684552
18078	14.9597706509170
18096	14.9596429339519
18108	14.9590352727063
18128	14.9589059684146
18134	14.9585352205259
18156	14.9582800821484
18170	14.9582311067799
18176	14.9582027774466
18178	14.9581683222786
18180	14.9581348944842
18190	14.9580932961115
18200	14.9580114545222
18202	14.9578138783133
18212	14.9575412175370
18218	14.9573011808353
18222	14.9571631726817
18240	14.9570548521888
18242	14.9570116975296
18250	14.9569335312948
18256	14.9566786331352
18258	14.9566231830511
18260	14.9565279819404
18262	14.9564217505837
18274	14.9562650817112
18286	14.9562290362273
18304	14.9559413061936
18306	14.9558851713508
18308	14.9555248670178
18316	14.9553336877753
18328	14.9552077972722
18330	14.9548840395916
18332	14.9545120773925
18350	14.9531409121799
18376	14.9529534248269
18382	14.952530848921
18416	14.9523155093507
18426	14.9523003000408
18446	14.9521149673635
18458	14.9520778367965
18464	14.9518934523578
18478	14.9517243079047
18488	14.9517083533021
18502	14.9514787973224
18520	14.9514463230238
18534	14.9513528047109
18538	14.9511303641129
18540	14.9511260131521
18546	14.9509899363686
18548	14.9509419730909
18554	14.9502966662355
18572	14.9496864715644
18592	14.9494100833773
18596	14.9490702135300
18636	14.9490076954929
18638	14.9487976592695
18662	14.9486709868425
18668	14.9485625514319
18692	14.9485356843821
18696	14.9484307793996
18704	14.9484148931801
18728	14.948307750267
18740	14.9481193567014
18742	14.9479418167922
18768	14.9477993523357
18792	14.9477068986573
18796	14.9476846666765
18802	14.9475183657577
18810	14.9474576623605
18820	14.9474383018139
18826	14.9474058809364
18832	14.9473206321677
18836	14.9472814329232
18856	14.9472140667303
18884	14.9470116694432
18890	14.9469975361714
18894	14.9469962643228
18896	14.9469724515646
18916	14.9468996080511
18918	14.9468179234653
18934	14.9467243000996
18946	14.9466751094224
18950	14.9465042388251
18958	14.9464557351599
18970	14.9464286794802
18974	14.946366801454
18976	14.9463522503143
18986	14.9462785182633
18992	14.9462398711638
18998	14.9462014041571
19014	14.9461780271654
19018	14.9461002580532
19022	14.9460710816542
19036	14.9460513578982
19048	14.9459646714812
19054	14.9459561666087
19056	14.9459319597240
19064	14.9458296591883
19072	14.9457804953429
19092	14.9456854640995
19096	14.9456187192456
19120	14.9455474921487
19124	14.945365587084
19134	14.9452597266166
19136	14.945159299067
19142	14.9450629683131
19166	14.9450602643488
19170	14.9447595622618
19212	14.9447022257972
19216	14.9446143526766
19244	14.9445842087287
19250	14.9445158768998
19254	14.9445081447707
19264	14.9444092354989
19268	14.9443889496881
19290	14.9442869176448
19292	14.9442795938374
19302	14.9441801338701
19316	14.9441532683951
19348	14.9441385811675
19350	14.9439065610391
19360	14.9438455222442
19368	14.943819364471
19394	14.9438041078234
19400	14.9436925228752
19420	14.9436830279187
19426	14.9436580236970
19432	14.9435965548853
19434	14.9435057859925
19440	14.9434752436588
19442	14.9434680927776
19448	14.9432592894560
19460	14.94324271607
19462	14.9430835139238
19490	14.9430096488559
19500	14.9429659295146
19508	14.9427389052095
19556	14.9426222689221
19560	14.942499768033
19566	14.9424222171036
19572	14.9423192588885
19576	14.9422977181382
19578	14.9421825932725
19582	14.9417361032249
19610	14.9415343646390
19628	14.9411219377107
19632	14.9408848173563
19664	14.9407548081046
19666	14.9407322732291
19698	14.9405794185855
19718	14.9404370758232
19734	14.9404130691361
19738	14.9404051683120
19746	14.9401835129464
19776	14.9401743811277
19784	14.9400287332182
19806	14.9396825317355
19826	14.9394841064227
19838	14.9394081425695
19850	14.9393744898256
19856	14.9393273171142
19858	14.9392812293809
19862	14.9392053669453
19872	14.9390757938593
19880	14.9390109916533
19882	14.9388703427027
19892	14.9388398420164
19894	14.9387428835288
19906	14.9384451228730
19910	14.9383062803114
19916	14.9382839388852
19924	14.9382835703314
19936	14.9382049276629
19938	14.9380871150245
19940	14.9380572339903
19946	14.9378920295907
19952	14.9377516600848
19976	14.937720137995
19980	14.9377033437659
19984	14.9376765213421
19996	14.9375081572089
20006	14.9374085943866
20010	14.9372821642732
20030	14.9370506117968
20038	14.9369683838952
20060	14.9369119352549
20078	14.9368896337142
20080	14.9367832419097
20084	14.9367092917783
20086	14.9366130164424
20090	14.9366071845291
20096	14.9366053089026
20100	14.9366020413132
20102	14.9364753705847
20122	14.9364267036325
20124	14.9364054753499
20136	14.9361420995497
20158	14.9360511202589
20170	14.9359252686908
20180	14.935855587186
20182	14.9357015688221
20194	14.9356761478054
20206	14.9351641085161
20214	14.9351405671125
20224	14.9349172412877
20252	14.9347553651718
20274	14.9347477645664
20276	14.9346196514006
20300	14.9345647095392
20316	14.9344920106929
20330	14.9344532231553
20332	14.9344037650940
20340	14.9343637790874
20346	14.9343134270241
20352	14.9342982096583
20394	14.9342737896811
20398	14.9342576925776
20404	14.9342417279942
20412	14.9341417538473
20426	14.9341362349686
20428	14.9339955621448
20432	14.9338954648098
20460	14.9338014361692
20464	14.9337952009888
20480	14.9337589210606
20486	14.9337282885532
20496	14.9336562386392
20506	14.9336485506742
20508	14.9336207739590
20510	14.9334713659350
20538	14.9334367000637
20542	14.933433704802
20544	14.9333900364256
20550	14.9333768729474
20554	14.9332495973325
20580	14.9331438316816
20608	14.9330556091905
20612	14.9329962028308
20622	14.9328484448795
20626	14.9328483666820
20630	14.9327829027161
20654	14.9327577023695
20668	14.9326187901880
20676	14.9326156475356
20678	14.9325938662438
20684	14.9325303519863
20696	14.9324489856788
20700	14.9323695098107
20704	14.9321972211547
20728	14.9317631934712
20738	14.9316919319826
20746	14.9315840422512
20750	14.9315525084807
20774	14.9314105986146
20782	14.9314088468023
20796	14.9312996146304
20806	14.9312955559988
20814	14.9308887348369
20818	14.9307443482446
20846	14.9307228765507
20856	14.9305333165439
20866	14.9304848335285
20916	14.9304652654563
20926	14.9304431451985
20928	14.9303353369895
20952	14.9302533659195
20968	14.9301662488655
21000	14.9300812891818
21002	14.9299814354871
21020	14.9296994332199
21046	14.9296463467366
21062	14.9295254950557
21072	14.9294727425546
21082	14.9292648869474
21108	14.9288339722354
21126	14.9286778773320
21172	14.9284050446976
21226	14.9283694210752
21232	14.9283431266556
21236	14.9283119629279
21244	14.9280940507279
21266	14.9280346374066
21268	14.9279519391465
21282	14.9279092936829
21284	14.9278789030140
21294	14.9277267521636
21324	14.9277089443014
21336	14.9276742388670
21350	14.9276114073858
21368	14.9275905942561
21374	14.927489312457
21400	14.9274780774449
21420	14.9274635543857
21426	14.927356602046
21460	14.9273153309874
21494	14.9272778492087
21502	14.9272559244777
21512	14.9272519818132
21540	14.9272444253997
21572	14.9272107569184
21584	14.9271887914797
21596	14.9271312420692
21602	14.927123873308
21626	14.9271229147579
21630	14.9270468641709
21648	14.9270261451862
21658	14.9269993153963
21670	14.9269570547690
21674	14.9269562478283
21680	14.9269150667418
21702	14.9269074140102
21712	14.9268763442028
21716	14.9268449747425
21722	14.9268303251672
21724	14.9268233226209
21726	14.9267932723368
21754	14.9267777258961
21760	14.9267683367028
21770	14.9267319839260
21772	14.9267061879872
21776	14.9266713145596
21792	14.9266237418099
21810	14.9265976619927
21822	14.9265741501373
21844	14.9265331901535
21854	14.9264880284451
21892	14.9264865873907
21904	14.9264817904258
21920	14.9264673164560
21922	14.9264484694452
21924	14.9264336410054
21930	14.9264281828951
21938	14.92639749213
21942	14.9263892720257
21970	14.9263792826418
21976	14.9263571751656
21988	14.9263497977834
22020	14.9263105071471
22026	14.9263093359198
22034	14.9262857272702
22036	14.9262740143331
22038	14.9262602880052
22046	14.9262383917284
22048	14.9262227204387
22056	14.9262015890245
22058	14.9261830868152
22060	14.9261787097114
22064	14.9261680487647
22070	14.9261179966192
22096	14.9261159694254
22098	14.9260982421194
22108	14.9260863171615
22122	14.9260771014212
22134	14.9260631944270
22150	14.9260489332632
22180	14.9260478777076
22184	14.9260084944706
22188	14.9260039347424
22206	14.9259937148425
22232	14.9259817699094
22234	14.9259801500203
22238	14.9259712696499
22242	14.9259688534267
22250	14.9259552844855
22262	14.9259450174768
22276	14.9259207921999
22284	14.9259041083159
22290	14.9258984067541
22304	14.9258817376522
22316	14.9258810375311
22326	14.9258581235157
22332	14.925855589812
22342	14.9258400011071
22344	14.9258313551806
22354	14.9258219885308
22356	14.9258046676104
22358	14.9257962846567
22372	14.9257551839455
22378	14.9257549764032
22396	14.9257476803339
22402	14.9257173525256
22444	14.9257119255445
22450	14.9257078397061
22474	14.9256984709716
22484	14.9256685626784
22506	14.9256442493344
22508	14.9256059018780
22564	14.9255863377095
22568	14.9255750124760
22580	14.9255401343374
22628	14.9255214085029
22640	14.9255101292699
22644	14.9255083898448
22648	14.9254828057279
22650	14.9254510826422
22686	14.9254438361039
22706	14.9254313496180
22722	14.9254251598142
22726	14.9254191640908
22728	14.9254137419563
22732	14.9254085232621
22754	14.9253957162244
22772	14.9253892995643
22788	14.9253746367739
22792	14.9253543534791
22810	14.9253444215651
22820	14.9253408013868
22840	14.9253329798647
22854	14.9253187085102
22866	14.9253176720588
22870	14.9253031219827
22884	14.9252967153416
22898	14.9252804974893
22930	14.9252758606291
22932	14.9252683948541
22934	14.9252503241518
22936	14.9252442393532
22960	14.9252392861501
22966	14.9252279750443
23002	14.9252095941137
23008	14.9252061504621
23010	14.9251976675343
23022	14.9251896457562
23028	14.9251824851297
23030	14.9251737590154
23032	14.9251408328451
23046	14.9251389182368
23066	14.9251315593059
23096	14.9251172762178
23126	14.9251159364303
23128	14.925106180692
23136	14.9251016194888
23138	14.9250792977617
23164	14.9250726960093
23170	14.9250649386210
23196	14.9250641878402
23200	14.9250569541492
23212	14.9250473259739
23224	14.9250361396855
23236	14.9250327036087
23256	14.9250215231187
23264	14.9250155506082
23284	14.9250145399529
23290	14.9250058601012
23296	14.9250036822911
23322	14.9250009883696
23334	14.9249971460763
23344	14.9249968000052
23352	14.9249722719049
23358	14.9249722120389
23376	14.9249508775513
23380	14.9249426897253
23408	14.9249338777922
23410	14.9249314733044
23420	14.9249227412836
23436	14.9249183910876
23468	14.9249110479106
23480	14.9249000663501
23524	14.9248900988635
23528	14.9248858545962
23540	14.9248856362188
23546	14.9248779729307
23558	14.9248694385935
23570	14.924867458
23574	14.9248670900145
23582	14.9248664703753
23584	14.9248609129307
23586	14.9248606934337
23596	14.9248585055192
23608	14.9248575114529
23616	14.9248544915164
23630	14.9248526740181
23664	14.9248469387789
23670	14.9248442403262
23674	14.9248441384813
23680	14.9248365991307
23710	14.9248328870687
23726	14.9248326487259
23736	14.9248325923568
23752	14.9248282143863
23758	14.9248260821333
23762	14.9248255262577
23768	14.9248252225702
23774	14.9248240751984
23778	14.9248228930357
23798	14.9248217129327
23810	14.9248195362069
23824	14.9248180883328
23830	14.9248134885907
23848	14.9248105452386
23852	14.9248089470939
23858	14.9248049669310
23864	14.9247973126691
23866	14.9247934719949
23912	14.9247889960181
23914	14.9247850391685
23924	14.9247822619970
23936	14.9247782852282
23948	14.9247730206264
23956	14.9247676747487
24002	14.9247658858073
24008	14.9247631486151
24022	14.9247610000637
24024	14.924757563477
24046	14.9247571052489
24066	14.9247566837575
24074	14.9247549028784
24078	14.9247540053737
24082	14.9247526780992
24098	14.9247496313664
24102	14.9247473569786
24110	14.9247472023154
24140	14.9247463864388
24144	14.9247451836480
24148	14.9247449952995
24156	14.9247432875351
24168	14.9247404325446
24172	14.9247400075177
24174	14.9247386993933
24176	14.9247350634731
24194	14.9247338667000
24196	14.9247308634381
24202	14.9247295482164
24206	14.9247291700729
24220	14.9247287543332
24234	14.9247272643120
24238	14.9247238538326
24256	14.9247186064855
24272	14.9247174764728
24274	14.9247120552215
24284	14.9247118264036
24290	14.9247097726371
24304	14.9247069278354
24306	14.9247064237663
24330	14.9247027933311
24340	14.9246987927214
24342	14.9246925367652
24380	14.9246923126766
24382	14.9246905818955
24390	14.9246888191381
24396	14.9246842119022
24398	14.9246819627080
24402	14.9246803719861
24422	14.9246770820556
24426	14.9246762213894
24432	14.9246725291067
24454	14.9246715707556
24456	14.9246647075240
24458	14.9246633221035
24488	14.9246562035222
24510	14.9246524102604
24522	14.9246498118685
24550	14.9246485714672
24556	14.9246474682732
24558	14.9246448239821
24568	14.9246437908948
24590	14.9246419064275
24594	14.9246401640719
24608	14.92463907495
24610	14.9246385956302
24624	14.9246370502739
24626	14.9246369386367
24630	14.9246297747540
24666	14.9246289926045
24676	14.9246266951417
24690	14.9246217156769
24702	14.9246197611904
24706	14.9246193479794
24712	14.9246192455587
24716	14.9246147850602
24746	14.9246139845139
24750	14.9246131691815
24756	14.9246104684516
24762	14.9246076402208
24772	14.9246071472219
24784	14.9246064086955
24786	14.9246033925106
24794	14.9246030786400
24798	14.9245947668681
24826	14.9245856771470
24834	14.9245830305855
24854	14.9245821111908
24856	14.9245773953327
24886	14.9245727651298
24894	14.9245720225512
24898	14.9245606044276
24908	14.9245578938981
24928	14.9245427973454
24938	14.9245400198452
24958	14.9245391354398
25010	14.9245379489445
25012	14.9245365188535
25018	14.9245357153590
25024	14.9245352918351
25042	14.9245343327526
25044	14.9245292857176
25078	14.9245269361556
25080	14.9245257599049
25112	14.9245257499443
25116	14.9245223181021
25150	14.9245213303841
25156	14.9245190751459
25158	14.9245177907892
25178	14.9245165855951
25188	14.9245130678442
25206	14.9245129033662
25212	14.9245128036915
25216	14.9245125430345
25230	14.9245116739229
25234	14.9245107568421
25254	14.9245087808764
25264	14.9245086039639
25270	14.9245042309343
25272	14.9245037474487
25288	14.9245014907465
25296	14.9245009178415
25310	14.9244999821834
25326	14.9244996062246
25332	14.9244944924147
25334	14.9244916565169
25374	14.9244891081687
25414	14.9244877906924
25416	14.9244872900762
25418	14.9244864275884
25432	14.9244852342691
25442	14.9244845241982
25450	14.9244838228694
25460	14.9244820867716
25492	14.9244808357603
25508	14.9244806760145
25522	14.9244795302418
25528	14.9244794492822
25538	14.9244786475361
25542	14.924477502912
25546	14.9244768683573
25560	14.9244768062572
25570	14.9244748742386
25590	14.9244738328852
25600	14.9244732609228
25612	14.9244726342926
25632	14.9244724797180
25650	14.9244723226433
25652	14.9244716499027
25674	14.9244702018863
25692	14.9244701489992
25700	14.9244683666089
25728	14.92446779061
25738	14.9244674015482
25774	14.9244666078095
25780	14.9244661673615
25808	14.924465345396
25850	14.9244651190743
25854	14.9244648623000
25892	14.9244643720790
25922	14.9244642882633
25930	14.9244640508680
25936	14.9244638874474
25940	14.9244637929773
25944	14.9244637356208
25948	14.9244635835380
25950	14.9244629231248
25956	14.9244628179989
25960	14.9244626121789
25982	14.9244618612033
26002	14.9244609499373
26008	14.9244601890547
26028	14.9244596401222
26066	14.924459026968
26110	14.9244589187198
26122	14.9244583630689
26124	14.924458260438
26134	14.9244581594698
26148	14.9244577340743
26154	14.9244574703618
26180	14.9244573362928
26188	14.9244569722986
26196	14.9244564022537
26210	14.9244561005950
26234	14.9244558536351
26252	14.9244557078604
26276	14.9244555898772
26286	14.9244553557256
26294	14.9244550907651
26318	14.9244549988482
26320	14.9244548151732
26322	14.9244547918468
26328	14.9244547661372
26340	14.9244543229047
26342	14.9244542035679
26346	14.9244541557674
26348	14.9244534864733
26350	14.9244532360618
26352	14.9244527693809
26356	14.9244525129919
26380	14.9244524732215
26382	14.9244524359544
26390	14.9244519715452
26392	14.9244517052771
26394	14.92445124188
26430	14.9244504446161
26432	14.9244501483128
26436	14.9244500178809
26464	14.9244492831662
26468	14.9244491016555
26478	14.9244477599152
26502	14.9244474244585
26516	14.9244467321103
26520	14.9244462208148
26528	14.9244455632879
26538	14.9244453018706
26560	14.9244443839770
26576	14.9244437794316
26582	14.9244433817932
26588	14.9244430565060
26622	14.9244429576930
26628	14.9244428830020
26636	14.9244414762504
26684	14.9244413884769
26696	14.9244411032839
26700	14.9244410722536
26702	14.9244408520532
26704	14.9244407395594
26714	14.9244398669753
26738	14.9244394010274
26744	14.9244393994842
26750	14.9244383254191
26756	14.9244383188217
26758	14.9244382782279
26760	14.9244382464846
26780	14.9244378890545
26784	14.9244374006417
26794	14.9244366692880
26796	14.9244357047144
26818	14.9244355414477
26842	14.9244348798640
26854	14.9244341496082
26872	14.9244339764959
26876	14.9244335938787
26882	14.9244319388939
26910	14.9244312286083
26916	14.9244311295986
26950	14.9244309930494
26952	14.9244305956928
26956	14.9244296928265
26970	14.9244287037859
26972	14.9244286664816
26980	14.9244282855233
26986	14.9244282156766
27000	14.9244281321128
27008	14.9244280113695
27018	14.9244267459404
27030	14.9244262474601
27056	14.9244257047230
27058	14.9244253712208
27060	14.9244250154912
27064	14.9244250017151
27068	14.9244245926156
27070	14.9244243100725
27076	14.9244240761739
27096	14.9244236489555
27102	14.9244230712401
27110	14.9244228257162
27116	14.9244220276641
27156	14.9244210612147
27186	14.9244204287501
27188	14.9244200783692
27192	14.9244199816259
27220	14.9244197562794
27236	14.9244184616946
27334	14.9244178891122
27348	14.9244178054566
27384	14.9244172263239
27388	14.9244171224228
27404	14.9244170309678
27418	14.9244167342343
27420	14.9244166164592
27426	14.9244165959994
27430	14.9244162080876
27472	14.9244158968794
27490	14.9244156863797
27498	14.9244156186780
27522	14.9244149922495
27532	14.9244148011433
27534	14.9244145237086
27562	14.9244144622774
27568	14.9244144496824
27574	14.9244141833517
27580	14.9244137412445
27610	14.9244132791693
27618	14.9244131717777
27636	14.9244130906305
27646	14.9244127209586
27668	14.9244125171065
27672	14.9244119316998
27678	14.9244115891783
27688	14.9244107325200
27712	14.9244105754249
27740	14.9244092508947
27782	14.9244088343480
27786	14.9244086203575
27802	14.9244084056422
27806	14.9244083761164
27840	14.9244081934163
27844	14.9244081087656
27864	14.9244079678789
27872	14.9244077570322
27880	14.9244076767377
27890	14.9244076255562
27896	14.9244073908754
27914	14.9244073388287
27916	14.9244071833691
27926	14.9244070808278
27930	14.9244067535787
27940	14.9244066410166
27950	14.9244065446388
27964	14.9244065335872
27970	14.9244065177350
27984	14.9244063945340
27992	14.9244062207446
28008	14.9244060951066
28014	14.9244060414030
28028	14.9244059143322
28036	14.9244058233608
28038	14.9244056978437
28040	14.9244055648271
28046	14.9244054763129
28054	14.9244052616018
28060	14.9244045706274
28090	14.924404470173
28092	14.9244043312374
28098	14.9244040582762
28114	14.9244036479887
28134	14.9244034314668
28148	14.9244031619710
28174	14.9244030316010
28192	14.92440297776
28204	14.9244028382393
28214	14.9244027509227
28222	14.9244024507910
28232	14.9244023487965
28248	14.9244020026827
28258	14.9244018425897
28292	14.9244014829701
28318	14.924401237747
28340	14.9244010592172
28356	14.9244008402015
28364	14.9244007980589
28376	14.9244003203423
28430	14.9244000612410
28456	14.9243999256899
28460	14.924399835263
28464	14.9243996734151
28506	14.9243996192802
28532	14.9243995875253
28542	14.9243995400785
28546	14.9243994625887
28548	14.9243993414264
28560	14.9243993321852
28568	14.9243993229851
28572	14.9243992441349
28580	14.9243991000090
28596	14.9243990297269
28604	14.924399019583
28618	14.9243989939373
28634	14.924398913001
28638	14.9243988834343
28658	14.9243988781682
28660	14.9243987173702
28664	14.9243986156124
28678	14.9243984969643
28706	14.9243984767322
28712	14.9243984127713
28718	14.9243981605744
28770	14.9243981478570
28776	14.9243981180881
28778	14.9243981127297
28798	14.9243980542589
28804	14.9243980530614
28812	14.9243979081544
28832	14.9243978919161
28834	14.9243977711724
28842	14.9243977404955
28844	14.9243976400000
28858	14.9243975933470
28864	14.9243975543819
28866	14.9243973885046
28878	14.9243972473843
28896	14.92439717307
28900	14.9243970443315
28922	14.9243968490755
28950	14.9243968034977
28958	14.9243967962520
28966	14.9243967055152
28974	14.9243966029605
28986	14.9243965403302
29004	14.9243963372606
29012	14.9243963223226
29038	14.9243962259025
29044	14.9243962174662
29046	14.9243960483117
29080	14.9243960271353
29090	14.9243958691951
29108	14.9243956191984
29138	14.9243955743604
29140	14.9243955258839
29146	14.9243954160388
29178	14.9243953861253
29190	14.9243953858167
29198	14.9243953135021
29200	14.9243951727143
29212	14.9243951283741
29214	14.9243950022798
29222	14.9243949577557
29228	14.9243948787804
29234	14.9243948555324
29242	14.9243947269294
29254	14.924394682093
29262	14.9243946740103
29266	14.9243945414836
29272	14.9243943625426
29276	14.9243941408854
29298	14.9243941024900
29320	14.9243939410888
29322	14.9243937273357
29342	14.9243936599072
29356	14.9243936124612
29368	14.9243935696399
29384	14.9243935112701
29386	14.9243934961939
29390	14.9243934348944
29394	14.9243934154372
29404	14.9243933683246
29408	14.9243933652513
29426	14.9243933605556
29428	14.9243932624692
29442	14.9243931638045
29446	14.9243929143532
29450	14.9243928810018
29452	14.9243928657457
29454	14.9243926460199
29484	14.9243926096317
29486	14.9243924551118
29506	14.9243922926267
29534	14.9243921140535
29556	14.9243920992017
29574	14.9243920550500
29582	14.9243919726064
29598	14.9243919064704
29604	14.9243917400511
29632	14.9243916925993
29648	14.9243916621616
29650	14.9243916359773
29652	14.9243915837346
29666	14.9243914714635
29710	14.9243914662717
29716	14.9243914029075
29748	14.9243913531275
29774	14.9243913092626
29780	14.9243912902267
29782	14.9243912672199
29788	14.9243912392640
29812	14.9243911525468
29828	14.9243911205155
29830	14.9243911200099
29836	14.9243910867182
29838	14.9243910534059
29854	14.9243909981076
29856	14.9243909915313
29878	14.9243909885720
29882	14.9243909728978
29886	14.9243909636482
29894	14.9243909577156
29902	14.924390954549
29908	14.9243909431151
29914	14.9243909407071
29916	14.9243908713261
29918	14.9243908281257
29938	14.9243908230637
29960	14.9243907889927
29972	14.9243907609716
29986	14.9243907376317
30004	14.9243907050934
30024	14.9243906919843
30038	14.9243906790244
30058	14.9243906620948
30086	14.9243906587013
30108	14.9243906583182
30128	14.9243906072900
30134	14.9243905550767
30146	14.9243905098181
30156	14.9243904595303
30160	14.9243904550248
30164	14.924390435733
30166	14.9243903342995
30218	14.9243903269882
30230	14.9243903200197
30238	14.9243902541703
30256	14.9243902326528
30264	14.9243901639044
30280	14.9243901555524
30292	14.9243901439773
30304	14.9243901284795
30312	14.9243901162856
30324	14.9243900574188
30332	14.9243900394378
30362	14.9243900095343
30374	14.924389994702
30384	14.9243899881641
30392	14.9243899867921
30396	14.9243899587832
30404	14.9243899303532
30414	14.9243899170842
30430	14.9243899010937
30432	14.9243898856639
30434	14.924389877669
30440	14.9243898702578
30442	14.9243898149344
30454	14.9243897851101
30460	14.9243897626191
30476	14.9243897207982
30484	14.9243897100219
30490	14.9243896836011
30494	14.9243896788425
30522	14.9243896720724
30532	14.9243896429959
30540	14.9243896069324
30546	14.9243895620712
30564	14.9243895345621
30572	14.9243894463109
30574	14.9243894294486
30606	14.9243894222693
30612	14.9243894123841
30618	14.9243893008224
30644	14.9243892916668
30656	14.9243892681267
30660	14.9243892403330
30674	14.9243892015405
30700	14.9243891962600
30704	14.9243891494468
30718	14.9243891454965
30726	14.9243890775665
30742	14.9243890730909
30768	14.9243890447033
30778	14.9243890035077
30790	14.9243889855447
30818	14.9243889456651
30824	14.9243889377855
30860	14.9243888510939
30870	14.9243888498203
30884	14.9243888101930
30906	14.9243888096432
30910	14.9243887624961
30924	14.9243887537806
30940	14.9243887507511
30948	14.9243887507198
30950	14.9243887343759
30960	14.9243887095895
30974	14.9243886810560
30976	14.9243886622158
30992	14.9243886532689
30994	14.9243886311433
31018	14.9243885575656
31034	14.9243885522606
31044	14.9243885416771
31060	14.9243885297422
31064	14.9243885207025
31074	14.9243885109385
31094	14.9243885060068
31100	14.9243885003826
31108	14.9243884745867
31114	14.9243884609587
31124	14.9243884408624
31148	14.9243884312788
31164	14.9243884296251
31174	14.9243884214426
31180	14.9243884163585
31194	14.9243883935064
31212	14.9243883895009
31218	14.9243883752751
31240	14.9243883638348
31246	14.9243883374979
31260	14.9243883374596
31272	14.9243883346235
31276	14.9243883294096
31278	14.9243883136486
31280	14.9243882729681
31282	14.9243882614826
31290	14.9243882503952
31296	14.9243882236601
31308	14.9243881987723
31346	14.9243881770251
31386	14.9243881768338
31390	14.9243881487472
31404	14.9243881429190
31430	14.9243881411123
31450	14.9243881352596
31452	14.9243881216262
31472	14.9243881020375
31478	14.9243881012346
31496	14.9243880846026
31500	14.9243880661487
31510	14.9243880591289
31516	14.9243880584508
31518	14.9243880463803
31522	14.9243880406024
31536	14.9243880295727
31542	14.9243880208294
31552	14.9243880031779
31556	14.9243879930146
31562	14.9243879792033
31572	14.9243879562533
31576	14.9243879559622
31614	14.9243879442277
31618	14.9243879198271
31630	14.9243879121723
31634	14.9243879107203
31642	14.9243879058769
31652	14.9243879014449
31682	14.9243878862756
31690	14.9243878665772
31702	14.9243878198094
31706	14.9243878194158
31716	14.9243878025809
31736	14.9243877869929
31758	14.9243877685762
31766	14.9243877660218
31768	14.9243877651537
31774	14.9243877394556
31794	14.924387729787
31810	14.9243877074576
31812	14.9243877052107
31820	14.9243877021606
31830	14.9243877011375
31834	14.9243876892338
31846	14.9243876869681
31860	14.9243876866210
31864	14.9243876793949
31878	14.9243876781134
31898	14.9243876715269
31900	14.9243876604213
31914	14.9243876590254
31922	14.9243876461319
31936	14.9243876445522
31940	14.9243876409153
31944	14.9243876358478
31956	14.9243875540276
32030	14.9243875245932
32034	14.9243875207046
32044	14.9243875193020
32058	14.9243875182615
32064	14.9243875054835
32092	14.9243874871648
32102	14.9243874761652
32104	14.9243874580032
32118	14.9243874527049
32126	14.9243874275944
32134	14.9243874218551
32152	14.9243874195442
32156	14.9243873967532
32162	14.9243873641533
32192	14.9243873625941
32198	14.9243873408305
32214	14.9243873381055
32224	14.9243873048502
32252	14.9243872648182
32298	14.9243872565998
32308	14.9243872552274
32328	14.9243872466571
32330	14.9243872451195
32334	14.9243872375082
32348	14.9243872139706
32364	14.9243872137157
32390	14.9243872052653
32392	14.9243871925793
32402	14.9243871884705
32414	14.9243871784385
32444	14.9243871622941
32448	14.9243871412740
32458	14.9243871309513
32478	14.9243871021196
32510	14.9243870931098
32512	14.9243870898864
32522	14.9243870654508
32530	14.9243870603383
32540	14.9243870597787
32542	14.9243870421780
32544	14.9243870332561
32558	14.9243870125034
32608	14.9243870116994
32616	14.9243869952838
32660	14.9243869872608
32686	14.9243869866964
32698	14.9243869773857
32700	14.9243869686784
32712	14.9243869659167
32714	14.9243869574003
32720	14.9243869515815
32722	14.9243869493259
32738	14.9243869481031
32740	14.9243869430109
32766	14.9243869429329
32770	14.9243869374909
32776	14.9243869267311
32792	14.9243869163759
32796	14.9243869092657
32818	14.9243868970835
32822	14.9243868767795
32842	14.9243868755562
32856	14.9243868645557
32860	14.9243868526622
32872	14.9243868440475
32882	14.9243868317022
32886	14.9243868201751
32888	14.9243868164974
32892	14.9243868119826
32902	14.9243867988937
32904	14.9243867963407
32916	14.9243867846084
32940	14.9243867804955
32958	14.9243867690676
32964	14.9243867643655
32970	14.9243867476091
32976	14.9243867401631
33000	14.9243867302086
33002	14.9243867241205
33014	14.9243867172537
33018	14.9243867147959
33022	14.9243867122527
33032	14.9243866987913
33038	14.9243866981690
33044	14.9243866736394
33046	14.9243866666497
33048	14.9243866639011
33074	14.9243866627251
33080	14.9243866584489
33092	14.9243866409062
33112	14.9243866281860
33154	14.9243866279302
33164	14.9243866124395
33172	14.9243866035852
33186	14.9243865977616
33196	14.9243865839299
33222	14.9243865615412
33226	14.9243865608025
33230	14.9243865495183
33244	14.9243865461547
33254	14.9243865340802
33292	14.9243865314497
33294	14.9243865202215
33300	14.9243865136061
33304	14.9243865126232
33324	14.9243865121520
33332	14.9243865107934
33344	14.9243865076657
33356	14.9243864967996
33370	14.9243864945063
33402	14.9243864936509
33406	14.9243864895767
33414	14.9243864873060
33420	14.9243864774812
33440	14.9243864726380
33466	14.9243864706689
33468	14.9243864676383
33472	14.9243864657315
33482	14.9243864611876
33484	14.9243864580018
33504	14.9243864557681
33514	14.9243864530851
33536	14.9243864402253
33560	14.9243864362416
33566	14.9243864346058
33582	14.9243864339621
33616	14.9243864311438
33620	14.9243864307256
33628	14.9243864255839
33644	14.9243864238507
33656	14.9243864195137
33668	14.9243864187267
33698	14.9243864103488
33712	14.9243864102009
33728	14.924386404775
33738	14.9243863992097
33746	14.9243863919885
33754	14.9243863897231
33760	14.9243863883547
33778	14.9243863834031
33796	14.9243863802155
33828	14.9243863723539
33842	14.9243863684833
33844	14.9243863655270
33870	14.9243863654669
33880	14.9243863634403
33914	14.9243863626803
33918	14.9243863610240
33946	14.9243863593460
33972	14.9243863591786
33974	14.9243863589350
33978	14.9243863557385
33988	14.9243863550218
33990	14.9243863535699
33998	14.9243863513768
34002	14.9243863484361
34032	14.9243863456357
34050	14.9243863443240
34052	14.9243863428146
34088	14.9243863424993
34090	14.9243863395653
34094	14.924386337372
34100	14.9243863372018
34112	14.9243863370187
34122	14.9243863337736
34126	14.9243863322596
34132	14.9243863318105
34136	14.9243863315995
34142	14.9243863279924
34160	14.9243863263947
34162	14.9243863247808
34168	14.9243863247483
34182	14.9243863232015
34186	14.9243863196385
34194	14.9243863148513
34212	14.9243863118154
34218	14.9243863070917
34220	14.9243863067616
34252	14.9243863052523
34260	14.9243863022570
34268	14.9243862961714
34274	14.9243862906384
34280	14.9243862888572
34292	14.9243862843932
34306	14.9243862752606
34308	14.9243862715703
34324	14.9243862640434
34328	14.9243862630575
34334	14.9243862627333
34336	14.9243862617918
34354	14.9243862555598
34366	14.924386248722
34368	14.9243862477572
34370	14.9243862433542
34384	14.9243862427086
34386	14.9243862348074
34394	14.9243862342601
34412	14.9243862305369
34418	14.9243862281554
34438	14.9243862264406
34442	14.9243862184314
34452	14.9243862183811
34460	14.9243862105025
34462	14.924386202935
34490	14.9243861941808
34508	14.9243861933706
34522	14.9243861894677
34526	14.9243861856978
34550	14.924386185474
34554	14.9243861780297
34562	14.9243861770755
34570	14.9243861747864
34580	14.9243861696783
34598	14.9243861668956
34620	14.9243861667596
34636	14.9243861638879
34668	14.9243861623664
34680	14.9243861620221
34682	14.9243861617019
34690	14.9243861596717
34694	14.9243861569348
34708	14.9243861541209
34730	14.9243861487356
34738	14.9243861480945
34742	14.9243861460924
34800	14.9243861452621
34808	14.9243861430158
34810	14.9243861424326
34816	14.9243861418865
34826	14.9243861416756
34834	14.9243861414296
34836	14.9243861387484
34838	14.9243861365686
34840	14.9243861351935
34862	14.9243861334477
34864	14.9243861319363
34884	14.9243861281092
34888	14.9243861267407
34890	14.9243861233985
34920	14.9243861233581
34934	14.9243861229366
34948	14.9243861214094
34964	14.9243861199472
34966	14.924386119492
34978	14.9243861193698
34980	14.9243861182517
34998	14.9243861171937
35000	14.9243861097246
35020	14.9243861096577
35024	14.9243861089286
35044	14.9243861054548
35056	14.9243861017965
35086	14.9243860977085
35116	14.9243860970266
35124	14.9243860962619
35126	14.9243860897998
35132	14.9243860884549
35140	14.9243860839873
35146	14.9243860816239
35174	14.9243860798133
35202	14.9243860770882
35206	14.9243860768964
35208	14.9243860736376
35228	14.9243860712658
35238	14.9243860706993
35268	14.9243860680531
35272	14.9243860662938
35288	14.9243860651190
35302	14.9243860622744
35320	14.924386059329
35326	14.9243860588511
35338	14.9243860567886
35352	14.9243860560183
35354	14.9243860523140
35382	14.9243860490988
35400	14.9243860475848
35414	14.9243860436947
35424	14.9243860426383
35438	14.9243860403779
35444	14.9243860401581
35460	14.9243860393486
35462	14.924386035081
35466	14.9243860303069
35494	14.9243860299234
35496	14.9243860234847
35550	14.9243860210343
35562	14.9243860179052
35578	14.924386017125
35600	14.9243860153382
35602	14.9243860143125
35614	14.9243860136039
35616	14.9243860121476
35638	14.9243860100349
35642	14.92438600879
35644	14.9243860071719
35648	14.9243860062838
35676	14.9243860029233
35694	14.9243860013426
35700	14.9243860009888
35704	14.9243859957522
35718	14.9243859936411
35720	14.9243859911523
35728	14.9243859906231
35748	14.9243859895584
35756	14.9243859890469
35762	14.9243859885706
35764	14.9243859885452
35772	14.9243859852657
35780	14.9243859829467
35820	14.9243859824437
35840	14.9243859822445
35842	14.9243859818517
35856	14.9243859812636
35858	14.9243859804850
35860	14.9243859790521
35908	14.9243859788598
35914	14.9243859788446
35916	14.9243859773153
35932	14.9243859772356
35938	14.9243859753462
35950	14.9243859753181
35956	14.9243859741073
35958	14.9243859736858
35980	14.9243859731355
35984	14.9243859721646
35988	14.9243859709921
35994	14.9243859709619
35998	14.9243859700659
36008	14.9243859690133
36018	14.9243859689791
36028	14.9243859680903
36030	14.9243859667149
36032	14.9243859651199
36036	14.9243859650162
36056	14.9243859637256
36072	14.9243859628065
36102	14.9243859624037
36104	14.9243859616199
36126	14.9243859608998
36130	14.9243859608349
36134	14.9243859604763
36142	14.9243859600800
36160	14.9243859596833
36172	14.9243859595787
36184	14.9243859590668
36186	14.9243859585359
36200	14.9243859581616
36204	14.9243859575778
36236	14.9243859572494
36240	14.9243859571325
36242	14.9243859559798
36250	14.9243859543223
36278	14.9243859535385
36334	14.9243859533787
36356	14.9243859531416
36362	14.9243859528794
36364	14.9243859507218
36386	14.9243859504701
36394	14.9243859504092
36404	14.9243859502897
36412	14.9243859499537
36432	14.9243859499236
36436	14.9243859483888
36450	14.9243859481761
36460	14.9243859472935
36492	14.9243859471294
36520	14.9243859468122
36524	14.9243859467908
36536	14.9243859465406
36538	14.9243859450976
36540	14.9243859448964
36546	14.9243859446093
36572	14.9243859443266
36588	14.9243859439703
36604	14.9243859437423
36608	14.9243859434708
36620	14.9243859430539
36656	14.9243859428767
36662	14.9243859426732
36672	14.9243859423687
36676	14.9243859415355
36694	14.9243859415073
36704	14.9243859411423
36710	14.9243859405099
36732	14.9243859401426
36762	14.9243859394307
36786	14.9243859386954
36790	14.9243859385033
36794	14.9243859382766
36798	14.9243859382095
36802	14.9243859375011
36808	14.9243859373471
36810	14.9243859373289
36832	14.9243859369154
36838	14.9243859367242
36848	14.9243859364983
36862	14.9243859362534
36886	14.9243859362019
36888	14.9243859361451
36890	14.9243859351483
36912	14.9243859351333
36924	14.9243859349535
36936	14.9243859343549
36946	14.9243859337636
36966	14.9243859336245
36980	14.9243859329868
36990	14.9243859326733
37014	14.9243859324493
37022	14.9243859321805
37046	14.9243859318972
37052	14.9243859314880
37060	14.9243859313586
37074	14.9243859311918
37078	14.9243859310779
37088	14.9243859309900
37094	14.9243859308486
37114	14.9243859305413
37118	14.9243859305346
37130	14.9243859302272
37132	14.9243859302228
37140	14.9243859301571
37146	14.9243859296768
37156	14.9243859296096
37162	14.9243859292827
37186	14.9243859290457
37190	14.9243859289915
37198	14.9243859288862
37202	14.9243859286437
37230	14.9243859283551
37234	14.9243859282472
37252	14.9243859282272
37256	14.9243859274743
37272	14.9243859271854
37290	14.9243859268520
37292	14.9243859267541
37300	14.9243859257747
37304	14.9243859250048
37330	14.9243859248067
37332	14.9243859235265
37336	14.9243859233547
37338	14.9243859230385
37348	14.9243859225342
37358	14.9243859222055
37360	14.9243859217551
37368	14.9243859202998
37378	14.9243859202751
37394	14.9243859198072
37396	14.9243859192280
37408	14.9243859188986
37412	14.9243859183759
37422	14.9243859183127
37424	14.9243859178195
37430	14.9243859175172
37432	14.9243859173926
37446	14.9243859162399
37464	14.9243859156239
37476	14.9243859155136
37478	14.9243859154187
37490	14.9243859151173
37494	14.9243859148104
37496	14.9243859146482
37506	14.9243859146445
37512	14.9243859140909
37526	14.9243859138106
37540	14.9243859136899
37544	14.9243859129167
37556	14.9243859128808
37574	14.9243859128167
37578	14.9243859127614
37590	14.9243859127139
37594	14.9243859125743
37596	14.9243859123621
37604	14.9243859119947
37626	14.9243859104393
37682	14.9243859102308
37688	14.924385910211
37696	14.9243859095323
37714	14.9243859087548
37724	14.9243859083243
37730	14.9243859080612
37738	14.9243859078826
37758	14.9243859078527
37762	14.9243859074863
37768	14.9243859071430
37774	14.9243859070243
37778	14.9243859060661
37786	14.9243859058254
37798	14.9243859051522
37816	14.9243859048644
37828	14.9243859043886
37830	14.9243859032157
37842	14.924385901886
37846	14.9243859016346
37868	14.9243859009278
37874	14.9243859001854
37892	14.9243859000579
37902	14.9243858992728
37914	14.9243858988267
37918	14.9243858983873
37934	14.9243858981707
37954	14.924385897714
37962	14.9243858972086
37964	14.9243858971238
37970	14.9243858964336
38000	14.9243858963623
38006	14.9243858949299
38010	14.9243858945628
38022	14.9243858939521
38034	14.9243858936871
38044	14.9243858928055
38074	14.9243858926649
38076	14.9243858916623
38080	14.9243858915721
38090	14.9243858914073
38102	14.9243858913781
38104	14.9243858911198
38108	14.9243858901982
38116	14.9243858901705
38124	14.9243858896496
38128	14.9243858895141
38132	14.9243858893100
38182	14.9243858892179
38184	14.9243858888509
38188	14.9243858881992
38194	14.9243858880700
38196	14.9243858880259
38206	14.9243858879148
38220	14.9243858873487
38228	14.9243858868998
38234	14.9243858868167
38238	14.9243858862130
38254	14.9243858860922
38274	14.9243858853842
38278	14.9243858852494
38312	14.9243858848983
38316	14.9243858848246
38324	14.9243858844190
38340	14.9243858840425
38360	14.9243858838585
38366	14.9243858838101
38372	14.9243858837628
38384	14.9243858835612
38388	14.9243858833478
38406	14.9243858832609
38408	14.9243858829612
38416	14.9243858827584
38436	14.9243858825391
38444	14.9243858824712
38446	14.9243858823354
38452	14.9243858822925
38468	14.9243858820742
38482	14.9243858819957
38494	14.9243858817730
38502	14.9243858814514
38504	14.924385881279
38520	14.9243858806644
38538	14.9243858805940
38550	14.9243858801379
38568	14.9243858801327
38570	14.9243858796068
38588	14.9243858795438
38596	14.9243858788944
38604	14.9243858788598
38610	14.9243858787908
38614	14.9243858786488
38624	14.9243858785994
38636	14.9243858785663
38638	14.9243858783919
38666	14.9243858783569
38670	14.9243858780412
38712	14.9243858779735
38716	14.9243858779685
38718	14.9243858777546
38740	14.9243858776159
38748	14.9243858776048
38752	14.9243858775539
38754	14.9243858774817
38760	14.9243858773601
38782	14.9243858771546
38796	14.9243858770513
38820	14.9243858767519
38828	14.9243858767150
38836	14.9243858765329
38852	14.9243858765177
38858	14.9243858763734
38860	14.9243858763652
38890	14.9243858762498
38892	14.9243858759649
38904	14.9243858755541
38928	14.9243858754478
38946	14.9243858752308
38960	14.9243858750311
38966	14.9243858746603
38998	14.9243858745713
39010	14.9243858745278
39016	14.9243858743426
39020	14.9243858742265
39046	14.9243858741838
39052	14.9243858739964
39056	14.9243858737111
39058	14.9243858735758
39072	14.9243858735244
39090	14.924385873459
39092	14.9243858732394
39098	14.9243858731540
39100	14.9243858730360
39102	14.9243858728671
39108	14.9243858728328
39114	14.9243858727151
39118	14.9243858724973
39128	14.9243858724177
39134	14.9243858717425
39148	14.9243858716402
39154	14.9243858711766
39180	14.9243858710193
39198	14.9243858708579
39206	14.9243858708123
39210	14.9243858705170
39258	14.9243858703850
39260	14.9243858703277
39270	14.9243858702693
39294	14.9243858701275
39304	14.9243858699490
39324	14.9243858699364
39326	14.9243858699132
39348	14.9243858697614
39352	14.9243858696775
39358	14.9243858695556
39378	14.924385869525
39386	14.9243858693739
39416	14.9243858692837
39434	14.9243858691922
39456	14.9243858691237
39474	14.9243858690236
39496	14.9243858689058
39522	14.9243858688570
39534	14.9243858688360
39542	14.9243858686965
39550	14.9243858684521
39554	14.9243858683723
39560	14.9243858683711
39566	14.9243858683011
39568	14.9243858682387
39574	14.924385868055
39594	14.9243858680122
39604	14.9243858679943
39608	14.9243858679629
39620	14.9243858676908
39634	14.9243858676882
39646	14.9243858675409
39660	14.9243858675243
39686	14.9243858673295
39690	14.9243858672901
39696	14.9243858672031
39716	14.9243858670518
39744	14.924385867009
39748	14.9243858669792
39756	14.9243858667478
39766	14.9243858665653
39782	14.9243858663916
39814	14.9243858663444
39836	14.9243858660695
39856	14.9243858660377
39864	14.9243858657867
39872	14.9243858654844
39884	14.9243858652390
39898	14.9243858651919
39920	14.9243858649942
39926	14.9243858649931
39938	14.9243858647660
39968	14.9243858647030
39976	14.9243858645952
39982	14.924385864577
39998	14.9243858643479
40010	14.9243858643340
40018	14.9243858642608
40042	14.9243858642145
40044	14.9243858641822
40054	14.9243858641797
40068	14.9243858639479
40076	14.9243858639015
40078	14.9243858638712
40094	14.9243858638062
40098	14.9243858637661
40110	14.9243858637228
40132	14.9243858637182
40144	14.9243858635712
40154	14.9243858635657
40168	14.9243858635184
40178	14.9243858634906
40200	14.9243858634815
40230	14.9243858634618
40232	14.9243858633947
40236	14.9243858633269
40238	14.9243858633039
40252	14.9243858632619
40254	14.9243858630798
40270	14.9243858630657
40290	14.9243858630464
40308	14.9243858630183
40314	14.9243858629337
40342	14.9243858629023
40348	14.9243858628625
40354	14.9243858628169
40360	14.9243858627799
40378	14.9243858626902
40404	14.9243858625404
40452	14.9243858625204
40470	14.9243858625123
40472	14.9243858624349
40486	14.9243858623814
40508	14.9243858623143
40516	14.9243858622274
40552	14.9243858621724
40570	14.9243858621317
40580	14.9243858621032
40584	14.9243858620759
40594	14.9243858620491
40600	14.9243858619926
40602	14.9243858619908
40604	14.9243858619724
40608	14.9243858619680
40610	14.9243858618991
40622	14.9243858618424
40670	14.9243858617801
40676	14.9243858617785
40678	14.9243858617713
40684	14.9243858617378
40688	14.9243858617186
40716	14.9243858617131
40724	14.9243858616951
40730	14.9243858616682
40738	14.9243858616099
40754	14.9243858615998
40768	14.9243858615688
40794	14.9243858615605
40798	14.9243858615513
40820	14.9243858615025
40840	14.9243858615018
40842	14.9243858615014
40852	14.9243858614953
40854	14.9243858614448
40928	14.9243858614314
40930	14.9243858614229
40938	14.9243858613954
40944	14.9243858613803
40956	14.9243858613334
41002	14.9243858612947
41010	14.9243858612557
41026	14.9243858612274
41056	14.9243858612066
41060	14.9243858612021
41080	14.9243858611932
41086	14.9243858611889
41092	14.9243858611481
41122	14.9243858611412
41126	14.924385861137
41138	14.9243858611304
41140	14.9243858611083
41142	14.9243858610825
41160	14.9243858610703
41164	14.9243858610076
41184	14.9243858609775
41196	14.9243858609527
41200	14.9243858609444
41216	14.9243858609405
41218	14.9243858609133
41224	14.9243858608647
41248	14.9243858608221
41260	14.9243858607856
41282	14.9243858607209
41308	14.9243858607059
41310	14.9243858606544
41312	14.9243858606193
41336	14.9243858606009
41338	14.9243858605927
41344	14.9243858605737
41380	14.9243858605611
41382	14.9243858605547
41390	14.9243858604978
41410	14.9243858604601
41426	14.9243858604129
41440	14.9243858603925
41446	14.9243858603823
41452	14.9243858603801
41458	14.9243858603768
41462	14.9243858603567
41472	14.9243858603273
41492	14.9243858602760
41538	14.9243858602599
41560	14.9243858602532
41566	14.9243858602505
41572	14.9243858602474
41574	14.9243858602374
41576	14.9243858602119
41586	14.9243858601913
41590	14.9243858601640
41604	14.9243858601062
41610	14.9243858600916
41616	14.9243858600882
41638	14.9243858600793
41648	14.9243858600724
41650	14.9243858600544
41678	14.9243858600499
41682	14.9243858600325
41696	14.9243858600105
41702	14.9243858600089
41708	14.9243858599732
41716	14.9243858599460
41732	14.9243858599368
41738	14.9243858599367
41742	14.9243858599295
41744	14.9243858599114
41766	14.9243858599095
41772	14.9243858599043
41776	14.924385859904
41794	14.9243858599028
41798	14.9243858598881
41800	14.9243858598698
41804	14.9243858598511
41822	14.9243858598392
41830	14.9243858598298
41846	14.9243858598291
41854	14.9243858598276
41866	14.9243858598229
41874	14.9243858598195
41892	14.9243858598106
41894	14.9243858598099
41940	14.9243858598094
41944	14.9243858597962
41948	14.9243858597936
41952	14.9243858597802
41956	14.9243858597458
41958	14.9243858597358
41970	14.9243858597326
41972	14.9243858597286
41986	14.9243858597084
42012	14.9243858596915
42014	14.9243858596824
42030	14.9243858596818
42038	14.9243858596745
42040	14.9243858596645
42042	14.9243858596567
42072	14.9243858596517
42076	14.9243858596068
42080	14.9243858595954
42108	14.9243858595812
42122	14.9243858595608
42128	14.9243858595385
42144	14.9243858595249
42146	14.924385859507
42148	14.9243858594988
42168	14.9243858594431
42192	14.9243858594295
42208	14.9243858594063
42220	14.9243858593846
42232	14.9243858593655
42238	14.9243858593556
42242	14.9243858593347
42254	14.9243858593343
42256	14.9243858593217
42272	14.9243858593101
42282	14.9243858593030
42286	14.9243858592826
42312	14.9243858592741
42318	14.9243858592529
42328	14.9243858592464
42332	14.9243858592094
42374	14.9243858591783
42378	14.9243858591388
42390	14.9243858591132
42402	14.9243858591067
42414	14.9243858590992
42420	14.9243858590586
42450	14.9243858590486
42452	14.924385859046
42458	14.9243858590163
42468	14.9243858590098
42472	14.9243858589888
42496	14.9243858589876
42506	14.9243858589847
42508	14.9243858589723
42512	14.9243858589671
42538	14.9243858589577
42540	14.9243858589363
42584	14.9243858589306
42606	14.9243858589186
42610	14.9243858589157
42618	14.9243858589102
42640	14.9243858589074
42644	14.9243858589006
42646	14.9243858588984
42650	14.9243858588831
42656	14.9243858588777
42674	14.9243858588566
42682	14.9243858588495
42684	14.9243858588454
42696	14.9243858588301
42710	14.9243858588269
42722	14.9243858588263
42724	14.9243858588213
42730	14.9243858588167
42732	14.9243858588122
42740	14.9243858588015
42748	14.9243858587985
42750	14.9243858587961
42752	14.9243858587324
42778	14.9243858587243
42800	14.9243858587114
42812	14.9243858587099
42820	14.9243858586842
42834	14.9243858586831
42838	14.9243858586739
42862	14.9243858586583
42872	14.9243858586507
42874	14.9243858586476
42878	14.9243858586419
42882	14.9243858586321
42892	14.9243858586285
42898	14.9243858586153
42906	14.9243858586114
42908	14.9243858586020
42922	14.9243858585960
42934	14.9243858585774
42962	14.9243858585712
42986	14.9243858585698
42994	14.924385858561
42996	14.9243858585521
43004	14.9243858585437
43008	14.9243858585393
43026	14.9243858585356
43034	14.9243858585336
43046	14.9243858585320
43054	14.9243858585197
43064	14.9243858585033
43088	14.9243858585032
43114	14.9243858585011
43116	14.9243858584940
43124	14.9243858584896
43148	14.9243858584889
43152	14.9243858584712
43184	14.9243858584697
43186	14.9243858584608
43208	14.9243858584460
43224	14.9243858584387
43264	14.9243858584369
43266	14.9243858584336
43276	14.924385858433
43282	14.9243858584223
43304	14.9243858584194
43314	14.9243858584136
43316	14.9243858584092
43342	14.9243858584068
43368	14.9243858583917
43402	14.924385858388
43410	14.9243858583863
43438	14.92438585838
43440	14.924385858374
43458	14.9243858583626
43472	14.9243858583594
43490	14.9243858583588
43500	14.9243858583588
43502	14.9243858583525
43508	14.9243858583468
43532	14.9243858583376
43534	14.9243858583304
43552	14.9243858583124
43566	14.9243858583020
43572	14.9243858582983
43590	14.9243858582969
43592	14.9243858582949
43598	14.9243858582822
43602	14.9243858582816
43614	14.9243858582778
43618	14.9243858582752
43634	14.9243858582739
43636	14.9243858582666
43648	14.9243858582634
43652	14.9243858582615
43666	14.9243858582557
43694	14.9243858582554
43706	14.9243858582448
43718	14.9243858582418
43730	14.9243858582409
43738	14.9243858582269
43756	14.9243858582227
43760	14.9243858581954
43772	14.9243858581951
43776	14.9243858581947
43782	14.9243858581841
43794	14.9243858581739
43810	14.9243858581536
43822	14.9243858581505
43830	14.9243858581392
43858	14.9243858581382
43866	14.9243858581061
43880	14.9243858580978
43896	14.9243858580973
43902	14.9243858580792
43910	14.9243858580607
43970	14.9243858580570
43978	14.9243858580376
44012	14.9243858580341
44014	14.9243858580187
44022	14.9243858580053
44044	14.9243858579999
44100	14.9243858579776
44124	14.9243858579677
44140	14.9243858579634
44148	14.9243858579571
44154	14.9243858579506
44170	14.9243858579369
44180	14.9243858579342
44196	14.9243858579327
44198	14.9243858579204
44216	14.9243858579195
44220	14.9243858579124
44222	14.9243858578989
44224	14.9243858578840
44232	14.9243858578774
44250	14.9243858578686
44254	14.9243858578656
44264	14.9243858578568
44286	14.9243858578553
44298	14.9243858578531
44304	14.9243858578354
44308	14.9243858578338
44326	14.9243858578316
44332	14.9243858578116
44342	14.9243858578018
44346	14.9243858577939
44354	14.9243858577880
44356	14.9243858577833
44362	14.9243858577527
44366	14.9243858577413
44370	14.9243858577351
44384	14.9243858577306
44408	14.9243858577278
44412	14.9243858577148
44426	14.9243858577051
44436	14.9243858577042
44442	14.9243858576928
44444	14.9243858576851
44446	14.9243858576772
44460	14.9243858576707
44466	14.9243858576619
44484	14.9243858576614
44494	14.9243858576339
44510	14.9243858576316
44512	14.9243858576254
44520	14.9243858576149
44538	14.9243858576064
44576	14.9243858576019
44590	14.9243858575967
44592	14.9243858575953
44596	14.9243858575890
44614	14.9243858575886
44630	14.9243858575843
44640	14.924385857579
44642	14.9243858575770
44644	14.9243858575698
44668	14.9243858575674
44670	14.9243858575623
44684	14.9243858575467
44746	14.9243858575459
44748	14.9243858575423
44752	14.9243858575382
44766	14.9243858575350
44772	14.9243858575255
44776	14.9243858575226
44784	14.9243858575165
44788	14.9243858575155
44792	14.9243858575070
44804	14.9243858574927
44818	14.9243858574873
44836	14.9243858574845
44838	14.9243858574843
44870	14.9243858574811
44886	14.9243858574704
44894	14.9243858574635
44900	14.9243858574632
44910	14.9243858574615
44912	14.9243858574600
44914	14.9243858574590
44920	14.9243858574470
44924	14.9243858574462
44936	14.9243858574405
44942	14.9243858574397
44948	14.9243858574327
44970	14.9243858574314
44974	14.9243858574287
45012	14.9243858574249
45016	14.9243858574213
45036	14.9243858574176
45042	14.9243858574164
45066	14.9243858574128
45074	14.9243858574118
45078	14.9243858574084
45096	14.9243858574014
45098	14.924385857399
45140	14.9243858573860
45160	14.924385857384
45174	14.9243858573743
45190	14.9243858573730
45198	14.9243858573646
45208	14.9243858573634
45214	14.9243858573594
45216	14.9243858573536
45218	14.9243858573500
45230	14.9243858573463
45238	14.9243858573384
45290	14.9243858573360
45292	14.9243858573287
45310	14.9243858573255
45312	14.9243858573251
45318	14.9243858573160
45350	14.9243858573132
45356	14.9243858573117
45362	14.9243858573050
45392	14.9243858573050
45398	14.9243858573014
45400	14.9243858573009
45402	14.9243858572997
45416	14.9243858572960
45426	14.9243858572952
45446	14.9243858572950
45454	14.9243858572922
45456	14.924385857289
45460	14.9243858572876
45462	14.9243858572846
45468	14.9243858572831
45484	14.9243858572768
45516	14.9243858572764
45518	14.9243858572763
45524	14.9243858572736
45534	14.9243858572699
45560	14.9243858572687
45564	14.9243858572667
45568	14.9243858572661
45570	14.9243858572654
45572	14.9243858572629
45578	14.9243858572591
45586	14.9243858572588
45594	14.9243858572575
45612	14.9243858572491
45650	14.9243858572483
45656	14.9243858572386
45664	14.9243858572200
45670	14.9243858572161
45672	14.9243858572135
45702	14.9243858572078
45708	14.9243858572064
45738	14.9243858572038
45750	14.9243858571975
45766	14.9243858571949
45770	14.9243858571929
45778	14.9243858571916
45784	14.9243858571900
45786	14.9243858571877
45806	14.9243858571860
45812	14.9243858571833
45836	14.9243858571815
45838	14.9243858571789
45858	14.9243858571721
45870	14.9243858571706
45882	14.9243858571675
45902	14.9243858571664
45904	14.9243858571621
45916	14.9243858571597
45934	14.9243858571534
45940	14.9243858571528
45946	14.9243858571451
45962	14.9243858571291
45964	14.9243858571282
45972	14.9243858571264
45982	14.9243858571157
45986	14.9243858570822
46050	14.9243858570725
46068	14.9243858570716
46104	14.9243858570628
46112	14.9243858570624
46132	14.9243858570609
46136	14.9243858570520
46138	14.9243858570499
46140	14.9243858570472
46154	14.9243858570443
46160	14.9243858570418
46170	14.9243858570384
46174	14.9243858570271
46184	14.9243858570192
46196	14.9243858570192
46202	14.9243858570117
46250	14.924385857001
46274	14.9243858570002
46282	14.9243858569901
46292	14.9243858569874
46302	14.9243858569867
46306	14.9243858569847
46308	14.9243858569830
46330	14.9243858569793
46332	14.9243858569748
46344	14.9243858569701
46346	14.9243858569638
46348	14.9243858569604
46354	14.9243858569547
46356	14.9243858569455
46370	14.9243858569428
46372	14.9243858569410
46378	14.9243858569243
46380	14.9243858569077
46406	14.9243858568983
46428	14.9243858568979
46432	14.9243858568964
46434	14.9243858568847
46446	14.9243858568827
46470	14.9243858568763
46480	14.9243858568692
46500	14.9243858568690
46504	14.9243858568687
46506	14.9243858568659
46510	14.9243858568626
46516	14.9243858568317
46526	14.9243858568312
46552	14.9243858568300
46554	14.9243858568237
46560	14.9243858568107
46570	14.9243858568063
46580	14.9243858568004
46608	14.9243858567964
46620	14.9243858567831
46636	14.9243858567682
46648	14.9243858567673
46652	14.9243858567593
46656	14.9243858567573
46666	14.9243858567504
46678	14.9243858567478
46684	14.924385856741
46698	14.9243858567323
46700	14.9243858567296
46724	14.9243858567249
46726	14.9243858567235
46736	14.9243858567154
46766	14.9243858567147
46790	14.9243858567117
46794	14.9243858567047
46804	14.9243858566990
46818	14.9243858566930
46828	14.9243858566875
46876	14.9243858566821
46892	14.9243858566772
46902	14.9243858566772
46904	14.9243858566760
46906	14.9243858566716
46914	14.9243858566682
46924	14.9243858566680
46934	14.9243858566675
46936	14.9243858566667
46944	14.9243858566647
46964	14.9243858566636
46978	14.9243858566606
46994	14.9243858566586
47000	14.9243858566585
47028	14.9243858566575
47030	14.9243858566567
47032	14.9243858566538
47056	14.9243858566523
47110	14.9243858566507
47112	14.9243858566506
47130	14.9243858566499
47132	14.9243858566496
47156	14.9243858566481
47164	14.9243858566454
47168	14.9243858566437
47194	14.9243858566432
47198	14.92438585664
47214	14.9243858566390
47224	14.9243858566382
47226	14.9243858566364
47236	14.9243858566362
47240	14.9243858566345
47260	14.9243858566326
47280	14.9243858566306
47300	14.9243858566303
47310	14.9243858566279
47330	14.9243858566269
47342	14.9243858566269
47352	14.9243858566261
47358	14.9243858566232
47366	14.9243858566219
47402	14.9243858566213
47404	14.9243858566210
47410	14.9243858566196
47466	14.9243858566192
47468	14.9243858566188
47474	14.9243858566168
47496	14.9243858566166
47516	14.9243858566160
47522	14.9243858566150
47532	14.9243858566126
47538	14.9243858566111
47540	14.9243858566098
47542	14.9243858566086
47546	14.9243858566078
47570	14.9243858566071
47600	14.9243858566059
47602	14.9243858566058
47624	14.9243858566055
47628	14.9243858566054
47630	14.9243858566037
47650	14.9243858566022
47652	14.9243858566017
47666	14.9243858565986
47688	14.9243858565962
47698	14.9243858565952
47708	14.9243858565950
47716	14.9243858565948
47718	14.9243858565937
47726	14.9243858565925
47730	14.9243858565914
47762	14.9243858565906
47766	14.924385856589
47768	14.9243858565857
47792	14.9243858565844
47812	14.9243858565838
47816	14.9243858565834
47840	14.9243858565833
47842	14.9243858565825
47846	14.9243858565820
47848	14.9243858565796
47862	14.9243858565795
47868	14.9243858565790
47886	14.9243858565764
47888	14.9243858565759
47896	14.924385856575
47904	14.9243858565739
47906	14.9243858565707
47932	14.9243858565704
47944	14.9243858565658
47966	14.9243858565615
47986	14.9243858565536
48006	14.9243858565511
48012	14.9243858565494
48044	14.9243858565465
48050	14.9243858565457
48058	14.9243858565444
48066	14.9243858565435
48084	14.9243858565387
48088	14.9243858565364
48106	14.9243858565363
48112	14.9243858565352
48114	14.9243858565343
48116	14.9243858565313
48140	14.9243858565299
48172	14.9243858565254
48184	14.9243858565245
48212	14.9243858565204
48244	14.9243858565197
48258	14.9243858565188
48262	14.9243858565183
48264	14.9243858565169
48268	14.9243858565148
48302	14.9243858565148
48308	14.9243858565134
48318	14.9243858565132
48320	14.9243858565125
48352	14.9243858565122
48356	14.9243858565119
48372	14.9243858565109
48374	14.9243858565104
48384	14.9243858565098
48396	14.9243858565096
48424	14.9243858565090
48426	14.9243858565081
48432	14.9243858565077
48436	14.9243858565075
48438	14.9243858565062
48444	14.9243858565056
48458	14.9243858565055
48472	14.9243858565052
48476	14.9243858565038
48514	14.9243858565031
48520	14.9243858565028
48536	14.9243858565024
48568	14.9243858565019
48582	14.9243858565017
48586	14.9243858565015
48588	14.9243858565014
48602	14.9243858565009
48606	14.9243858565001
48608	14.9243858565001
48622	14.9243858564994
48632	14.9243858564986
48636	14.9243858564985
48640	14.9243858564983
48658	14.9243858564974
48662	14.9243858564961
48676	14.9243858564955
48690	14.9243858564953
48712	14.9243858564944
48722	14.9243858564943
48730	14.9243858564942
48734	14.9243858564939
48740	14.9243858564936
48748	14.9243858564928
48766	14.9243858564919
48778	14.9243858564908
48790	14.9243858564903
48796	14.9243858564892
48816	14.9243858564889
48824	14.9243858564879
48856	14.9243858564872
48864	14.9243858564868
48880	14.9243858564862
48882	14.9243858564853
48886	14.9243858564831
48890	14.9243858564831
48906	14.9243858564823
48926	14.9243858564799
48932	14.9243858564793
48952	14.924385856478
48982	14.9243858564780
48984	14.9243858564777
48990	14.9243858564772
48998	14.9243858564765
49000	14.9243858564751
49008	14.9243858564746
49026	14.9243858564744
49030	14.9243858564734
49058	14.9243858564731
49066	14.9243858564726
49084	14.9243858564718
49118	14.9243858564715
49120	14.9243858564705
49146	14.9243858564696
49148	14.9243858564689
49166	14.9243858564687
49168	14.9243858564671
49178	14.9243858564667
49182	14.9243858564655
49194	14.9243858564652
49212	14.9243858564651
49224	14.9243858564637
49232	14.9243858564636
49246	14.9243858564628
49260	14.9243858564622
49272	14.924385856462
49282	14.9243858564614
49304	14.9243858564612
49306	14.9243858564607
49314	14.9243858564593
49328	14.9243858564589
49330	14.9243858564582
49350	14.9243858564579
49356	14.9243858564558
49358	14.9243858564550
49380	14.9243858564546
49400	14.9243858564542
49422	14.9243858564522
49444	14.9243858564517
49458	14.9243858564517
49462	14.9243858564513
49466	14.9243858564508
49476	14.9243858564506
49484	14.9243858564503
49486	14.9243858564497
49498	14.9243858564495
49504	14.9243858564487
49518	14.9243858564481
49540	14.9243858564469
49556	14.9243858564468
49558	14.9243858564462
49560	14.9243858564451
49566	14.9243858564448
49590	14.9243858564447
49602	14.9243858564438
49608	14.9243858564432
49626	14.9243858564422
49638	14.924385856442
49650	14.924385856442
49654	14.9243858564409
49656	14.9243858564406
49668	14.9243858564404
49676	14.9243858564404
49678	14.924385856439
49692	14.9243858564384
49702	14.9243858564368
49706	14.9243858564364
49740	14.9243858564347
49744	14.9243858564344
49756	14.9243858564339
49760	14.9243858564337
49776	14.9243858564333
49778	14.9243858564331
49780	14.9243858564330
49784	14.9243858564321
49822	14.9243858564318
49834	14.9243858564310
49838	14.9243858564305
49900	14.9243858564303
49906	14.9243858564302
49922	14.9243858564299
49924	14.9243858564293
49964	14.9243858564291
49990	14.9243858564288
50012	14.9243858564272
50022	14.9243858564261
50026	14.9243858564258
50028	14.9243858564250
50036	14.9243858564250
50046	14.9243858564247
50048	14.9243858564244
50058	14.9243858564244
50060	14.9243858564233
50064	14.9243858564233
50068	14.924385856423
50088	14.9243858564224
50094	14.9243858564220
50118	14.9243858564217
50144	14.9243858564209
50168	14.9243858564207
50170	14.9243858564205
50188	14.9243858564203
50196	14.9243858564202
50198	14.9243858564199
50206	14.9243858564194
50214	14.9243858564194
50222	14.9243858564186
50226	14.9243858564185
50232	14.9243858564182
50242	14.9243858564181
50254	14.9243858564174
50266	14.9243858564173
50272	14.9243858564173
50278	14.9243858564166
50292	14.9243858564165
50296	14.9243858564163
50306	14.9243858564162
50310	14.9243858564160
50314	14.9243858564154
50336	14.9243858564149
50344	14.9243858564149
50356	14.9243858564143
50362	14.9243858564141
50370	14.9243858564138
50416	14.9243858564133
50448	14.924385856413
50474	14.9243858564129
50488	14.9243858564128
50490	14.9243858564127
50494	14.9243858564127
50502	14.9243858564124
50506	14.9243858564123
50528	14.924385856412
50532	14.9243858564118
50546	14.9243858564118
50556	14.9243858564115
50558	14.9243858564111
50570	14.9243858564111
50574	14.9243858564111
50578	14.9243858564110
50612	14.9243858564107
50638	14.9243858564107
50642	14.9243858564106
50668	14.9243858564104
50686	14.9243858564103
50716	14.9243858564102
50720	14.9243858564099
50724	14.9243858564099
50728	14.9243858564098
50742	14.9243858564096
50810	14.9243858564096
50814	14.9243858564095
50822	14.9243858564094
50834	14.9243858564094
50848	14.9243858564093
50850	14.9243858564093
50858	14.9243858564092
50866	14.9243858564091
50868	14.9243858564091
50880	14.9243858564089
50888	14.9243858564089
50904	14.9243858564087
50922	14.9243858564087
50936	14.9243858564085
50958	14.9243858564083
50980	14.9243858564083
50994	14.9243858564082
51006	14.9243858564082
51018	14.9243858564080
51032	14.9243858564079
51056	14.9243858564079
51058	14.9243858564078
51068	14.9243858564077
51080	14.9243858564077
51082	14.9243858564076
51090	14.9243858564075
51092	14.9243858564075
51102	14.9243858564074
51112	14.9243858564074
51126	14.9243858564074
51132	14.9243858564074
51136	14.9243858564074
51148	14.9243858564073
51176	14.9243858564072
51182	14.9243858564072
51198	14.9243858564072
51204	14.9243858564071
51212	14.9243858564071
51218	14.9243858564071
51220	14.9243858564069
51260	14.9243858564069
51274	14.9243858564069
51286	14.9243858564067
51314	14.9243858564066
51318	14.9243858564066
51326	14.9243858564065
51334	14.9243858564064
51362	14.9243858564063
51376	14.9243858564061
51388	14.9243858564061
51396	14.9243858564061
51410	14.9243858564060
51422	14.9243858564060
51442	14.9243858564060
51468	14.9243858564060
51496	14.9243858564059
51502	14.9243858564059
51504	14.9243858564059
51534	14.9243858564058
51538	14.9243858564057
51540	14.9243858564057
51546	14.9243858564056
51568	14.9243858564056
51572	14.9243858564055
51576	14.9243858564055
51592	14.9243858564055
51606	14.9243858564055
51614	14.9243858564054
51616	14.9243858564054
51620	14.9243858564054
51624	14.9243858564053
51630	14.9243858564053
51642	14.9243858564053
51664	14.9243858564053
51666	14.9243858564052
51670	14.9243858564052
51672	14.9243858564052
51680	14.9243858564051
51692	14.9243858564051
51706	14.9243858564051
51708	14.9243858564049
51732	14.9243858564049
51734	14.9243858564049
51756	14.9243858564049
51766	14.9243858564049
51772	14.9243858564048
51778	14.9243858564048
51786	14.9243858564048
51790	14.9243858564047
51792	14.9243858564046
51794	14.9243858564045
51804	14.9243858564045
51834	14.9243858564044
51842	14.9243858564044
51878	14.9243858564043
51884	14.9243858564043
51888	14.9243858564042
51914	14.9243858564042
51922	14.9243858564042
51926	14.9243858564042
51930	14.9243858564041
51932	14.9243858564040
51944	14.924385856404
51950	14.9243858564040
51960	14.9243858564039
51964	14.9243858564039
51976	14.9243858564039
51992	14.9243858564039
51996	14.9243858564038
52000	14.9243858564037
52032	14.9243858564037
52038	14.9243858564036
52060	14.9243858564035
52100	14.9243858564035
52126	14.9243858564035
52130	14.9243858564035
52132	14.9243858564035
52140	14.9243858564035
52148	14.9243858564034
52152	14.9243858564034
52160	14.9243858564033
52186	14.9243858564033
52188	14.9243858564033
52192	14.9243858564033
52202	14.9243858564033
52210	14.9243858564033
52212	14.9243858564032
52222	14.9243858564032
52238	14.9243858564031
52244	14.9243858564031
52252	14.924385856403
52272	14.9243858564030
52276	14.9243858564029
52298	14.9243858564029
52300	14.9243858564028
52320	14.9243858564028
52324	14.9243858564028
52342	14.9243858564028
52344	14.9243858564027
52346	14.9243858564027
52372	14.9243858564026
52374	14.9243858564026
52384	14.9243858564025
52406	14.9243858564025
52412	14.9243858564024
52424	14.9243858564024
52432	14.9243858564023
52460	14.9243858564023
52470	14.9243858564023
52474	14.9243858564023
52488	14.9243858564022
52492	14.9243858564021
52516	14.9243858564020
52524	14.9243858564020
52528	14.9243858564020
52532	14.9243858564019
52560	14.9243858564019
52572	14.9243858564018
52578	14.9243858564018
52598	14.9243858564018
52602	14.9243858564018
52618	14.9243858564017
52628	14.9243858564017
52632	14.9243858564017
52644	14.9243858564016
52662	14.9243858564016
52664	14.9243858564016
52682	14.9243858564015
52714	14.9243858564015
52724	14.9243858564014
52726	14.9243858564014
52730	14.9243858564014
52734	14.9243858564014
52754	14.9243858564013
52766	14.9243858564013
52774	14.9243858564013
52794	14.9243858564013
52804	14.9243858564012
52820	14.9243858564012
52830	14.9243858564012
52852	14.9243858564012
52868	14.9243858564011
52888	14.9243858564011
52900	14.9243858564011
52916	14.9243858564011
52932	14.9243858564011
52936	14.924385856401
52942	14.9243858564010
52972	14.9243858564009
52976	14.9243858564009
52998	14.9243858564009
53002	14.9243858564009
53026	14.9243858564009
53032	14.9243858564009
53052	14.9243858564009
53076	14.9243858564008
53086	14.9243858564008
53118	14.9243858564008
53120	14.9243858564008
53130	14.9243858564008
53132	14.9243858564008
53170	14.9243858564008
53190	14.9243858564008
53192	14.9243858564008
53200	14.9243858564008
53214	14.9243858564008
53216	14.9243858564008
53244	14.9243858564007
53252	14.9243858564007
53254	14.9243858564007
53272	14.9243858564007
53280	14.9243858564007
53288	14.9243858564007
53330	14.9243858564007
53334	14.9243858564007
53340	14.9243858564006
53376	14.9243858564006
53384	14.9243858564006
53390	14.9243858564006
53408	14.9243858564006
53424	14.9243858564006
53436	14.9243858564006
53448	14.9243858564006
53450	14.9243858564005
53482	14.9243858564005
53492	14.9243858564005
53510	14.9243858564005
53538	14.9243858564005
53556	14.9243858564005
53564	14.9243858564005
53582	14.9243858564005
53590	14.9243858564005
53620	14.9243858564005
53630	14.9243858564005
53652	14.9243858564004
53658	14.9243858564004
53684	14.9243858564004
53702	14.9243858564004
53708	14.9243858564004
53732	14.9243858564004
53734	14.9243858564004
53742	14.9243858564004
53748	14.9243858564004
53776	14.9243858564004
53780	14.9243858564004
53782	14.9243858564004
53784	14.9243858564004
53796	14.9243858564004
53818	14.9243858564003
53826	14.9243858564003
53840	14.9243858564003
53874	14.9243858564003
53880	14.9243858564003
53890	14.9243858564003
53912	14.9243858564003
53920	14.9243858564003
53956	14.9243858564003
53960	14.9243858564003
53972	14.9243858564003
53986	14.9243858564003
54006	14.9243858564003
54026	14.9243858564003
54042	14.9243858564003
54060	14.9243858564003
54104	14.9243858564002
54122	14.9243858564002
54124	14.9243858564002
54140	14.9243858564002
54150	14.9243858564002
54170	14.9243858564002
54176	14.9243858564002
54178	14.9243858564002
54198	14.9243858564002
54230	14.9243858564002
54238	14.9243858564002
54244	14.9243858564002
54278	14.9243858564001
54288	14.9243858564001
54316	14.9243858564001
54332	14.9243858564001
54338	14.9243858564001
54344	14.9243858564001
54362	14.9243858564001
54374	14.9243858564001
54428	14.9243858564001
54432	14.9243858564001
54446	14.9243858564000
54460	14.9243858564000
54494	14.9243858564000
54500	14.9243858564000
54574	14.9243858564
54618	14.9243858564
54624	14.9243858564
54670	14.92438585640
54696	14.92438585640
54702	14.9243858564000
54718	14.9243858564000
54720	14.9243858564000
54742	14.9243858564000
54758	14.9243858564000
54770	14.9243858564000
54772	14.9243858564000
54776	14.9243858564000
54778	14.9243858564000
54806	14.9243858564000
54818	14.9243858563999
54822	14.9243858563999
54824	14.9243858563999
54842	14.9243858563999
54860	14.9243858563999
54862	14.9243858563999
54884	14.9243858563999
54890	14.9243858563999
54906	14.9243858563999
54928	14.9243858563999
54938	14.9243858563999
54940	14.9243858563999
54942	14.9243858563999
54970	14.9243858563999
54988	14.9243858563999
54992	14.9243858563999
55012	14.9243858563999
55034	14.9243858563999
55080	14.9243858563999
55118	14.9243858563999
55130	14.9243858563999
55162	14.9243858563999
55164	14.9243858563999
55180	14.9243858563999
55216	14.9243858563999
55232	14.9243858563999
55234	14.9243858563999
55268	14.9243858563999
55284	14.9243858563999
55294	14.9243858563998
55312	14.9243858563998
55330	14.9243858563998
55336	14.9243858563998
55344	14.9243858563998
55346	14.9243858563998
55404	14.9243858563998
55428	14.9243858563998
55440	14.9243858563998
55466	14.9243858563998
55470	14.9243858563998
55494	14.9243858563998
55518	14.9243858563998
55550	14.9243858563998
55558	14.9243858563998
55560	14.9243858563998
55566	14.9243858563998
55584	14.9243858563998
55586	14.9243858563998
55610	14.9243858563998
55632	14.9243858563998
55642	14.9243858563998
55644	14.9243858563998
55660	14.9243858563998
55662	14.9243858563998
55682	14.9243858563997
55684	14.9243858563997
55696	14.9243858563997
55708	14.9243858563997
55734	14.9243858563997
55746	14.9243858563997
55774	14.9243858563997
55778	14.9243858563997
55826	14.9243858563997
55828	14.9243858563997
55850	14.9243858563997
55852	14.9243858563997
55856	14.9243858563997
55858	14.9243858563997
55882	14.9243858563997
55898	14.9243858563997
55916	14.9243858563997
55934	14.9243858563997
55952	14.9243858563997
55984	14.9243858563997
55988	14.9243858563997
56048	14.9243858563997
56056	14.9243858563997
56058	14.9243858563997
56108	14.9243858563997
56118	14.9243858563997
56120	14.9243858563997
56124	14.9243858563997
56126	14.9243858563997
56128	14.9243858563997
56132	14.9243858563997
56170	14.9243858563996
56198	14.9243858563996
56216	14.9243858563996
56230	14.9243858563996
56242	14.9243858563996
56258	14.9243858563996
56270	14.9243858563996
56272	14.9243858563996
56284	14.9243858563996
56298	14.9243858563996
56308	14.9243858563996
56312	14.9243858563996
56314	14.9243858563996
56318	14.9243858563996
56336	14.9243858563996
56338	14.9243858563996
56346	14.9243858563996
56400	14.9243858563996
56404	14.9243858563996
56416	14.9243858563996
56460	14.9243858563995
56486	14.9243858563995
56498	14.9243858563995
56504	14.9243858563995
56534	14.9243858563995
56562	14.9243858563995
56594	14.9243858563995
56658	14.9243858563995
56674	14.9243858563995
56682	14.9243858563995
56694	14.9243858563995
56728	14.9243858563995
56770	14.9243858563995
56780	14.9243858563995
56782	14.9243858563995
56838	14.9243858563995
56852	14.9243858563995
56884	14.9243858563995
56908	14.9243858563995
56946	14.9243858563995
56974	14.9243858563995
57016	14.9243858563995
57018	14.9243858563995
57024	14.9243858563995
57058	14.9243858563995
57098	14.9243858563994
57118	14.9243858563994
57128	14.9243858563994
57216	14.9243858563994
57218	14.9243858563994
57220	14.9243858563994
57238	14.9243858563994
57350	14.9243858563994
57448	14.9243858563994
57920	14.9243858563994
57958	14.9243858563994
58454	14.9243858563994
58990	14.9243858563994
59866	14.9243858563994
61312	14.9243858563994
61740	14.9243858563994
69480	14.9243858563994
77520	14.9243858563994
84816	14.9243858563994
106152	14.9243858563994
126318	14.9243858563994
300000	14.9243858563994
