52	643.128912858764
54	627.131932170702
58	522.41181982254
64	513.638600647458
80	490.927370115443
98	489.781077168337
102	438.834958358915
116	403.973253646093
156	377.483529468323
178	377.077493980105
184	348.479124407808
222	346.701127778509
248	319.021656038654
254	310.518228293121
322	307.317066750536
360	283.897173967543
372	280.138407882124
516	241.277115634950
534	207.555466895956
2900	200.243310444332
3078	198.464368367660
3080	183.224690293192
3758	174.318346167918
3784	172.051991031533
3838	164.920261322165
3890	163.377007845892
3906	154.370061893059
4076	143.890054114316
4094	140.268718140581
4140	139.976616879749
4142	139.43065147288
4158	135.961622181212
4178	131.058714086592
4208	130.516799435282
4216	128.776427694068
4240	126.438365873986
4278	124.784129876267
4292	123.906449721357
4306	123.753008744329
4332	122.892204774191
4346	121.743818070030
4350	117.768590256243
4374	117.627877950930
4380	116.462953266236
4384	115.500496650644
4390	112.427090018131
4410	111.645852983937
4414	109.705874281283
4434	109.396655764651
4442	108.333194037
4486	107.619459543485
4498	106.427978659403
4502	105.979482202481
4504	105.653738124673
4530	105.056276978056
4562	103.446595917313
4574	103.035674246989
4604	101.689542489320
4610	101.645567210886
4632	101.415098148236
4634	100.450685699307
4642	99.300109487089
4646	98.1650385435559
4654	97.460698318178
4660	96.8613105809047
4670	96.5827438623486
4672	95.6000605070303
4682	94.8501600831248
4686	93.7980519047748
4708	93.2497532224833
4712	92.201744737235
4766	91.9643127364186
4778	91.2676283471369
4792	90.7073962256214
4802	90.554679298577
4822	90.3931647249451
4824	90.270316800194
4834	88.5899888759456
4854	88.4004972975937
4868	87.083554862737
4884	86.7094586206598
4886	86.2933032927641
4896	86.1891633863779
4926	85.7252971946044
4930	84.3951812427088
4960	84.2116329858105
4980	83.8730782749143
4984	82.8624563818943
4990	82.0437757071533
4992	81.0081018851897
4996	80.6399308071262
4998	80.0170215011859
5028	78.939321995586
5030	78.7403363560234
5048	78.19519142198
5068	78.0887930903045
5074	77.5847234279731
5076	77.50641451245
5082	77.3728544540573
5092	77.0324962698117
5098	76.8715359374906
5108	76.62291770623
5110	75.9148199417424
5136	75.8937099051754
5140	75.6832442489714
5168	75.4162454940983
5170	75.3854317459355
5180	74.5463106213465
5194	74.3591269962356
5198	74.2955447699335
5200	74.1939862347622
5208	73.700374590224
5224	73.6552214177059
5244	73.4832364714568
5262	73.4733045460259
5268	73.2823209833408
5290	73.1664264794723
5296	73.0047282216759
5312	72.9871324434802
5322	72.9297988889154
5324	72.8179343529011
5330	72.7752406401846
5338	72.529165595558
5340	72.3172102130149
5362	72.1688679837515
5366	72.003915745709
5380	71.8415644877759
5404	71.7974043151918
5422	71.7904936786193
5426	71.7198741868754
5428	71.3598507102405
5460	71.3206033340646
5464	70.9086183008833
5470	70.7174425350342
5486	70.6054521799047
5492	70.5130508401036
5500	70.4156160553154
5504	69.639039993726
5516	69.500886484598
5528	69.48509180977
5530	69.2709104413897
5540	69.2663565125116
5542	69.0358938849621
5544	68.715820199755
5568	68.5310367379149
5574	68.168563331283
5584	67.8456851309045
5616	67.7784491374022
5620	67.479433687709
5626	67.3440102575254
5630	67.3109109012994
5636	66.7582591071944
5642	66.1461711990321
5646	66.0013914744149
5670	65.8829916006497
5694	65.7889600315345
5708	65.6823364635281
5710	65.307523796912
5718	64.9044878154004
5720	64.6326903120887
5732	64.3811725749203
5736	64.0506696074959
5752	64.04068871303
5756	63.8943906223802
5762	63.3956912856641
5808	63.3131436114173
5818	63.161988973821
5856	62.8488607443354
5864	62.5585416642358
5882	61.9959584743986
5932	61.9129535672487
5934	61.876605253998
5942	61.7124465209314
5980	61.7121012437072
5982	61.666300962187
6002	61.4048724504365
6028	61.3787459516319
6034	61.0914869392461
6050	61.091439808301
6052	60.8001806855975
6060	60.5984418396404
6090	60.2764390482572
6100	60.2591307903757
6122	59.9820055063917
6134	59.7528689444278
6144	59.3888498999535
6172	59.3644020522792
6178	59.2369914010425
6188	59.1028993256298
6204	59.0488278218088
6214	58.8733490720554
6218	58.6677952745718
6222	58.429707998165
6224	58.421671408166
6236	58.0040624133086
6246	57.9647340430981
6256	57.3928539065417
6262	57.3460912105746
6280	56.9928525241745
6288	56.8426462249951
6306	56.7019923388943
6308	56.5576212005971
6324	56.3445929581215
6326	56.3274253835304
6334	56.1272397768432
6342	56.0835555613189
6354	55.9813570478148
6364	55.9701960639411
6376	55.9675200470701
6382	55.9617644688185
6388	55.7201936303205
6404	55.4301576625166
6424	55.3271045712514
6428	55.1329969140248
6430	55.1251996825551
6440	54.9928212679243
6454	54.8957575438902
6456	54.6993575400226
6476	54.4799371619949
6520	54.4264519562677
6530	54.1677780800874
6534	53.905804235139
6540	53.746824547878
6568	53.7410713716958
6586	53.5609152029778
6594	53.2413709666018
6598	53.2367018113691
6602	53.0908550340247
6626	52.7822422485436
6644	52.6002443228358
6656	52.5373716613222
6678	52.5012604809445
6684	52.4699560392211
6688	52.4302630828153
6712	52.3654970828823
6714	51.993538124633
6728	51.9840084293817
6734	51.7919726616548
6752	51.771802438628
6760	51.7334450577927
6766	51.5516638299865
6772	51.4831362001605
6798	51.3828188284003
6804	51.3800937785559
6806	51.3386012426553
6808	50.8528145441418
6852	50.6526670039793
6856	50.6145427196256
6870	50.4434694402649
6876	50.1121575457743
6882	50.0278829096151
6884	49.6928757722873
6914	49.2666906937497
6922	49.2172561859043
6930	48.434327434183
6988	48.3233206885639
6992	48.290887006094
6996	47.7744402266692
6998	47.3786592435185
7006	46.5855255351586
7022	46.1551029902966
7046	46.1219533401080
7050	45.7426558477921
7068	45.5480243411558
7094	45.3833004332481
7110	44.9786001285964
7138	44.6536967822632
7152	44.472144638672
7154	44.2331740663887
7164	44.0337482216245
7176	43.9789029169896
7186	43.9601269510642
7188	43.816813931361
7204	43.6665364139321
7216	43.5347235189005
7248	43.4071964656542
7268	43.1367853824352
7276	42.9790440240118
7286	42.9094727312889
7288	42.8275749404971
7306	42.8088541738376
7312	42.5167762829756
7322	42.3206936336267
7324	42.2989117599228
7326	42.2658682315849
7342	42.2483224346385
7346	42.0085948364744
7362	41.9944759880093
7364	41.9254508500038
7366	41.8537188686027
7368	41.6447274556136
7376	41.4408766744844
7388	41.4348804534514
7400	41.4152278244391
7402	41.2750864566906
7404	41.2718388957936
7408	41.0082846721833
7438	40.784484826203
7446	40.7310158932222
7452	40.7189292914103
7470	40.6213527316383
7480	40.2210060561375
7508	40.0385668830302
7526	40.0146151764637
7554	39.8838355183726
7580	39.860244854512
7600	39.8273962211934
7606	39.7893567316051
7614	39.654847562618
7626	39.6333682239267
7636	39.4437404393749
7646	39.4127313284549
7658	39.3965181323741
7666	39.3811047844119
7674	39.2549249252198
7700	39.2074861118987
7726	39.2053163452754
7736	39.1721305505252
7760	39.1159892581008
7778	39.1089919884827
7790	39.0348821671231
7796	39.0039534735193
7804	38.9932247767839
7812	38.9903660136786
7814	38.8422756034666
7832	38.7977717180911
7840	38.7556801430227
7842	38.7440766616821
7844	38.71959361047
7846	38.6120880343115
7858	38.5935896917178
7868	38.4704637833296
7878	38.456155008577
7900	38.4147923800047
7906	38.2551983900808
7918	38.2276682323597
7934	38.1798838378734
7956	38.1644466656043
7976	38.1298422102578
8006	38.0936708456154
8010	38.0345176847579
8020	37.9708446776221
8026	37.9536688712910
8036	37.8977269855660
8038	37.8298734608247
8060	37.8155898488312
8080	37.7722055806938
8086	37.7594798419452
8096	37.6818775330027
8112	37.6459590220257
8136	37.6232631729675
8144	37.5707826208223
8152	37.4802483850297
8162	37.3123747073051
8182	37.2871387752295
8186	37.2530947755746
8188	37.2370068738541
8190	37.1678635717162
8198	37.059899544601
8208	36.9420778837314
8214	36.8931946833084
8216	36.6684735122047
8218	36.5692812808912
8224	36.4528585648594
8244	36.3131542116544
8272	36.2648764383592
8274	36.2471903784694
8288	36.2355579408787
8294	36.1810844214277
8296	36.1340117788616
8298	36.0772919167729
8302	36.0476497121598
8310	35.8235964981344
8320	35.8199637246383
8328	35.7949065111214
8338	35.6792964797556
8344	35.6566608968278
8350	35.640851594722
8352	35.558294212873
8360	35.5010491314694
8374	35.4619725576281
8386	35.4334941345547
8400	35.3463517087666
8402	35.2824189346151
8422	35.2740132668071
8424	35.2729415612529
8428	35.2223050622767
8464	35.1257203864183
8504	35.1222298297158
8512	34.9991856279489
8534	34.9917155250322
8558	34.9505401836179
8574	34.9001360745782
8610	34.8969474768066
8614	34.8502388402154
8620	34.8402581746419
8632	34.7987485679197
8656	34.7250731597726
8668	34.5064493905736
8684	34.5014661310049
8700	34.3933526518711
8702	34.38520597113
8712	34.2623658506191
8742	34.2503951834849
8748	34.2007746573738
8760	34.0934556281596
8772	34.0059114943191
8776	33.9733108743579
8786	33.970059119323
8794	33.8943626311423
8800	33.8415060712378
8816	33.732721772834
8828	33.7012270342139
8872	33.6997300344827
8878	33.6179127589407
8892	33.6040186296628
8910	33.5860896939919
8914	33.5218742170676
8920	33.4648165295386
8922	33.4536053998087
8978	33.4428734096984
8982	33.408009546424
8990	33.3856214370485
8998	33.3708016468613
9004	33.2872743001088
9008	33.2178404295021
9032	33.1718313065368
9058	33.1365047389189
9084	33.1183546717369
9110	33.1163989539004
9120	33.0854143191118
9122	33.0727589779674
9134	33.0722525729455
9138	33.0578310828694
9140	33.0551298763054
9152	33.0483325234248
9156	32.9933903590112
9164	32.9615695351753
9172	32.9538945365584
9180	32.9398994353128
9190	32.9385872983709
9202	32.9349649414738
9208	32.9148903984799
9212	32.8825082221783
9216	32.8725263115243
9224	32.8196232710624
9246	32.7959493139284
9272	32.7456646774057
9300	32.7263922282303
9304	32.6775671166032
9310	32.6437133770146
9318	32.6411638936094
9350	32.5687123155203
9362	32.5384372195975
9366	32.53405449492
9370	32.5155060162226
9384	32.4595839422419
9404	32.4054392224406
9408	32.3916983711505
9420	32.334923216201
9426	32.2988166639014
9446	32.2867322393776
9462	32.2797276021197
9466	32.2526214725172
9516	32.2256183420295
9534	32.2195920104013
9546	32.186018266291
9554	32.1427220011857
9564	32.1360266417041
9582	32.1183513257176
9586	32.1171720611313
9598	32.0986118829676
9616	32.0981021840239
9620	32.0942182564404
9624	32.0860027782499
9632	32.0400100638495
9684	32.0334986584082
9692	32.0244451027904
9710	32.0042117392888
9722	31.9832166767386
9734	31.9823249029187
9738	31.9450321207124
9770	31.9057705647095
9776	31.8903181638543
9808	31.8753067810775
9812	31.8686537041378
9814	31.8287692091256
9824	31.8251355678859
9848	31.8190621926329
9860	31.80204196062
9868	31.7937822736776
9886	31.782835739724
9918	31.7820600406744
9922	31.7453420702481
9928	31.7056338020997
9960	31.6828165238459
9990	31.6823947933452
9992	31.6355566389976
10010	31.6110439653500
10036	31.5644355608938
10048	31.5425674911905
10106	31.500513731866
10142	31.4825526434582
10148	31.4796471088209
10154	31.4671709711823
10164	31.4640083377550
10174	31.4461983592525
10214	31.4386839965659
10226	31.4326460408123
10242	31.4221738237189
10250	31.3902920797032
10256	31.3564547736217
10266	31.3529947754946
10280	31.3364416684388
10286	31.2378068691163
10306	31.2306330796673
10322	31.192826631545
10338	31.1686215359293
10358	31.1595993330853
10362	31.1531669991732
10370	31.1324299137002
10386	31.1124431287048
10402	31.0979546459753
10404	31.0922254969647
10424	31.080751189891
10452	31.077442712526
10462	31.0664658347949
10472	31.0386410240687
10490	31.0336693695117
10494	31.0259707404976
10498	31.0146619201455
10522	31.001813228241
10524	30.9980425061582
10542	30.9888383932892
10550	30.9818718904239
10558	30.955285104129
10564	30.9460589609246
10568	30.9221592741605
10582	30.9196078784681
10600	30.9012070800372
10620	30.8865587882149
10630	30.8680023348565
10632	30.8569565570678
10648	30.8467824341806
10652	30.8432180080464
10656	30.8338539720728
10662	30.8322185861596
10688	30.809727247136
10698	30.8081729778079
10704	30.8070618198129
10716	30.7713537205945
10724	30.7475303973054
10744	30.7418760867571
10750	30.7348262511811
10766	30.7314952360414
10770	30.7140470168868
10804	30.7133947574936
10812	30.7002837875127
10824	30.6768103047655
10828	30.67202735635
10838	30.6569565018212
10854	30.6365461137481
10858	30.6016269556008
10870	30.5851796445402
10896	30.575960228326
10904	30.5463892451843
10910	30.5229737516403
10914	30.508840872179
10924	30.4614759381514
10934	30.4511732325889
10936	30.4149136871807
10978	30.3861597335143
10982	30.3843344301588
10984	30.3691774557319
11010	30.3570566759554
11014	30.3144733098139
11022	30.3140090841416
11050	30.3011915964443
11052	30.2980641510513
11058	30.2809292118339
11060	30.2508272773306
11084	30.2459733517992
11102	30.2356876648078
11120	30.2263485470486
11122	30.2255623535277
11126	30.2225460095003
11128	30.1905152460493
11160	30.176358970024
11192	30.1750885838563
11194	30.1544570120103
11202	30.1534618407809
11214	30.1443426768148
11218	30.1259142483208
11228	30.1121615521439
11256	30.1089512373517
11264	30.1088459045132
11270	30.1049553323199
11274	30.0993677187219
11276	30.093628086418
11294	30.0867731513974
11296	30.0742910152232
11312	30.0619576850442
11328	30.055178261261
11344	30.0475393203107
11352	30.0424575440649
11360	30.0420345557264
11370	30.0419957907446
11390	30.0352182599766
11396	30.027813911241
11400	30.0220254041567
11408	30.0110172415399
11428	30.0001417970948
11436	29.9954412674848
11446	29.9852748988939
11462	29.9839267316745
11472	29.9744612827744
11482	29.9729849361691
11502	29.964878001513
11522	29.956576785479
11530	29.9544034246705
11534	29.9418010809153
11536	29.9401850397223
11548	29.9358866170276
11576	29.9113668237937
11604	29.8964337343275
11628	29.8962060010485
11630	29.8934057455467
11638	29.8915171444473
11648	29.8841018871252
11654	29.8814096918652
11656	29.8794868175617
11684	29.8792151120449
11686	29.8716925697591
11702	29.8712426792361
11706	29.8638945518467
11716	29.8566080667263
11758	29.8506790165323
11782	29.8470460627569
11798	29.8467881394315
11812	29.8431689069784
11828	29.8361516247941
11852	29.8314341659522
11858	29.8283954700888
11872	29.826221065824
11882	29.820408556175
11890	29.819241029854
11896	29.814835344247
11898	29.8101792386108
11914	29.8031743397666
11930	29.8026127072502
11944	29.8023097351510
11952	29.7978189329286
11958	29.7944374975608
11960	29.7929273860235
11968	29.7856838525429
11970	29.7809143197771
11976	29.7805466135445
11980	29.7716609733812
11982	29.7566245385632
11988	29.7559207725711
11994	29.7476553984712
12014	29.7445013174933
12024	29.7420992271823
12030	29.7349241314346
12044	29.7323971426378
12046	29.7259878815034
12058	29.7170325830195
12064	29.7096999279121
12068	29.6955937804476
12078	29.6748396854636
12080	29.6705429738622
12098	29.6643999265097
12100	29.6487534352675
12110	29.6049613512040
12130	29.5912044967902
12156	29.5880348135838
12168	29.5855466198419
12172	29.5779075816824
12214	29.5725014906832
12224	29.5649259069079
12228	29.5580507431039
12252	29.5575834373184
12258	29.5537090859548
12268	29.5506893665427
12278	29.5406715314690
12288	29.5382740537738
12322	29.534625472366
12330	29.5328182227093
12334	29.5266581510107
12340	29.5160861135625
12358	29.5045172154721
12366	29.5032458246593
12378	29.4933726700619
12382	29.4857613656533
12384	29.4842015966481
12398	29.4739698588455
12434	29.4644912537256
12436	29.4635485253605
12438	29.457936807421
12464	29.4572661485561
12476	29.4544551320870
12478	29.4542029901096
12480	29.4471867993615
12504	29.4455977546839
12532	29.4442319552153
12534	29.4401613432800
12548	29.4336429724669
12578	29.4312718972224
12582	29.4239199913729
12604	29.4224124357676
12606	29.4201583498355
12638	29.4197577023387
12646	29.4189361128680
12660	29.4144258365342
12668	29.4098811146815
12674	29.4061148373709
12680	29.4004431393147
12700	29.3981556051567
12706	29.3903520692976
12716	29.3901259030818
12728	29.3864224677020
12732	29.3851564469656
12748	29.3805198574149
12756	29.3785682296647
12760	29.3785386843097
12762	29.3752331604045
12766	29.3705696441304
12792	29.3683656507029
12794	29.3641043422679
12806	29.3617559054267
12816	29.3583419773538
12830	29.3564463641421
12844	29.3517101287156
12868	29.3481134239281
12872	29.3477779181907
12876	29.346871875494
12894	29.3448911440202
12908	29.3420714272997
12910	29.3404950743537
12922	29.3392804017093
12928	29.3384067850186
12934	29.3315155521155
12946	29.3285256012924
12966	29.3237605123415
12984	29.3219173433604
12988	29.3212700666531
12992	29.3177627718985
12996	29.3148126665176
13006	29.3141332943457
13016	29.3135869402432
13022	29.3132452802363
13032	29.309326845752
13064	29.3067671024312
13084	29.3052297034142
13098	29.303122447935
13102	29.3012021831326
13104	29.3007808060186
13106	29.2910341455928
13116	29.2874934211603
13122	29.2840539150635
13160	29.28301515607
13164	29.2825710285567
13172	29.282151968298
13174	29.2817441407068
13178	29.2790264903663
13182	29.2759994551191
13206	29.2754545938624
13212	29.2704967481430
13226	29.2691618220358
13238	29.2674644633446
13244	29.2656097278672
13250	29.2651042954778
13254	29.2648099742238
13264	29.2639716401893
13268	29.2617707443297
13280	29.2612784771120
13286	29.2603374020421
13288	29.2570741383638
13302	29.2561991622386
13360	29.2510140813449
13372	29.2505553985106
13390	29.2502104810736
13396	29.2489954477815
13408	29.2488505845356
13414	29.2444578958838
13426	29.2435033975291
13440	29.2421917985919
13446	29.2397515096037
13458	29.2361712447842
13464	29.2358251404917
13468	29.2354550124895
13482	29.2338233540785
13488	29.2324928160142
13502	29.2303702626148
13508	29.2271024966156
13512	29.2253938051506
13514	29.2224891136338
13524	29.220693874963
13532	29.2183830648956
13538	29.2171000716327
13550	29.2164285842289
13552	29.2156502108585
13576	29.2151443235784
13580	29.2135478862896
13582	29.2099900316421
13598	29.2072940040281
13602	29.2067091813981
13606	29.1970583035726
13632	29.1954633589831
13638	29.1895582501571
13656	29.1885385935639
13660	29.1830565378630
13668	29.1810448550629
13680	29.1799180839968
13690	29.1712130039908
13710	29.1663020448416
13770	29.1647031298569
13780	29.163518602074
13798	29.1627709109465
13802	29.1621509278658
13808	29.1615476323684
13838	29.1591826411742
13846	29.1561901352123
13852	29.1539434618492
13854	29.1530799413361
13874	29.1516653447927
13876	29.1501958778145
13894	29.1480619372452
13898	29.1463465894491
13914	29.1455063381628
13924	29.1442109769598
13932	29.1421744715709
13942	29.1396830236535
13954	29.1339662815633
13964	29.1308480309412
13970	29.1304197130350
13982	29.1269588465938
13996	29.1267890480606
14006	29.1227885759211
14030	29.1212051826881
14040	29.1205313321024
14046	29.1149710628737
14056	29.1130461475408
14058	29.1116666921601
14066	29.1093237303568
14072	29.1092471442639
14078	29.1088985763627
14090	29.1073090397766
14094	29.1070581405886
14100	29.105194398578
14108	29.1005492710417
14114	29.1003907163827
14116	29.0968621950954
14118	29.0963201881887
14132	29.0919728593209
14140	29.0914367012742
14156	29.0862633435632
14158	29.0829144688261
14200	29.0812460349314
14218	29.0767213071229
14224	29.0760893527007
14240	29.0751039621355
14254	29.0725845284885
14272	29.0712695204407
14282	29.0697543300596
14288	29.068486965079
14312	29.0671970782099
14322	29.0654319674814
14356	29.0640654221712
14362	29.0631987980816
14372	29.0592981000457
14402	29.0578967478409
14414	29.0578183512028
14418	29.0565983175078
14422	29.0556819322959
14426	29.0543178074498
14440	29.0531953487618
14448	29.0529260533365
14458	29.0501239871216
14464	29.0483711747449
14466	29.0469484773385
14480	29.044764298117
14530	29.0445496454489
14534	29.0437114263546
14544	29.0435483051954
14552	29.043153573315
14570	29.0426872595096
14572	29.0412012099603
14592	29.0411992971015
14606	29.0404581740848
14624	29.0402299356881
14628	29.0389328064580
14660	29.0380724101236
14662	29.0369876221679
14686	29.0353317239679
14690	29.0352344278916
14692	29.0340609322886
14714	29.0335591647887
14720	29.0316011525987
14736	29.031318845376
14748	29.0306598421630
14756	29.0278798101382
14760	29.0259680291162
14774	29.0251621615901
14780	29.0243808928162
14792	29.022747928779
14816	29.0225953425409
14818	29.0214498076963
14822	29.0198797596464
14854	29.0176239713807
14860	29.0172745236081
14882	29.0164199193151
14890	29.0130292867088
14892	29.0118016983595
14940	29.0116277871197
14942	29.0115764251695
14948	29.0114211250188
14950	29.0099267118511
14952	29.0095941537197
14960	29.0095258497714
14968	29.0082670286002
14980	29.0078459542570
14998	29.0073018912726
15008	29.0055969772644
15024	29.0052904905454
15036	29.0041995171971
15060	29.0028008561167
15062	29.0004766214634
15066	28.9990192319517
15086	28.9980514494999
15088	28.9939191587077
15134	28.9931601230752
15138	28.9909350030503
15148	28.9883816923723
15170	28.9882913036810
15172	28.987804842014
15174	28.9866157729307
15176	28.9862309332273
15204	28.9833209064297
15206	28.9809450394792
15224	28.9791190237289
15230	28.9785780096835
15232	28.9766003966496
15246	28.9750191046951
15268	28.9745709835416
15286	28.9711167149265
15334	28.9701756463551
15336	28.9692039804578
15340	28.9659698148999
15352	28.9652570236186
15354	28.9651071061407
15366	28.9639194136675
15374	28.9608473437945
15376	28.9593122842658
15382	28.9585400762220
15396	28.9555469963992
15408	28.9551397796151
15414	28.9545874311645
15454	28.9541991131147
15472	28.9536226438588
15480	28.9527501327006
15488	28.9517794233242
15500	28.9506102986195
15528	28.9497308688944
15542	28.9483880547762
15584	28.9481833341432
15590	28.9479733247117
15592	28.9467487496897
15618	28.944937270009
15634	28.9446206433477
15640	28.9444774468493
15646	28.9440709493735
15650	28.9432630378413
15658	28.9429566471459
15670	28.9426895190832
15676	28.9415337496233
15686	28.9402379163833
15698	28.93996982615
15720	28.9397542357891
15722	28.9388179908715
15736	28.9382321575597
15748	28.9362538674022
15750	28.9344672264537
15790	28.9342477856173
15802	28.9333182176596
15824	28.9325327735993
15836	28.9320112118823
15844	28.9320049261934
15846	28.9305157163142
15862	28.9289510644734
15864	28.9283256762127
15878	28.927348292016
15894	28.9258072830810
15896	28.9255384384722
15910	28.9251239297898
15912	28.9229007193193
15924	28.9216287506525
15956	28.9216246529884
15962	28.9211254773229
15972	28.9210604207505
15982	28.9210389881116
15996	28.9170335055392
16008	28.9167474548663
16032	28.9144369148142
16042	28.9130101449536
16044	28.9117228107072
16070	28.9108266996359
16116	28.9105566285591
16122	28.9088828745211
16130	28.9083939251205
16132	28.9083555751877
16136	28.9081452350246
16142	28.9063806644002
16166	28.9063787707013
16170	28.9060694982683
16174	28.9054441989514
16186	28.9044814308726
16232	28.9032655584637
16248	28.9023188473286
16252	28.9021836103226
16268	28.9007856941413
16276	28.9007577029267
16282	28.8998543953977
16302	28.8990683013491
16304	28.8985730360828
16344	28.8979238242305
16366	28.8978556730469
16370	28.8977936311392
16380	28.8976469383773
16388	28.8961763768264
16416	28.8957576482047
16428	28.8953779185128
16438	28.8944972834745
16440	28.8939098364801
16460	28.8919361705173
16476	28.8917966856287
16508	28.8911821016358
16526	28.890535767979
16562	28.8903698752897
16568	28.8903170874334
16582	28.8899619186728
16598	28.8898354397855
16604	28.8895435521157
16614	28.8887255550791
16644	28.8887251986495
16654	28.8886868924863
16664	28.8884865702397
16666	28.8879074269243
16688	28.8878029899728
16694	28.8875247978702
16698	28.8871710305128
16730	28.8867612040634
16742	28.8866661295997
16746	28.8866443367042
16754	28.8863321382023
16758	28.8860885661864
16772	28.8859964667184
16774	28.8856389053108
16794	28.8854502158754
16796	28.8849187014912
16806	28.8847234861512
16812	28.8846899464201
16822	28.8845446613969
16838	28.8844664689487
16850	28.884178709252
16852	28.8839860085656
16878	28.8839186548379
16882	28.8838254419056
16898	28.8837010314566
16900	28.8836661852345
16902	28.8836427267996
16908	28.8834821487686
16922	28.8834470574771
16926	28.8830177812877
16932	28.882796398719
16944	28.8825220237957
16970	28.8824434372757
16998	28.8822542911102
17010	28.8820967306269
17018	28.8820207558560
17020	28.8818255496942
17030	28.8817254397492
17036	28.8816445112021
17040	28.8812477164788
17062	28.8811478857028
17066	28.8808185679129
17084	28.880741224381
17088	28.8806191409734
17098	28.8805998290646
17102	28.8803112444552
17104	28.8801099179576
17114	28.8800846247618
17124	28.8797987309551
17134	28.8791175601647
17158	28.8790130020374
17164	28.8788830540426
17168	28.8788481618493
17174	28.8786826896006
17184	28.8786600280074
17202	28.8786129542056
17204	28.8785759621832
17218	28.878517984011
17220	28.8780892842879
17226	28.8779287484887
17238	28.8778939504127
17250	28.8774039618382
17252	28.8769071461488
17264	28.8765790183967
17270	28.8762225321971
17272	28.8758511986487
17276	28.875176259204
17296	28.8748673816263
17300	28.8746822783556
17304	28.8739911726116
17308	28.8736938019065
17310	28.8730850019186
17328	28.8727890419368
17332	28.8727109832963
17338	28.8725542243181
17340	28.8720231299759
17364	28.8718022567612
17382	28.8717281355603
17390	28.8705543886478
17424	28.8697659576207
17438	28.8694305258385
17464	28.8692293757071
17480	28.8689016973193
17484	28.8689001297462
17486	28.8685036643709
17492	28.8677408500210
17510	28.8674888057243
17514	28.8670861370802
17536	28.8664348477956
17538	28.8662924882231
17570	28.8661983921791
17578	28.8661956189989
17580	28.866145729713
17582	28.8659374381427
17586	28.8658674611759
17590	28.8658018704152
17592	28.8653650032351
17620	28.8649080618291
17644	28.8648609211430
17648	28.8641688628586
17660	28.8641409636535
17670	28.8636904124415
17678	28.8635422140826
17682	28.8634652096392
17688	28.8632226414956
17700	28.8628659703686
17724	28.8624967890869
17760	28.8621342468400
17806	28.8621259194154
17808	28.862113183572
17830	28.8619008802608
17836	28.8618949213324
17840	28.8616912335531
17878	28.8614708072722
17886	28.8612891491477
17908	28.8611223964551
17922	28.8610319769487
17932	28.8608040073433
17934	28.8607927660806
17968	28.8607704678607
17970	28.8607186926174
17980	28.8606546386403
17990	28.8605509811575
18004	28.8604756719219
18016	28.8603122753689
18042	28.8602748947757
18068	28.8601250526849
18092	28.8599868242414
18104	28.859943387337
18152	28.8598767463238
18154	28.8598216201513
18188	28.8597954930691
18196	28.8597849816768
18222	28.8597532858328
18230	28.8597321297736
18244	28.8597266650267
18256	28.8597094004254
18266	28.8597049583673
18276	28.8597036537298
18282	28.8596896758057
18290	28.8596740211050
18294	28.8596736773939
18314	28.8596705708875
18324	28.8596406435800
18350	28.8595841326593
18352	28.8595804322903
18356	28.8595519952133
18382	28.8595337483354
18386	28.8594941815473
18390	28.8594645487775
18400	28.8593999253578
18418	28.8593019614135
18422	28.8592810973906
18434	28.8592808968011
18436	28.8592243779201
18438	28.8592157770606
18444	28.8591310331745
18488	28.8591226092063
18494	28.8590787705208
18498	28.8590781190165
18502	28.859076163778
18506	28.8590457618339
18516	28.8590324425764
18536	28.8590111721966
18546	28.8590064690893
18548	28.8589839210607
18566	28.8589774473896
18568	28.8589523619918
18572	28.8589165358049
18578	28.8588992467825
18588	28.8588966528249
18590	28.8588922967185
18592	28.8588507734281
18598	28.8587732209020
18602	28.8587062998873
18624	28.8586748506117
18626	28.8586711501271
18630	28.8586556283645
18634	28.8585949572841
18662	28.8585919389141
18674	28.8585465661454
18684	28.8585319471786
18696	28.8584463479703
18708	28.8583953166297
18710	28.8583933519021
18712	28.8583491463711
18720	28.8583472789138
18726	28.8582921329676
18764	28.8582758704162
18782	28.8582728374859
18790	28.8582446047275
18794	28.8581699053437
18806	28.8581506628719
18818	28.858114656106
18834	28.8580682070202
18838	28.8580645420748
18844	28.8579917618855
18856	28.8579847131830
18858	28.8579347941237
18876	28.8579220621305
18882	28.8578196199521
18888	28.8577306997751
18926	28.8576678935088
18928	28.8576642738602
18930	28.8576233920890
18940	28.8576073168726
18964	28.8575659530104
18968	28.8575415599007
18980	28.8575351804609
18994	28.8575103580413
18996	28.8574739995871
19000	28.8574727442628
19006	28.8574545370192
19014	28.8574466769116
19016	28.8573480569168
19038	28.8573071935231
19044	28.8572227992413
19054	28.8572087710386
19058	28.8571777246154
19062	28.8571655135926
19068	28.8571066399550
19092	28.8571063327713
19094	28.8570865001382
19096	28.8570570921292
19112	28.8570233221282
19114	28.8570081535396
19124	28.8570010885002
19136	28.8569633333559
19140	28.8569598410303
19154	28.856951752754
19156	28.856933837977
19160	28.8569312637748
19172	28.8569294474187
19178	28.8568478502629
19204	28.8568350031070
19220	28.8568244237487
19222	28.8568183620958
19236	28.8568065957222
19238	28.8567870280654
19244	28.8567867372820
19248	28.8567310806296
19316	28.8567202597486
19324	28.8567157601697
19344	28.8567088246564
19346	28.8566955475679
19372	28.8566950136142
19380	28.8566763043288
19396	28.8566502322485
19414	28.8566483270165
19434	28.8566363273854
19456	28.8566230541538
19486	28.8566033486478
19502	28.8566032863748
19522	28.856585588623
19534	28.8565770910788
19550	28.8565672402164
19558	28.8565525169649
19572	28.8565524627056
19574	28.8565449361656
19578	28.8565317804868
19592	28.8565239104086
19604	28.8565202756737
19606	28.8565179617206
19610	28.8564975636706
19626	28.856492519843
19632	28.8564832719139
19640	28.8564822541945
19670	28.8564671025661
19694	28.8564640413729
19700	28.8564640254812
19724	28.8564625399086
19732	28.8564591341218
19734	28.8564463468625
19742	28.8564409763243
19748	28.8564229123448
19790	28.856419787528
19794	28.8564119050224
19810	28.8564095026262
19824	28.856409317248
19828	28.8564033967380
19838	28.8564011553392
19840	28.8564001137054
19842	28.8563982966063
19844	28.8563940672582
19848	28.8563919221386
19852	28.8563892806425
19866	28.8563889117182
19870	28.8563772634883
19876	28.8563647495599
19884	28.8563629247265
19888	28.8563609371959
19890	28.8563375575225
19902	28.8563263034346
19918	28.8562862210304
19930	28.8562635437792
19980	28.8562560688813
20008	28.8562494777976
20014	28.8562345420529
20018	28.8562259123159
20036	28.8562231293319
20044	28.8562133036017
20048	28.8562076181744
20054	28.8562043535917
20056	28.8561755704419
20064	28.8561674905827
20074	28.8561492611073
20084	28.8561218853829
20096	28.8561161687317
20100	28.85608873879
20104	28.8560698327933
20112	28.8560048345071
20118	28.8560037778813
20128	28.8559974685900
20134	28.8559944886668
20142	28.8559805468337
20150	28.8559649173005
20156	28.855939346079
20168	28.8559092576300
20186	28.8558546137954
20210	28.8558070508212
20234	28.8558012070860
20240	28.8557681579766
20242	28.8557572807350
20246	28.8557178402282
20252	28.8556782491329
20282	28.8556718875064
20290	28.8556431800394
20304	28.8556287707371
20320	28.8556276956570
20330	28.8555933062499
20342	28.8555681944986
20378	28.8555632289503
20380	28.8555528297980
20382	28.8555189407012
20408	28.8555117949655
20422	28.8554794329108
20424	28.8554582814675
20450	28.8554305763811
20452	28.855390842008
20456	28.8553800603919
20460	28.8553580243149
20530	28.8553491019866
20532	28.8553402721199
20540	28.8553369048382
20544	28.8553108638752
20546	28.8553044772771
20562	28.8552713318760
20578	28.8552632035248
20596	28.8552491665038
20600	28.855238128511
20608	28.8552350859880
20612	28.8552276210574
20616	28.8552186830348
20628	28.8552158145349
20632	28.8552141096255
20634	28.8551951999486
20650	28.8551809783750
20658	28.8551694164464
20678	28.8551580069940
20686	28.8551557796606
20702	28.8551381968719
20726	28.8551235871356
20730	28.855099514787
20732	28.8550860141119
20770	28.8550789627107
20782	28.8550721742922
20792	28.8550721735838
20794	28.8550699446161
20798	28.8550235086400
20810	28.8550162404361
20822	28.8549962849863
20826	28.8549934320938
20832	28.8549628757702
20852	28.8549621194943
20876	28.8549564725974
20882	28.8549127895711
20884	28.8549111330173
20888	28.8549085726185
20890	28.8549015577309
20892	28.8548794841946
20918	28.8548679047143
20930	28.8548441012831
20936	28.8548218339367
20958	28.8548189940244
20966	28.8548055673626
20976	28.8547723335306
21000	28.8547624625959
21028	28.8547347262143
21082	28.8547126165621
21092	28.8547078476443
21108	28.8546976008398
21110	28.8546918293126
21112	28.8546713772127
21116	28.8546393576582
21122	28.8546335380049
21138	28.8546005536418
21166	28.8545776857364
21222	28.8545689665104
21228	28.8545602144471
21266	28.854527047784
21302	28.8545246090006
21308	28.8545218407600
21316	28.8545166305313
21320	28.8545144099097
21332	28.8545129598360
21342	28.8544966212916
21346	28.8544920362075
21360	28.8544779346629
21386	28.8544745278528
21388	28.8544740564668
21392	28.8544681478586
21414	28.8544665051616
21422	28.8544619153056
21428	28.8544592970542
21466	28.8544565393559
21484	28.8544521779268
21502	28.854451143144
21526	28.8544421774395
21542	28.8544377094564
21558	28.8544270030645
21576	28.8544219233191
21598	28.8544212725528
21614	28.8544212015323
21616	28.8544123004982
21624	28.8544082547526
21660	28.8544081240621
21662	28.8544029877631
21690	28.854392610034
21702	28.8543897660276
21704	28.8543811094976
21710	28.8543581120519
21736	28.8543552851884
21742	28.8543517852726
21778	28.8543465730092
21806	28.8543427113387
21834	28.8543376408883
21840	28.8543327426027
21858	28.8543304298259
21862	28.8543294674245
21864	28.8543171694843
21886	28.854315064286
21918	28.8543125653258
21926	28.8543055359485
21932	28.854301772039
21934	28.8542993854994
21936	28.8542969462997
21940	28.8542956227951
21946	28.8542922621989
21960	28.8542875614995
21966	28.8542751909872
21974	28.8542703641351
21998	28.8542666667726
22000	28.8542651914316
22002	28.8542560980442
22008	28.8542490168983
22038	28.8542449626127
22040	28.854242495264
22044	28.8542381911374
22050	28.8542170916452
22078	28.8542090758076
22094	28.8542043769665
22100	28.8541936012565
22114	28.8541859766903
22120	28.8541830281744
22128	28.8541757689787
22154	28.8541726634195
22170	28.8541650352511
22198	28.8541638222357
22214	28.8541605492729
22222	28.8541598827048
22230	28.8541542072736
22254	28.8541440082533
22264	28.8541396223775
22276	28.8541393839109
22278	28.8541331734437
22296	28.8541306281402
22298	28.8541284826337
22320	28.8541280184682
22330	28.8541279181937
22336	28.8541170812557
22342	28.8541145466818
22374	28.8541121373375
22378	28.8541087665982
22386	28.8541082951471
22418	28.8540981625837
22424	28.8540976908053
22440	28.8540924026556
22444	28.8540897656982
22452	28.8540875747695
22470	28.8540768435387
22494	28.8540753366155
22500	28.8540742220718
22504	28.8540734475193
22508	28.8540683815729
22532	28.8540636422537
22534	28.8540596475978
22536	28.8540531899716
22540	28.8540513382006
22548	28.8540329011424
22568	28.8540311679346
22580	28.8540308723018
22596	28.8540247070796
22598	28.8540160720894
22616	28.8540145174891
22636	28.8540083201352
22652	28.8540041465883
22700	28.8539999334469
22744	28.8539994035766
22746	28.8539986725394
22758	28.8539976136847
22768	28.8539969593154
22772	28.8539961083368
22808	28.8539931073856
22850	28.8539927339053
22856	28.8539919743367
22872	28.8539918714601
22886	28.8539916504241
22888	28.8539916309539
22894	28.8539907335612
22902	28.8539882665695
22920	28.8539881971163
22932	28.8539863320304
22940	28.8539839263981
22950	28.8539835716897
22966	28.8539821169825
22974	28.8539816508734
22978	28.8539799702404
22998	28.8539785583587
23044	28.8539775963493
23064	28.8539753543683
23092	28.8539748380338
23096	28.8539715626413
23108	28.8539713936381
23124	28.8539706012404
23128	28.8539683700957
23140	28.8539683507529
23148	28.8539678194796
23152	28.8539645922735
23174	28.8539641762623
23184	28.8539638892747
23210	28.8539586618712
23254	28.8539570139234
23256	28.8539565324639
23258	28.8539562536420
23268	28.8539556264807
23274	28.8539544796229
23302	28.8539535491423
23308	28.8539526928001
23330	28.8539501459929
23334	28.853948811784
23364	28.8539477932281
23372	28.8539458159474
23386	28.8539442347853
23410	28.8539435991394
23418	28.8539417937702
23454	28.8539415932145
23460	28.8539412903586
23464	28.8539412630117
23466	28.8539405173
23478	28.8539397132189
23482	28.8539382120463
23494	28.8539379466794
23498	28.8539372491064
23506	28.8539363855702
23510	28.8539360598026
23512	28.8539360379076
23518	28.8539356657312
23522	28.8539343164882
23528	28.8539341019834
23548	28.8539334704597
23556	28.8539330761249
23560	28.8539326097295
23590	28.8539323360473
23596	28.8539301342099
23626	28.8539300452152
23632	28.8539295003661
23648	28.8539292982228
23652	28.8539276396936
23656	28.8539272287326
23660	28.8539270771637
23680	28.8539267216361
23682	28.8539259927554
23692	28.8539258549433
23724	28.8539257585714
23726	28.8539249666481
23728	28.8539249059787
23738	28.8539243125359
23762	28.8539238828972
23766	28.8539237877201
23772	28.8539232115071
23786	28.8539229438996
23790	28.8539228139170
23810	28.8539215649986
23822	28.8539207859629
23854	28.8539196112235
23876	28.8539193840847
23882	28.8539184281683
23886	28.8539182837352
23898	28.8539170700583
23940	28.8539165821706
23956	28.8539156323339
23962	28.8539145055931
23980	28.8539142540545
24004	28.8539131426233
24016	28.8539114063541
24056	28.8539091582683
24078	28.853909013793
24112	28.8539086736392
24116	28.8539059651966
24180	28.8539051330619
24188	28.8539049607533
24210	28.8539038767
24214	28.8539033995384
24216	28.8539031788873
24246	28.8539025776026
24264	28.8539024033564
24266	28.8539022736466
24284	28.8539021686582
24300	28.8539017091700
24306	28.8539014600618
24344	28.8539013482544
24350	28.8539010061544
24372	28.8539001779200
24374	28.8538990619498
24394	28.8538983608423
24408	28.853897882341
24418	28.8538966095194
24426	28.8538964233711
24442	28.8538959716925
24472	28.8538956336087
24474	28.8538943058371
24476	28.8538938410664
24500	28.8538936399312
24506	28.8538926811937
24522	28.8538917278162
24548	28.8538916847971
24556	28.8538904307870
24568	28.8538899885849
24582	28.853889512454
24584	28.8538894776596
24588	28.8538882872811
24594	28.853885572599
24602	28.8538836869156
24642	28.8538829915796
24644	28.8538826501325
24652	28.8538818022576
24654	28.8538809859861
24686	28.8538807513887
24694	28.8538802503527
24708	28.853879854408
24710	28.853878697453
24752	28.8538782329369
24760	28.8538781242631
24780	28.8538777448106
24804	28.8538777243161
24808	28.8538773190358
24818	28.853876717508
24852	28.8538760735479
24854	28.8538756929073
24898	28.8538751740289
24910	28.8538749857856
24924	28.8538747336464
24938	28.8538742770949
24940	28.8538736353688
24954	28.8538733857654
24956	28.8538729363596
24958	28.8538728726750
24968	28.8538728055894
24970	28.8538726658386
24992	28.8538725171242
25012	28.8538720822994
25016	28.8538719014139
25020	28.8538713803106
25024	28.8538710921824
25028	28.8538699475636
25048	28.8538696503654
25056	28.8538690762725
25088	28.8538689866576
25120	28.8538687670570
25132	28.8538681148762
25162	28.8538677833236
25190	28.8538677537215
25196	28.8538667043681
25208	28.8538666002786
25220	28.8538662177234
25236	28.8538655222735
25246	28.8538650721704
25248	28.8538647269098
25252	28.8538642991714
25254	28.8538640284828
25280	28.8538630442185
25288	28.8538628301451
25306	28.8538617183259
25326	28.8538609694987
25350	28.853860943326
25360	28.8538609113506
25366	28.8538602200637
25384	28.8538594318846
25392	28.8538585382004
25414	28.8538573567648
25428	28.8538570002244
25440	28.8538566589048
25446	28.8538559765803
25452	28.8538559195745
25460	28.8538558348894
25470	28.8538557716666
25472	28.8538557662984
25476	28.8538552948772
25496	28.8538551249134
25508	28.8538550490683
25516	28.85385485545
25532	28.8538545907862
25548	28.8538542956057
25558	28.8538536938824
25598	28.8538533798520
25628	28.8538531261173
25640	28.8538529616737
25642	28.8538528295106
25654	28.8538528110760
25658	28.8538525159666
25666	28.8538524642136
25672	28.8538523981483
25678	28.8538522928732
25684	28.8538522193708
25694	28.8538519364437
25696	28.8538516155177
25710	28.8538512537243
25722	28.8538508852626
25724	28.8538508499567
25732	28.8538505325756
25738	28.8538504426252
25742	28.8538503794595
25744	28.8538503059372
25758	28.8538501601133
25760	28.8538500676522
25766	28.8538496327916
25784	28.8538493832078
25830	28.8538492137450
25842	28.8538491901177
25862	28.8538490004509
25864	28.8538489363098
25866	28.853848894114
25868	28.8538484811873
25880	28.8538479914861
25894	28.8538475962251
25914	28.8538473417236
25930	28.8538470422356
25940	28.8538468862830
25958	28.8538465201246
25970	28.8538464438092
25976	28.8538464431761
26020	28.8538463271663
26022	28.8538461911503
26038	28.8538459766976
26042	28.8538457861018
26052	28.8538457044654
26074	28.8538454314085
26090	28.8538453932047
26104	28.8538452597797
26118	28.8538451260915
26130	28.8538449094577
26144	28.8538447091791
26148	28.8538445957907
26156	28.8538437521374
26178	28.8538437498362
26186	28.8538433084477
26190	28.8538430105826
26192	28.8538428374808
26206	28.8538425679520
26208	28.8538411393232
26226	28.8538407711158
26238	28.8538402963297
26240	28.8538401887022
26250	28.8538401349478
26256	28.8538395962102
26258	28.8538389290412
26262	28.8538384851434
26268	28.8538382871586
26300	28.8538373797301
26334	28.8538372605931
26338	28.8538372602054
26356	28.8538372282429
26370	28.8538370454967
26374	28.8538369642438
26382	28.8538369166034
26388	28.8538369111625
26390	28.8538367623499
26392	28.8538362289978
26418	28.8538361031798
26420	28.8538354730273
26440	28.8538349509562
26452	28.8538345956048
26456	28.8538342050946
26470	28.8538340363399
26486	28.8538332641060
26498	28.8538332572240
26502	28.8538330820871
26512	28.8538326925140
26536	28.8538324869933
26538	28.8538323137334
26590	28.8538321751561
26636	28.8538320109347
26646	28.8538319537291
26648	28.8538319369375
26662	28.85383175394
26666	28.8538317459695
26676	28.8538317070391
26692	28.8538316983223
26694	28.8538316387104
26696	28.8538314820933
26722	28.8538312962719
26766	28.85383124392
26794	28.8538309368338
26800	28.8538306465498
26836	28.8538306395923
26850	28.8538305749263
26852	28.8538305572033
26858	28.8538304189159
26860	28.8538304035883
26862	28.8538302543069
26874	28.8538299849766
26882	28.8538299707014
26886	28.853829913703
26894	28.8538298091815
26920	28.8538297435889
26926	28.8538296551369
26940	28.8538296065424
26944	28.8538294792728
26954	28.8538292678823
26956	28.8538289863638
26978	28.8538289627673
26986	28.8538289127307
26992	28.8538288302191
26994	28.853828698812
27002	28.8538285930694
27004	28.8538285899175
27008	28.8538282773362
27038	28.8538278006448
27040	28.8538277399276
27056	28.8538277207281
27066	28.8538272416742
27110	28.8538268859384
27118	28.8538266712769
27122	28.8538264622306
27140	28.8538261375381
27148	28.8538260937763
27164	28.8538257617025
27172	28.8538257119817
27176	28.8538256494745
27184	28.8538255887662
27192	28.8538255591112
27200	28.8538250303238
27208	28.8538247548823
27216	28.8538245976096
27222	28.8538245497360
27230	28.8538241148698
27242	28.8538239127485
27244	28.8538238563354
27250	28.853823756507
27272	28.8538230756172
27306	28.8538228641904
27310	28.8538226915620
27318	28.8538224678732
27350	28.8538222650667
27364	28.8538222331946
27384	28.8538220841756
27392	28.8538219133987
27396	28.8538218464359
27404	28.8538214232806
27438	28.8538211552124
27470	28.8538209804503
27474	28.8538207816924
27492	28.8538206507764
27496	28.8538205374957
27498	28.8538201080708
27532	28.8538200058508
27536	28.8538198170709
27584	28.8538198102825
27586	28.8538197955586
27588	28.8538197922186
27594	28.8538196209232
27608	28.8538193913000
27624	28.8538193624946
27634	28.8538193259333
27638	28.8538192879738
27642	28.8538192200474
27650	28.8538186965192
27668	28.8538184440948
27706	28.8538183962325
27722	28.8538180363363
27744	28.8538178365853
27774	28.8538176115086
27778	28.8538176112724
27790	28.8538175583436
27794	28.8538174584395
27796	28.8538172841084
27812	28.8538169855124
27838	28.853816962471
27862	28.8538167753627
27892	28.8538167131307
27894	28.8538166857658
27910	28.8538163584662
27934	28.8538162444816
27936	28.8538161802275
27956	28.8538159540872
27974	28.853815743525
28014	28.8538154277364
28054	28.8538153008160
28072	28.8538152878628
28080	28.8538152602662
28086	28.8538151714921
28096	28.8538151711583
28104	28.8538151058002
28122	28.8538149873611
28158	28.8538149753425
28162	28.8538148915784
28164	28.8538148144413
28180	28.8538147800235
28184	28.8538147723988
28190	28.8538146577498
28192	28.8538145475995
28200	28.8538143687644
28224	28.8538143623756
28228	28.8538142597325
28234	28.8538142529024
28240	28.8538141957946
28242	28.8538140698268
28250	28.8538138448922
28254	28.8538138255271
28256	28.8538136357838
28262	28.8538135681840
28268	28.8538135628129
28288	28.8538135070007
28292	28.8538134999256
28304	28.8538134841872
28318	28.8538133173482
28340	28.8538132842296
28366	28.8538132784731
28386	28.8538132645589
28396	28.853813182039
28410	28.853813157809
28424	28.8538131442341
28438	28.8538130589607
28450	28.8538130214825
28458	28.8538130075267
28476	28.8538129898863
28498	28.853812936474
28522	28.853812891809
28530	28.8538128708034
28536	28.8538128579277
28548	28.8538128364584
28566	28.8538127847856
28570	28.8538127355227
28586	28.8538125702671
28614	28.8538125312447
28620	28.8538125011653
28622	28.8538124347543
28624	28.8538124277415
28626	28.8538124060426
28630	28.8538123650537
28640	28.8538123006441
28670	28.8538122693789
28674	28.8538122460364
28682	28.8538121485579
28704	28.8538121311654
28708	28.8538120757049
28722	28.8538119697812
28742	28.8538119076012
28756	28.8538118977656
28760	28.8538118759017
28766	28.8538118573177
28776	28.85381181354
28786	28.8538118032264
28790	28.8538117983424
28798	28.8538117381021
28810	28.8538117079286
28820	28.8538116511137
28840	28.8538116172332
28844	28.8538115605296
28858	28.8538114112136
28860	28.8538112871108
28886	28.8538112868127
28900	28.8538111702147
28910	28.8538111571062
28914	28.8538111544652
28938	28.8538110912343
28946	28.8538109469119
28962	28.8538108569697
28978	28.8538107479942
29004	28.8538107130735
29008	28.8538106406504
29018	28.8538106096094
29020	28.8538104237854
29034	28.8538104039452
29036	28.8538103835821
29040	28.8538101209421
29058	28.8538098382117
29070	28.8538097029577
29082	28.8538097002948
29098	28.8538095907675
29122	28.853809478929
29142	28.8538094383452
29156	28.8538093675275
29162	28.8538093421881
29170	28.8538092907987
29200	28.8538091912554
29218	28.8538091393746
29220	28.8538091337793
29240	28.8538090694378
29244	28.8538089740852
29248	28.8538087860267
29252	28.8538087426567
29260	28.8538087139669
29264	28.8538086422132
29272	28.8538086220874
29284	28.8538085332222
29286	28.8538084321237
29306	28.8538083959015
29312	28.8538083394689
29320	28.8538082779963
29328	28.8538082534199
29348	28.8538081456329
29380	28.8538081410945
29408	28.8538079970171
29414	28.8538079376345
29458	28.8538077644435
29470	28.8538077562766
29478	28.8538074566488
29512	28.8538074450326
29514	28.8538074357097
29520	28.8538073985979
29532	28.8538072878063
29544	28.8538071532241
29548	28.8538070801851
29592	28.8538070025228
29624	28.8538069448845
29636	28.8538069433599
29640	28.8538069246146
29666	28.8538068739192
29676	28.8538068603148
29684	28.8538068390844
29686	28.8538068383623
29692	28.8538067631737
29704	28.8538067451117
29712	28.8538067146557
29716	28.8538066778895
29718	28.8538066136226
29736	28.8538065384143
29764	28.8538065258185
29774	28.8538065019134
29780	28.8538064175867
29796	28.8538064034149
29822	28.8538063742895
29830	28.8538063703199
29832	28.8538063449604
29840	28.8538062912053
29848	28.853806281701
29858	28.8538062792187
29876	28.8538062709808
29878	28.8538062254695
29880	28.8538061793686
29882	28.8538061525847
29890	28.8538061209454
29900	28.8538060763274
29908	28.8538060577035
29940	28.8538059719885
29948	28.8538059683076
29960	28.853805947781
29988	28.8538058646414
30006	28.8538058242192
30026	28.8538057951830
30036	28.8538057842559
30042	28.8538056987959
30052	28.8538056471628
30056	28.8538056389702
30086	28.8538055899266
30094	28.8538055782396
30108	28.8538055654373
30112	28.8538055628768
30116	28.8538055198093
30138	28.8538054863756
30152	28.8538054450110
30162	28.8538054405704
30170	28.8538054283783
30182	28.8538054052883
30184	28.8538053282892
30226	28.8538052539076
30246	28.8538051434769
30252	28.8538051011207
30270	28.8538050742441
30280	28.8538049901576
30290	28.8538049520154
30292	28.8538049417628
30304	28.8538049153499
30318	28.8538048550615
30334	28.8538048531404
30340	28.8538047970995
30352	28.8538047371809
30366	28.8538047277872
30380	28.8538047078789
30382	28.8538046843265
30384	28.8538045914847
30386	28.8538045824223
30388	28.8538045627887
30392	28.8538045592274
30394	28.8538044732973
30406	28.8538044587163
30436	28.8538044331894
30442	28.8538043778538
30446	28.8538043336404
30450	28.853804260626
30452	28.853804188904
30456	28.8538041254396
30486	28.8538040983961
30488	28.8538040501524
30490	28.8538040293354
30492	28.8538039983623
30498	28.8538039568679
30508	28.8538039252592
30524	28.8538036837605
30544	28.8538035624142
30546	28.8538035592642
30568	28.8538035119768
30578	28.8538034162506
30582	28.8538034105596
30592	28.8538033517836
30594	28.8538033338818
30600	28.853803237641
30622	28.8538032189854
30634	28.8538031946504
30638	28.8538031939879
30640	28.8538030264331
30644	28.8538029510488
30650	28.8538028764403
30664	28.8538028032024
30678	28.853802731796
30706	28.8538027203921
30720	28.8538026454987
30732	28.8538025706175
30742	28.8538025344001
30748	28.8538025085388
30756	28.8538024208199
30778	28.853802408579
30780	28.8538023112866
30788	28.8538021817258
30798	28.8538021736967
30802	28.8538021549135
30806	28.8538021271373
30820	28.8538021223926
30828	28.853802002285
30840	28.8538019152512
30876	28.8538018632336
30890	28.8538018498536
30896	28.8538018402990
30900	28.8538017329872
30902	28.8538016304691
30904	28.8538016159754
30906	28.8538016132414
30910	28.8538014919742
30956	28.8538014547025
30976	28.853801445466
30990	28.8538013917854
31006	28.8538013869354
31016	28.8538013369679
31026	28.8538012649958
31054	28.8538012506452
31064	28.8538012493594
31082	28.8538012133360
31108	28.853801146443
31116	28.8538011252003
31132	28.8538011238199
31134	28.853801104324
31146	28.8538010917972
31162	28.8538010467034
31166	28.8538010025765
31170	28.8538009771734
31176	28.8538008925772
31192	28.8538008512943
31200	28.8538008248066
31204	28.8538006275124
31212	28.8538005589249
31242	28.8538004656892
31268	28.8538003978812
31280	28.8538003781995
31290	28.8538003335630
31310	28.8538003270962
31322	28.8538002499506
31330	28.8538002442794
31358	28.8538002352195
31360	28.8538002207339
31362	28.8538001926768
31366	28.8538001745458
31376	28.8538001741785
31390	28.8538001105766
31406	28.8538000933947
31418	28.8538000356706
31436	28.8538000319961
31442	28.8538000148396
31456	28.8538000033709
31468	28.8537999652906
31500	28.8537999307008
31508	28.8537999009636
31510	28.8537998284879
31536	28.8537997737949
31540	28.8537997661239
31548	28.8537997349776
31564	28.8537997251193
31572	28.853799701473
31574	28.8537996645796
31576	28.8537996122176
31606	28.8537996004168
31624	28.8537995767081
31634	28.8537995715614
31674	28.8537995696906
31682	28.8537995479985
31716	28.8537995397941
31718	28.8537995351580
31732	28.8537995232036
31746	28.8537995107904
31754	28.8537995005108
31766	28.8537994768239
31784	28.853799451415
31802	28.8537994220849
31814	28.8537994135117
31818	28.8537994114889
31820	28.8537993823221
31824	28.8537993769908
31828	28.8537993625879
31846	28.8537993272049
31852	28.8537992858148
31856	28.8537992827787
31876	28.8537992684891
31892	28.8537992553092
31894	28.8537992402410
31908	28.8537992356382
31922	28.8537992290586
31940	28.8537992078898
31942	28.853799189627
31948	28.8537991550044
31952	28.8537991427353
31956	28.8537991397393
31958	28.8537991381474
31972	28.8537991234976
32012	28.853799118552
32018	28.8537991018960
32020	28.8537990878316
32070	28.8537990767915
32076	28.8537990541103
32088	28.8537990440115
32104	28.8537990354919
32116	28.8537990158652
32142	28.8537989993807
32152	28.8537989864992
32166	28.8537989745843
32190	28.8537989677228
32194	28.8537989427217
32206	28.8537989287012
32220	28.8537989277538
32222	28.8537989265120
32238	28.853798919246
32240	28.8537989008642
32242	28.8537988900528
32244	28.8537988655503
32248	28.8537988578982
32254	28.8537988403534
32256	28.8537988393931
32264	28.8537988020212
32266	28.8537987847305
32280	28.8537987615914
32296	28.8537987611536
32302	28.8537987390730
32330	28.8537987214237
32340	28.8537987205021
32348	28.8537986602855
32354	28.8537986188646
32360	28.8537986186543
32364	28.8537986176124
32366	28.8537986033648
32406	28.8537985802203
32428	28.8537985789269
32434	28.8537985717334
32448	28.8537985628498
32456	28.8537985615707
32464	28.8537985182499
32476	28.8537985103416
32482	28.8537985045517
32484	28.8537984964525
32486	28.8537984944770
32492	28.8537984168742
32498	28.8537984108639
32504	28.8537983503018
32512	28.8537983497504
32522	28.8537983461965
32524	28.8537983153531
32560	28.8537982919092
32568	28.8537982704128
32594	28.8537982691409
32610	28.8537982545211
32612	28.8537982522049
32626	28.8537982493876
32640	28.8537982400849
32646	28.8537982335092
32650	28.8537982319674
32654	28.8537982201034
32678	28.8537982085035
32682	28.8537982083397
32694	28.8537982044836
32704	28.8537981991284
32716	28.8537981936457
32750	28.8537981926796
32756	28.853798187267
32766	28.8537981808809
32780	28.8537981759964
32794	28.8537981455166
32838	28.8537981394492
32846	28.8537981222834
32856	28.8537981192125
32872	28.8537981096541
32886	28.8537981091384
32890	28.8537980998463
32898	28.8537980993134
32912	28.8537980990355
32916	28.8537980985118
32918	28.8537980966165
32920	28.8537980939586
32924	28.8537980926014
32938	28.8537980901806
32940	28.8537980857541
32944	28.8537980828477
32946	28.8537980819667
32950	28.8537980808673
32960	28.8537980768576
32994	28.8537980689321
33000	28.8537980679555
33002	28.8537980676743
33006	28.8537980633288
33046	28.8537980497368
33064	28.8537980493125
33070	28.8537980485380
33074	28.8537980443036
33080	28.8537980423975
33098	28.8537980375388
33128	28.8537980373653
33166	28.8537980360355
33188	28.8537980348455
33206	28.8537980346989
33212	28.8537980344561
33220	28.8537980323535
33236	28.8537980320704
33242	28.8537980308776
33256	28.8537980299398
33272	28.8537980285933
33274	28.8537980277564
33276	28.8537980269264
33322	28.8537980257217
33342	28.8537980246912
33354	28.8537980244337
33372	28.8537980240269
33376	28.8537980239607
33382	28.8537980233303
33388	28.8537980230215
33418	28.8537980223142
33420	28.8537980218304
33436	28.8537980216246
33438	28.8537980208236
33446	28.8537980204638
33448	28.8537980198102
33450	28.8537980196275
33452	28.8537980195542
33458	28.8537980184714
33474	28.8537980184627
33476	28.8537980178901
33490	28.8537980166931
33514	28.8537980162226
33540	28.8537980161297
33550	28.853798016112
33552	28.8537980156502
33558	28.8537980150409
33572	28.8537980136174
33580	28.8537980133113
33588	28.853798012841
33608	28.85379801193
33618	28.853798009635
33622	28.8537980093648
33638	28.8537980077028
33668	28.8537980069358
33688	28.8537980058945
33706	28.8537980052376
33720	28.8537980048515
33736	28.8537980046888
33738	28.8537980034950
33740	28.8537980018526
33750	28.8537980016215
33762	28.8537980014472
33768	28.8537980005019
33794	28.8537979998855
33800	28.8537979996885
33810	28.8537979987541
33818	28.8537979986289
33830	28.8537979969206
33844	28.8537979963493
33860	28.853797995886
33864	28.8537979956544
33872	28.8537979944138
33874	28.8537979932974
33896	28.8537979910007
33908	28.8537979903479
33920	28.8537979895519
33932	28.8537979890904
33936	28.853797988443
33942	28.8537979864269
33948	28.8537979852861
33964	28.8537979826543
33966	28.8537979823759
33980	28.8537979815574
33982	28.8537979798791
33984	28.853797979309
34004	28.8537979776286
34012	28.8537979704743
34032	28.8537979685339
34062	28.8537979659230
34070	28.8537979614338
34088	28.8537979602572
34092	28.8537979597005
34096	28.8537979583972
34108	28.8537979547835
34116	28.8537979541791
34130	28.8537979514362
34140	28.8537979508725
34152	28.8537979485516
34160	28.853797945989
34162	28.8537979453014
34168	28.8537979442850
34172	28.8537979427958
34194	28.8537979401552
34204	28.8537979363211
34212	28.8537979311705
34226	28.8537979309286
34248	28.8537979300885
34250	28.8537979223333
34254	28.8537979194476
34256	28.8537979175435
34282	28.8537979150685
34292	28.8537979055064
34306	28.8537979037920
34346	28.853797903645
34354	28.8537979010365
34372	28.8537979004871
34388	28.8537978985239
34394	28.8537978961121
34400	28.8537978953623
34412	28.8537978894529
34430	28.8537978889876
34464	28.8537978888731
34468	28.8537978872265
34470	28.8537978821475
34472	28.8537978789485
34478	28.8537978733258
34498	28.8537978721458
34512	28.8537978719616
34514	28.8537978714011
34520	28.8537978702455
34522	28.8537978620722
34534	28.8537978589395
34548	28.8537978588624
34554	28.8537978582803
34560	28.8537978557230
34578	28.8537978531101
34596	28.8537978519877
34604	28.8537978433151
34640	28.8537978387474
34642	28.8537978386227
34650	28.8537978379570
34654	28.8537978346529
34658	28.8537978345946
34670	28.8537978333985
34682	28.8537978233162
34712	28.8537978153461
34728	28.8537978132816
34732	28.8537978115426
34742	28.8537978075457
34750	28.8537977988129
34766	28.8537977948249
34782	28.8537977906697
34788	28.8537977889465
34810	28.8537977837664
34818	28.8537977777213
34822	28.8537977772665
34832	28.8537977744308
34876	28.8537977655419
34908	28.8537977649683
34916	28.8537977642017
34920	28.8537977631617
34924	28.8537977600798
34926	28.8537977592019
34954	28.8537977580103
34956	28.8537977549782
34978	28.853797754405
35000	28.8537977538103
35008	28.8537977535764
35016	28.8537977516469
35030	28.8537977505667
35038	28.8537977495221
35042	28.8537977470005
35072	28.8537977451698
35098	28.853797744359
35106	28.8537977429516
35112	28.8537977429290
35120	28.8537977359543
35176	28.8537977324764
35200	28.8537977301676
35220	28.8537977269964
35228	28.8537977267037
35264	28.853797725393
35292	28.8537977235666
35314	28.8537977235108
35320	28.8537977217489
35322	28.853797720671
35342	28.8537977206626
35356	28.8537977200312
35364	28.8537977197649
35372	28.8537977192774
35376	28.8537977179444
35378	28.8537977177440
35394	28.8537977159183
35406	28.8537977156630
35422	28.85379771552
35424	28.8537977149745
35426	28.8537977129224
35430	28.8537977121470
35438	28.8537977110970
35444	28.8537977090665
35448	28.8537977075752
35462	28.8537977057161
35474	28.8537976995758
35478	28.8537976987946
35492	28.8537976948893
35498	28.8537976942398
35502	28.8537976923624
35506	28.8537976912589
35532	28.853797690232
35538	28.8537976853777
35552	28.8537976843818
35578	28.8537976828164
35584	28.8537976820627
35606	28.8537976809129
35610	28.8537976787712
35626	28.8537976775023
35636	28.8537976755315
35640	28.8537976739362
35658	28.8537976733955
35664	28.8537976718044
35670	28.8537976673452
35692	28.8537976656554
35694	28.8537976653683
35712	28.8537976650774
35744	28.8537976627789
35746	28.8537976606182
35782	28.8537976585803
35818	28.8537976580464
35838	28.8537976574520
35850	28.8537976567051
35862	28.8537976547151
35880	28.8537976544303
35884	28.8537976526745
35890	28.8537976499085
35936	28.8537976471328
35958	28.8537976458631
35986	28.8537976442955
35994	28.8537976394351
36012	28.8537976383010
36018	28.8537976374042
36024	28.8537976349683
36034	28.8537976296099
36050	28.8537976271513
36060	28.8537976242218
36088	28.8537976214183
36100	28.8537976169031
36126	28.8537976163077
36150	28.8537976154803
36156	28.8537976152703
36178	28.8537976133477
36190	28.8537976127401
36196	28.853797612628
36206	28.8537976124694
36214	28.8537976122711
36220	28.8537976122107
36228	28.8537976106668
36238	28.8537976098606
36246	28.8537976095216
36274	28.8537976085685
36296	28.8537976079308
36310	28.8537976076026
36322	28.8537976075746
36324	28.853797607464
36334	28.8537976067576
36348	28.8537976056946
36354	28.8537976056755
36356	28.8537976055108
36360	28.8537976053465
36366	28.8537976044675
36370	28.8537976034585
36388	28.8537976032452
36398	28.8537976018958
36426	28.8537976015086
36428	28.8537976014923
36442	28.8537976009232
36446	28.8537976006625
36460	28.8537976006424
36468	28.8537976005641
36474	28.8537975998819
36480	28.8537975998421
36506	28.8537975996505
36516	28.8537975994129
36528	28.853797599253
36532	28.8537975988302
36536	28.8537975984016
36558	28.853797597791
36572	28.8537975968961
36606	28.8537975965789
36614	28.8537975957782
36622	28.8537975955688
36628	28.8537975951211
36648	28.8537975939233
36678	28.8537975933169
36710	28.8537975931554
36750	28.8537975930647
36760	28.8537975920676
36768	28.8537975919406
36776	28.8537975917752
36780	28.8537975911839
36794	28.8537975908796
36818	28.8537975907921
36824	28.8537975907801
36844	28.8537975907740
36848	28.8537975904597
36854	28.853797590144
36858	28.8537975898805
36862	28.8537975894076
36868	28.8537975887599
36902	28.8537975885764
36906	28.8537975881286
36918	28.8537975881196
36936	28.8537975872524
36952	28.8537975870171
36962	28.8537975870090
36978	28.8537975870073
36988	28.8537975869849
36990	28.8537975863216
37000	28.8537975863134
37008	28.8537975860025
37026	28.8537975859099
37030	28.8537975855725
37038	28.8537975855427
37040	28.8537975854441
37048	28.8537975851567
37068	28.8537975848386
37112	28.8537975841460
37116	28.8537975841332
37124	28.8537975837973
37162	28.8537975834484
37186	28.8537975833758
37188	28.8537975830572
37194	28.8537975830429
37206	28.8537975829859
37210	28.8537975829789
37214	28.8537975829686
37222	28.8537975826531
37238	28.8537975826362
37246	28.8537975825584
37250	28.8537975822855
37260	28.8537975820361
37276	28.8537975816681
37292	28.8537975814583
37306	28.8537975813125
37334	28.8537975808556
37346	28.8537975805406
37370	28.8537975802729
37380	28.8537975802246
37382	28.8537975802177
37394	28.8537975798722
37412	28.8537975797638
37424	28.8537975796073
37428	28.8537975795504
37432	28.8537975791891
37462	28.8537975787152
37484	28.8537975784004
37508	28.8537975783139
37514	28.8537975783023
37518	28.8537975782394
37522	28.8537975780188
37532	28.8537975779319
37548	28.8537975777374
37552	28.8537975776617
37554	28.8537975775314
37572	28.8537975772972
37584	28.8537975770059
37598	28.8537975769987
37610	28.8537975766732
37618	28.8537975766301
37620	28.8537975762536
37624	28.8537975761820
37630	28.8537975755181
37632	28.8537975751784
37638	28.8537975749838
37648	28.8537975746281
37650	28.8537975740248
37660	28.8537975739023
37672	28.8537975738194
37674	28.8537975731033
37698	28.8537975727857
37706	28.8537975727733
37708	28.8537975727031
37710	28.8537975718108
37716	28.8537975716884
37742	28.8537975715154
37754	28.8537975712718
37756	28.8537975709736
37788	28.8537975708580
37800	28.8537975707060
37808	28.8537975706858
37834	28.853797570454
37858	28.8537975704528
37866	28.8537975701208
37894	28.8537975701126
37916	28.8537975700815
37918	28.8537975699699
37928	28.8537975694772
37936	28.8537975691019
37950	28.8537975688176
37962	28.8537975679952
38008	28.8537975678568
38020	28.8537975673815
38024	28.8537975668937
38056	28.853797566267
38072	28.8537975659121
38108	28.8537975658845
38114	28.8537975658223
38116	28.8537975656564
38130	28.8537975656562
38140	28.8537975655544
38142	28.8537975654890
38146	28.8537975653213
38148	28.8537975651704
38162	28.8537975649437
38172	28.8537975646713
38184	28.8537975644556
38202	28.8537975644477
38210	28.8537975643632
38220	28.8537975641062
38250	28.8537975637673
38254	28.8537975635673
38262	28.8537975631857
38264	28.8537975628194
38266	28.8537975627041
38282	28.8537975625944
38288	28.8537975623809
38290	28.8537975619724
38324	28.8537975617449
38330	28.8537975613137
38342	28.8537975611854
38346	28.8537975611523
38372	28.8537975607483
38392	28.8537975605244
38400	28.8537975604581
38414	28.8537975603694
38450	28.8537975603557
38458	28.8537975600984
38486	28.8537975600180
38506	28.8537975598633
38512	28.8537975597900
38514	28.8537975597394
38522	28.8537975594852
38544	28.8537975594624
38554	28.8537975593395
38558	28.8537975592173
38566	28.8537975592013
38572	28.8537975590301
38578	28.8537975589585
38594	28.8537975587186
38636	28.8537975586701
38642	28.8537975586668
38654	28.8537975586325
38676	28.8537975585167
38682	28.853797558399
38708	28.8537975581459
38720	28.8537975580920
38738	28.8537975579704
38740	28.8537975578283
38758	28.8537975577559
38768	28.8537975577104
38772	28.8537975574468
38780	28.8537975573184
38782	28.8537975570868
38796	28.8537975570179
38808	28.8537975569781
38814	28.853797556485
38840	28.8537975562591
38842	28.8537975562427
38846	28.8537975558936
38862	28.853797555778
38864	28.853797555624
38872	28.8537975555296
38876	28.8537975551609
38892	28.8537975551061
38896	28.8537975549196
38916	28.8537975548811
38918	28.853797554879
38930	28.8537975545553
38934	28.8537975545103
38940	28.8537975543109
38992	28.8537975542864
39004	28.8537975542735
39006	28.8537975542259
39012	28.8537975541733
39014	28.8537975539049
39016	28.8537975538512
39026	28.8537975538268
39034	28.8537975537781
39048	28.8537975537426
39050	28.8537975537091
39068	28.8537975536811
39082	28.8537975535124
39098	28.8537975535122
39104	28.8537975534412
39110	28.8537975533993
39144	28.8537975532965
39162	28.8537975530851
39180	28.8537975530059
39206	28.8537975526258
39222	28.8537975525304
39242	28.8537975525079
39244	28.8537975521955
39250	28.8537975520809
39270	28.8537975520723
39272	28.853797552009
39308	28.8537975519748
39310	28.8537975517331
39326	28.8537975516403
39332	28.853797551614
39344	28.8537975514646
39372	28.8537975513896
39384	28.8537975513727
39386	28.8537975513210
39406	28.8537975512864
39410	28.8537975512794
39422	28.8537975512385
39424	28.8537975511300
39442	28.8537975511294
39446	28.8537975511133
39458	28.8537975510912
39468	28.8537975510527
39474	28.8537975510016
39488	28.8537975509284
39492	28.8537975508575
39526	28.8537975508515
39536	28.8537975508269
39538	28.8537975505745
39568	28.8537975505484
39578	28.853797550539
39594	28.8537975504844
39596	28.8537975504721
39598	28.8537975504047
39620	28.8537975503702
39624	28.8537975503207
39626	28.8537975501894
39634	28.8537975501367
39672	28.8537975501336
39676	28.8537975500653
39686	28.8537975500395
39694	28.853797549872
39720	28.8537975498349
39732	28.8537975497641
39744	28.8537975497109
39752	28.8537975496739
39774	28.8537975496226
39776	28.8537975493864
39782	28.8537975493836
39804	28.8537975492536
39826	28.8537975491253
39854	28.8537975489885
39872	28.8537975488481
39908	28.8537975488406
39916	28.8537975488350
39920	28.8537975488055
39930	28.8537975487800
39940	28.8537975487575
39948	28.8537975487544
39952	28.8537975487503
39960	28.8537975486960
39968	28.8537975486906
39974	28.8537975486335
39982	28.8537975485702
39986	28.8537975485492
39996	28.8537975484853
40008	28.8537975484849
40014	28.8537975483518
40056	28.8537975483493
40068	28.8537975482493
40072	28.8537975482181
40088	28.8537975481355
40102	28.8537975480247
40126	28.8537975480131
40128	28.8537975479714
40158	28.853797547877
40180	28.8537975478385
40188	28.8537975477237
40190	28.8537975477102
40204	28.8537975476863
40206	28.8537975476373
40212	28.8537975476299
40222	28.8537975475273
40228	28.8537975474851
40238	28.8537975474624
40242	28.8537975474268
40248	28.8537975473675
40250	28.8537975470807
40266	28.8537975470439
40274	28.8537975470259
40286	28.8537975467489
40318	28.8537975466903
40334	28.8537975465755
40358	28.8537975465515
40364	28.8537975465178
40380	28.8537975464843
40382	28.8537975464133
40402	28.8537975460717
40440	28.8537975460167
40458	28.8537975458871
40478	28.8537975458233
40484	28.853797545792
40500	28.8537975457244
40532	28.8537975456329
40546	28.8537975456271
40552	28.8537975456
40578	28.8537975455685
40588	28.853797545476
40592	28.8537975454051
40594	28.8537975454045
40600	28.8537975453701
40612	28.8537975452127
40630	28.8537975451661
40632	28.8537975451546
40640	28.8537975451112
40650	28.8537975451013
40664	28.8537975450724
40676	28.8537975450697
40680	28.8537975450519
40686	28.8537975450396
40692	28.8537975450351
40698	28.8537975448778
40700	28.8537975448693
40730	28.8537975447869
40732	28.8537975447073
40740	28.8537975446828
40750	28.8537975446506
40756	28.8537975446310
40772	28.8537975445732
40774	28.8537975445636
40786	28.8537975445245
40810	28.8537975444283
40836	28.8537975444241
40844	28.8537975443503
40856	28.8537975443486
40880	28.8537975443484
40896	28.8537975443236
40898	28.8537975442945
40914	28.8537975442800
40952	28.8537975442448
40976	28.8537975442144
40980	28.8537975442029
40992	28.8537975441849
41034	28.8537975441589
41040	28.8537975441322
41066	28.8537975441313
41068	28.8537975441259
41076	28.8537975441075
41078	28.8537975441064
41086	28.8537975440851
41098	28.8537975440517
41122	28.853797544018
41152	28.8537975439821
41156	28.8537975439674
41168	28.8537975439369
41174	28.8537975439364
41182	28.8537975439358
41202	28.8537975439221
41204	28.8537975439203
41206	28.8537975439162
41212	28.853797543914
41222	28.8537975439131
41234	28.8537975438767
41238	28.8537975438765
41240	28.8537975438595
41248	28.8537975438548
41272	28.8537975438165
41314	28.8537975438022
41326	28.8537975437662
41340	28.8537975437461
41372	28.8537975437418
41392	28.8537975437309
41396	28.8537975437004
41412	28.8537975436734
41436	28.8537975436624
41438	28.8537975436613
41442	28.8537975436560
41446	28.8537975436291
41448	28.8537975436227
41456	28.8537975436216
41460	28.8537975436172
41464	28.8537975436169
41468	28.8537975435944
41472	28.8537975435693
41490	28.8537975435574
41496	28.8537975435461
41504	28.8537975435455
41510	28.8537975434995
41566	28.8537975434789
41572	28.8537975434603
41584	28.8537975434564
41594	28.8537975434399
41616	28.8537975434375
41626	28.8537975434282
41634	28.8537975434216
41636	28.8537975433953
41668	28.8537975433893
41680	28.8537975433827
41694	28.8537975433743
41696	28.8537975433615
41718	28.853797543346
41740	28.8537975433443
41744	28.8537975433285
41748	28.8537975433274
41758	28.8537975433231
41810	28.8537975433076
41814	28.8537975433015
41822	28.8537975432915
41824	28.8537975432914
41828	28.8537975432867
41830	28.8537975432796
41848	28.8537975432761
41862	28.8537975432632
41868	28.8537975432577
41886	28.8537975432546
41892	28.8537975432492
41910	28.8537975432232
41924	28.8537975432214
41944	28.8537975432189
41950	28.8537975432127
41964	28.8537975432116
41970	28.8537975432085
41972	28.8537975432078
41976	28.8537975431985
41982	28.8537975431966
41984	28.8537975431915
41996	28.8537975431808
42014	28.8537975431711
42040	28.8537975431622
42044	28.8537975431615
42054	28.8537975431612
42058	28.8537975431575
42076	28.8537975431504
42116	28.8537975431469
42128	28.8537975431453
42130	28.8537975431343
42152	28.8537975431326
42154	28.8537975431299
42166	28.8537975431243
42168	28.8537975431169
42174	28.8537975431157
42182	28.8537975431127
42188	28.8537975431126
42194	28.8537975431093
42208	28.853797543103
42216	28.8537975431023
42218	28.8537975430961
42230	28.8537975430953
42248	28.8537975430929
42254	28.853797543085
42268	28.8537975430649
42270	28.8537975430571
42316	28.8537975430508
42318	28.8537975430448
42344	28.8537975430432
42348	28.8537975430393
42350	28.8537975430383
42352	28.853797543029
42358	28.8537975430273
42370	28.8537975430216
42372	28.8537975430179
42380	28.8537975430154
42392	28.8537975430019
42412	28.8537975429885
42422	28.8537975429806
42432	28.8537975429804
42438	28.8537975429650
42454	28.8537975429567
42476	28.8537975429438
42492	28.8537975429382
42498	28.8537975429243
42522	28.8537975429209
42528	28.8537975429170
42542	28.8537975429084
42554	28.8537975429058
42578	28.8537975428983
42580	28.8537975428967
42596	28.8537975428916
42604	28.8537975428914
42610	28.85379754288
42618	28.8537975428676
42630	28.8537975428656
42632	28.853797542852
42640	28.853797542849
42668	28.8537975428435
42670	28.8537975428427
42674	28.8537975428422
42678	28.8537975428387
42680	28.8537975428353
42692	28.8537975428334
42706	28.8537975428324
42708	28.8537975428249
42730	28.8537975428224
42732	28.8537975428175
42740	28.8537975428165
42756	28.8537975428075
42772	28.8537975428027
42778	28.8537975427981
42790	28.8537975427962
42810	28.8537975427893
42820	28.8537975427854
42826	28.8537975427766
42858	28.8537975427744
42870	28.8537975427674
42880	28.8537975427609
42884	28.8537975427578
42902	28.8537975427546
42934	28.8537975427511
42940	28.8537975427492
42942	28.8537975427461
42958	28.8537975427370
42978	28.8537975427333
43014	28.8537975427293
43040	28.8537975427209
43072	28.853797542719
43086	28.8537975427180
43088	28.8537975427151
43090	28.8537975427119
43116	28.8537975427069
43118	28.8537975427047
43128	28.8537975427027
43150	28.853797542701
43168	28.8537975426945
43188	28.8537975426912
43196	28.8537975426842
43216	28.8537975426831
43220	28.8537975426815
43222	28.8537975426804
43238	28.8537975426789
43242	28.8537975426765
43252	28.8537975426765
43270	28.8537975426754
43274	28.8537975426687
43280	28.8537975426680
43316	28.8537975426642
43324	28.8537975426639
43336	28.8537975426575
43342	28.8537975426529
43352	28.8537975426509
43380	28.8537975426501
43386	28.8537975426451
43388	28.8537975426387
43394	28.8537975426378
43396	28.8537975426376
43398	28.8537975426343
43412	28.8537975426308
43436	28.8537975426268
43454	28.8537975426211
43464	28.8537975426179
43472	28.8537975426179
43474	28.8537975426175
43486	28.853797542612
43500	28.8537975426105
43520	28.8537975426103
43526	28.8537975426034
43540	28.8537975425955
43564	28.8537975425952
43570	28.8537975425941
43582	28.8537975425923
43586	28.8537975425891
43608	28.8537975425847
43612	28.8537975425810
43618	28.8537975425805
43622	28.8537975425766
43642	28.8537975425732
43666	28.8537975425724
43696	28.8537975425662
43714	28.8537975425648
43730	28.8537975425625
43754	28.8537975425617
43756	28.8537975425532
43776	28.8537975425521
43792	28.8537975425504
43796	28.8537975425468
43812	28.8537975425447
43840	28.8537975425436
43854	28.8537975425435
43860	28.8537975425431
43884	28.8537975425413
43902	28.8537975425406
43906	28.8537975425402
43930	28.8537975425393
43934	28.8537975425354
43936	28.8537975425352
43938	28.8537975425349
43942	28.8537975425348
43954	28.8537975425333
43956	28.8537975425319
43966	28.8537975425292
43976	28.8537975425291
43988	28.8537975425241
43998	28.8537975425229
44002	28.8537975425227
44004	28.8537975425203
44006	28.8537975425166
44026	28.8537975425158
44044	28.8537975425117
44048	28.8537975425097
44050	28.8537975425067
44052	28.8537975425010
44060	28.8537975424992
44064	28.8537975424941
44082	28.8537975424915
44094	28.8537975424753
44138	28.8537975424687
44144	28.8537975424681
44158	28.8537975424662
44162	28.8537975424661
44166	28.8537975424640
44168	28.8537975424634
44170	28.8537975424597
44200	28.853797542457
44220	28.8537975424541
44226	28.8537975424540
44232	28.8537975424503
44234	28.8537975424496
44240	28.8537975424492
44278	28.8537975424474
44280	28.8537975424468
44284	28.8537975424448
44292	28.8537975424428
44296	28.8537975424402
44308	28.8537975424387
44324	28.8537975424370
44330	28.8537975424334
44338	28.8537975424329
44352	28.8537975424310
44356	28.8537975424303
44378	28.8537975424298
44380	28.8537975424286
44394	28.8537975424268
44404	28.8537975424267
44410	28.8537975424254
44436	28.8537975424249
44442	28.8537975424211
44480	28.853797542418
44512	28.8537975424177
44518	28.8537975424177
44520	28.8537975424173
44528	28.8537975424162
44552	28.8537975424157
44554	28.8537975424154
44556	28.8537975424151
44566	28.8537975424135
44576	28.8537975424124
44578	28.8537975424096
44628	28.8537975424093
44648	28.8537975424063
44664	28.853797542406
44668	28.8537975424048
44672	28.853797542404
44692	28.8537975424034
44702	28.8537975424018
44704	28.8537975424011
44706	28.8537975424
44708	28.8537975423985
44726	28.8537975423980
44730	28.8537975423976
44736	28.8537975423968
44746	28.8537975423934
44756	28.8537975423919
44766	28.8537975423915
44768	28.8537975423893
44776	28.8537975423842
44812	28.8537975423818
44832	28.8537975423794
44870	28.8537975423781
44874	28.8537975423765
44884	28.8537975423750
44946	28.853797542373
44958	28.8537975423728
44986	28.8537975423728
44996	28.8537975423723
44998	28.8537975423719
45000	28.8537975423715
45014	28.8537975423713
45020	28.8537975423711
45030	28.8537975423705
45038	28.8537975423699
45042	28.8537975423690
45050	28.8537975423683
45070	28.8537975423675
45084	28.8537975423669
45098	28.8537975423661
45108	28.8537975423641
45126	28.8537975423638
45128	28.8537975423627
45130	28.8537975423624
45136	28.8537975423617
45148	28.8537975423609
45176	28.8537975423599
45178	28.8537975423581
45186	28.8537975423571
45206	28.8537975423566
45218	28.8537975423562
45246	28.8537975423555
45264	28.8537975423549
45298	28.8537975423546
45300	28.8537975423543
45302	28.8537975423539
45308	28.8537975423538
45310	28.8537975423534
45314	28.8537975423523
45326	28.8537975423515
45334	28.8537975423511
45350	28.8537975423503
45356	28.85379754235
45370	28.8537975423496
45388	28.8537975423485
45404	28.8537975423482
45418	28.8537975423477
45442	28.8537975423472
45450	28.8537975423469
45456	28.8537975423469
45472	28.8537975423466
45474	28.8537975423465
45476	28.8537975423459
45484	28.853797542345
45510	28.8537975423436
45532	28.8537975423434
45540	28.8537975423433
45542	28.8537975423428
45552	28.8537975423421
45566	28.8537975423420
45570	28.8537975423411
45576	28.8537975423408
45580	28.8537975423402
45590	28.8537975423399
45602	28.8537975423397
45608	28.8537975423393
45614	28.8537975423387
45632	28.8537975423384
45654	28.8537975423374
45666	28.8537975423373
45670	28.8537975423366
45672	28.8537975423361
45676	28.8537975423358
45690	28.8537975423357
45692	28.8537975423355
45696	28.8537975423347
45710	28.8537975423341
45736	28.8537975423341
45740	28.853797542334
45748	28.8537975423334
45758	28.8537975423333
45774	28.853797542333
45790	28.8537975423327
45802	28.8537975423323
45810	28.8537975423315
45832	28.8537975423314
45834	28.8537975423312
45836	28.8537975423311
45838	28.8537975423307
45858	28.8537975423307
45872	28.8537975423307
45880	28.8537975423305
45892	28.8537975423304
45898	28.8537975423304
45902	28.8537975423302
45906	28.8537975423301
45910	28.8537975423297
45916	28.8537975423295
45942	28.8537975423289
45960	28.8537975423286
45976	28.8537975423286
45988	28.8537975423281
46010	28.8537975423279
46024	28.8537975423277
46076	28.8537975423276
46088	28.8537975423274
46096	28.8537975423272
46108	28.8537975423269
46128	28.8537975423268
46130	28.8537975423268
46142	28.8537975423267
46148	28.8537975423263
46178	28.8537975423262
46180	28.8537975423258
46194	28.8537975423253
46200	28.8537975423252
46208	28.8537975423249
46210	28.8537975423246
46222	28.8537975423244
46232	28.8537975423243
46238	28.8537975423242
46250	28.8537975423235
46264	28.8537975423232
46270	28.8537975423227
46294	28.8537975423224
46316	28.8537975423222
46360	28.8537975423219
46364	28.8537975423214
46400	28.8537975423214
46402	28.8537975423211
46406	28.8537975423208
46408	28.8537975423207
46440	28.8537975423207
46456	28.8537975423206
46460	28.8537975423202
46468	28.8537975423199
46482	28.8537975423197
46516	28.8537975423195
46520	28.8537975423193
46532	28.8537975423184
46546	28.8537975423178
46558	28.8537975423178
46570	28.8537975423175
46574	28.8537975423168
46584	28.8537975423166
46602	28.8537975423165
46624	28.8537975423164
46628	28.8537975423158
46642	28.8537975423158
46646	28.8537975423156
46652	28.8537975423155
46654	28.8537975423151
46672	28.8537975423149
46678	28.8537975423145
46712	28.8537975423143
46732	28.8537975423135
46750	28.8537975423134
46754	28.8537975423134
46758	28.8537975423126
46762	28.8537975423116
46786	28.8537975423112
46790	28.8537975423108
46792	28.8537975423105
46794	28.8537975423102
46796	28.8537975423101
46806	28.8537975423091
46808	28.8537975423080
46818	28.8537975423071
46832	28.8537975423058
46868	28.8537975423055
46878	28.8537975423046
46944	28.8537975423036
46946	28.8537975423036
46962	28.8537975423034
46972	28.8537975423032
46978	28.8537975423023
46992	28.8537975423015
47010	28.8537975422998
47046	28.8537975422995
47064	28.8537975422984
47074	28.8537975422979
47088	28.8537975422971
47114	28.8537975422967
47116	28.8537975422966
47128	28.8537975422957
47150	28.8537975422954
47164	28.8537975422947
47166	28.8537975422945
47184	28.8537975422942
47186	28.8537975422932
47206	28.8537975422927
47212	28.8537975422916
47218	28.8537975422901
47226	28.8537975422893
47250	28.8537975422888
47252	28.8537975422886
47282	28.8537975422881
47308	28.8537975422878
47314	28.8537975422864
47320	28.8537975422861
47340	28.8537975422857
47352	28.8537975422853
47376	28.8537975422852
47380	28.8537975422841
47386	28.8537975422841
47396	28.8537975422839
47410	28.8537975422838
47414	28.8537975422835
47422	28.8537975422832
47434	28.8537975422816
47474	28.8537975422815
47520	28.8537975422809
47550	28.8537975422809
47552	28.8537975422806
47554	28.8537975422806
47562	28.8537975422801
47590	28.8537975422797
47604	28.8537975422797
47614	28.8537975422793
47626	28.8537975422791
47632	28.8537975422789
47636	28.8537975422788
47640	28.8537975422787
47644	28.8537975422785
47648	28.8537975422779
47676	28.8537975422775
47678	28.8537975422773
47684	28.8537975422772
47704	28.8537975422771
47710	28.8537975422769
47716	28.8537975422767
47722	28.8537975422767
47738	28.8537975422766
47744	28.8537975422765
47746	28.8537975422763
47752	28.853797542276
47758	28.853797542276
47762	28.8537975422759
47766	28.8537975422757
47772	28.8537975422755
47780	28.8537975422752
47784	28.8537975422751
47792	28.8537975422750
47800	28.8537975422748
47830	28.8537975422744
47846	28.8537975422743
47858	28.8537975422740
47868	28.8537975422739
47900	28.8537975422736
47914	28.8537975422735
47928	28.8537975422734
47934	28.8537975422733
47938	28.8537975422731
47960	28.8537975422730
47976	28.8537975422729
47978	28.8537975422729
47994	28.8537975422728
48000	28.8537975422728
48004	28.8537975422726
48016	28.8537975422724
48020	28.8537975422724
48026	28.8537975422724
48032	28.8537975422723
48048	28.8537975422722
48064	28.853797542272
48074	28.8537975422717
48078	28.8537975422716
48102	28.8537975422713
48132	28.8537975422712
48138	28.8537975422711
48144	28.853797542271
48150	28.853797542271
48156	28.8537975422710
48164	28.8537975422709
48174	28.8537975422708
48180	28.8537975422707
48188	28.8537975422703
48214	28.8537975422701
48222	28.85379754227
48256	28.8537975422699
48276	28.8537975422699
48286	28.8537975422698
48296	28.8537975422697
48302	28.8537975422694
48306	28.8537975422693
48334	28.8537975422691
48336	28.8537975422688
48362	28.8537975422687
48366	28.8537975422684
48376	28.8537975422682
48400	28.8537975422682
48408	28.8537975422681
48418	28.853797542268
48436	28.8537975422679
48446	28.8537975422679
48452	28.8537975422677
48462	28.8537975422677
48482	28.8537975422677
48496	28.8537975422676
48500	28.8537975422675
48530	28.8537975422674
48532	28.8537975422673
48546	28.8537975422673
48558	28.8537975422671
48606	28.8537975422670
48614	28.8537975422669
48634	28.8537975422669
48646	28.8537975422669
48658	28.8537975422668
48672	28.8537975422668
48678	28.8537975422667
48688	28.8537975422667
48694	28.8537975422667
48698	28.8537975422665
48726	28.8537975422663
48732	28.8537975422663
48736	28.8537975422662
48756	28.8537975422662
48760	28.853797542266
48766	28.8537975422658
48788	28.8537975422657
48802	28.8537975422656
48814	28.8537975422656
48818	28.8537975422655
48832	28.8537975422655
48834	28.8537975422653
48858	28.8537975422652
48860	28.8537975422652
48864	28.8537975422651
48868	28.8537975422651
48874	28.853797542265
48876	28.8537975422646
48900	28.8537975422643
48908	28.8537975422643
48910	28.8537975422639
48914	28.8537975422639
48916	28.8537975422639
48918	28.8537975422638
48920	28.8537975422635
48926	28.8537975422635
48948	28.8537975422633
48960	28.8537975422627
48978	28.8537975422627
48982	28.8537975422626
48996	28.8537975422624
49074	28.8537975422623
49076	28.8537975422622
49092	28.8537975422622
49096	28.8537975422619
49116	28.8537975422619
49118	28.8537975422618
49130	28.8537975422618
49134	28.8537975422618
49142	28.8537975422617
49144	28.8537975422615
49154	28.8537975422615
49158	28.8537975422614
49160	28.8537975422612
49166	28.853797542261
49170	28.8537975422610
49188	28.8537975422605
49204	28.8537975422602
49216	28.8537975422600
49256	28.8537975422599
49302	28.8537975422599
49304	28.8537975422598
49312	28.8537975422597
49316	28.8537975422594
49330	28.8537975422591
49336	28.8537975422586
49366	28.8537975422584
49382	28.8537975422584
49386	28.8537975422580
49394	28.8537975422578
49398	28.8537975422575
49412	28.8537975422575
49422	28.8537975422574
49432	28.8537975422571
49448	28.8537975422571
49468	28.853797542257
49476	28.8537975422569
49482	28.8537975422569
49490	28.8537975422568
49494	28.8537975422568
49510	28.8537975422568
49524	28.8537975422566
49540	28.8537975422565
49556	28.8537975422564
49576	28.8537975422561
49598	28.8537975422561
49610	28.8537975422560
49616	28.8537975422556
49624	28.8537975422554
49662	28.8537975422548
49670	28.8537975422546
49684	28.8537975422546
49702	28.8537975422544
49724	28.8537975422542
49754	28.8537975422541
49784	28.853797542254
49792	28.853797542254
49794	28.8537975422538
49822	28.8537975422538
49824	28.8537975422537
49846	28.8537975422537
49848	28.8537975422537
49850	28.8537975422537
49860	28.8537975422535
49908	28.8537975422535
49910	28.8537975422535
49922	28.8537975422534
49926	28.8537975422534
49928	28.8537975422533
49950	28.8537975422533
49952	28.8537975422532
49962	28.8537975422529
49980	28.8537975422529
49996	28.8537975422528
50010	28.8537975422528
50020	28.8537975422527
50034	28.8537975422526
50056	28.8537975422526
50074	28.8537975422526
50120	28.8537975422525
50134	28.8537975422525
50146	28.8537975422524
50164	28.8537975422524
50178	28.8537975422523
50182	28.8537975422523
50194	28.8537975422523
50204	28.8537975422523
50230	28.8537975422523
50256	28.8537975422523
50266	28.8537975422523
50278	28.8537975422522
50288	28.8537975422522
50298	28.8537975422521
50304	28.8537975422521
50312	28.8537975422521
50316	28.8537975422521
50332	28.853797542252
50350	28.853797542252
50358	28.853797542252
50378	28.8537975422519
50392	28.8537975422519
50406	28.8537975422519
50410	28.8537975422519
50422	28.8537975422519
50440	28.8537975422518
50442	28.8537975422518
50452	28.8537975422518
50454	28.8537975422518
50464	28.8537975422518
50474	28.8537975422518
50482	28.8537975422517
50496	28.8537975422517
50498	28.8537975422517
50510	28.8537975422517
50516	28.8537975422516
50536	28.8537975422516
50548	28.8537975422516
50552	28.8537975422515
50560	28.8537975422515
50584	28.8537975422515
50596	28.8537975422515
50606	28.8537975422514
50630	28.8537975422514
50632	28.8537975422514
50650	28.8537975422513
50700	28.8537975422512
50716	28.8537975422512
50720	28.8537975422512
50742	28.8537975422512
50746	28.8537975422511
50774	28.8537975422511
50784	28.8537975422511
50786	28.8537975422510
50794	28.8537975422510
50798	28.853797542251
50806	28.8537975422510
50820	28.8537975422509
50824	28.8537975422509
50838	28.8537975422508
50840	28.8537975422508
50870	28.8537975422508
50884	28.8537975422507
50890	28.8537975422507
50904	28.8537975422507
50910	28.8537975422507
50922	28.8537975422506
50928	28.8537975422506
50936	28.8537975422506
50946	28.8537975422506
50950	28.8537975422506
50956	28.8537975422506
50966	28.8537975422505
50976	28.8537975422505
50990	28.8537975422505
51002	28.8537975422504
51004	28.8537975422504
51006	28.8537975422504
51016	28.8537975422503
51030	28.8537975422503
51050	28.8537975422502
51052	28.8537975422502
51054	28.8537975422502
51072	28.8537975422502
51082	28.8537975422502
51084	28.8537975422501
51088	28.8537975422501
51094	28.8537975422501
51100	28.8537975422501
51106	28.8537975422500
51114	28.8537975422500
51126	28.8537975422499
51146	28.8537975422499
51150	28.8537975422499
51166	28.8537975422498
51184	28.8537975422498
51190	28.8537975422497
51194	28.8537975422497
51214	28.8537975422497
51234	28.8537975422497
51278	28.8537975422496
51316	28.8537975422496
51342	28.8537975422495
51368	28.8537975422495
51370	28.8537975422495
51376	28.8537975422495
51382	28.8537975422495
51394	28.8537975422495
51410	28.8537975422495
51416	28.8537975422494
51452	28.8537975422494
51484	28.8537975422494
51510	28.8537975422494
51530	28.8537975422494
51538	28.8537975422493
51554	28.8537975422493
51560	28.8537975422492
51586	28.8537975422492
51588	28.8537975422492
51608	28.8537975422492
51624	28.8537975422492
51662	28.8537975422491
51682	28.8537975422491
51696	28.8537975422491
51730	28.8537975422491
51734	28.8537975422491
51752	28.8537975422491
51800	28.8537975422491
51816	28.8537975422491
51824	28.8537975422491
51832	28.8537975422491
51848	28.8537975422491
51868	28.8537975422491
51972	28.8537975422490
52042	28.8537975422490
52062	28.8537975422490
52066	28.853797542249
52096	28.853797542249
52180	28.853797542249
52190	28.853797542249
52210	28.853797542249
52220	28.853797542249
52288	28.853797542249
52294	28.853797542249
52396	28.853797542249
52474	28.8537975422490
52496	28.8537975422490
52572	28.8537975422490
52648	28.8537975422490
52718	28.8537975422490
52764	28.8537975422489
52814	28.8537975422489
52876	28.8537975422489
52886	28.8537975422489
52916	28.8537975422489
52984	28.8537975422489
53026	28.8537975422489
53032	28.8537975422489
53078	28.8537975422489
53082	28.8537975422489
53092	28.8537975422489
53100	28.8537975422489
53132	28.8537975422488
53136	28.8537975422488
53150	28.8537975422488
53190	28.8537975422488
53202	28.8537975422488
53214	28.8537975422488
53230	28.8537975422488
53248	28.8537975422488
53270	28.8537975422488
53302	28.8537975422488
53332	28.8537975422488
53340	28.8537975422488
53374	28.8537975422487
53414	28.8537975422487
53476	28.8537975422487
53482	28.8537975422487
53502	28.8537975422487
53530	28.8537975422487
53552	28.8537975422487
53592	28.8537975422487
53644	28.8537975422487
53762	28.8537975422487
53764	28.8537975422487
53832	28.8537975422487
54052	28.8537975422487
54350	28.8537975422487
54682	28.8537975422487
54802	28.8537975422487
54806	28.8537975422487
54808	28.8537975422486
54886	28.8537975422486
54898	28.8537975422486
54974	28.8537975422486
54992	28.8537975422486
55114	28.8537975422486
55182	28.8537975422486
55200	28.8537975422486
55276	28.8537975422486
55286	28.8537975422486
55348	28.8537975422486
55368	28.8537975422486
55372	28.8537975422486
55418	28.8537975422486
55540	28.8537975422486
55576	28.8537975422486
55654	28.8537975422486
55718	28.8537975422486
55742	28.8537975422485
55772	28.8537975422485
55834	28.8537975422485
55860	28.8537975422485
55904	28.8537975422485
55956	28.8537975422485
55978	28.8537975422485
56104	28.8537975422485
56176	28.8537975422485
56210	28.8537975422485
56248	28.8537975422485
56596	28.8537975422485
56670	28.8537975422485
57028	28.8537975422485
57286	28.8537975422485
57296	28.8537975422485
57326	28.8537975422485
57412	28.8537975422485
57424	28.8537975422485
57680	28.8537975422484
57772	28.8537975422484
57788	28.8537975422484
57798	28.8537975422484
57820	28.8537975422484
57826	28.8537975422484
57840	28.8537975422484
57846	28.8537975422484
57856	28.8537975422484
57892	28.8537975422484
58018	28.8537975422484
58038	28.8537975422484
58054	28.8537975422484
58114	28.8537975422484
58204	28.8537975422484
58370	28.8537975422483
58566	28.8537975422483
58748	28.8537975422483
58810	28.8537975422483
59064	28.8537975422483
59116	28.8537975422483
59256	28.8537975422483
59442	28.8537975422483
60256	28.8537975422483
61384	28.8537975422483
61418	28.8537975422483
61512	28.8537975422483
61862	28.8537975422483
61964	28.8537975422483
64466	28.8537975422483
68886	28.8537975422483
69828	28.8537975422482
71168	28.8537975422482
82758	28.8537975422482
87204	28.8537975422482
94366	28.8537975422482
100422	28.8537975422482
103752	28.8537975422482
123866	28.8537975422482
124976	28.8537975422482
267746	28.8537975422482
300000	28.8537975422482
