52	510.978489003867
54	484.892695511198
56	409.788359327566
108	293.981135543268
266	266.925760166182
442	242.186123338979
516	230.023950742325
1342	226.381918937732
1834	223.022283102071
2198	214.250672689937
2730	200.624567181135
3664	184.351396124347
3770	153.771688551306
3962	140.575774438765
4044	126.464448577263
4106	125.402873833143
4122	122.775704484802
4170	122.072573835677
4182	113.799143542108
4186	111.929822059482
4200	111.055942400884
4222	99.7875720434684
4282	95.902317758921
4316	94.7765080095444
4330	88.286410356495
4344	79.4020679022096
4384	78.3377451170375
4394	75.9858495252022
4408	75.2097294103329
4416	73.7838010705371
4424	73.6144180272976
4434	70.5684008441949
4452	69.3466083735318
4462	65.6714894207928
4488	65.0541217184777
4502	63.7719098953092
4548	63.6055855271201
4552	62.4152007104879
4554	62.1365763690684
4576	61.7068924321934
4580	61.6340971822135
4582	61.5843329447485
4596	60.3483605803218
4602	59.4267496203476
4632	59.37478828679
4678	58.6327424644971
4684	58.4271613463697
4708	58.192250183306
4714	57.8464443244374
4756	57.7603189485848
4768	57.684633278549
4780	57.459686683089
4792	57.2182434061372
4806	57.0185687517531
4838	56.7861528513843
4850	56.7599177331665
4854	56.5870235663261
4860	56.4667827080912
4876	56.3230825363175
4888	56.1632705920965
4908	55.9710295142681
4910	55.9522248311255
4916	55.8171473611888
4934	55.411785704979
4942	55.3625249656121
4948	55.0701575695682
4954	54.945273740485
4966	54.8136193541527
4980	54.7132981745847
4984	54.7027864147283
4998	54.4611212597743
5012	54.3918457403795
5030	54.273457391106
5034	54.0450586767283
5044	53.5071109357029
5058	52.8533962307305
5112	52.7104253759827
5116	52.3641453763029
5124	51.6801660012741
5140	51.5587403388807
5180	51.447715488337
5192	51.1237190025382
5198	51.1066668378265
5212	50.7832882338781
5234	50.3142397683519
5240	49.8205186661153
5242	49.4895843984415
5288	49.1548284670959
5290	49.0356938623061
5292	48.994823890486
5294	48.7172707262419
5300	48.2033750831006
5302	48.098673425551
5330	48.0984435659284
5334	47.9110077882407
5338	47.8052490984012
5344	47.2971796356847
5352	47.0861631032753
5356	46.8627693548725
5378	46.861165237665
5382	46.3225541956381
5390	45.7796405594906
5438	45.6562750535149
5440	45.5123675125217
5464	45.4590641371936
5470	45.3697904208655
5486	45.2943675754043
5488	45.0762655046874
5512	44.9368963445258
5520	44.7117972778768
5522	44.4982861159857
5540	44.3640038229716
5548	44.1773215559503
5556	44.0128453735180
5578	43.8677901933734
5584	43.8204516673983
5588	43.6874045147365
5602	43.5755324667632
5614	43.542736103505
5630	43.4916206603702
5642	43.3262194746722
5644	43.2879034120073
5652	43.2452966113598
5654	43.0225375308098
5658	42.8196044953296
5666	42.7628688958152
5678	42.6363399950991
5684	42.618855287747
5714	42.5425844975421
5724	42.4600003762788
5732	42.3389026408397
5748	42.1730483859222
5754	42.0800574961437
5776	41.9429934073866
5780	41.9219876891409
5786	41.6667300586999
5788	41.6614033696243
5792	41.5095689603224
5812	41.506465477946
5820	41.4977442103479
5824	41.4014137482766
5828	41.2732148253953
5838	40.9442030576527
5858	40.7043583554709
5864	40.5012142528755
5896	40.3845915891561
5902	40.1560558046587
5912	39.9829958469136
5926	39.8141903318934
5934	39.8099276875464
5944	39.5222914179711
5958	39.4705758196093
5964	39.3928584710334
5970	39.3733141869424
5980	39.1689222966060
6006	38.9388538767795
6022	38.8273944765715
6038	38.588409555364
6046	38.458564353151
6090	38.2990040147176
6102	38.2009849529432
6126	38.0360186407806
6160	37.8403534095299
6176	37.8049487062451
6190	37.7162866632375
6194	37.6416500404957
6204	37.6139773961984
6210	37.5657010900948
6222	37.5373674462985
6244	37.4886793282366
6250	37.3042206172544
6260	37.275975877746
6270	37.2129614897357
6296	37.1480879595774
6302	37.0296622117498
6312	37.0068050395566
6326	36.9770300058544
6332	36.9279109772735
6342	36.9268695743199
6344	36.9248528002551
6352	36.9122021202814
6366	36.8599558128196
6378	36.8487742420975
6388	36.8082483363613
6404	36.7591400410092
6406	36.6404121278066
6412	36.6106340611583
6436	36.5682636899131
6470	36.3608599600451
6472	36.3241886560875
6474	36.2868120069694
6476	36.2777552785996
6482	36.2235534246701
6500	36.2034081132144
6502	36.1595503884516
6512	36.0974934256127
6514	36.0460947635315
6526	35.9560265234079
6530	35.9557409680715
6532	35.9502859166986
6542	35.8556612184188
6546	35.8487414567745
6552	35.8382095239052
6562	35.7539132484792
6566	35.6500103296071
6594	35.6326927198755
6598	35.5803674679444
6606	35.5676046187758
6610	35.5213905176683
6612	35.5149838647974
6614	35.4603994511379
6644	35.4274559844138
6656	35.3284281593214
6676	35.3032740203652
6678	35.2323203711504
6706	35.1534094363968
6724	35.0900177575802
6730	35.075750631453
6762	35.0495968022442
6766	35.0068198696028
6778	34.9863541629707
6790	34.9707775143268
6796	34.9689716447753
6804	34.9365508540426
6808	34.8686437538142
6850	34.8417795230117
6860	34.8302217122718
6870	34.8074007085659
6882	34.7800357823416
6922	34.7740231781141
6924	34.7304283253627
6940	34.7289643059043
6948	34.6751579174334
6976	34.6438805202979
6988	34.6268025390335
6996	34.5808309193679
7028	34.575235624095
7030	34.4953776411551
7052	34.4556541989507
7056	34.4425105088775
7060	34.4248160001836
7062	34.3910535792448
7064	34.3648704837381
7074	34.3485841046825
7078	34.3336938807267
7080	34.3128082926001
7094	34.2738067746045
7104	34.2699102452575
7112	34.1386081585003
7152	34.1211688054215
7156	34.0903699811553
7162	34.0624146937967
7194	34.0299453700899
7202	33.9917424195628
7204	33.9715129121395
7218	33.8756914450409
7244	33.8698446315238
7272	33.836876518044
7274	33.8107657649983
7280	33.8080766393351
7282	33.7522133082212
7284	33.6849590979091
7296	33.6632196682359
7300	33.6590268474762
7314	33.6541440754325
7320	33.6518258158105
7328	33.6490040219691
7336	33.5919483112362
7342	33.5625429103902
7346	33.5545454686679
7352	33.5374934802844
7390	33.4885870644157
7402	33.4425827188061
7428	33.4237580090502
7440	33.4228234591797
7444	33.3930504707796
7470	33.3188778313857
7494	33.2561147761403
7500	33.2505469298981
7520	33.2116229592995
7524	33.2070294171948
7548	33.1671031065325
7558	33.0708939283488
7582	33.0632133777164
7584	33.0566040307934
7600	33.0379521175482
7602	33.0134560496846
7612	32.9938373651494
7630	32.9904076476253
7636	32.8815573547181
7664	32.8204713169725
7670	32.8122076070470
7684	32.8030515649324
7692	32.8005186393748
7702	32.7691194312357
7714	32.7267247457863
7718	32.7078184850508
7742	32.7067111093982
7750	32.7039120343437
7758	32.656390474795
7768	32.6305790934641
7810	32.5735188356268
7840	32.5709824346284
7842	32.5663945563974
7862	32.5640394453996
7868	32.5393434466678
7878	32.5261292329739
7882	32.5185258798644
7886	32.5134988345785
7902	32.5099643818955
7906	32.5013045008884
7916	32.4539051222954
7960	32.4497002385486
7968	32.4148010298204
7972	32.4136944969411
7976	32.4067913353885
7982	32.359012944784
8000	32.3569558742041
8002	32.3282927130246
8028	32.2936935380681
8046	32.259274005561
8060	32.2527845508489
8064	32.2262801437342
8096	32.2219030915841
8100	32.2000527725188
8108	32.1964048645354
8114	32.1742323778901
8128	32.1731383705074
8152	32.1665821827825
8172	32.1651415141890
8176	32.1630050671624
8178	32.1398224429638
8198	32.127823958436
8200	32.1253449985964
8202	32.1024481256303
8206	32.0938010204358
8214	32.0892521215906
8220	32.0739449137041
8230	32.0691182493665
8238	32.0245048586067
8254	31.9884338807849
8262	31.9876876393181
8266	31.9262657983632
8300	31.868002329303
8314	31.8649551149025
8316	31.8608125024747
8336	31.8528636768712
8344	31.8341962881518
8354	31.831119696316
8406	31.8296192049597
8430	31.8290512075262
8434	31.8275777830764
8436	31.8160996755614
8442	31.8150561875051
8448	31.7975346000454
8458	31.7950082449748
8464	31.7852325101034
8466	31.7829760362889
8474	31.7694339556925
8476	31.7387313456376
8496	31.7295445258031
8506	31.7211521933787
8518	31.7130020520364
8522	31.7038498488724
8526	31.6937512111115
8530	31.6843246094715
8542	31.6696621577946
8546	31.6564896396797
8556	31.6550155350354
8574	31.6525348292088
8580	31.6375023187502
8604	31.6051557757669
8608	31.5878524921256
8616	31.5853166496784
8618	31.570381034028
8652	31.5408759200635
8662	31.5401571818529
8664	31.5372016550069
8668	31.5086873651556
8686	31.4772006756868
8704	31.4637108247049
8706	31.447628535528
8710	31.4327899036724
8714	31.3979344258187
8730	31.3806691378857
8736	31.338478138112
8760	31.3227552724722
8764	31.3198928596858
8768	31.2712048767524
8792	31.2646047755291
8794	31.2493517927992
8812	31.2458658328096
8822	31.2400317892645
8828	31.2103793642538
8850	31.1908899906273
8866	31.1749087026467
8876	31.1617453270608
8886	31.1419904593886
8892	31.1390971319167
8910	31.1179272073272
8928	31.1099928344217
8936	31.0994538021534
8942	31.0910941074177
8956	31.0844994868797
8972	31.0717553043414
8980	31.0587709025242
8986	31.0438469185196
9002	31.033851505977
9012	31.0184295090355
9032	31.0169370826144
9040	31.0137951372003
9042	31.0135697718869
9044	31.0055576379402
9046	31.0049358111848
9060	30.9535231850448
9082	30.9410217274514
9096	30.9380379979316
9122	30.9299709275892
9130	30.9268616876975
9164	30.9164576059198
9172	30.91514745166
9178	30.9106513560794
9190	30.9023047605429
9214	30.8906561883785
9238	30.8868404527041
9240	30.8860121051714
9242	30.8851224732632
9254	30.8700716558082
9260	30.8696199973991
9264	30.8684763509417
9268	30.8642461596299
9272	30.8560538985016
9284	30.8452529683059
9304	30.8356009689551
9310	30.8303443698517
9312	30.8191357849973
9326	30.8032068634955
9340	30.8012570407652
9348	30.7844721385603
9350	30.7567286730478
9360	30.7306014650923
9378	30.7273797086404
9392	30.7255046405443
9406	30.7139155538549
9410	30.7101569953031
9418	30.7050822703725
9420	30.7018912385420
9436	30.6967645618678
9440	30.6889625209595
9454	30.6875495270761
9458	30.6863209589844
9462	30.6853070266426
9470	30.6842676355861
9482	30.6708664424842
9494	30.6694452229710
9504	30.6653358886324
9508	30.6590771390476
9532	30.6507321540427
9542	30.6502628159743
9556	30.6482913818593
9560	30.6475778969509
9578	30.6430831475736
9584	30.6355546331459
9608	30.6305331341126
9620	30.6277795847891
9628	30.6195510123473
9632	30.6113587580112
9664	30.6105444425313
9670	30.6018696807494
9674	30.6001139548881
9694	30.6000651813228
9708	30.5875197107260
9720	30.5789755085409
9728	30.5719703450283
9732	30.5701513360751
9748	30.5692490655469
9750	30.5688074882528
9758	30.5648742867905
9764	30.5592094955762
9766	30.5580559861474
9780	30.5504896999061
9788	30.5459341070382
9792	30.5409035954359
9798	30.538260436869
9806	30.5376607171325
9810	30.5304455068814
9820	30.5159918078721
9832	30.5141728535753
9852	30.5076295828619
9862	30.5053520379946
9878	30.4981930112415
9880	30.4935726928211
9884	30.4935662669702
9896	30.4899829287453
9906	30.4889909982191
9910	30.4812799695198
9916	30.4761057117067
9926	30.4683074117502
9928	30.4627703854945
9940	30.4539930988370
9950	30.4516130482984
9956	30.4447432778127
9974	30.4414350154914
9976	30.4331822206039
9984	30.4318863944028
10006	30.4308458354117
10008	30.4307671057943
10018	30.4236324787902
10062	30.4186834567393
10070	30.4138834887801
10084	30.4133055072317
10086	30.4093815538252
10096	30.4085514540491
10098	30.4085288521715
10106	30.4071776104772
10110	30.4059546073643
10112	30.403311461682
10114	30.4000067342845
10130	30.3976525917178
10142	30.3966485251351
10144	30.3958509332018
10152	30.3951093601884
10158	30.3934756424175
10162	30.3933527298464
10164	30.3895438299179
10166	30.3865897279777
10188	30.3830782399350
10206	30.379621513674
10210	30.3769024510556
10216	30.3755449778805
10246	30.3748535426937
10248	30.3739596010864
10262	30.3709871025431
10274	30.3680974229613
10282	30.3654472935388
10290	30.3600534557931
10304	30.3598206406181
10308	30.3576401896962
10328	30.3560134457939
10338	30.3537349981696
10350	30.3535077019548
10356	30.3488919082121
10362	30.3395819466606
10380	30.3364215882496
10382	30.3319242223825
10386	30.3275279540706
10398	30.3219387531193
10446	30.3154642303991
10454	30.3137822938874
10460	30.3053264720231
10470	30.3052999776821
10472	30.2986457146979
10480	30.2961389563728
10496	30.2957123626976
10500	30.2953046571501
10502	30.2929330394217
10512	30.291261679707
10532	30.289820537336
10544	30.2874708824691
10548	30.2839323333606
10564	30.2792017720547
10588	30.2755701082362
10602	30.2664865878868
10614	30.2644028406568
10624	30.2595343958428
10628	30.2545902357472
10634	30.2514295657013
10644	30.2426472837631
10694	30.2322136056893
10746	30.2321666726485
10752	30.2285334630205
10754	30.2275850914588
10776	30.2265226189384
10790	30.2238742944475
10796	30.2234414376953
10800	30.2220387335578
10802	30.218085691301
10828	30.2147310043521
10838	30.2134997618884
10842	30.2118779077982
10876	30.2107886325878
10880	30.2094690195452
10892	30.2053646948579
10910	30.1991063121561
10916	30.1903683283686
10986	30.1884177045033
10992	30.187830960364
10998	30.1877893239009
11006	30.186750980565
11008	30.1842817089486
11052	30.1840154692049
11066	30.1836291235304
11076	30.1815767108513
11104	30.1810821734344
11120	30.1801346392311
11122	30.1792382792787
11134	30.1792364946246
11140	30.1782181063861
11154	30.1781517281837
11166	30.1773950935029
11176	30.1740515502418
11198	30.1717666168015
11216	30.1712707967516
11234	30.1710701610673
11246	30.1683660335038
11276	30.1675500540716
11286	30.1651028289989
11288	30.1628278914606
11306	30.1602979675089
11322	30.1588323840884
11328	30.1560987402394
11342	30.1557596457881
11356	30.1535820473308
11392	30.1530706469206
11406	30.1522867128823
11410	30.1499324978601
11438	30.1494890294613
11440	30.1486256960756
11454	30.1484389887772
11466	30.148398470254
11468	30.1452187603835
11504	30.1435945622200
11516	30.1431615793115
11536	30.1387525772843
11546	30.1358414526064
11554	30.1344367137775
11566	30.1330712667524
11574	30.1321950022414
11582	30.1320531657123
11584	30.1305092892778
11588	30.1225814242267
11646	30.1219967326524
11666	30.1209610351188
11676	30.1181372392578
11714	30.1178792703495
11724	30.1178599062192
11726	30.1174011553595
11734	30.1168756076562
11748	30.1164472526262
11756	30.1144706927678
11760	30.1113618733677
11814	30.1092678599039
11816	30.1077594899647
11820	30.1069193080078
11842	30.1046736450544
11844	30.1038771720685
11860	30.1018136988187
11876	30.0964648833397
11904	30.0927428535994
11908	30.0896512266528
11932	30.0868814856446
11948	30.0862858178743
11952	30.0835648415996
11966	30.0823001491266
11980	30.077211632849
12002	30.0750888559781
12020	30.0741119749138
12046	30.0713366054658
12064	30.0712027689811
12084	30.0676837032926
12116	30.0674685625944
12120	30.0655198611781
12134	30.0618826063583
12172	30.0595509684852
12196	30.0567723410320
12214	30.0559023100044
12230	30.0544825712585
12244	30.0541268833977
12246	30.0528380704730
12248	30.0499888007934
12274	30.0491780826779
12280	30.0491467457126
12284	30.0443602412452
12324	30.0440454453711
12328	30.0427757822008
12332	30.0415566174823
12384	30.0398081087256
12396	30.0365005703897
12398	30.0363162701093
12402	30.035519490375
12426	30.0350330197792
12430	30.0332269102067
12438	30.0305426554577
12464	30.0296210371775
12482	30.0286819219566
12492	30.0262580962608
12508	30.0253875777093
12536	30.0246209267694
12564	30.02374515531
12574	30.0235454448845
12578	30.0231144095574
12586	30.0215818531255
12590	30.0213104156384
12596	30.0196193512437
12612	30.0180340613119
12626	30.0176729321543
12642	30.0127577969175
12662	30.0126543018688
12668	30.0121230580867
12694	30.0110242514376
12696	30.0107788026822
12706	30.0098127119805
12720	30.0081744504297
12742	30.0051415433929
12788	30.0039553304686
12804	30.0038503359242
12812	30.0020479461583
12820	29.9981561423323
12824	29.9968536008311
12838	29.9959044643136
12848	29.9951849951882
12850	29.9921391027613
12860	29.9873585203414
12880	29.9865814657991
12882	29.9864630103592
12910	29.9846406619268
12938	29.9844535342013
12950	29.9835577617741
12960	29.9834648594552
12962	29.9823032261288
12966	29.9819736830004
12968	29.9817899866248
12978	29.9800331038319
12986	29.9798496508911
12992	29.9793737925302
13002	29.9788705922996
13006	29.9775007968902
13024	29.9771582107861
13044	29.9756244669998
13052	29.9750646759826
13068	29.9742773177897
13072	29.9717393528928
13082	29.9702784891795
13094	29.9691649447884
13098	29.9689568187466
13100	29.9671312705844
13114	29.9668771813653
13138	29.9656413789848
13146	29.9652345238644
13178	29.9630550515438
13212	29.9626455083858
13214	29.9622973590764
13230	29.9621660915433
13234	29.9620118150733
13238	29.9617417043458
13240	29.9611240970984
13244	29.9605700801002
13252	29.9599937139615
13256	29.9590929745088
13274	29.9572964461192
13278	29.9570427070185
13280	29.9564098914232
13286	29.9552424773357
13302	29.9536570908297
13316	29.9506413735083
13346	29.9478103203822
13360	29.9464286529901
13378	29.9417069449658
13394	29.9403808024121
13420	29.9399542473386
13422	29.9365754954802
13444	29.9351853227481
13458	29.9326709753804
13476	29.9311087666549
13482	29.9304960721453
13536	29.9293942424849
13554	29.9290996354575
13560	29.9282977844196
13574	29.9270330633741
13588	29.9267193158107
13590	29.9254287952669
13604	29.9232966555964
13640	29.9219831018363
13654	29.9216087696591
13658	29.9209281600335
13688	29.9195658743426
13708	29.9195372074656
13710	29.9183490604021
13732	29.9175554219988
13744	29.9174027396734
13750	29.9173368156742
13758	29.9160833621947
13784	29.9159454343404
13804	29.9152482948492
13824	29.9150120588029
13826	29.9148006769473
13832	29.9147650537429
13838	29.9140176949775
13864	29.9135998342268
13890	29.9134596669507
13892	29.9132145374662
13900	29.9117855264600
13908	29.9117261520379
13914	29.9113224365402
13932	29.9109982215626
13950	29.9109927543129
13958	29.9104504022858
14000	29.9094751611046
14010	29.9094208252481
14026	29.9093108301448
14048	29.9081806929016
14052	29.9080563139266
14076	29.9078698890597
14088	29.9073568669137
14104	29.9073100201758
14110	29.9072553689616
14112	29.9068327695503
14124	29.9067884577792
14136	29.9061050533667
14150	29.9055252694822
14160	29.9046669608829
14174	29.9042685010969
14184	29.9038283004742
14204	29.903496056604
14206	29.9032670768854
14218	29.9028939146573
14228	29.9024070926462
14258	29.9022114700671
14268	29.9018838622076
14278	29.901752154547
14280	29.9015809122248
14288	29.9015282746192
14306	29.9013929593448
14312	29.9013212953232
14314	29.9011388744815
14316	29.9011010012892
14330	29.9010671396051
14346	29.9009508834336
14350	29.9007580439137
14354	29.9004131695394
14358	29.8999511696256
14388	29.8997882846652
14406	29.8995913286035
14430	29.8995851869836
14444	29.8995608278746
14446	29.899419719826
14448	29.8992325592494
14466	29.8990535522995
14486	29.8990453031832
14494	29.8988184209969
14504	29.8985309942527
14518	29.8984749089745
14520	29.8983446506566
14524	29.8983152674828
14528	29.8980717337715
14534	29.8979842903761
14544	29.8977202332576
14566	29.8974702865956
14606	29.8973928798794
14608	29.897297369701
14622	29.8969834327282
14626	29.8967090806166
14644	29.8965576258019
14650	29.8965033652941
14656	29.8960907578378
14676	29.8959588946604
14688	29.8958061626716
14694	29.8949967225558
14716	29.8946068536243
14732	29.8937328442257
14738	29.89295458293
14750	29.8923599577309
14772	29.8920784008586
14794	29.8919219681725
14820	29.8912851595007
14832	29.8910806291786
14834	29.8909468402631
14852	29.89083072043
14854	29.8904764454216
14880	29.8903028528597
14884	29.8900337787239
14886	29.8900203879147
14888	29.8898133678423
14906	29.8894520892198
14914	29.889408554631
14930	29.8891917829468
14932	29.8887092941985
14944	29.8885257724038
14946	29.888406220799
14948	29.8879957029702
14972	29.8874282979970
14976	29.8870058350238
14982	29.8862484763347
14996	29.8859205110615
14998	29.8858933737784
15008	29.8857093524587
15020	29.8850762539286
15030	29.8838602179058
15048	29.8833202943215
15074	29.8824732000399
15086	29.8824439464569
15092	29.882161886242
15098	29.8819019609098
15122	29.8815811500655
15126	29.8814586390426
15132	29.8813683295396
15140	29.8812922971589
15146	29.8811820579668
15162	29.8804655519986
15184	29.8803044052687
15190	29.8802575283125
15198	29.8798059964196
15212	29.8790678258002
15240	29.8786733374534
15250	29.8786476978206
15258	29.8785437017758
15264	29.8783637484757
15266	29.8782263721078
15280	29.8778002273989
15282	29.8776449648389
15288	29.8774660906358
15324	29.877221206597
15326	29.8771769222677
15334	29.8764632433594
15366	29.8760959738948
15392	29.8760108507534
15398	29.8757027852044
15406	29.8755472609993
15408	29.8754703740675
15416	29.8745867070171
15466	29.8741336188932
15508	29.8740428973360
15516	29.8739884064613
15518	29.8739495491778
15520	29.8738172979775
15522	29.8734740786998
15538	29.8734466467256
15542	29.8729711913148
15554	29.8729315994171
15558	29.8727769698579
15570	29.8727343273086
15584	29.872686956322
15586	29.8724951059007
15602	29.8720197875018
15626	29.8716628676106
15638	29.8715035885149
15650	29.8714204723497
15652	29.87108912646
15686	29.8710559592819
15696	29.8708367371785
15700	29.8707899476561
15702	29.8704866523434
15734	29.8704432228815
15742	29.8702859540500
15752	29.8701602569522
15756	29.8699276174502
15782	29.8694474096598
15790	29.869185586448
15796	29.8690631055506
15802	29.8681105320213
15818	29.8677203413236
15846	29.8674241469128
15848	29.8673953143308
15858	29.8669375067465
15864	29.8669184723384
15892	29.8668573932352
15898	29.8665303354987
15902	29.8663089935943
15922	29.8660308465428
15978	29.8658958602540
16008	29.8657100585945
16014	29.8657049985371
16020	29.8656809582535
16022	29.8655154085134
16024	29.8654953022621
16042	29.8651840769738
16058	29.8650034677964
16064	29.8646807877707
16082	29.8646675366067
16108	29.8643432165275
16112	29.8641178759623
16116	29.8641145474408
16122	29.8634706428305
16138	29.863172940138
16150	29.8628596127944
16152	29.8628219766137
16168	29.8627763605868
16174	29.8623821808537
16208	29.8623156546444
16220	29.8621365123947
16236	29.8620281770353
16238	29.8619082071708
16242	29.8618294457103
16244	29.8614340392963
16312	29.8614094068245
16314	29.8613667137055
16318	29.8610758271681
16350	29.8608889274873
16358	29.860764131138
16376	29.8607197738820
16404	29.8606243768858
16416	29.8605819961287
16440	29.8604895880353
16456	29.8603267496240
16476	29.8602873572871
16478	29.8602353922822
16516	29.8601624241002
16522	29.8601298032677
16526	29.8601073559454
16530	29.8601040247558
16532	29.8600992720051
16542	29.8600905370088
16558	29.8600075139858
16564	29.8600046061879
16570	29.8599852971489
16574	29.8599088840785
16578	29.8598734149987
16608	29.8597953591701
16610	29.8597653789278
16630	29.8596930538103
16636	29.8595869211557
16672	29.8595846923589
16680	29.8595679772199
16682	29.8595249852509
16696	29.8594851070147
16710	29.859420871028
16714	29.8594197400597
16720	29.8593817197934
16726	29.8593103177858
16728	29.8590819912672
16744	29.8590721819216
16748	29.8590293189142
16754	29.8590091737157
16762	29.858851130619
16774	29.8586279387295
16784	29.8582932279993
16814	29.8582205056704
16822	29.8582035237952
16826	29.8581348941488
16844	29.8581339242419
16856	29.8580232620097
16858	29.8579849955904
16868	29.8579402529459
16892	29.8578985291808
16896	29.8578831051614
16902	29.8578524184325
16904	29.8578145635054
16910	29.8576316185911
16920	29.857628193375
16926	29.8574712823679
16952	29.857324551405
16956	29.857278582592
16960	29.8572006379766
16972	29.8571115888779
16982	29.8570297279888
16984	29.8570032870471
17000	29.8569669835817
17012	29.8567271894664
17030	29.8566571190868
17040	29.856596597806
17066	29.8564582560048
17074	29.8564401088038
17088	29.8562014846609
17098	29.8561962178506
17102	29.8559977520366
17108	29.8559409223810
17126	29.8558780908961
17160	29.8556867949094
17200	29.8555829729725
17220	29.8555753982283
17234	29.8555480751471
17252	29.8555320321463
17264	29.8554911849969
17274	29.8554144449505
17302	29.8553206268111
17322	29.8553029500158
17340	29.8552820914834
17342	29.8552233714192
17350	29.8551894880727
17362	29.8551889949948
17368	29.8551809278189
17372	29.8551219536185
17392	29.8550771507321
17404	29.8550695874979
17420	29.8550505514477
17422	29.8550300011548
17430	29.8550275746954
17434	29.8548603605377
17464	29.8548305123388
17466	29.8548302691446
17468	29.8547759117060
17490	29.8547309144241
17500	29.8547246682415
17504	29.8546294181348
17516	29.8546053873273
17526	29.8545905361522
17532	29.8545722932337
17536	29.8545354516267
17548	29.8544091938741
17570	29.8544012848617
17574	29.8543421677873
17588	29.8543070907647
17590	29.8542773991412
17592	29.8542309895179
17594	29.8541626334600
17612	29.8541584443864
17614	29.8541548843131
17616	29.8540645449124
17628	29.8539875968224
17642	29.8539700448582
17652	29.8539148964787
17664	29.8537291370204
17672	29.8536837270818
17680	29.8536834331204
17692	29.8536407876979
17696	29.8534437892827
17698	29.8533528921875
17738	29.8533229189614
17750	29.8531108023416
17756	29.8529985883899
17760	29.8529352998026
17794	29.8528890378817
17812	29.8528295530186
17816	29.8527631435727
17820	29.8526419791017
17828	29.8525679522065
17832	29.8525673076882
17836	29.8524727788462
17846	29.8524404053279
17848	29.8524049996581
17868	29.8523883301761
17882	29.8523225844713
17894	29.852314460899
17916	29.8522854962138
17936	29.8522343101497
17940	29.8522174330785
17946	29.8521649481122
17958	29.8521645265412
17974	29.8521540003951
18000	29.8521329978602
18002	29.8521211412655
18006	29.8520779265303
18010	29.8520760946424
18016	29.85200633001
18058	29.8519993643612
18064	29.8519610338596
18074	29.8519397504361
18090	29.8519349511426
18094	29.8519304336968
18098	29.8519278789413
18104	29.8518762826907
18112	29.8518621904838
18120	29.8518439983439
18126	29.8517587097099
18136	29.8517018123993
18172	29.8516559575444
18200	29.8516256811479
18212	29.8516172391487
18214	29.8516141314104
18220	29.8516054147694
18228	29.8515948559271
18236	29.8515508534561
18240	29.8515449897347
18246	29.8515344274037
18256	29.8515297218011
18258	29.851486125288
18288	29.8514792364463
18308	29.8514694599657
18326	29.8514562776819
18336	29.8514381306375
18380	29.8514241955144
18392	29.8514198253944
18414	29.8514181444906
18428	29.8514154093377
18440	29.8514020311852
18444	29.8513991084421
18460	29.8513955262759
18462	29.8513757592359
18478	29.8513656745416
18498	29.8513472315341
18506	29.8513467953366
18508	29.8513232383734
18524	29.8512923855691
18548	29.8512681384373
18576	29.8512662899039
18582	29.851263805264
18586	29.8512626454511
18592	29.8512531494258
18610	29.8512450933416
18632	29.8512439861879
18644	29.8512337210379
18652	29.8512321530704
18670	29.8512236102296
18678	29.8512126611351
18688	29.8511981110883
18694	29.8511905438750
18700	29.8511834105218
18704	29.8511805180389
18712	29.8511804063666
18714	29.8511673538463
18716	29.8511669742266
18730	29.8511603598338
18744	29.8511441323724
18748	29.8511295306533
18758	29.8511153108880
18762	29.8511143587324
18768	29.8510951675189
18796	29.851093278672
18804	29.8510847821966
18810	29.8510766439862
18816	29.8510741743188
18830	29.8510500230145
18836	29.8510433188916
18856	29.85103200944
18862	29.8510264604841
18876	29.8510207583313
18878	29.8509942377943
18910	29.8509870446868
18920	29.8509856904923
18922	29.850984517721
18936	29.8509759501564
18940	29.8509712362123
18942	29.8509384866787
18956	29.8509165371055
18974	29.8509154847705
18978	29.8508987152273
18980	29.8508888277147
18994	29.8508502120564
19018	29.8508424722533
19022	29.8508342189339
19034	29.8508285925167
19048	29.8508005285445
19050	29.8507981025554
19054	29.8507962131246
19056	29.8507715510145
19064	29.8507670586595
19074	29.8507622027667
19100	29.8507532931212
19106	29.8507427128234
19116	29.8507422835312
19122	29.8507380306256
19132	29.8507122642691
19150	29.8507022407242
19172	29.8506900844956
19176	29.8506741876817
19184	29.8506708104068
19190	29.8506429091622
19208	29.8506312307935
19214	29.8506015666706
19246	29.8506015287579
19256	29.8505995556261
19262	29.8505992661089
19268	29.8505842302145
19272	29.8505833633053
19278	29.8505579927614
19284	29.8505483427958
19294	29.8505265377460
19302	29.8504976281595
19310	29.8504920672826
19312	29.8504371931732
19344	29.8504267514812
19350	29.8504149737777
19352	29.8503812526775
19374	29.8503646538801
19386	29.8503117492367
19388	29.8502752822672
19418	29.8502750851179
19422	29.8502527619936
19428	29.8502491170203
19434	29.850233558929
19440	29.8502047471445
19454	29.8501882655147
19476	29.8501361509677
19502	29.8501133739078
19520	29.8501123399744
19524	29.8500943971385
19534	29.8500781102406
19560	29.8500764367371
19570	29.8500698173326
19580	29.8500668041338
19616	29.8500645167911
19618	29.8500579162172
19622	29.8500545247259
19624	29.8500471770626
19626	29.8500309311179
19646	29.8500082963453
19648	29.8500028380462
19676	29.8500025427532
19684	29.8499917275065
19690	29.8499789560321
19708	29.8499616953273
19714	29.8499524057239
19736	29.8499399468769
19744	29.8499318667018
19746	29.8499251190939
19758	29.8499141378663
19780	29.8499090306101
19794	29.849906963179
19798	29.8498946930406
19802	29.8498893371729
19820	29.8498887047812
19824	29.8498854196648
19846	29.8498734194686
19854	29.8498685319522
19870	29.8498587541057
19878	29.8498394656874
19898	29.8498319632125
19910	29.8498159276916
19918	29.8498074305038
19932	29.8497866521856
19942	29.8497718928107
19954	29.8497644170061
19956	29.8497626246851
19966	29.8497576088794
19974	29.8497489483553
19982	29.8497045000409
19994	29.8496799886292
20008	29.8496672658318
20014	29.8496602957302
20022	29.8496598376118
20030	29.8496577066951
20044	29.8496492976337
20048	29.8496455249499
20052	29.8496265201297
20064	29.8496169507174
20080	29.8495831053623
20086	29.8495786077493
20100	29.8495571507015
20160	29.8495316264158
20162	29.8495181352219
20186	29.8494997129640
20196	29.8494770009140
20206	29.8494709248435
20222	29.8494656064334
20224	29.8494623378075
20228	29.8494601530349
20236	29.8494580372050
20238	29.8494565184285
20242	29.8494382299827
20270	29.8494329819961
20288	29.8494181642198
20308	29.8494156506403
20322	29.8494049471258
20330	29.8493938375258
20360	29.8493933175256
20382	29.8493914058377
20410	29.8493863548044
20412	29.8493836012303
20414	29.8493799513095
20436	29.8493755623806
20444	29.8493693413985
20446	29.8493641461321
20462	29.8493616705138
20470	29.8493552408135
20480	29.8493465651126
20486	29.8493402472984
20492	29.8493346646084
20502	29.8493282635208
20518	29.8493238629402
20522	29.849321162257
20538	29.8493193436887
20542	29.8493173492184
20544	29.8493005616081
20558	29.8492952072660
20592	29.8492935781067
20618	29.8492895831672
20622	29.849281442307
20630	29.8492784501086
20652	29.8492747605046
20660	29.8492694798338
20676	29.8492670252687
20682	29.8492665134268
20692	29.8492644531544
20696	29.8492642179479
20704	29.8492612352259
20710	29.8492544773762
20736	29.8492513733195
20738	29.8492348685997
20764	29.8492261905486
20774	29.8492116364364
20802	29.8492055481561
20810	29.8491987664424
20814	29.8491940021997
20828	29.8491905620418
20858	29.8491860615002
20884	29.8491849764282
20900	29.8491822778505
20906	29.8491820503327
20918	29.8491781561765
20936	29.8491668764756
20946	29.8491542596131
20952	29.8491420430223
21012	29.8491381258376
21016	29.8491298376002
21054	29.8491270266921
21066	29.8491264657801
21074	29.8491165641627
21080	29.8491159929058
21092	29.8491141607151
21106	29.8491110200609
21136	29.8491062232076
21164	29.8491056132919
21166	29.8491041935577
21184	29.849102357376
21194	29.8490993699485
21204	29.8490964503469
21216	29.8490958473385
21234	29.8490941719122
21248	29.849090734676
21256	29.8490895779227
21268	29.8490856532346
21276	29.8490847086526
21280	29.8490844357269
21292	29.849078398472
21322	29.8490719913056
21368	29.8490719344169
21396	29.8490709371625
21412	29.8490665211935
21430	29.8490647059233
21438	29.8490614306107
21442	29.8490604064126
21454	29.8490594682776
21460	29.8490579708941
21468	29.8490570280762
21478	29.8490546772510
21500	29.8490541871531
21506	29.8490509834528
21538	29.8490497660044
21542	29.8490494378502
21546	29.8490493014075
21562	29.8490484113434
21590	29.8490480770039
21612	29.8490477434924
21622	29.8490476309566
21630	29.8490456790609
21640	29.8490454786374
21642	29.8490440552587
21654	29.8490436965043
21670	29.8490433499953
21692	29.8490433257318
21694	29.849041650468
21708	29.8490414076465
21710	29.8490403111937
21714	29.8490396417326
21730	29.8490361088349
21762	29.8490359934749
21768	29.8490358809003
21772	29.849034661597
21782	29.8490339620378
21792	29.8490334494100
21796	29.8490324227059
21816	29.8490318566282
21818	29.8490306656559
21824	29.8490297905076
21834	29.8490297630682
21838	29.8490275410427
21872	29.8490269840817
21876	29.8490262917254
21878	29.8490256548594
21888	29.8490254003926
21892	29.8490247067851
21898	29.849024501673
21912	29.8490227843682
21916	29.8490208801807
21918	29.8490188374825
21928	29.8490185475459
21930	29.8490181968394
21936	29.8490131872212
21940	29.8490126853484
21960	29.8490121949562
21966	29.8490091310844
21984	29.8490076375068
21994	29.8490069174045
22008	29.8490066935634
22016	29.8490059962135
22022	29.8490057400945
22024	29.8490019684433
22102	29.8490005991808
22106	29.8490004679048
22108	29.8489989479417
22110	29.8489972134981
22114	29.8489962057363
22128	29.8489955657249
22132	29.848992604258
22150	29.8489913732839
22152	29.8489902259657
22164	29.8489887213024
22174	29.8489868028349
22192	29.848986633122
22196	29.8489845765167
22220	29.8489834666190
22224	29.848983238254
22228	29.848981309569
22238	29.8489777628387
22248	29.8489774241942
22264	29.8489761589825
22296	29.8489746140941
22298	29.8489738021829
22326	29.8489737356806
22338	29.8489727286630
22346	29.8489723755885
22372	29.8489717882005
22392	29.8489710866876
22398	29.8489701481956
22408	29.8489684222535
22434	29.848966979284
22468	29.8489664737608
22480	29.8489659096933
22482	29.8489657465802
22484	29.8489650384232
22510	29.8489634985454
22512	29.8489634796297
22514	29.8489629242779
22548	29.8489616952475
22572	29.8489614997934
22598	29.8489598419748
22636	29.8489597610385
22640	29.8489592952196
22652	29.848958355625
22666	29.8489577260454
22694	29.8489576785931
22704	29.8489573012788
22706	29.8489566605865
22712	29.8489549856818
22754	29.8489547295333
22758	29.8489545655266
22774	29.8489532371579
22788	29.8489532370427
22790	29.8489519853544
22794	29.848951495899
22798	29.8489506290268
22828	29.8489488608897
22840	29.8489488335049
22854	29.8489471884985
22874	29.8489464113417
22882	29.8489460678614
22892	29.8489459776533
22922	29.8489459747454
22924	29.8489453973437
22926	29.8489443140077
22942	29.8489436755722
22948	29.8489419944452
22976	29.8489417736875
22978	29.848941401687
22982	29.8489408119535
23002	29.8489407947104
23018	29.8489404687692
23024	29.8489389490540
23026	29.8489380748806
23038	29.84893713522
23046	29.8489358183602
23048	29.8489349639432
23054	29.8489336179572
23058	29.8489332628010
23068	29.8489327897454
23084	29.8489308686792
23098	29.8489308606761
23100	29.8489300179901
23118	29.8489294456066
23126	29.8489294006124
23132	29.8489276850162
23150	29.8489276777967
23152	29.8489272945006
23164	29.8489262745306
23182	29.8489236124820
23208	29.8489232554589
23226	29.8489224842053
23248	29.8489223497162
23254	29.8489194062243
23274	29.8489193779475
23300	29.8489184007090
23304	29.8489180610265
23306	29.8489167117868
23330	29.8489155597627
23334	29.8489150684769
23348	29.8489137540869
23368	29.8489130592083
23374	29.8489128813247
23396	29.8489124788859
23402	29.8489120891844
23416	29.8489107840814
23440	29.8489098969214
23468	29.8489085655467
23498	29.8489083225355
23502	29.8489077282324
23510	29.8489065161702
23516	29.8489065031704
23518	29.8489063161436
23520	29.8489045550083
23536	29.8489038113134
23538	29.8489036266698
23540	29.8489028985527
23542	29.8489011097002
23568	29.8489000113546
23570	29.8488998717294
23572	29.848898778284
23574	29.8488980136205
23576	29.8488961375850
23586	29.8488935653418
23614	29.8488878672657
23642	29.8488872430359
23644	29.8488859307341
23670	29.8488831121226
23690	29.8488827151185
23700	29.8488818298969
23728	29.8488795920258
23736	29.8488769851823
23768	29.8488763948611
23770	29.8488755755215
23778	29.8488755405522
23788	29.8488738292473
23824	29.8488737573824
23836	29.8488733667520
23838	29.8488732374766
23852	29.8488722681909
23854	29.8488720525853
23870	29.8488706842913
23878	29.8488706471231
23884	29.8488698500448
23896	29.8488698022187
23908	29.8488667278258
23910	29.8488653839127
23916	29.8488653487201
23928	29.8488616238598
23958	29.8488616059203
23962	29.8488596939868
23972	29.8488586739243
23976	29.8488581542039
23984	29.8488576071361
23988	29.8488572776467
24008	29.8488565781691
24016	29.8488564218726
24032	29.8488556001642
24040	29.8488555927872
24046	29.8488548918159
24050	29.8488547980418
24064	29.8488542058411
24072	29.8488533414477
24100	29.8488532885008
24104	29.8488516518235
24106	29.8488515128603
24152	29.8488508014490
24172	29.8488507270651
24184	29.8488501118360
24202	29.8488500054374
24204	29.8488494855859
24230	29.8488491604383
24248	29.8488489549133
24250	29.8488484601724
24264	29.8488481323391
24266	29.8488476173422
24268	29.8488475591464
24286	29.8488474732189
24290	29.8488473130457
24292	29.8488470871010
24294	29.8488463383899
24304	29.8488461724069
24306	29.8488459771917
24308	29.8488458332673
24312	29.8488447547625
24314	29.8488439294827
24320	29.8488437187130
24336	29.8488429484075
24338	29.848842338534
24340	29.8488422620711
24362	29.8488419774776
24364	29.8488419774647
24374	29.8488418528164
24382	29.8488416778314
24388	29.8488412835863
24406	29.8488407579745
24416	29.8488404086653
24422	29.8488403678025
24426	29.8488403426748
24446	29.8488400893018
24458	29.8488399276585
24462	29.8488398688627
24476	29.8488390585213
24484	29.8488386533708
24502	29.8488382996903
24532	29.8488379037963
24542	29.8488376222250
24562	29.8488374709169
24580	29.8488368554286
24602	29.8488367172091
24608	29.8488365809311
24634	29.8488360982003
24656	29.8488359338644
24664	29.8488358091208
24672	29.8488355117789
24688	29.8488353571318
24690	29.8488351820708
24714	29.8488350343708
24726	29.8488350070545
24728	29.848834908754
24756	29.848834155805
24774	29.8488338395032
24784	29.8488337636218
24796	29.8488336560649
24800	29.8488334750514
24802	29.8488333750089
24818	29.8488332812394
24836	29.8488328933491
24860	29.8488327106992
24878	29.8488325463485
24882	29.8488324045738
24888	29.8488322449937
24892	29.8488314272478
24898	29.8488312730174
24900	29.8488310803975
24902	29.8488306865634
24914	29.8488305777447
24968	29.8488305735779
24972	29.8488305461333
24974	29.8488301989704
24996	29.8488301921630
25002	29.8488297425156
25020	29.8488294402571
25074	29.8488292707036
25078	29.8488290856809
25088	29.8488288541168
25102	29.8488283206946
25106	29.848827972402
25142	29.8488272584458
25178	29.8488272551770
25194	29.8488267735585
25218	29.8488266473658
25228	29.8488261950248
25238	29.8488261613271
25246	29.8488259456451
25268	29.8488257697059
25276	29.8488252196987
25298	29.848825025874
25304	29.8488246309550
25318	29.8488242650584
25338	29.8488242499114
25340	29.8488239318609
25356	29.8488232481617
25370	29.8488231287860
25384	29.8488229211451
25388	29.8488228333889
25392	29.8488224718856
25394	29.8488218686641
25406	29.8488208745824
25426	29.8488205018719
25434	29.8488201920725
25438	29.8488184287048
25454	29.8488174568825
25472	29.8488173714626
25476	29.8488171263349
25480	29.8488166451460
25492	29.8488162534554
25498	29.8488161000852
25506	29.8488154475132
25520	29.8488151902636
25528	29.8488150249192
25530	29.848814121261
25536	29.8488139918962
25538	29.8488139634253
25566	29.8488135987392
25578	29.84881297565
25580	29.8488128361415
25586	29.848812449287
25604	29.8488124425841
25614	29.8488118325301
25620	29.8488117954215
25634	29.8488116137652
25638	29.8488115947338
25650	29.848811372197
25654	29.8488097736340
25684	29.8488095149295
25720	29.8488091226052
25744	29.8488087935847
25750	29.8488087381201
25760	29.8488082877259
25762	29.8488081651065
25766	29.8488077529825
25786	29.8488077070447
25798	29.8488075107754
25804	29.8488070245155
25814	29.8488069987079
25816	29.8488068203260
25818	29.8488068010164
25834	29.8488061757904
25836	29.8488061253767
25852	29.8488058835213
25856	29.8488047121807
25864	29.8488047111934
25890	29.8488046078342
25908	29.8488044089821
25914	29.8488035994238
25924	29.8488034374642
25934	29.8488033859989
25950	29.8488029552511
25954	29.8488024174611
25960	29.8488022684525
25986	29.8488019555999
25998	29.8488012165792
26036	29.8488010097368
26042	29.8488003767321
26112	29.8487996525792
26124	29.8487995206075
26150	29.8487994956393
26162	29.8487994321597
26164	29.8487994070637
26170	29.8487993466742
26172	29.8487993100632
26176	29.8487991761979
26194	29.8487990519308
26212	29.848798911728
26234	29.8487988367757
26236	29.8487987188678
26238	29.8487987034267
26242	29.8487986953755
26244	29.8487985982844
26254	29.8487984944482
26260	29.8487984406739
26270	29.8487981705522
26280	29.8487981645613
26288	29.8487980665999
26298	29.8487976806354
26316	29.8487976117052
26318	29.8487973777718
26324	29.8487971410552
26326	29.8487968600472
26346	29.8487966020685
26366	29.8487962792327
26378	29.8487961811124
26382	29.8487958552216
26392	29.8487958037343
26398	29.8487954148458
26420	29.8487954102618
26426	29.8487949560948
26444	29.8487943215969
26446	29.8487942494107
26448	29.8487938062913
26464	29.8487935439501
26470	29.8487931722217
26472	29.8487927526980
26482	29.8487927450593
26484	29.8487924856166
26488	29.8487923083741
26490	29.8487920658418
26494	29.8487919375540
26496	29.8487916158888
26500	29.8487904916948
26522	29.8487896890926
26554	29.8487896274227
26576	29.8487886670539
26592	29.8487884600990
26600	29.8487879829496
26602	29.8487873140107
26626	29.848787099008
26636	29.8487869768172
26642	29.8487868716073
26646	29.8487868059004
26650	29.8487865498756
26662	29.8487864994027
26664	29.8487864067435
26666	29.8487861797204
26672	29.848786111676
26674	29.8487857952964
26682	29.8487855999581
26728	29.8487850877756
26738	29.8487850723017
26778	29.8487848894112
26782	29.8487847869087
26786	29.8487844172643
26788	29.848784366907
26796	29.8487842236398
26804	29.8487840512812
26808	29.8487840207935
26824	29.8487838728146
26840	29.8487837013183
26844	29.8487834323732
26848	29.848783351364
26864	29.8487830242294
26888	29.8487824652586
26906	29.8487817085645
26930	29.848781354259
26936	29.8487811282003
26958	29.8487808838967
26964	29.8487806547442
26974	29.8487801640374
26976	29.8487800341058
26992	29.8487799539572
27004	29.8487798153772
27012	29.8487796963134
27028	29.8487793632029
27036	29.8487793247236
27040	29.8487792400773
27044	29.8487788569688
27058	29.8487787364559
27062	29.8487787241591
27078	29.8487785532096
27086	29.8487783981343
27094	29.8487781364029
27096	29.8487777892774
27110	29.8487777871641
27124	29.8487776200207
27134	29.8487775819784
27136	29.8487773687435
27142	29.8487773211161
27162	29.8487772091160
27168	29.8487767436742
27172	29.8487764574232
27216	29.8487755134791
27244	29.8487752623595
27264	29.8487751348587
27270	29.8487747492208
27282	29.8487743133152
27290	29.8487740766564
27318	29.8487737811119
27334	29.8487736541633
27352	29.8487735070671
27364	29.8487735060736
27366	29.8487729686571
27390	29.8487729135866
27406	29.8487727881341
27414	29.8487727253339
27416	29.8487725668257
27424	29.8487718653486
27432	29.8487717432803
27442	29.8487715350181
27454	29.8487714184559
27484	29.8487712981443
27488	29.848771242405
27490	29.8487710912480
27498	29.8487709774755
27504	29.8487700394347
27508	29.8487692516479
27528	29.8487690257455
27548	29.8487687601642
27564	29.8487687358832
27566	29.8487684640130
27600	29.8487683745658
27612	29.8487682336429
27624	29.8487679582766
27658	29.8487674447483
27666	29.8487670897281
27676	29.8487670225281
27694	29.8487667161551
27712	29.8487666559156
27714	29.8487665684025
27726	29.8487662672074
27734	29.8487660156926
27746	29.8487659710278
27762	29.8487655096219
27766	29.8487651887863
27816	29.8487651657144
27828	29.8487649102362
27834	29.8487648752721
27850	29.8487647563312
27856	29.84876470568
27858	29.84876464647
27860	29.8487642430289
27874	29.8487641677846
27882	29.8487641303966
27884	29.8487640970358
27900	29.8487640102752
27908	29.8487639820702
27912	29.848763937401
27934	29.8487638425211
27938	29.8487636004799
27974	29.8487633650868
27976	29.8487633593977
27986	29.8487631849428
28000	29.8487631619324
28004	29.848762837307
28016	29.8487626193308
28022	29.8487620920517
28030	29.8487615624403
28050	29.8487614099859
28052	29.8487606908163
28076	29.8487605058166
28088	29.8487604518316
28106	29.8487600745567
28114	29.8487594913791
28134	29.8487593451663
28158	29.84875910159
28178	29.8487590999051
28184	29.8487589142716
28194	29.8487588780664
28202	29.848758610359
28216	29.8487585487814
28226	29.8487584017628
28240	29.8487582824738
28256	29.8487582136702
28266	29.8487580814569
28310	29.8487577101502
28320	29.8487576245361
28332	29.8487573477039
28360	29.8487571904283
28366	29.848757122181
28368	29.8487569099787
28372	29.8487568243558
28390	29.8487566301945
28432	29.8487564443252
28458	29.8487562768715
28472	29.8487562045886
28490	29.8487558603355
28494	29.8487556218654
28518	29.8487553878894
28536	29.8487550962169
28544	29.8487550549858
28546	29.8487550311340
28568	29.8487549380447
28584	29.8487548966132
28594	29.8487548019799
28616	29.8487547655335
28620	29.8487547144723
28640	29.8487546613894
28644	29.8487545745172
28660	29.8487545401814
28666	29.8487544764146
28676	29.848754448832
28678	29.8487544107467
28680	29.8487542940894
28690	29.848754138613
28738	29.8487540762041
28748	29.8487540523788
28754	29.8487540466268
28758	29.8487539192096
28774	29.8487538251529
28792	29.8487537445255
28802	29.8487536908654
28834	29.8487536481526
28838	29.8487536311217
28878	29.8487535761255
28888	29.8487535000673
28900	29.8487534680237
28912	29.8487534060376
28936	29.8487533569878
28958	29.8487533558989
28972	29.848753308767
29000	29.848753300004
29026	29.8487532915548
29032	29.8487532701577
29044	29.8487532558604
29072	29.8487532517078
29084	29.8487532468311
29090	29.8487532329614
29114	29.8487532262984
29126	29.8487532182170
29134	29.8487532150984
29148	29.8487532079247
29154	29.8487531956514
29166	29.8487531933839
29176	29.8487531855249
29180	29.8487531591592
29184	29.8487531447849
29192	29.8487531388268
29198	29.8487531144713
29206	29.848753084664
29220	29.8487530805954
29226	29.8487530656550
29234	29.8487530610262
29238	29.8487530541788
29242	29.8487530411654
29256	29.8487530277654
29264	29.8487530142354
29278	29.8487530081336
29294	29.8487529839968
29316	29.8487529654833
29328	29.8487529646069
29330	29.8487529610889
29334	29.8487529285499
29362	29.8487528987823
29366	29.8487528761620
29368	29.8487528673128
29370	29.848752859109
29386	29.8487528467294
29408	29.8487528453945
29412	29.8487528146203
29474	29.8487528115653
29482	29.8487527926983
29490	29.8487527560569
29502	29.8487527284905
29518	29.8487527163295
29550	29.8487527028157
29556	29.8487526928178
29564	29.8487526919127
29568	29.848752684705
29576	29.8487526755591
29594	29.8487526375387
29608	29.8487526265567
29650	29.8487526257190
29652	29.8487526231556
29660	29.8487526004489
29702	29.8487525981028
29738	29.8487525925243
29742	29.8487525851151
29748	29.8487525799847
29772	29.8487525795462
29774	29.8487525780807
29778	29.8487525753903
29784	29.8487525657034
29800	29.8487525640696
29814	29.8487525560308
29822	29.8487525534918
29828	29.8487525492945
29830	29.8487525388380
29844	29.8487525333218
29856	29.8487525301436
29870	29.8487525211968
29888	29.8487525196932
29890	29.8487525130436
29894	29.8487525029028
29902	29.8487524972816
29920	29.8487524916183
29928	29.8487524865015
29934	29.8487524798922
29944	29.8487524775598
29954	29.8487524761149
29958	29.8487524753597
29970	29.8487524705180
29976	29.8487524679118
29982	29.8487524661788
29992	29.8487524554034
30002	29.8487524470483
30012	29.8487524396756
30038	29.8487524339463
30044	29.8487524335937
30054	29.8487524310640
30066	29.8487524249019
30074	29.8487524223252
30082	29.8487524170350
30094	29.8487524129972
30104	29.8487524103443
30116	29.8487524080036
30122	29.8487523875766
30136	29.8487523860399
30144	29.8487523802156
30150	29.8487523734289
30172	29.8487523644248
30184	29.8487523620073
30206	29.8487523562349
30218	29.8487523540489
30238	29.8487523537347
30242	29.8487523473739
30248	29.8487523430829
30252	29.8487523426577
30266	29.8487523407366
30272	29.8487523404534
30274	29.8487523371186
30288	29.8487523280672
30294	29.8487523199647
30298	29.8487523103355
30312	29.8487523074375
30326	29.8487523017965
30338	29.8487523014157
30348	29.8487522957463
30350	29.8487522947992
30370	29.848752286563
30372	29.8487522807215
30392	29.8487522745983
30434	29.8487522625375
30436	29.8487522576988
30454	29.8487522556839
30464	29.8487522481746
30486	29.8487522469025
30492	29.8487522464547
30500	29.848752236022
30506	29.8487522360019
30512	29.8487522250189
30520	29.848752223679
30530	29.8487522173481
30540	29.8487522123830
30552	29.8487522119779
30556	29.8487522014616
30578	29.8487522012571
30580	29.8487521987148
30598	29.8487521970931
30600	29.8487521915756
30602	29.8487521884762
30620	29.8487521815272
30630	29.8487521748265
30642	29.848752166264
30656	29.8487521653552
30660	29.8487521584334
30670	29.8487521455662
30696	29.8487521451445
30702	29.8487521400584
30704	29.848752139753
30714	29.848752129529
30726	29.8487521250898
30758	29.8487521221058
30762	29.8487521218626
30768	29.8487521196032
30772	29.8487521188991
30778	29.8487521131327
30782	29.8487521073287
30790	29.8487521053632
30792	29.8487521030832
30796	29.8487521017543
30804	29.8487520981704
30806	29.8487520958612
30816	29.8487520910882
30822	29.8487520910173
30824	29.8487520906854
30836	29.8487520837614
30844	29.8487520804736
30846	29.8487520772008
30852	29.8487520665738
30888	29.8487520602291
30904	29.8487520582414
30916	29.8487520540358
30952	29.8487520527570
30960	29.8487520525912
30972	29.8487520505317
30984	29.8487520477693
31002	29.8487520470996
31028	29.848752046814
31036	29.8487520461011
31038	29.8487520451602
31054	29.8487520434150
31058	29.8487520417652
31072	29.8487520413001
31078	29.8487520390704
31090	29.8487520379265
31096	29.8487520360655
31114	29.8487520353076
31128	29.8487520322025
31142	29.8487520308734
31166	29.8487520307485
31168	29.8487520291593
31172	29.8487520282031
31202	29.8487520276765
31204	29.8487520274289
31216	29.8487520264301
31240	29.8487520262650
31244	29.8487520254280
31246	29.8487520244447
31252	29.8487520234850
31272	29.8487520223527
31282	29.8487520219810
31298	29.8487520205792
31316	29.8487520189022
31320	29.8487520188757
31328	29.8487520182503
31342	29.8487520172444
31344	29.8487520138608
31364	29.8487520096628
31366	29.8487520091266
31382	29.8487520074831
31412	29.8487520046202
31428	29.8487520041063
31446	29.848751996095
31464	29.8487519938425
31486	29.8487519916318
31510	29.8487519902739
31524	29.8487519876862
31540	29.8487519870540
31556	29.8487519853211
31562	29.8487519852830
31578	29.8487519844681
31582	29.8487519841634
31590	29.8487519826503
31600	29.8487519805152
31606	29.8487519783979
31626	29.8487519779932
31640	29.8487519761338
31646	29.8487519751208
31660	29.8487519737658
31664	29.8487519728698
31676	29.8487519728074
31688	29.8487519677515
31714	29.8487519665486
31730	29.8487519645827
31734	29.8487519628955
31744	29.8487519602448
31746	29.8487519562386
31784	29.8487519548865
31786	29.8487519546143
31788	29.8487519537705
31794	29.8487519523663
31798	29.8487519522646
31812	29.8487519509258
31818	29.8487519498027
31824	29.8487519492931
31830	29.84875194713
31836	29.8487519464623
31850	29.8487519461142
31866	29.8487519418941
31906	29.8487519392416
31908	29.8487519384025
31932	29.8487519343271
31948	29.8487519329501
31958	29.8487519326395
31974	29.8487519303205
31994	29.8487519295837
32006	29.8487519280224
32022	29.8487519278433
32062	29.8487519271193
32068	29.8487519255921
32074	29.8487519232548
32096	29.8487519217954
32114	29.8487519194646
32134	29.8487519167464
32186	29.8487519163803
32192	29.8487519118685
32204	29.8487519108226
32224	29.8487519103389
32230	29.8487519099689
32232	29.848751906916
32238	29.8487519065508
32240	29.8487519049939
32252	29.8487519038573
32268	29.8487519030424
32272	29.848751903026
32292	29.8487519027813
32300	29.8487519022325
32302	29.8487519021080
32330	29.8487519011498
32338	29.8487519010057
32340	29.8487518998291
32346	29.8487518996472
32358	29.8487518972810
32360	29.8487518971266
32364	29.8487518950949
32372	29.8487518942738
32400	29.8487518915193
32422	29.8487518894568
32462	29.8487518892149
32470	29.8487518881118
32506	29.8487518865734
32514	29.848751883912
32534	29.8487518837668
32546	29.8487518836853
32548	29.8487518829502
32564	29.8487518820702
32566	29.8487518819120
32580	29.8487518819108
32590	29.8487518790884
32610	29.8487518781082
32636	29.8487518769675
32672	29.8487518768159
32676	29.8487518759263
32680	29.8487518747036
32706	29.8487518744464
32710	29.8487518742985
32712	29.8487518728498
32732	29.8487518722494
32744	29.8487518716218
32756	29.8487518710549
32766	29.8487518706828
32770	29.848751869909
32772	29.8487518697873
32774	29.8487518662131
32792	29.8487518661592
32804	29.848751864332
32806	29.8487518624889
32812	29.8487518589821
32848	29.8487518582479
32862	29.8487518575575
32864	29.8487518567249
32874	29.8487518545876
32906	29.8487518528258
32910	29.8487518524416
32920	29.8487518498269
32922	29.8487518487147
32940	29.8487518461418
32974	29.8487518460889
32986	29.8487518456959
32988	29.8487518438343
33006	29.8487518423993
33040	29.8487518420579
33056	29.8487518414907
33062	29.8487518414477
33070	29.8487518396669
33098	29.8487518390579
33122	29.8487518388948
33148	29.8487518386225
33154	29.8487518384205
33162	29.8487518375984
33164	29.8487518372194
33172	29.8487518364122
33184	29.8487518354471
33192	29.8487518347576
33206	29.8487518346784
33210	29.8487518345755
33224	29.8487518329744
33232	29.8487518325619
33236	29.8487518324358
33258	29.8487518316724
33266	29.8487518312592
33268	29.848751831109
33272	29.8487518310683
33286	29.8487518290786
33290	29.8487518288896
33294	29.8487518284863
33300	29.8487518274693
33306	29.8487518271401
33312	29.8487518268756
33320	29.8487518256752
33336	29.8487518251298
33340	29.8487518249704
33350	29.8487518239475
33362	29.8487518235301
33380	29.8487518230338
33386	29.8487518228871
33394	29.8487518214252
33406	29.8487518204076
33408	29.8487518200193
33422	29.8487518168466
33440	29.848751813494
33450	29.8487518131336
33472	29.8487518103754
33474	29.8487518092875
33480	29.8487518074955
33504	29.848751802864
33516	29.8487517976683
33522	29.8487517948631
33534	29.8487517930526
33554	29.8487517922897
33556	29.8487517911748
33558	29.8487517883870
33568	29.8487517869289
33570	29.848751783782
33576	29.8487517804717
33596	29.8487517781701
33604	29.8487517755244
33644	29.8487517736759
33652	29.8487517727249
33656	29.848751772368
33660	29.8487517697712
33664	29.8487517684776
33686	29.8487517682362
33696	29.8487517682083
33706	29.8487517653724
33708	29.8487517628046
33730	29.8487517622427
33734	29.8487517618032
33740	29.8487517614027
33750	29.8487517607294
33762	29.8487517591303
33774	29.8487517552778
33790	29.8487517548229
33796	29.8487517539878
33802	29.8487517538689
33804	29.8487517534826
33810	29.8487517530918
33820	29.8487517520400
33824	29.8487517494730
33838	29.8487517480782
33850	29.8487517462335
33854	29.8487517462019
33860	29.8487517439103
33862	29.8487517425166
33870	29.8487517419702
33874	29.8487517418226
33894	29.8487517416057
33900	29.8487517383495
33910	29.8487517352267
33912	29.8487517348031
33914	29.8487517335208
33942	29.8487517326602
33944	29.8487517318518
33952	29.8487517317755
33958	29.8487517293915
33998	29.848751727086
34018	29.8487517260689
34020	29.8487517260462
34046	29.8487517245058
34060	29.8487517238445
34064	29.8487517229296
34066	29.8487517225598
34080	29.8487517223269
34082	29.8487517222881
34084	29.8487517215852
34090	29.8487517199544
34096	29.8487517183244
34116	29.8487517163517
34150	29.8487517154255
34152	29.8487517132646
34156	29.8487517114846
34210	29.8487517111941
34218	29.8487517111344
34222	29.8487517102718
34224	29.8487517091603
34236	29.8487517089008
34240	29.8487517088307
34260	29.8487517068952
34262	29.8487517062676
34264	29.8487517049643
34272	29.8487517037297
34286	29.8487517030254
34292	29.8487517019892
34302	29.8487517009819
34310	29.8487517009133
34318	29.8487517007379
34320	29.8487517006055
34324	29.8487516976144
34334	29.848751697473
34342	29.8487516951274
34354	29.8487516950798
34364	29.8487516940948
34368	29.8487516923918
34378	29.8487516896945
34450	29.8487516890139
34458	29.8487516883717
34480	29.8487516880855
34484	29.8487516865284
34492	29.8487516839448
34506	29.8487516830105
34538	29.8487516829905
34542	29.8487516821006
34546	29.848751681514
34548	29.8487516811555
34554	29.8487516808248
34564	29.8487516807084
34576	29.8487516793982
34592	29.8487516776216
34594	29.8487516772719
34600	29.8487516771875
34606	29.8487516770934
34624	29.8487516769062
34628	29.848751676766
34638	29.8487516763071
34644	29.8487516758271
34648	29.8487516745065
34652	29.8487516740541
34654	29.8487516731013
34668	29.8487516713639
34680	29.8487516701791
34692	29.8487516698946
34698	29.8487516684991
34728	29.8487516676406
34736	29.8487516675953
34740	29.8487516660266
34758	29.8487516638634
34802	29.8487516638046
34814	29.8487516630757
34820	29.8487516621721
34852	29.8487516614505
34856	29.8487516613299
34860	29.8487516603962
34894	29.8487516601226
34902	29.8487516595845
34920	29.8487516586274
34938	29.8487516584165
34948	29.8487516568201
34972	29.8487516567034
34980	29.8487516561446
34982	29.8487516544018
34984	29.8487516536132
34988	29.8487516525642
34994	29.8487516516501
35002	29.8487516515481
35016	29.8487516512194
35036	29.8487516498626
35042	29.8487516490266
35044	29.8487516482196
35056	29.8487516475906
35058	29.8487516465162
35060	29.8487516451018
35082	29.8487516449852
35090	29.84875164483
35096	29.8487516444907
35116	29.8487516442263
35124	29.8487516429829
35132	29.8487516413475
35170	29.8487516410648
35186	29.8487516397474
35198	29.848751638711
35218	29.8487516381167
35236	29.8487516366712
35268	29.8487516358937
35296	29.8487516357799
35304	29.8487516356625
35310	29.8487516347179
35314	29.8487516341743
35322	29.8487516340437
35342	29.8487516333245
35344	29.8487516328552
35354	29.8487516326897
35370	29.8487516323906
35376	29.8487516323714
35378	29.8487516312716
35382	29.8487516309847
35390	29.8487516307392
35396	29.8487516306238
35400	29.8487516306128
35410	29.8487516295002
35414	29.8487516292252
35438	29.8487516281864
35446	29.8487516271811
35498	29.8487516254321
35500	29.8487516252322
35520	29.8487516249224
35538	29.8487516239881
35562	29.8487516237511
35588	29.8487516232004
35600	29.8487516226831
35608	29.848751621898
35628	29.8487516214058
35650	29.848751621255
35658	29.8487516209211
35670	29.8487516205678
35674	29.8487516193794
35678	29.8487516191067
35690	29.8487516177321
35708	29.8487516175517
35722	29.848751617488
35724	29.8487516174789
35730	29.8487516167345
35742	29.8487516161449
35752	29.8487516156696
35754	29.8487516155539
35756	29.8487516148454
35762	29.8487516141818
35776	29.8487516136071
35782	29.8487516122541
35794	29.8487516097973
35796	29.8487516079637
35810	29.8487516076271
35832	29.8487516063630
35848	29.8487516054243
35850	29.8487516052257
35852	29.8487516037324
35862	29.8487516007797
35872	29.8487516001621
35886	29.8487516001336
35890	29.8487515995972
35906	29.8487515991043
35908	29.8487515983224
35912	29.8487515964657
35930	29.8487515960952
35944	29.8487515959035
35950	29.8487515950296
35954	29.8487515942556
35962	29.8487515935719
35992	29.8487515926607
35998	29.8487515923687
36020	29.8487515922017
36022	29.8487515921741
36038	29.8487515917177
36040	29.8487515909937
36056	29.848751589818
36066	29.8487515888532
36098	29.8487515886797
36118	29.8487515869080
36128	29.8487515862086
36174	29.8487515856473
36184	29.8487515855834
36190	29.8487515854856
36206	29.8487515853319
36212	29.848751584658
36224	29.8487515843932
36228	29.8487515842890
36236	29.8487515840990
36238	29.8487515836187
36248	29.8487515834976
36262	29.8487515834771
36268	29.8487515832805
36272	29.8487515830954
36278	29.8487515827486
36296	29.8487515823044
36318	29.8487515822716
36332	29.8487515820178
36352	29.8487515819851
36356	29.8487515819479
36364	29.8487515819473
36390	29.8487515818238
36392	29.8487515817498
36412	29.8487515813447
36414	29.8487515813176
36422	29.8487515810541
36430	29.8487515809963
36456	29.8487515803217
36500	29.8487515802739
36508	29.848751580073
36510	29.8487515798818
36518	29.8487515797304
36522	29.8487515795689
36526	29.8487515792859
36550	29.8487515792372
36552	29.8487515792311
36558	29.8487515791195
36564	29.8487515790779
36570	29.8487515788662
36586	29.848751578451
36606	29.8487515781464
36644	29.8487515778153
36666	29.8487515777124
36670	29.8487515776803
36674	29.8487515775775
36682	29.8487515772353
36688	29.8487515770728
36698	29.8487515768671
36716	29.8487515768043
36728	29.8487515764162
36738	29.8487515762901
36758	29.8487515762636
36760	29.8487515761221
36768	29.8487515759028
36778	29.8487515757813
36788	29.8487515755607
36792	29.8487515755405
36804	29.8487515754528
36830	29.8487515753559
36838	29.8487515749906
36868	29.8487515746836
36894	29.8487515745066
36920	29.8487515744091
36960	29.8487515743778
36962	29.8487515743366
36990	29.8487515742266
36992	29.8487515742137
37004	29.8487515740812
37008	29.8487515739521
37020	29.8487515739406
37022	29.8487515739264
37024	29.8487515739262
37044	29.8487515738496
37048	29.8487515736439
37054	29.8487515735514
37064	29.8487515732678
37078	29.8487515731863
37084	29.8487515731806
37086	29.8487515730294
37092	29.8487515728872
37096	29.8487515726237
37118	29.8487515726217
37120	29.8487515725428
37146	29.8487515725213
37176	29.8487515724751
37188	29.8487515723184
37190	29.8487515723141
37212	29.8487515722095
37214	29.8487515719137
37254	29.8487515718970
37256	29.8487515718371
37260	29.8487515717218
37262	29.8487515717144
37264	29.8487515716595
37270	29.8487515715796
37288	29.8487515715667
37290	29.8487515713016
37298	29.8487515712414
37312	29.8487515712108
37328	29.8487515710731
37338	29.8487515710614
37342	29.8487515710418
37344	29.8487515709907
37348	29.8487515708947
37350	29.8487515708929
37354	29.8487515707573
37366	29.8487515707453
37376	29.8487515707427
37394	29.8487515707162
37398	29.8487515706058
37408	29.8487515705811
37430	29.848751570447
37432	29.8487515704149
37436	29.8487515702159
37458	29.848751570177
37466	29.8487515699628
37492	29.8487515699618
37520	29.8487515699126
37524	29.8487515698685
37526	29.8487515698345
37544	29.8487515697567
37574	29.8487515697488
37588	29.8487515696868
37602	29.8487515696728
37606	29.8487515695623
37638	29.848751569558
37648	29.8487515695264
37650	29.8487515694914
37654	29.8487515694552
37660	29.8487515694445
37674	29.84875156944
37678	29.8487515694264
37680	29.8487515694117
37686	29.8487515693930
37698	29.8487515692935
37700	29.8487515692894
37710	29.8487515692468
37714	29.8487515692188
37720	29.8487515691771
37722	29.8487515690472
37730	29.8487515690099
37736	29.848751568964
37756	29.8487515689581
37758	29.8487515688644
37760	29.8487515687667
37806	29.8487515687607
37814	29.8487515687478
37818	29.8487515687306
37828	29.8487515686467
37830	29.8487515685949
37840	29.8487515685766
37874	29.848751568547
37876	29.8487515684462
37888	29.8487515683871
37900	29.8487515683457
37908	29.8487515682751
37942	29.8487515682336
37956	29.848751568189
37962	29.8487515681138
37978	29.8487515680944
37986	29.8487515679956
37994	29.8487515679386
38014	29.8487515678469
38016	29.8487515677755
38028	29.848751567773
38034	29.8487515677245
38044	29.8487515676722
38052	29.8487515675828
38088	29.8487515675022
38102	29.8487515674819
38112	29.8487515673504
38142	29.8487515672785
38164	29.8487515672225
38188	29.8487515672002
38192	29.8487515671848
38194	29.8487515671746
38214	29.8487515671477
38220	29.8487515670214
38240	29.8487515670199
38270	29.8487515669565
38286	29.8487515668972
38312	29.8487515668895
38332	29.848751566852
38342	29.8487515668183
38354	29.8487515668065
38412	29.8487515667993
38416	29.8487515667617
38442	29.8487515667288
38444	29.8487515667024
38462	29.8487515666433
38466	29.8487515665955
38468	29.8487515665178
38510	29.8487515665100
38514	29.8487515665077
38524	29.8487515664798
38550	29.8487515664614
38570	29.8487515664115
38578	29.8487515663697
38584	29.8487515662634
38598	29.8487515662504
38600	29.8487515662298
38604	29.8487515661945
38618	29.8487515661413
38626	29.8487515661117
38628	29.8487515661037
38646	29.8487515660745
38648	29.848751566058
38658	29.8487515660544
38662	29.8487515660449
38680	29.8487515660024
38686	29.848751565974
38718	29.8487515659578
38724	29.8487515659309
38750	29.8487515659279
38764	29.8487515658955
38778	29.8487515658792
38800	29.8487515658717
38802	29.8487515658598
38808	29.8487515658444
38844	29.8487515658199
38856	29.8487515658118
38864	29.8487515658091
38874	29.8487515657954
38880	29.8487515657935
38882	29.8487515657916
38890	29.848751565764
38902	29.8487515657444
38912	29.8487515657371
38918	29.8487515657169
38944	29.8487515656986
38952	29.8487515656562
38976	29.8487515656471
39002	29.8487515656468
39016	29.8487515656195
39032	29.8487515656193
39040	29.8487515656107
39042	29.8487515655961
39068	29.8487515655939
39070	29.8487515655646
39080	29.8487515655486
39092	29.8487515655338
39094	29.8487515655121
39106	29.8487515655061
39136	29.8487515655009
39138	29.8487515654777
39142	29.8487515654669
39150	29.848751565429
39162	29.8487515654074
39174	29.8487515653955
39190	29.8487515653816
39202	29.8487515653770
39204	29.8487515653753
39206	29.8487515653244
39224	29.8487515653237
39232	29.8487515653061
39248	29.8487515652877
39272	29.8487515652755
39280	29.8487515652725
39282	29.8487515652564
39288	29.8487515652507
39306	29.8487515652090
39310	29.8487515652082
39314	29.8487515652001
39322	29.8487515651986
39324	29.8487515651908
39330	29.8487515651783
39336	29.8487515651656
39340	29.8487515651608
39364	29.8487515651546
39366	29.8487515651279
39372	29.8487515651155
39406	29.8487515651061
39420	29.8487515651049
39422	29.8487515650985
39426	29.8487515650873
39438	29.8487515650844
39440	29.8487515650208
39452	29.8487515650153
39474	29.8487515650058
39498	29.8487515649953
39500	29.8487515649941
39504	29.8487515649737
39506	29.8487515649722
39514	29.8487515649602
39522	29.8487515649470
39550	29.8487515649058
39570	29.8487515649031
39572	29.8487515648984
39592	29.8487515648878
39594	29.8487515648778
39596	29.8487515648772
39618	29.8487515648755
39630	29.8487515648441
39638	29.8487515648422
39648	29.8487515648382
39650	29.8487515648298
39652	29.8487515648291
39656	29.8487515647884
39672	29.8487515647798
39682	29.8487515647672
39692	29.8487515647612
39694	29.8487515647478
39698	29.8487515647423
39704	29.8487515647399
39712	29.848751564729
39718	29.8487515646969
39726	29.8487515646775
39754	29.8487515646547
39762	29.8487515646397
39788	29.8487515646156
39792	29.8487515646148
39802	29.8487515645957
39808	29.8487515645753
39828	29.8487515645562
39844	29.8487515645497
39856	29.8487515645375
39862	29.8487515645184
39872	29.8487515645083
39880	29.8487515645059
39892	29.8487515644837
39900	29.8487515644827
39902	29.8487515644799
39910	29.8487515644221
39930	29.8487515644173
39946	29.8487515644065
39964	29.8487515643882
39968	29.8487515643792
39974	29.8487515643206
39980	29.8487515642634
40012	29.8487515642622
40026	29.8487515642467
40032	29.8487515642336
40034	29.8487515641972
40038	29.8487515641835
40048	29.8487515641462
40078	29.8487515641339
40086	29.8487515641209
40088	29.8487515641173
40094	29.8487515640665
40108	29.8487515640085
40144	29.8487515639476
40176	29.8487515639457
40192	29.8487515639369
40198	29.8487515639262
40210	29.8487515638817
40214	29.8487515638724
40218	29.8487515638299
40238	29.8487515638298
40254	29.8487515638237
40258	29.8487515638108
40264	29.8487515637846
40284	29.8487515637803
40308	29.8487515637576
40312	29.8487515637568
40328	29.8487515637458
40362	29.8487515637243
40368	29.8487515636795
40392	29.8487515636335
40440	29.8487515635816
40448	29.8487515635586
40462	29.8487515635362
40466	29.8487515635278
40488	29.8487515634929
40498	29.8487515634702
40526	29.8487515634634
40530	29.848751563453
40560	29.8487515634471
40570	29.8487515634248
40572	29.8487515634144
40586	29.8487515633983
40602	29.8487515633567
40614	29.8487515633307
40624	29.8487515633241
40628	29.8487515633139
40630	29.8487515633127
40636	29.8487515633076
40642	29.8487515632980
40656	29.8487515632787
40666	29.8487515632629
40676	29.8487515632431
40700	29.8487515632307
40714	29.8487515632177
40716	29.8487515631876
40744	29.8487515631424
40754	29.8487515631328
40766	29.8487515630914
40774	29.8487515630832
40784	29.848751563083
40788	29.8487515630823
40790	29.8487515630675
40806	29.8487515630663
40824	29.8487515630606
40832	29.8487515630601
40840	29.8487515630432
40870	29.84875156304
40872	29.8487515630244
40896	29.848751563017
40902	29.8487515630107
40904	29.8487515629954
40918	29.8487515629928
40922	29.8487515629735
40924	29.8487515629422
40938	29.8487515629376
40940	29.8487515629299
40944	29.8487515629071
40980	29.8487515628360
40996	29.8487515628132
41014	29.8487515627710
41028	29.8487515627437
41040	29.8487515627012
41056	29.8487515626917
41074	29.8487515626532
41096	29.8487515626351
41118	29.8487515626311
41140	29.8487515626267
41150	29.8487515626007
41178	29.8487515625931
41208	29.8487515625882
41222	29.8487515625780
41234	29.8487515625698
41236	29.8487515625686
41246	29.8487515625624
41264	29.8487515625616
41266	29.8487515625601
41268	29.8487515625512
41284	29.8487515625331
41288	29.8487515625164
41322	29.8487515625092
41332	29.8487515625012
41344	29.8487515624916
41348	29.8487515624904
41354	29.8487515624834
41360	29.8487515624733
41382	29.8487515624653
41384	29.8487515624637
41406	29.8487515624519
41416	29.8487515624471
41424	29.8487515624468
41438	29.8487515624269
41464	29.8487515624247
41474	29.8487515624214
41482	29.8487515624101
41502	29.8487515624058
41510	29.8487515624029
41518	29.8487515623977
41530	29.8487515623960
41548	29.8487515623934
41552	29.8487515623926
41562	29.8487515623810
41576	29.8487515623803
41604	29.8487515623798
41614	29.8487515623796
41616	29.8487515623765
41632	29.8487515623753
41640	29.8487515623735
41642	29.8487515623733
41650	29.8487515623723
41656	29.8487515623657
41682	29.8487515623642
41694	29.8487515623638
41696	29.8487515623635
41700	29.848751562362
41708	29.8487515623584
41716	29.8487515623583
41720	29.8487515623580
41732	29.8487515623576
41736	29.8487515623538
41740	29.8487515623492
41752	29.8487515623482
41754	29.8487515623466
41762	29.8487515623455
41776	29.8487515623451
41782	29.8487515623401
41788	29.8487515623370
41800	29.8487515623363
41808	29.8487515623362
41810	29.8487515623361
41812	29.8487515623291
41818	29.8487515623285
41820	29.848751562325
41846	29.8487515623203
41860	29.8487515623108
41878	29.8487515623081
41882	29.8487515623077
41884	29.8487515622988
41908	29.8487515622860
41940	29.8487515622829
41960	29.8487515622749
41978	29.8487515622714
41988	29.8487515622613
42020	29.8487515622584
42030	29.8487515622528
42066	29.8487515622409
42096	29.848751562239
42104	29.8487515622355
42116	29.8487515622300
42140	29.8487515622263
42144	29.8487515622247
42156	29.848751562222
42170	29.8487515622211
42180	29.8487515622140
42200	29.848751562212
42212	29.8487515622059
42218	29.8487515622055
42220	29.8487515622051
42222	29.8487515622007
42236	29.8487515621966
42244	29.8487515621938
42274	29.8487515621937
42284	29.8487515621909
42288	29.8487515621906
42306	29.8487515621888
42316	29.8487515621862
42322	29.8487515621838
42342	29.8487515621790
42356	29.8487515621738
42380	29.8487515621718
42388	29.8487515621692
42420	29.8487515621664
42428	29.8487515621621
42452	29.8487515621609
42470	29.8487515621578
42474	29.8487515621566
42478	29.8487515621542
42486	29.8487515621528
42488	29.8487515621495
42508	29.8487515621457
42532	29.8487515621445
42538	29.8487515621439
42550	29.8487515621386
42560	29.8487515621362
42580	29.8487515621345
42596	29.8487515621338
42598	29.8487515621302
42630	29.8487515621285
42634	29.8487515621285
42642	29.8487515621261
42648	29.8487515621211
42690	29.8487515621208
42692	29.8487515621188
42710	29.8487515621156
42722	29.8487515621150
42740	29.8487515621104
42748	29.8487515621064
42764	29.8487515621057
42782	29.8487515621045
42784	29.8487515621028
42792	29.8487515620986
42804	29.8487515620982
42810	29.8487515620953
42814	29.8487515620948
42816	29.8487515620939
42836	29.8487515620843
42838	29.8487515620749
42840	29.8487515620682
42856	29.8487515620664
42862	29.8487515620641
42864	29.8487515620631
42898	29.8487515620581
42914	29.8487515620553
42918	29.8487515620539
42950	29.8487515620507
42972	29.8487515620494
42986	29.8487515620442
43012	29.8487515620439
43016	29.8487515620399
43056	29.8487515620396
43062	29.8487515620382
43064	29.8487515620361
43066	29.8487515620318
43100	29.8487515620305
43104	29.8487515620291
43106	29.8487515620286
43114	29.8487515620282
43120	29.8487515620194
43136	29.8487515620179
43140	29.8487515620171
43152	29.8487515620113
43162	29.8487515620086
43172	29.8487515620053
43178	29.8487515619934
43196	29.8487515619926
43198	29.8487515619919
43210	29.8487515619896
43218	29.8487515619848
43232	29.8487515619842
43240	29.8487515619829
43244	29.8487515619814
43246	29.8487515619729
43262	29.8487515619676
43290	29.848751561963
43294	29.8487515619576
43316	29.8487515619558
43332	29.8487515619482
43336	29.8487515619477
43338	29.8487515619355
43356	29.8487515619193
43368	29.8487515619137
43378	29.8487515619125
43390	29.8487515619101
43402	29.8487515619040
43404	29.8487515618978
43410	29.8487515618968
43416	29.8487515618941
43422	29.8487515618939
43426	29.8487515618922
43428	29.8487515618857
43430	29.8487515618802
43454	29.8487515618775
43464	29.8487515618771
43472	29.8487515618757
43486	29.8487515618741
43490	29.8487515618718
43496	29.8487515618696
43500	29.8487515618667
43528	29.8487515618656
43534	29.8487515618654
43540	29.8487515618643
43554	29.8487515618631
43556	29.8487515618617
43558	29.8487515618585
43588	29.8487515618578
43610	29.8487515618562
43618	29.8487515618553
43628	29.848751561852
43640	29.8487515618505
43644	29.8487515618472
43658	29.8487515618470
43666	29.8487515618457
43668	29.8487515618440
43674	29.848751561841
43676	29.8487515618357
43678	29.8487515618269
43688	29.8487515618171
43734	29.8487515618133
43736	29.8487515618093
43742	29.8487515618071
43762	29.8487515618063
43766	29.8487515617966
43800	29.8487515617965
43814	29.8487515617961
43818	29.8487515617960
43822	29.8487515617922
43826	29.8487515617919
43830	29.848751561784
43844	29.8487515617834
43846	29.8487515617795
43862	29.8487515617785
43864	29.8487515617706
43880	29.8487515617706
43884	29.8487515617658
43886	29.8487515617643
43902	29.8487515617619
43910	29.8487515617614
43914	29.8487515617583
43934	29.8487515617509
43938	29.8487515617416
43992	29.8487515617402
43996	29.84875156174
44012	29.8487515617395
44016	29.8487515617374
44018	29.8487515617343
44024	29.8487515617324
44036	29.8487515617248
44050	29.848751561721
44070	29.8487515617187
44078	29.8487515617163
44084	29.8487515617123
44096	29.8487515617097
44110	29.8487515617087
44142	29.8487515617076
44144	29.8487515617063
44174	29.8487515617054
44178	29.8487515617037
44196	29.848751561703
44200	29.8487515617024
44208	29.8487515617011
44226	29.8487515617
44232	29.8487515616993
44234	29.8487515616984
44240	29.8487515616974
44242	29.8487515616965
44244	29.8487515616956
44258	29.8487515616954
44266	29.8487515616953
44268	29.8487515616950
44270	29.8487515616944
44272	29.848751561694
44274	29.8487515616914
44280	29.848751561691
44290	29.8487515616905
44314	29.8487515616876
44342	29.8487515616865
44352	29.8487515616862
44354	29.8487515616856
44366	29.8487515616840
44376	29.8487515616829
44394	29.8487515616826
44406	29.8487515616824
44414	29.8487515616802
44428	29.8487515616783
44436	29.8487515616763
44462	29.8487515616755
44466	29.8487515616741
44474	29.8487515616739
44478	29.8487515616711
44484	29.848751561669
44486	29.8487515616678
44498	29.8487515616655
44544	29.8487515616645
44550	29.8487515616612
44562	29.8487515616611
44570	29.8487515616600
44584	29.8487515616576
44588	29.8487515616541
44598	29.8487515616511
44610	29.8487515616498
44630	29.8487515616489
44638	29.8487515616355
44688	29.8487515616337
44690	29.8487515616299
44726	29.8487515616284
44738	29.8487515616256
44784	29.8487515616252
44786	29.8487515616249
44798	29.8487515616244
44810	29.8487515616239
44814	29.8487515616238
44816	29.8487515616223
44854	29.8487515616215
44862	29.8487515616205
44864	29.8487515616193
44882	29.8487515616187
44888	29.848751561617
44900	29.8487515616164
44912	29.8487515616161
44914	29.8487515616137
44922	29.8487515616128
44928	29.8487515616119
44932	29.8487515616112
44934	29.848751561611
44936	29.8487515616093
44954	29.8487515616082
44960	29.8487515616081
44968	29.8487515616080
44980	29.8487515616071
44996	29.8487515616045
44998	29.8487515616033
45004	29.8487515616022
45018	29.8487515616016
45036	29.84875156160
45044	29.848751561599
45062	29.8487515615981
45078	29.8487515615972
45086	29.8487515615967
45096	29.8487515615961
45116	29.848751561596
45128	29.8487515615954
45138	29.8487515615951
45148	29.8487515615945
45162	29.8487515615941
45166	29.8487515615936
45172	29.8487515615929
45182	29.8487515615926
45198	29.848751561592
45212	29.8487515615915
45220	29.8487515615906
45228	29.8487515615899
45246	29.8487515615894
45266	29.8487515615893
45270	29.8487515615889
45274	29.8487515615882
45298	29.8487515615878
45300	29.8487515615868
45316	29.8487515615855
45326	29.8487515615854
45328	29.8487515615848
45342	29.8487515615835
45388	29.8487515615829
45390	29.8487515615799
45394	29.8487515615794
45422	29.8487515615772
45430	29.8487515615759
45432	29.8487515615747
45452	29.8487515615745
45456	29.8487515615743
45520	29.848751561574
45528	29.8487515615733
45542	29.8487515615726
45566	29.8487515615723
45572	29.8487515615722
45580	29.8487515615714
45614	29.8487515615709
45638	29.8487515615704
45642	29.8487515615700
45674	29.8487515615692
45690	29.8487515615690
45718	29.8487515615687
45720	29.8487515615675
45784	29.8487515615668
45794	29.8487515615666
45800	29.8487515615664
45822	29.848751561566
45824	29.8487515615652
45846	29.848751561565
45866	29.8487515615649
45872	29.8487515615644
45880	29.8487515615634
45898	29.8487515615629
45914	29.8487515615621
45930	29.848751561562
45954	29.8487515615619
45966	29.8487515615618
45968	29.8487515615614
45988	29.8487515615614
45996	29.8487515615611
45998	29.8487515615609
46026	29.8487515615605
46050	29.8487515615604
46052	29.8487515615604
46058	29.8487515615601
46064	29.8487515615599
46070	29.8487515615599
46080	29.8487515615598
46082	29.8487515615597
46084	29.8487515615596
46102	29.8487515615594
46118	29.8487515615590
46134	29.8487515615589
46146	29.8487515615583
46150	29.8487515615574
46162	29.8487515615568
46170	29.8487515615566
46188	29.8487515615565
46198	29.8487515615565
46204	29.8487515615557
46212	29.8487515615551
46216	29.8487515615550
46226	29.8487515615548
46232	29.8487515615546
46234	29.8487515615540
46236	29.8487515615532
46240	29.8487515615527
46260	29.848751561552
46278	29.8487515615511
46336	29.8487515615507
46372	29.8487515615507
46380	29.84875156155
46392	29.8487515615500
46406	29.8487515615497
46416	29.8487515615494
46430	29.8487515615492
46458	29.8487515615490
46484	29.8487515615489
46500	29.8487515615486
46506	29.8487515615482
46536	29.8487515615480
46566	29.8487515615479
46568	29.8487515615478
46586	29.8487515615476
46588	29.8487515615473
46614	29.8487515615469
46632	29.8487515615469
46636	29.8487515615467
46644	29.8487515615465
46658	29.8487515615463
46678	29.8487515615459
46694	29.8487515615457
46706	29.8487515615456
46708	29.8487515615456
46724	29.8487515615453
46726	29.8487515615452
46732	29.8487515615450
46742	29.8487515615449
46746	29.8487515615449
46748	29.8487515615447
46750	29.8487515615445
46766	29.8487515615443
46780	29.8487515615441
46790	29.8487515615441
46806	29.8487515615438
46814	29.8487515615435
46822	29.8487515615428
46848	29.8487515615425
46856	29.8487515615423
46862	29.8487515615422
46874	29.8487515615417
46908	29.8487515615415
46914	29.8487515615411
46924	29.8487515615411
46926	29.8487515615410
46932	29.8487515615409
46934	29.8487515615407
46946	29.8487515615406
46950	29.8487515615404
46964	29.8487515615404
46966	29.8487515615402
46980	29.8487515615399
46990	29.8487515615399
46994	29.8487515615395
47016	29.8487515615395
47018	29.8487515615392
47024	29.848751561539
47034	29.8487515615389
47042	29.8487515615386
47064	29.8487515615378
47076	29.8487515615376
47096	29.8487515615375
47106	29.8487515615372
47126	29.848751561537
47150	29.848751561537
47168	29.8487515615369
47180	29.8487515615368
47192	29.8487515615368
47194	29.8487515615367
47214	29.8487515615367
47230	29.8487515615364
47256	29.8487515615363
47278	29.8487515615363
47292	29.8487515615362
47316	29.8487515615362
47320	29.8487515615361
47328	29.848751561536
47330	29.8487515615360
47340	29.8487515615359
47356	29.8487515615359
47388	29.8487515615358
47396	29.8487515615358
47404	29.8487515615358
47414	29.8487515615356
47418	29.8487515615356
47472	29.8487515615356
47474	29.8487515615356
47476	29.8487515615355
47482	29.8487515615354
47484	29.8487515615352
47498	29.8487515615352
47516	29.8487515615350
47544	29.8487515615350
47550	29.848751561535
47552	29.8487515615349
47558	29.8487515615348
47586	29.8487515615348
47588	29.8487515615348
47608	29.8487515615346
47614	29.8487515615345
47628	29.8487515615344
47638	29.8487515615344
47646	29.8487515615344
47658	29.8487515615343
47672	29.8487515615339
47696	29.8487515615339
47698	29.8487515615339
47722	29.8487515615338
47724	29.8487515615338
47754	29.8487515615337
47758	29.8487515615337
47774	29.8487515615337
47780	29.8487515615336
47784	29.8487515615335
47810	29.8487515615335
47844	29.8487515615334
47848	29.8487515615334
47850	29.8487515615333
47852	29.8487515615332
47876	29.8487515615332
47884	29.8487515615331
47894	29.8487515615331
47904	29.8487515615331
47912	29.848751561533
47962	29.8487515615330
47974	29.8487515615329
47980	29.8487515615329
47984	29.8487515615329
47992	29.8487515615329
48006	29.8487515615328
48036	29.8487515615328
48038	29.8487515615328
48040	29.8487515615328
48054	29.8487515615327
48066	29.8487515615327
48084	29.8487515615327
48092	29.8487515615327
48110	29.8487515615327
48118	29.8487515615327
48130	29.8487515615327
48138	29.8487515615326
48152	29.8487515615326
48192	29.8487515615326
48204	29.8487515615326
48226	29.8487515615326
48240	29.8487515615326
48250	29.8487515615326
48254	29.8487515615326
48256	29.8487515615325
48260	29.8487515615325
48276	29.8487515615325
48296	29.8487515615324
48312	29.8487515615324
48328	29.8487515615324
48348	29.8487515615324
48352	29.8487515615323
48374	29.8487515615322
48378	29.8487515615322
48380	29.8487515615322
48392	29.8487515615321
48412	29.8487515615321
48414	29.8487515615321
48424	29.8487515615321
48442	29.8487515615320
48452	29.8487515615320
48454	29.848751561532
48458	29.848751561532
48468	29.8487515615319
48482	29.8487515615319
48484	29.8487515615319
48496	29.8487515615319
48504	29.8487515615318
48506	29.8487515615318
48510	29.8487515615318
48512	29.8487515615318
48524	29.8487515615317
48540	29.8487515615316
48552	29.8487515615316
48568	29.8487515615315
48576	29.8487515615315
48582	29.8487515615314
48596	29.8487515615314
48612	29.8487515615312
48626	29.8487515615312
48634	29.8487515615312
48640	29.8487515615312
48648	29.8487515615311
48662	29.8487515615311
48666	29.8487515615311
48688	29.848751561531
48704	29.848751561531
48708	29.8487515615310
48710	29.8487515615309
48730	29.8487515615309
48752	29.8487515615307
48756	29.8487515615307
48762	29.8487515615305
48768	29.8487515615305
48794	29.8487515615305
48806	29.8487515615305
48810	29.8487515615304
48826	29.8487515615304
48830	29.8487515615304
48832	29.8487515615303
48836	29.8487515615303
48840	29.8487515615303
48842	29.8487515615302
48846	29.8487515615302
48876	29.8487515615301
48878	29.8487515615300
48888	29.84875156153
48892	29.8487515615299
48918	29.8487515615298
48924	29.8487515615298
48944	29.8487515615296
48960	29.8487515615295
48970	29.8487515615295
48996	29.8487515615291
49018	29.8487515615291
49028	29.8487515615288
49044	29.8487515615287
49064	29.8487515615287
49066	29.8487515615287
49072	29.8487515615286
49092	29.8487515615286
49104	29.8487515615286
49120	29.8487515615285
49130	29.8487515615284
49132	29.8487515615284
49144	29.8487515615282
49160	29.8487515615282
49176	29.8487515615282
49194	29.8487515615281
49198	29.8487515615281
49218	29.848751561528
49232	29.8487515615279
49234	29.8487515615278
49256	29.8487515615276
49280	29.8487515615274
49292	29.8487515615274
49296	29.8487515615273
49302	29.848751561527
49348	29.8487515615269
49372	29.8487515615267
49404	29.8487515615265
49476	29.8487515615264
49496	29.8487515615264
49504	29.8487515615263
49512	29.8487515615262
49516	29.8487515615262
49540	29.8487515615261
49562	29.8487515615261
49594	29.848751561526
49602	29.848751561526
49608	29.848751561526
49620	29.8487515615260
49634	29.8487515615259
49654	29.8487515615259
49656	29.8487515615258
49704	29.8487515615258
49710	29.8487515615258
49716	29.8487515615258
49718	29.8487515615258
49722	29.8487515615257
49724	29.8487515615257
49738	29.8487515615257
49748	29.8487515615257
49760	29.8487515615257
49762	29.8487515615257
49778	29.8487515615256
49782	29.8487515615256
49790	29.8487515615256
49806	29.8487515615255
49816	29.8487515615255
49832	29.8487515615255
49866	29.8487515615255
49874	29.8487515615254
49876	29.8487515615254
49884	29.8487515615254
49894	29.8487515615254
49924	29.8487515615254
49944	29.8487515615254
49966	29.8487515615253
49968	29.8487515615253
49970	29.8487515615253
49976	29.8487515615253
49982	29.8487515615253
50004	29.8487515615252
50010	29.8487515615252
50032	29.8487515615252
50034	29.8487515615252
50036	29.8487515615252
50050	29.8487515615252
50066	29.8487515615251
50106	29.8487515615251
50110	29.8487515615251
50114	29.8487515615251
50122	29.8487515615251
50138	29.8487515615251
50142	29.8487515615251
50184	29.8487515615250
50214	29.848751561525
50218	29.848751561525
50226	29.848751561525
50228	29.848751561525
50238	29.8487515615250
50264	29.8487515615250
50270	29.8487515615249
50272	29.8487515615249
50282	29.8487515615249
50286	29.8487515615249
50290	29.8487515615249
50326	29.8487515615249
50354	29.8487515615249
50360	29.8487515615249
50384	29.8487515615248
50420	29.8487515615248
50426	29.8487515615248
50436	29.8487515615248
50440	29.8487515615248
50446	29.8487515615248
50458	29.8487515615248
50460	29.8487515615248
50514	29.8487515615248
50522	29.8487515615247
50552	29.8487515615247
50596	29.8487515615247
50610	29.8487515615247
50630	29.8487515615247
50644	29.8487515615247
50666	29.8487515615247
50690	29.8487515615247
50694	29.8487515615247
50718	29.8487515615247
50724	29.8487515615246
50760	29.8487515615246
50774	29.8487515615246
50778	29.8487515615246
50852	29.8487515615246
50856	29.8487515615246
50874	29.8487515615246
50878	29.8487515615246
50886	29.8487515615246
50890	29.8487515615246
50906	29.8487515615246
50908	29.8487515615246
50962	29.8487515615246
50968	29.8487515615245
50970	29.8487515615245
50974	29.8487515615245
50980	29.8487515615245
51016	29.8487515615245
51020	29.8487515615245
51026	29.8487515615245
51046	29.8487515615245
51054	29.8487515615245
51082	29.8487515615245
51084	29.8487515615244
51088	29.8487515615244
51090	29.8487515615244
51102	29.8487515615244
51118	29.8487515615244
51124	29.8487515615244
51130	29.8487515615243
51148	29.8487515615243
51174	29.8487515615243
51184	29.8487515615243
51190	29.8487515615242
51202	29.8487515615242
51206	29.8487515615242
51208	29.8487515615242
51214	29.8487515615242
51216	29.8487515615242
51218	29.8487515615242
51220	29.8487515615242
51230	29.8487515615242
51236	29.8487515615242
51262	29.8487515615242
51270	29.8487515615242
51276	29.8487515615242
51278	29.8487515615241
51280	29.8487515615241
51294	29.8487515615241
51312	29.8487515615241
51320	29.8487515615241
51328	29.8487515615241
51344	29.848751561524
51348	29.848751561524
51360	29.848751561524
51368	29.848751561524
51382	29.8487515615239
51408	29.8487515615239
51414	29.8487515615239
51418	29.8487515615239
51420	29.8487515615238
51432	29.8487515615237
51456	29.8487515615237
51458	29.8487515615237
51460	29.8487515615236
51476	29.8487515615236
51480	29.8487515615236
51486	29.8487515615236
51498	29.8487515615235
51502	29.8487515615235
51534	29.8487515615235
51536	29.8487515615235
51540	29.8487515615235
51554	29.8487515615235
51556	29.8487515615235
51572	29.8487515615234
51582	29.8487515615234
51598	29.8487515615234
51626	29.8487515615234
51636	29.8487515615234
51644	29.8487515615234
51680	29.8487515615234
51696	29.8487515615234
51754	29.8487515615234
51762	29.8487515615234
51786	29.8487515615233
51802	29.8487515615233
51806	29.8487515615233
51812	29.8487515615233
51828	29.8487515615233
51846	29.8487515615233
51856	29.8487515615233
51872	29.8487515615233
51918	29.8487515615233
51926	29.8487515615233
51938	29.8487515615233
51950	29.8487515615233
51958	29.8487515615233
51966	29.8487515615232
51974	29.8487515615232
52014	29.8487515615232
52024	29.8487515615232
52088	29.8487515615232
52098	29.8487515615232
52106	29.8487515615232
52160	29.8487515615232
52170	29.8487515615232
52204	29.8487515615232
52282	29.8487515615232
52288	29.8487515615232
52306	29.8487515615232
52318	29.8487515615232
52320	29.8487515615231
52328	29.8487515615231
52338	29.8487515615231
52354	29.8487515615231
52356	29.8487515615231
52362	29.8487515615231
52384	29.8487515615231
52386	29.8487515615231
52398	29.8487515615231
52412	29.8487515615231
52430	29.8487515615231
52432	29.8487515615231
52436	29.8487515615231
52444	29.8487515615230
52482	29.848751561523
52488	29.848751561523
52492	29.848751561523
52496	29.848751561523
52500	29.848751561523
52516	29.848751561523
52518	29.848751561523
52522	29.848751561523
52528	29.8487515615229
52544	29.8487515615229
52546	29.8487515615229
52552	29.8487515615229
52578	29.8487515615229
52580	29.8487515615229
52586	29.8487515615229
52588	29.8487515615229
52628	29.8487515615229
52656	29.8487515615229
52690	29.8487515615229
52700	29.8487515615229
52702	29.8487515615229
52730	29.8487515615229
52768	29.8487515615229
52792	29.8487515615229
52794	29.8487515615229
52810	29.8487515615229
52818	29.8487515615229
52824	29.8487515615229
52838	29.8487515615228
52852	29.8487515615228
52908	29.8487515615228
52924	29.8487515615228
52948	29.8487515615228
52958	29.8487515615228
53000	29.8487515615228
53006	29.8487515615228
53036	29.8487515615228
53048	29.8487515615228
53134	29.8487515615228
53204	29.8487515615228
53374	29.8487515615227
53412	29.8487515615227
53506	29.8487515615227
53528	29.8487515615227
53576	29.8487515615227
53698	29.8487515615227
53844	29.8487515615227
53904	29.8487515615227
53994	29.8487515615227
54012	29.8487515615227
54028	29.8487515615227
54058	29.8487515615227
54076	29.8487515615226
54106	29.8487515615226
54108	29.8487515615226
54142	29.8487515615226
54156	29.8487515615226
54170	29.8487515615226
54182	29.8487515615226
54208	29.8487515615226
54220	29.8487515615226
54246	29.8487515615226
54294	29.8487515615226
54334	29.8487515615226
54344	29.8487515615226
54536	29.8487515615226
54542	29.8487515615225
54642	29.8487515615225
54672	29.8487515615225
54734	29.8487515615225
54856	29.8487515615225
54946	29.8487515615225
55012	29.8487515615225
55074	29.8487515615225
55080	29.8487515615225
55316	29.8487515615225
55412	29.8487515615225
57770	29.8487515615225
58202	29.8487515615225
58686	29.8487515615225
59442	29.8487515615225
61178	29.8487515615225
61414	29.8487515615225
68448	29.8487515615225
68628	29.8487515615225
73804	29.8487515615225
86484	29.8487515615224
103942	29.8487515615224
110262	29.8487515615224
111306	29.8487515615224
116248	29.8487515615224
185050	29.8487515615224
300000	29.8487515615224
