52	446.647242201902
86	419.701078894088
128	406.466768600417
138	360.114344268328
198	356.811223129712
204	326.365159372530
258	314.737365853211
260	277.38517513698
384	212.72835349232
814	200.895055380262
5190	196.803631346120
5258	196.233140143028
5374	188.908306914118
5698	186.452130242704
6114	161.587062165491
6498	131.705196433224
6582	118.919143825606
6660	115.029708031939
6682	103.772308854843
6708	92.7953030134917
6720	88.1647182441555
6768	86.9308165380421
6816	81.9841831021948
6832	81.4063250207516
6838	78.14499025858
6936	76.7287671439723
6950	76.3839442418136
6952	75.1635604198031
6982	74.766877318105
6984	74.7506298254667
6992	74.32313513859
7000	70.9550324996976
7044	69.5833125532756
7046	68.5719599336979
7062	67.5572258550067
7080	66.5565973399881
7090	65.6114847104242
7120	64.6120140212299
7124	64.5867391432838
7130	64.39004759864
7142	63.121435310295
7152	62.8961709981801
7154	62.6971515431401
7158	61.6107384097268
7162	60.8015331472155
7184	60.0801527376888
7188	58.8363483276818
7192	58.3559402058002
7206	57.5521638351419
7222	56.4192227439443
7250	56.1365870640346
7264	55.9191932701391
7272	55.0783617172121
7274	54.6509837865541
7280	54.473545308389
7286	53.7051133058831
7298	53.1583424108252
7306	52.5928970117529
7324	52.2918723985227
7352	52.2774199187113
7356	52.2081335576175
7364	51.7947500002941
7366	51.6427615221171
7374	51.1282295027741
7382	50.8202819029865
7396	50.5481965841461
7414	50.3926819874545
7416	49.9954487951281
7424	49.708358075465
7434	49.0860621012995
7474	48.9073008777485
7498	48.0725534145053
7518	47.8452047409635
7522	47.6149638959282
7532	46.7369287630103
7548	46.24303843252
7566	46.0352197875809
7576	45.7049216144351
7598	45.6348562325993
7626	45.4699311817047
7628	44.9801108413774
7630	44.8900160450164
7634	44.5029427915257
7648	44.1851875366983
7658	44.1590982838642
7706	43.7863136570285
7748	43.6491719272403
7756	42.844832363601
7784	42.8005770601988
7786	42.0324086390848
7798	41.6213581682905
7836	41.2128993919939
7838	40.8728653995534
7844	40.7969999953819
7846	40.5375711696667
7874	40.3437538462966
7882	40.1384446976131
7884	40.1115548010719
7890	39.7641100366264
7946	39.694224433877
7962	39.2839354381722
7998	39.1169065600184
8004	39.0436605222988
8018	39.0333691273861
8032	38.990602188598
8040	38.9478085508225
8066	38.8308730383373
8074	38.7017333812678
8084	38.6573179576512
8086	38.6193115694959
8088	38.582516479516
8110	38.385406746348
8118	38.2740003364194
8138	38.2693798956924
8142	38.1725729993578
8146	38.1131878768848
8152	37.9950359883468
8162	37.8198221028779
8190	37.786987837533
8206	37.6247562155136
8224	37.5610256115558
8232	37.5314105912839
8246	37.5167230557868
8262	37.41231723521
8274	37.3155076850504
8288	37.2608011317685
8292	37.1738970033381
8296	37.1201465322926
8300	37.0589039863576
8308	37.0543579287134
8312	37.0252617552516
8322	36.9148209404224
8338	36.7197351905063
8358	36.6993445314298
8372	36.5594793679471
8380	36.3721671602071
8382	36.3069077446545
8394	36.0468072571908
8424	35.8853070591189
8446	35.6928192801220
8454	35.6623800312315
8462	35.5186210490864
8482	35.5057810104405
8490	35.5025121044579
8496	35.464534461382
8498	35.2068900114542
8500	35.1732906535845
8504	35.0015903967502
8522	34.8151757158927
8540	34.7745043019469
8544	34.6800863577712
8568	34.5698284765052
8574	34.4169289868682
8606	34.1137792365102
8644	34.0524561005747
8646	33.6268383468675
8688	33.5379874774669
8706	33.5337900822358
8724	33.1974705862274
8756	32.9832194139996
8764	32.963482858594
8774	32.8481998193278
8784	32.8234685772875
8808	32.7355345071199
8812	32.6165680652273
8814	32.4101972650282
8818	32.3993298546593
8820	32.3979500963868
8824	32.3406778742401
8830	32.2362461971271
8864	31.9576917646024
8888	31.8102169792143
8892	31.7787051666995
8894	31.6833743159588
8920	31.6442206601752
8930	31.6350422893694
8940	31.6253438201601
8944	31.2635633905876
9002	31.2587755443594
9016	31.1020372632648
9020	31.0313816389101
9024	30.7555440700643
9026	30.5346328531855
9082	30.3534104308191
9104	30.3463053175062
9110	30.3341380211652
9114	30.1926701097352
9134	30.1614376975789
9138	29.9352234147153
9152	29.8686906783918
9186	29.8641824255308
9190	29.7466147905404
9202	29.7285218734663
9220	29.6569134227630
9226	29.4941333031066
9228	29.4742928315238
9230	29.3789015221421
9238	29.3719209486422
9250	29.3317664634013
9260	29.2006398945540
9270	29.1907979045120
9286	29.1307881857016
9296	29.1128429173771
9302	29.0130375164009
9330	28.9750404280218
9342	28.9560667665971
9352	28.8979794945902
9366	28.8869225279148
9370	28.7771177567476
9396	28.7238106854403
9418	28.7098636098476
9420	28.7096790134934
9428	28.5829844955484
9460	28.5554368435161
9500	28.5436703496474
9506	28.4339882909662
9516	28.3753233799269
9524	28.3500112827975
9540	28.3083100392986
9550	28.250428775356
9556	28.206438727924
9562	28.1141520025739
9566	28.0394044654402
9578	27.8986946294847
9598	27.8615988819196
9606	27.845744894611
9614	27.8182326248168
9624	27.8147940118911
9626	27.8010786260040
9630	27.6793202380834
9642	27.5525564133963
9690	27.5380354186744
9692	27.5160094109232
9710	27.4871506392452
9716	27.4696012528709
9726	27.4291485962282
9746	27.3535501960041
9764	27.2850035610020
9774	27.2430739642454
9794	27.1858391735086
9796	27.1407652609457
9804	27.07988494834
9826	26.9932519316169
9846	26.9819293101396
9850	26.9528071910741
9856	26.8163524361342
9892	26.7406277405612
9916	26.7224302807921
9940	26.6808735953669
9948	26.6538971277705
9952	26.6530089973429
9956	26.6390696465293
9968	26.6359369351638
9972	26.6244550340528
9974	26.5656020653338
9998	26.5341874385645
10008	26.5223936324901
10038	26.5040082766998
10052	26.4957875645240
10056	26.4760223938458
10066	26.4589746458692
10076	26.4462848454503
10082	26.4337946412032
10094	26.4160675187443
10098	26.3938726219108
10122	26.3912997224986
10128	26.3851233069203
10136	26.3849036055138
10146	26.3796044550083
10148	26.3711139550188
10154	26.3556600499898
10158	26.3498175296831
10162	26.3341530552518
10174	26.3297508476371
10178	26.318394848586
10182	26.3077569511959
10188	26.2822657905395
10208	26.2768900011241
10212	26.2482477182904
10226	26.2188643737044
10228	26.1332929486330
10234	26.0474722313090
10248	26.0103573879573
10272	25.9140001469799
10298	25.8907536298206
10306	25.8896787042476
10308	25.8661421582509
10312	25.8577200674801
10314	25.7848031709554
10328	25.6843908607180
10334	25.5815461818873
10364	25.5265765836552
10384	25.5234736033005
10398	25.4934458560189
10400	25.488500333244
10418	25.4463670200397
10432	25.436205950921
10434	25.4262043363604
10440	25.4212263872659
10448	25.4114254924849
10452	25.3792412660833
10464	25.3713049431296
10470	25.3479577267875
10474	25.3048466666121
10482	25.2796149367870
10492	25.2189303509801
10494	25.2020463887863
10496	25.1224931784198
10516	25.0628225455505
10532	25.0279351046858
10582	25.005859342615
10594	24.9887373338019
10598	24.9690230426400
10632	24.9523303723246
10636	24.8928338279031
10676	24.8915361988972
10680	24.876325113695
10686	24.8713256268190
10690	24.8549305933169
10706	24.8506729450757
10708	24.844396530909
10716	24.8255008049161
10744	24.8111491416934
10770	24.7991117541093
10772	24.7990609426655
10788	24.7893820106531
10806	24.7877181978921
10816	24.7754945717211
10818	24.7749306266360
10822	24.7653389451561
10846	24.7582699298821
10852	24.7468565120888
10856	24.7294656692043
10862	24.7230571635413
10898	24.684539064167
10918	24.6568707841049
10932	24.6454974601242
10938	24.6448588847482
10940	24.6159216842105
10942	24.5330962404869
10990	24.4835891233909
11006	24.4195882131001
11036	24.4110955323633
11038	24.3447355693213
11074	24.3279891148772
11100	24.3207182740876
11120	24.3148088260975
11128	24.3095528450302
11142	24.3078173591985
11154	24.2959418424786
11156	24.2637334748493
11168	24.2632891448989
11174	24.2330144341725
11198	24.216232288898
11214	24.1902611466444
11250	24.1893966720877
11254	24.1816027233252
11256	24.1810356372262
11258	24.1615314262549
11262	24.1591416268182
11268	24.1377284190111
11274	24.1327530798950
11296	24.1320371692315
11304	24.1300943200417
11310	24.1185605973630
11312	24.1158912462082
11338	24.1026646417936
11348	24.0947344650856
11350	24.0843447843895
11354	24.0726074670080
11356	24.0563560121171
11362	24.0317225966533
11370	24.0075891777241
11394	23.9673088729052
11408	23.9502819412666
11422	23.9360798469882
11436	23.929551775346
11452	23.9200189936512
11472	23.9196498736155
11474	23.9166908963777
11478	23.9066139578995
11502	23.8982516084534
11516	23.8788210351326
11518	23.8600704329786
11544	23.8586481706703
11552	23.8441975352823
11568	23.8336723415941
11582	23.8318977469278
11588	23.8257430471618
11594	23.8082497345582
11606	23.8082020103533
11620	23.8073111955626
11628	23.7823157518504
11642	23.7818939445099
11650	23.7682275799997
11660	23.7635388591985
11666	23.755842331086
11688	23.7539987645776
11708	23.7475921938207
11712	23.741025235023
11724	23.7341798284810
11746	23.7340887521422
11750	23.728286594616
11762	23.7215461286835
11826	23.7195238753128
11828	23.6806361451044
11854	23.6801547682311
11874	23.6749408778841
11890	23.6730302385341
11898	23.6641258057492
11900	23.6632946284255
11902	23.6587553739379
11908	23.6531884956446
11912	23.6451957372829
11948	23.6450978249372
11950	23.6441635632908
11962	23.6403637904193
11966	23.6289536931888
11976	23.6243308866643
11998	23.6138245460652
12010	23.609808265799
12014	23.6065306616138
12022	23.6061750720584
12050	23.6057432521296
12052	23.6053570422146
12074	23.5985941457827
12080	23.5979311340629
12100	23.5940115505358
12112	23.5861757241997
12118	23.585715514621
12128	23.5824676559156
12164	23.5763944488361
12174	23.5736028673929
12196	23.5699214498106
12206	23.5684814203038
12216	23.5567353881670
12274	23.5552819714005
12290	23.5475346911687
12312	23.5447786087631
12322	23.5433381375252
12324	23.5348952933900
12334	23.5333074893206
12338	23.5328095106526
12348	23.5324278387563
12354	23.5281682880782
12360	23.5247485614519
12362	23.522128609329
12364	23.5193022677394
12368	23.5115401645791
12390	23.5062934601438
12396	23.5053151222019
12398	23.5031862882301
12412	23.4937688773966
12428	23.4894213222609
12440	23.4779988268342
12490	23.4465568093845
12504	23.4386539895764
12510	23.4261736244732
12536	23.4257496949973
12538	23.4212493005112
12540	23.4200805674863
12560	23.4179575663743
12566	23.4094013370599
12592	23.4007151503973
12604	23.3976417300278
12610	23.3938096902830
12622	23.3923187976102
12624	23.3847399866276
12664	23.3845802294233
12666	23.3804542432746
12668	23.3743793453447
12694	23.3715528409694
12700	23.3661368020079
12706	23.3572965260117
12716	23.3559008352404
12724	23.3493860744817
12744	23.3396547299373
12762	23.3373369002022
12774	23.3350387332678
12788	23.3344266498165
12798	23.3299773448132
12800	23.3243418993274
12846	23.3240126214383
12848	23.3228306023189
12852	23.3173083937767
12856	23.3112358439638
12882	23.3109950524131
12884	23.3049436441194
12888	23.3003924507543
12902	23.2980727587605
12906	23.2920431556303
12910	23.2869864475000
12912	23.2815077320723
12926	23.2789262157573
12934	23.2756526593553
12946	23.2729928871065
12948	23.2676968296955
12956	23.2624172824602
12962	23.2619997591769
12970	23.2591155482686
12972	23.2582509142382
12982	23.2503549260951
13002	23.2428185334252
13010	23.2387262182936
13024	23.2357245760791
13066	23.2354512202746
13074	23.2352196127049
13088	23.2340543712536
13100	23.2337275338514
13106	23.2301775038378
13130	23.2301145862326
13136	23.2296066182241
13146	23.2246774345134
13184	23.2226756299555
13188	23.2221809251227
13194	23.2220200012521
13200	23.2208628808559
13208	23.2204881196197
13226	23.2177305448038
13252	23.2158632862365
13262	23.2149541291295
13270	23.2119871400340
13280	23.2118153943093
13290	23.2105232371837
13314	23.2084084780451
13366	23.2070721562936
13368	23.2051794644783
13390	23.2003545079323
13402	23.195738296367
13420	23.1950307728764
13426	23.1903941313776
13432	23.1885987627100
13446	23.1878529169970
13452	23.1871011911357
13462	23.1862490550967
13464	23.1861977450386
13466	23.1842669325708
13490	23.1837973125294
13492	23.1826341941071
13506	23.1824928286298
13514	23.1821392271334
13520	23.1809731825592
13522	23.1787258899346
13536	23.1773505979638
13552	23.1760326839601
13562	23.1756351413318
13570	23.1740291978478
13588	23.1739061608248
13596	23.1737716025776
13598	23.1729994770308
13600	23.1719643711082
13626	23.1710163169261
13642	23.1706856350606
13646	23.1701175424397
13652	23.1677607976389
13670	23.1671290068305
13690	23.1664917160921
13696	23.1654415532304
13700	23.1649355364639
13714	23.1647657083295
13728	23.1636651653743
13730	23.1631145377215
13732	23.1620335846737
13752	23.162001733105
13758	23.1601251198291
13782	23.1592660201531
13784	23.1584144272414
13792	23.1567248355903
13794	23.1566597869578
13800	23.1559610355181
13846	23.1557875004871
13848	23.1550534478308
13858	23.1549372551492
13878	23.1539536165030
13900	23.1532388712940
13908	23.1527327149948
13930	23.1527314597690
13976	23.1519011193409
13990	23.1516524121466
14002	23.1515848899659
14006	23.1514789962278
14014	23.1512798662134
14022	23.1507424770362
14032	23.1496434993069
14040	23.1496415977099
14058	23.1494330477959
14060	23.1486283479371
14086	23.1478015030519
14100	23.1474376987058
14116	23.1471387731991
14118	23.1468618906044
14130	23.1467821656471
14138	23.1465215804825
14146	23.1460935304036
14156	23.1458978542509
14172	23.1448981412646
14174	23.1443456612743
14186	23.1441912091057
14196	23.1435236441236
14204	23.1433895364994
14210	23.141791941534
14220	23.1409654271173
14244	23.1377209437378
14246	23.1366392408836
14250	23.1345266416759
14260	23.1341492336991
14292	23.1339155353680
14298	23.1338004268304
14308	23.1336888145468
14314	23.1330890620852
14320	23.1326125143879
14334	23.1296516486477
14360	23.1281375434971
14396	23.1278802147339
14400	23.1269338795486
14404	23.1262181730627
14408	23.1251464195630
14418	23.1247467965137
14430	23.1241919124273
14438	23.1214724214432
14442	23.1209586446134
14456	23.1207900704308
14460	23.1192375551693
14470	23.1178580100337
14490	23.1155976809556
14500	23.1111808256232
14504	23.1109298960044
14510	23.1100495271434
14538	23.1090416867167
14558	23.1072953843871
14564	23.1053371223564
14580	23.1040429420362
14582	23.1024892536140
14592	23.1010393965786
14624	23.1005653499537
14646	23.0991836334586
14664	23.0989106739575
14686	23.0977468507449
14720	23.0973468998213
14722	23.0964592849003
14750	23.0964411333152
14758	23.0945394937362
14778	23.0942187139714
14792	23.0923592933930
14810	23.0910348903629
14824	23.0910326109335
14830	23.0903705480900
14838	23.0865020972365
14846	23.0850029368136
14848	23.0842221813353
14850	23.0832110953298
14862	23.0816674438974
14870	23.0816403652321
14888	23.0816293028616
14890	23.0815579861197
14920	23.0803153379809
14930	23.0800022748402
14934	23.0793648556616
14942	23.0783424228122
14944	23.0764300167233
14958	23.0761295796235
14960	23.0753088177764
14976	23.0745615382196
14992	23.0720008993163
15010	23.0717105612476
15024	23.0703644975985
15046	23.0693471664434
15062	23.0688337347341
15102	23.068421789181
15116	23.0681468114736
15130	23.0675943605976
15138	23.0673238963221
15142	23.0666640894660
15170	23.0664482798945
15172	23.0647786778578
15188	23.0638478525345
15196	23.0627714485548
15206	23.0627075195757
15210	23.0624795590554
15220	23.0607146044692
15224	23.0604630148378
15228	23.0597041227303
15236	23.0596348465411
15248	23.0590660465126
15252	23.0589832107432
15256	23.0585244183261
15258	23.0576957210939
15264	23.0573314569643
15278	23.0567152422106
15304	23.0556190334939
15308	23.0553523207671
15312	23.0552926559041
15316	23.0531779567014
15336	23.0528398829384
15340	23.0524838628549
15346	23.0521812492003
15352	23.0521074211103
15366	23.0498054647467
15386	23.0487638004065
15396	23.0487061325372
15426	23.0477598074573
15428	23.0476285987345
15432	23.0457506341389
15448	23.0449591110199
15454	23.0422868729629
15460	23.0422278044380
15478	23.0408531409582
15486	23.0407389773460
15502	23.0406213970981
15520	23.0403903135276
15526	23.0391784227742
15538	23.0390282688498
15544	23.0382404157914
15552	23.0372094235982
15570	23.0368303799254
15588	23.0363722314452
15594	23.0340159012945
15612	23.033697274273
15626	23.0336695632147
15630	23.0309390447105
15652	23.0291397153985
15668	23.0260543330613
15688	23.0250014896161
15718	23.0239041053528
15726	23.0230455146449
15734	23.0218461577488
15742	23.0209073260026
15750	23.0195051609935
15758	23.0184421000349
15764	23.0177350859760
15772	23.0163432248748
15794	23.0154174999214
15808	23.0138020893168
15820	23.0133944817142
15834	23.0114152780662
15848	23.0096771424837
15884	23.0094453729544
15906	23.0081308491552
15910	23.0081006140564
15926	23.007379628132
15934	23.0072676633381
15936	23.0042763784609
15976	23.0035874076906
16004	23.0034623062152
16008	23.0031514747173
16014	23.0024141535784
16020	23.0015850742465
16028	23.0002704590508
16056	22.9983154844633
16058	22.9974834254164
16064	22.9969225757915
16072	22.9965925318839
16080	22.9963830998371
16088	22.995772365937
16102	22.9955552101749
16118	22.9952018471971
16126	22.9945786530877
16128	22.9939879434376
16142	22.9933014408624
16178	22.9928044240064
16184	22.9916513497903
16214	22.9912611910279
16222	22.9911464183179
16228	22.9906454755880
16240	22.9897800764116
16246	22.9897304084329
16254	22.9892634961788
16262	22.9889243899551
16266	22.9888238564170
16282	22.9887204330741
16306	22.9880702228191
16312	22.9872592446772
16320	22.9869360071902
16340	22.9857648557841
16344	22.9846953733106
16364	22.9839971336827
16368	22.9832694491638
16372	22.9826636343355
16374	22.9817644200345
16386	22.9807753289935
16396	22.9796558363143
16414	22.9790689939944
16436	22.9790288405372
16448	22.9789985136765
16450	22.9789224403893
16456	22.9768997765567
16458	22.9761795374779
16468	22.9754956137493
16490	22.9751068396485
16502	22.9746435858659
16524	22.9744822226465
16534	22.9741897488752
16548	22.9733874877486
16558	22.9729287981170
16574	22.9725379406450
16582	22.9710303349659
16590	22.9704397432737
16614	22.9703999582786
16632	22.9699889631923
16642	22.9698997843358
16654	22.9693012995017
16666	22.9678871441699
16680	22.9674849339167
16696	22.9666355025190
16710	22.9665022216242
16716	22.9664660720458
16720	22.9659885401923
16734	22.9646619716139
16748	22.9628677881466
16750	22.9625281084610
16756	22.9621661373057
16766	22.9621501858208
16770	22.9620085986837
16782	22.9608398878325
16824	22.9601778120629
16834	22.9594137866364
16858	22.9593179688199
16862	22.9593012302488
16866	22.9592564068079
16870	22.9591538541495
16894	22.9588611651862
16900	22.9587930310963
16920	22.9584114110001
16922	22.9582573246655
16932	22.9582461706413
16936	22.9580924858708
16950	22.9580407239670
16954	22.9580120789541
16956	22.9576251007258
16968	22.9574778631149
16978	22.9573605608909
16988	22.9570936539413
17014	22.9569641396639
17016	22.9569460114118
17020	22.9567918621105
17024	22.9565098868919
17044	22.9560691551120
17052	22.9559510688215
17082	22.9557056178252
17084	22.9556615389768
17092	22.9554148105942
17110	22.9552973030726
17118	22.9551072971334
17156	22.9550036107231
17160	22.9549263344263
17164	22.9548535282451
17166	22.9548084025146
17170	22.9547983079501
17194	22.9547960602896
17200	22.9545724904750
17212	22.9543313510472
17236	22.9539805027354
17246	22.9536173950402
17250	22.9535496448772
17260	22.9529588635319
17278	22.9524952353086
17328	22.9524607644325
17342	22.9524225802573
17350	22.9523543917635
17374	22.9517814420755
17378	22.9511955529264
17396	22.9510097266252
17404	22.9507946796741
17414	22.9505339233100
17426	22.9502699234310
17434	22.9502698873815
17442	22.9496009533392
17448	22.9493261629859
17450	22.9489277568132
17462	22.9484368107713
17464	22.9484341681736
17468	22.9480234711233
17470	22.9470022519179
17474	22.9467643907469
17480	22.9453781381186
17492	22.9450351669443
17498	22.9446592345154
17508	22.9435457196225
17526	22.9431582754279
17582	22.9431479850501
17586	22.9430311754980
17588	22.9422031675430
17592	22.9414064349064
17608	22.9411899615233
17624	22.941093675336
17630	22.9405077290243
17648	22.9401906087546
17654	22.9401434684328
17662	22.9398942063356
17700	22.9396485262121
17716	22.9395315546259
17718	22.9394744847958
17726	22.9389984625534
17734	22.9384935738316
17748	22.9382774871788
17758	22.9377811697693
17786	22.9374292309895
17804	22.9369711760169
17820	22.9369681896186
17822	22.936852729938
17838	22.9366023607115
17844	22.9362471506281
17852	22.9362453046690
17854	22.9358688389580
17862	22.9355316187557
17864	22.9352278692615
17868	22.934865164075
17890	22.9344798373339
17898	22.9340961630853
17902	22.9333033850146
17924	22.9321103470283
17950	22.9313938824047
17952	22.9302956083812
17970	22.9297114271206
17978	22.9296011508475
17982	22.9295152132964
17994	22.9291871020748
18000	22.9290022944640
18006	22.9277994018154
18036	22.9271148641229
18044	22.9269357588413
18052	22.9269016891382
18064	22.9264705682241
18066	22.9264674780462
18096	22.926437779558
18110	22.9261106949309
18112	22.9260107076024
18114	22.9257968349274
18128	22.9255551789944
18130	22.9252899281413
18150	22.9250112776476
18170	22.9244630093831
18182	22.9242488140020
18220	22.9238951599957
18238	22.9237241360012
18246	22.9230733411390
18256	22.9229320299436
18258	22.9228161362235
18264	22.9227105739972
18268	22.9220028592036
18270	22.921638538238
18282	22.9215907566986
18284	22.9215663448865
18296	22.9214233488278
18308	22.9212803025529
18312	22.9212157144905
18316	22.9211851302122
18318	22.9208133354225
18322	22.9207328855147
18324	22.9206004094275
18356	22.9202678897982
18366	22.9196659990554
18378	22.9196076952492
18380	22.9195193127420
18382	22.9195104978032
18390	22.9193953304112
18410	22.9192462398744
18412	22.9186045053102
18446	22.9185627414333
18458	22.9183247777033
18500	22.918208468804
18516	22.9177720728843
18556	22.9176569448414
18562	22.9176262624216
18564	22.9175304838645
18572	22.9174484716772
18578	22.9172373195004
18580	22.9171977282253
18590	22.9170818990440
18602	22.9166422916855
18626	22.9158917453528
18628	22.9153479108352
18632	22.9151652647965
18648	22.9151251445445
18656	22.9146616502508
18674	22.9141105326195
18696	22.9136231477678
18720	22.9135422080245
18748	22.9133586330306
18754	22.9132706585169
18762	22.9130941996459
18764	22.9127190008045
18790	22.9124450949152
18792	22.9123186634645
18806	22.9123039217062
18812	22.9122362060224
18832	22.9116663580395
18834	22.9116280838657
18866	22.9115656205582
18876	22.9113536475077
18878	22.9113129556928
18884	22.9111767071608
18892	22.9108361285597
18922	22.9107684910634
18926	22.9105912422385
18946	22.9103423269673
18956	22.9102896537222
18960	22.9100863441916
18976	22.9094798440431
18986	22.9092253954279
19008	22.9087473316761
19016	22.908603150922
19024	22.9081151803099
19054	22.9075215125654
19076	22.9071340980212
19092	22.9071186799089
19100	22.9070860117784
19104	22.9069424335751
19106	22.9068497122358
19112	22.9068321267073
19120	22.906616169192
19138	22.9055956990453
19178	22.9055893983790
19192	22.9054438952986
19204	22.9054046272129
19210	22.9050357444717
19218	22.9047347411404
19238	22.90416224242
19252	22.9039322474207
19274	22.9039231516635
19278	22.9038778557822
19282	22.9038401085641
19284	22.9037055959051
19292	22.9036338178996
19294	22.9035048338542
19316	22.9032728439933
19330	22.9029585616398
19332	22.9028131500495
19346	22.9025959162852
19348	22.9025731226768
19360	22.9023721289919
19384	22.9020461615586
19396	22.9019657766389
19406	22.9015166202912
19418	22.9014082043963
19428	22.9013285210836
19448	22.9011809816772
19450	22.9010677164826
19454	22.9007093810877
19482	22.9006458620709
19512	22.9001990080658
19516	22.9001847449924
19518	22.9001659459235
19520	22.900041748815
19552	22.9000231135872
19566	22.8998752116667
19588	22.8997555007674
19590	22.8997275359312
19600	22.8997107139241
19602	22.8996748283255
19610	22.8994648395697
19624	22.8993117605672
19636	22.8990554759294
19646	22.8990378085872
19650	22.8988582927749
19682	22.8987446460119
19702	22.8985915174927
19706	22.8985694327969
19708	22.8985661222465
19714	22.8983841571599
19720	22.8982356361641
19734	22.8982231939367
19740	22.8980482771949
19744	22.8980389229339
19754	22.8980255876426
19764	22.8976755254859
19786	22.8976108281555
19796	22.8975662213351
19798	22.8974234984837
19814	22.8973681749897
19822	22.8972027964156
19854	22.8968065045595
19864	22.8967341269120
19886	22.8967089434616
19890	22.8965250334414
19898	22.8964873322344
19908	22.8964006697875
19936	22.8963184198625
19948	22.8962557446870
19958	22.8959943350621
19980	22.8959384814877
19986	22.8959354457438
19994	22.895846722954
20004	22.8958005452508
20012	22.8957417691248
20022	22.8954781854366
20034	22.8954101537702
20048	22.8953094555205
20076	22.8952528058144
20090	22.8951462361705
20100	22.8950190957335
20106	22.8950124673473
20114	22.894940830448
20120	22.8948236343091
20142	22.8947545418277
20154	22.8945631415949
20176	22.8944816170966
20188	22.8944304891900
20190	22.8943973201370
20214	22.8943186625891
20222	22.8940413517952
20250	22.8938699515527
20260	22.8937069752200
20276	22.8933597538613
20312	22.8933382238435
20322	22.8933049270132
20328	22.8932071396616
20334	22.8931935542647
20336	22.8931772691557
20340	22.8931571701458
20350	22.8930269019836
20352	22.8929442022430
20354	22.8928915499086
20356	22.8927629410417
20380	22.8927564347702
20384	22.8925689915816
20402	22.8925443272374
20408	22.8924493308801
20418	22.892141277871
20424	22.8920588910404
20434	22.8920361716429
20436	22.891862250091
20444	22.8918337858272
20446	22.8917962425438
20450	22.8917903443092
20458	22.8916854101385
20478	22.8915685658004
20484	22.8915605679449
20510	22.8914399268380
20530	22.8912577795041
20552	22.8911275110519
20570	22.8910418773203
20578	22.8910068117817
20612	22.8909781035541
20620	22.890946400057
20622	22.8908903047377
20628	22.8908511430244
20634	22.8908450447894
20640	22.8908385251011
20644	22.8907989597569
20650	22.8907976522139
20656	22.8907228245287
20668	22.890697269498
20670	22.8906435575480
20676	22.8906421132460
20688	22.8906305640759
20690	22.8906027548441
20698	22.8905138946038
20722	22.8904299512207
20726	22.8904020663439
20734	22.8903346710341
20736	22.8902958969697
20752	22.8902565864274
20754	22.8902451664773
20756	22.8902230242582
20772	22.8901844288806
20776	22.8900677472731
20790	22.8899585699107
20800	22.8898424311474
20818	22.8898076143179
20824	22.8896607841165
20834	22.889658689697
20860	22.8895977482616
20872	22.8895506722237
20878	22.8892911155490
20884	22.8892068043887
20904	22.8889359674408
20922	22.8889064915530
20932	22.8887815836037
20952	22.8887289305181
20954	22.8887242123159
20960	22.8886937040649
20964	22.8885665627915
20972	22.8884242072704
20996	22.8883864137918
21016	22.8883831855884
21028	22.8883218421520
21032	22.8882426916589
21042	22.8881930389316
21098	22.8881534756832
21104	22.8881041338923
21132	22.8880726374186
21150	22.8880719770490
21152	22.8880460536943
21200	22.8880402212839
21202	22.8880394732409
21210	22.8880263882243
21218	22.8879980498787
21224	22.8879945116924
21236	22.8879507348508
21254	22.8879342221417
21276	22.8879219695935
21280	22.8879200551159
21286	22.8878522180789
21302	22.8878397805486
21310	22.8878077281086
21318	22.8878031917913
21324	22.8877499437473
21342	22.8877223142003
21364	22.8876875893817
21390	22.8876696402382
21400	22.8876509791324
21424	22.8876462840665
21432	22.8876382349544
21434	22.887637267372
21440	22.8876348393507
21448	22.8876140482454
21454	22.8876132280905
21462	22.8875808066266
21480	22.8875711191352
21484	22.887567741069
21492	22.8875566346299
21498	22.8875356653277
21504	22.8875300312887
21510	22.8875282857923
21514	22.887523300502
21526	22.8875109183630
21534	22.8874912781567
21542	22.8874630933737
21558	22.8874495577676
21570	22.8874076563150
21580	22.8873950925072
21594	22.8873939713946
21606	22.8873771629888
21612	22.8873559523868
21626	22.8873483623456
21634	22.8873361238032
21638	22.8872745662072
21648	22.8872567870772
21650	22.8872544914888
21654	22.8872507814034
21660	22.8872426676712
21664	22.8872233096998
21668	22.8872232516400
21676	22.8871878110046
21680	22.8871425452988
21692	22.8871265347235
21700	22.8870604583891
21706	22.8870308975428
21720	22.886983435789
21730	22.8869688923963
21778	22.8869688265641
21780	22.8869337881674
21790	22.8869150711116
21796	22.8869113414785
21804	22.8868958125596
21818	22.8868683865484
21842	22.8868212767584
21858	22.8867769997879
21874	22.8867653887043
21898	22.8867259460442
21910	22.8867083991214
21918	22.8866899497256
21946	22.8866404635054
21950	22.8866320749055
21962	22.8866261204479
21968	22.8866169106045
21978	22.8865902309017
21988	22.8865795038831
21990	22.8865398501280
21994	22.8865318212939
22012	22.8865102497941
22034	22.8865010613432
22042	22.8864987304801
22046	22.8864825994765
22056	22.8864781322329
22080	22.8864673752933
22082	22.8864665565580
22086	22.8864425529461
22090	22.8863927543931
22110	22.8863767490796
22134	22.8863581938304
22140	22.8862963720256
22162	22.8862850142882
22186	22.8862450784357
22192	22.8862057179552
22200	22.8862036201622
22214	22.8861681347354
22218	22.8861538673252
22242	22.8861155662410
22284	22.8861009504649
22288	22.8860951953717
22302	22.8860571597055
22318	22.8860495335899
22322	22.8860485100578
22334	22.8860396646367
22344	22.8859902372066
22346	22.8859514373494
22378	22.8859205783721
22388	22.8859172827028
22400	22.8859127284636
22402	22.8859098070638
22406	22.8859080219006
22408	22.8858882084008
22428	22.8858777233626
22456	22.8858752275031
22460	22.8858741805769
22478	22.8858405646253
22490	22.8858084371051
22492	22.8858052354090
22516	22.8857897049844
22522	22.8857633153523
22524	22.8857615082679
22542	22.8857402811389
22562	22.8857249302109
22568	22.885723493641
22570	22.8857016764309
22594	22.8856768266525
22596	22.8856709880420
22606	22.8856695184084
22616	22.8856644920597
22618	22.8856427575941
22628	22.8856347165651
22638	22.8856305363314
22640	22.8856216879571
22648	22.8856096772092
22656	22.8856079000142
22674	22.8856008879022
22684	22.8855848824738
22692	22.8855802151494
22694	22.8855780257979
22702	22.8855577350849
22742	22.8855521236903
22744	22.8855412180962
22760	22.8855406959604
22770	22.8855393525127
22776	22.8855374605933
22786	22.885529076486
22798	22.8855174772957
22802	22.8855102373090
22808	22.8855078819746
22826	22.8854973272097
22828	22.8854948366858
22834	22.8854831879765
22848	22.8854754551017
22866	22.8854749439867
22870	22.8854730774721
22878	22.8854675530479
22884	22.8854625442774
22892	22.8854245247702
22930	22.88541869799
22950	22.8854106131701
22966	22.8854084767483
22978	22.8854026135834
23002	22.8853855846754
23006	22.8853831345445
23014	22.8853739447833
23016	22.8853708226082
23050	22.8853518147743
23086	22.8853511894776
23108	22.8853459541799
23114	22.88533399835
23116	22.8853317049557
23126	22.8853211858718
23132	22.8853136655563
23134	22.8853110799652
23140	22.8852974940344
23152	22.8852968828270
23180	22.8852887218565
23184	22.8852880720118
23192	22.8852771066083
23198	22.8852671609501
23202	22.8852624640499
23212	22.8852555387371
23218	22.8852405787562
23222	22.8852302280049
23236	22.8852298755623
23242	22.8852264602458
23256	22.8852211344051
23258	22.8852190826733
23272	22.8852128357816
23282	22.8852128317026
23284	22.8851899762372
23332	22.8851832024678
23342	22.885173760286
23398	22.8851700410578
23400	22.8851478447380
23430	22.8851453224614
23454	22.8851392653913
23456	22.8851380432356
23458	22.8851191438744
23494	22.885104463048
23498	22.8850858826371
23516	22.8850726691922
23528	22.8850698496758
23548	22.8850672189304
23552	22.8850428260172
23562	22.8850254221139
23580	22.8850211246626
23588	22.8850201304310
23590	22.8850040182317
23622	22.8849959770575
23640	22.8849926239476
23652	22.8849860134242
23658	22.8849850583256
23680	22.88498058581
23694	22.884976935067
23696	22.8849638365217
23712	22.8849629830938
23722	22.8849490495892
23758	22.8849456164884
23764	22.8849431225489
23780	22.8849401644011
23786	22.884932805204
23802	22.8849321253636
23814	22.8849154384659
23824	22.8849125766960
23844	22.8849115359704
23852	22.8848757738786
23866	22.8848674238193
23884	22.8848618193026
23888	22.8848471403474
23904	22.884834425769
23912	22.8848172934958
23916	22.8848101083184
23926	22.8848087297153
23932	22.8848070651218
23946	22.8848022946486
23948	22.8848005370115
23950	22.8847875494951
23954	22.8847843140944
23972	22.8847715744079
24000	22.8847505154882
24004	22.8847331515379
24038	22.8847254769975
24056	22.8847252594001
24062	22.8847177950706
24082	22.8847130043694
24090	22.8846987241062
24100	22.8846882332423
24132	22.8846727871001
24144	22.8846561492624
24186	22.8846491484179
24192	22.8846329268284
24202	22.884617436055
24226	22.8846154020008
24230	22.8846003414613
24234	22.8845900332231
24236	22.8845699372548
24242	22.8845617737940
24252	22.884532654707
24254	22.8845081698121
24266	22.8845017139268
24282	22.8844974899811
24292	22.8844837032113
24308	22.8844719353708
24310	22.8844710674497
24318	22.8844499914956
24324	22.8844421981934
24326	22.8844372211514
24330	22.8844201246215
24346	22.8844145607442
24360	22.8844030985027
24378	22.8843889773661
24394	22.884376557098
24400	22.8843717315017
24406	22.884370522706
24408	22.8843542963977
24414	22.8843493091407
24452	22.8843312753230
24486	22.8843288007791
24500	22.8843285602098
24502	22.8843259252552
24522	22.8843199297698
24534	22.8843195154173
24536	22.8843095479811
24566	22.8843087689248
24582	22.8843054061672
24602	22.8843033937926
24628	22.8842960311569
24642	22.8842942734983
24650	22.8842895481721
24664	22.884288804487
24690	22.884286587135
24706	22.8842838184978
24734	22.8842833670909
24738	22.8842820038437
24748	22.8842789789355
24754	22.8842767338675
24776	22.8842751173606
24782	22.8842732889092
24800	22.8842688289658
24822	22.8842676877099
24828	22.8842665833807
24832	22.8842655113763
24834	22.8842621250155
24848	22.8842597275236
24852	22.8842586053191
24860	22.8842555661138
24866	22.8842525965719
24888	22.8842515656969
24904	22.8842474374424
24916	22.8842427021728
24924	22.8842409141027
24940	22.8842406047641
24958	22.8842394161785
24962	22.8842340026756
24974	22.8842323642975
24982	22.8842269341762
24990	22.8842243952431
24994	22.8842206133113
25022	22.8842184323909
25026	22.8842148965575
25044	22.8842136852078
25054	22.8842117699805
25058	22.8842092191681
25076	22.8842046799379
25092	22.8842035219392
25104	22.8842031831778
25110	22.8841995995950
25112	22.8841956698653
25114	22.8841921732435
25132	22.8841900547431
25150	22.8841832830623
25216	22.8841819218039
25220	22.8841813523541
25232	22.8841802784454
25248	22.8841797513596
25262	22.8841793123319
25266	22.8841758494939
25270	22.8841747741642
25294	22.8841747095181
25300	22.8841730292801
25324	22.8841713879052
25366	22.8841700236019
25372	22.884168325658
25386	22.8841660632315
25400	22.8841633684637
25422	22.8841625811778
25424	22.8841621569859
25440	22.8841612741018
25452	22.8841608692087
25462	22.8841597771024
25466	22.8841589059841
25476	22.8841582163072
25494	22.8841557577486
25520	22.8841547549722
25528	22.8841532446025
25542	22.8841523938591
25568	22.8841522389094
25574	22.8841519561511
25588	22.8841514404768
25590	22.8841510961068
25598	22.8841504285990
25616	22.8841497513726
25618	22.8841492075634
25632	22.8841476616605
25642	22.8841471740796
25656	22.8841464783443
25666	22.8841457907853
25670	22.8841453841240
25680	22.8841452906860
25688	22.8841451214764
25706	22.8841442715119
25712	22.8841432302273
25734	22.8841422873138
25742	22.8841403937747
25756	22.8841402928242
25770	22.8841361977866
25808	22.8841345155176
25824	22.8841337629714
25838	22.8841284336343
25864	22.8841260945628
25874	22.8841245494482
25888	22.8841236941932
25890	22.8841223263428
25898	22.8841205186560
25910	22.8841198996164
25924	22.8841191741262
25948	22.8841173357595
25954	22.8841126094423
25996	22.8841120935981
26002	22.8841099025164
26028	22.8841067306877
26076	22.8841042543217
26088	22.8841040419047
26096	22.8841033951721
26098	22.8841028791615
26112	22.8841024037073
26114	22.8841015276302
26116	22.8841009736037
26152	22.88410094042
26156	22.8840997387981
26180	22.8840989237428
26238	22.8840983797984
26260	22.8840982998587
26274	22.8840970715741
26316	22.8840966729362
26320	22.8840960126797
26322	22.8840958759217
26336	22.884095275218
26362	22.8840944098022
26398	22.8840937699976
26400	22.8840934716903
26422	22.8840930555376
26430	22.8840929151641
26450	22.8840923609618
26464	22.8840923003178
26470	22.8840915911225
26474	22.8840913828952
26510	22.8840912680288
26528	22.8840911870039
26530	22.8840910094959
26538	22.8840908600492
26540	22.8840905060308
26558	22.8840901155299
26562	22.8840901033700
26564	22.8840897575047
26572	22.8840889935701
26594	22.8840889806792
26606	22.8840889120637
26614	22.8840887104140
26624	22.8840884578123
26628	22.8840883195093
26658	22.8840883045963
26672	22.8840879995206
26684	22.8840874862951
26718	22.8840874084192
26720	22.8840871284687
26726	22.8840871008546
26738	22.8840868914663
26766	22.8840865277925
26776	22.8840863396959
26778	22.884086219767
26790	22.8840859690192
26800	22.8840857661561
26822	22.8840857385027
26834	22.8840856976405
26836	22.8840855224372
26840	22.8840851495845
26844	22.8840849363089
26858	22.8840848074702
26868	22.8840847645683
26880	22.8840846790730
26894	22.8840844426312
26914	22.8840842639796
26948	22.8840840423274
26958	22.8840837042444
26994	22.8840834470527
27008	22.8840833857849
27020	22.8840833289779
27022	22.8840833011387
27024	22.8840831472918
27040	22.8840829530022
27042	22.8840825943503
27064	22.8840825226134
27082	22.8840825080574
27088	22.8840823916833
27092	22.8840823820309
27102	22.8840822171998
27116	22.8840819664700
27130	22.8840819498806
27132	22.884081839948
27142	22.8840817942798
27148	22.8840812022693
27156	22.8840810550366
27166	22.8840809329356
27190	22.8840807733166
27222	22.8840807729643
27226	22.8840805551278
27240	22.8840804543954
27254	22.8840804151017
27258	22.8840802978975
27262	22.8840802839482
27264	22.8840802559625
27270	22.8840801568968
27294	22.884080092239
27302	22.8840799181965
27310	22.8840796771713
27316	22.8840793455234
27320	22.8840791150046
27338	22.8840784598067
27376	22.884078299047
27392	22.8840781789129
27394	22.8840778977452
27430	22.8840774405443
27450	22.8840773247841
27454	22.8840770730129
27472	22.884076982529
27474	22.884076820546
27482	22.8840767092457
27494	22.8840765805784
27496	22.8840760788245
27500	22.8840759150715
27504	22.8840757755870
27508	22.884075768907
27512	22.8840756447980
27518	22.8840750753616
27528	22.8840748240357
27544	22.8840746371265
27568	22.8840742626649
27584	22.8840742520047
27590	22.8840739850722
27604	22.8840734707666
27606	22.8840731463909
27614	22.8840727830618
27634	22.8840725427945
27642	22.8840721843102
27668	22.8840720264256
27676	22.8840717195530
27712	22.8840715215605
27718	22.8840713354537
27730	22.8840713294776
27734	22.8840711599797
27742	22.8840710614156
27746	22.8840710255171
27792	22.8840710133148
27798	22.8840707257295
27802	22.8840706572605
27838	22.8840705915852
27850	22.8840705671208
27856	22.8840705288519
27864	22.8840704873374
27876	22.8840703631567
27880	22.8840703410651
27900	22.8840701838884
27912	22.8840701061315
27922	22.8840700540238
27928	22.8840700225163
27932	22.8840700165292
27936	22.8840698494909
27958	22.8840698299787
27966	22.884069819041
27988	22.8840697748382
27996	22.8840697633841
27998	22.8840696548423
28010	22.8840696040118
28020	22.8840695752633
28030	22.8840695438267
28040	22.8840694161852
28064	22.8840693355153
28068	22.884069304088
28070	22.8840692295828
28086	22.8840692116465
28092	22.8840691063997
28098	22.8840691003765
28104	22.8840690177236
28112	22.8840688787127
28148	22.8840688102437
28160	22.8840687563605
28166	22.8840686459830
28174	22.8840686362575
28176	22.8840685409011
28192	22.8840684101853
28202	22.8840684040412
28214	22.8840683823345
28220	22.8840682658282
28222	22.8840680976150
28226	22.8840679887025
28256	22.8840678644717
28292	22.8840677182983
28306	22.8840677078174
28318	22.8840676711645
28322	22.8840675358833
28324	22.8840674205382
28330	22.8840671236792
28350	22.8840669785853
28354	22.8840669547793
28362	22.8840668651413
28388	22.8840667942683
28404	22.8840666404787
28408	22.8840666169136
28438	22.8840665697665
28456	22.8840665577394
28462	22.8840664647058
28470	22.8840663593460
28480	22.8840661886354
28492	22.8840660283729
28502	22.8840658894406
28514	22.8840657358703
28542	22.8840656201067
28560	22.8840654432684
28582	22.8840654268630
28588	22.8840653754213
28598	22.8840652874170
28600	22.8840652397553
28616	22.8840651663542
28624	22.8840650460419
28626	22.8840649591513
28632	22.8840648873026
28646	22.8840647417446
28658	22.8840646025013
28674	22.8840644838601
28694	22.8840643558145
28714	22.8840641485119
28718	22.8840640609414
28720	22.8840639248556
28722	22.8840638663236
28732	22.884063860381
28738	22.8840637029072
28746	22.8840634655671
28756	22.8840631780511
28764	22.8840630784831
28768	22.8840630333345
28770	22.8840629974422
28772	22.8840627064595
28792	22.8840626786261
28816	22.8840626438009
28838	22.8840625049304
28848	22.8840623948877
28860	22.8840621048515
28898	22.8840620104887
28924	22.8840619111500
28938	22.8840618556085
28942	22.884061832352
28962	22.8840617640018
28964	22.884061744737
28966	22.8840617012698
28970	22.8840616601180
28972	22.8840615545089
29002	22.8840615162365
29030	22.8840613803580
29040	22.8840613705666
29066	22.8840613218349
29074	22.8840612975212
29086	22.8840612506966
29124	22.8840612219324
29136	22.8840611964535
29160	22.8840611848775
29164	22.8840611704146
29190	22.8840611532372
29200	22.8840611428061
29202	22.8840611391567
29206	22.8840611382759
29216	22.8840611320412
29222	22.8840611204398
29258	22.8840610877728
29266	22.8840610836572
29272	22.8840610737622
29298	22.8840610720215
29308	22.8840610498704
29318	22.8840610328332
29322	22.8840609890855
29324	22.8840609779364
29328	22.8840609470229
29362	22.8840609350365
29366	22.8840609285161
29370	22.8840609266320
29374	22.884060866358
29392	22.8840608643109
29398	22.8840608418774
29416	22.8840608101775
29426	22.8840607753564
29442	22.8840607723557
29448	22.8840607358169
29450	22.8840607349502
29456	22.8840607304926
29460	22.8840607220679
29464	22.8840606785393
29468	22.8840606534720
29504	22.8840606208453
29508	22.8840606069824
29516	22.8840605605661
29534	22.8840604718188
29542	22.884060439474
29590	22.8840604358918
29596	22.8840603559744
29600	22.8840602953473
29636	22.8840602440759
29638	22.884060214153
29640	22.8840601932389
29658	22.8840601846279
29666	22.8840601528057
29676	22.8840601404258
29684	22.8840601086468
29700	22.8840600625219
29722	22.8840600337312
29724	22.8840599907759
29744	22.8840599742432
29754	22.8840599407311
29760	22.8840599244089
29772	22.8840599169297
29784	22.8840597876893
29788	22.8840597768518
29820	22.8840597691447
29830	22.8840597633792
29832	22.8840597339996
29836	22.884059707916
29854	22.8840596583102
29860	22.8840596023772
29866	22.8840595850404
29878	22.8840595679757
29880	22.8840595601021
29882	22.8840595379869
29886	22.8840594858148
29902	22.8840594165262
29914	22.8840593773284
29922	22.8840592873163
29930	22.8840592634770
29942	22.8840591998406
29952	22.8840591580858
29964	22.8840590773131
29972	22.8840590080976
30008	22.8840589731458
30012	22.8840589515333
30030	22.8840589509943
30042	22.8840589229026
30054	22.884058916043
30076	22.8840588045085
30088	22.8840588018844
30090	22.8840587701204
30098	22.8840587150555
30142	22.8840586537520
30158	22.8840586359222
30182	22.8840586348500
30186	22.8840586181464
30196	22.8840586067992
30200	22.8840585535973
30204	22.8840585296229
30216	22.8840584923368
30226	22.8840584218548
30238	22.8840583124916
30256	22.8840582930244
30264	22.8840582802689
30272	22.8840582499968
30274	22.8840582264449
30284	22.8840581920601
30292	22.8840581039009
30296	22.8840580694773
30336	22.8840580086297
30354	22.8840579847716
30356	22.8840579634295
30358	22.8840579535413
30362	22.8840579344948
30370	22.8840578182748
30376	22.8840577886203
30404	22.8840577262918
30414	22.8840577253306
30420	22.8840577002812
30430	22.8840576279717
30446	22.8840576179328
30448	22.8840574811267
30456	22.8840574775960
30458	22.8840573686486
30474	22.88405727223
30492	22.8840572307176
30514	22.8840572175312
30574	22.8840572075865
30578	22.8840572047308
30608	22.8840572008938
30610	22.8840571942611
30612	22.8840571860613
30618	22.8840571844976
30632	22.8840571780003
30638	22.8840571699418
30658	22.8840571371822
30694	22.8840571283808
30700	22.8840571222316
30704	22.8840571173559
30718	22.8840571089896
30732	22.8840571073689
30742	22.8840571049123
30748	22.8840570733140
30772	22.8840570624295
30780	22.8840570433288
30786	22.8840570360188
30790	22.8840570108615
30812	22.8840570068631
30818	22.8840569939443
30824	22.8840569844936
30844	22.8840569803291
30864	22.8840569724136
30878	22.8840569695720
30884	22.8840569653586
30886	22.8840569538433
30908	22.8840569502623
30932	22.8840569273011
30944	22.8840569121911
30960	22.8840569056932
30966	22.8840569013958
30984	22.8840568805437
30992	22.8840568783582
30996	22.8840568542357
31008	22.8840568409283
31020	22.8840568396403
31026	22.8840568153230
31042	22.8840567621640
31044	22.8840567614504
31074	22.8840567353082
31088	22.8840567299160
31100	22.8840567245981
31102	22.8840567198386
31104	22.8840567194719
31112	22.8840567159956
31130	22.8840567062957
31150	22.8840566955075
31180	22.8840566832476
31186	22.8840566797989
31204	22.8840566762408
31210	22.8840566707178
31228	22.8840566632141
31242	22.8840566631234
31246	22.8840566520501
31258	22.8840566507257
31278	22.884056635419
31296	22.8840566296288
31306	22.8840566283498
31310	22.8840566076617
31338	22.8840565961508
31342	22.8840565933882
31352	22.8840565860146
31358	22.8840565839657
31364	22.8840565828013
31370	22.8840565778489
31372	22.8840565741035
31380	22.8840565653826
31386	22.8840565577488
31388	22.8840565456708
31404	22.8840565344926
31414	22.8840565281621
31416	22.8840565223313
31422	22.8840565069236
31426	22.8840565031833
31462	22.8840565014113
31482	22.8840564990149
31484	22.8840564857374
31498	22.8840564702836
31514	22.8840564653280
31544	22.8840564590806
31550	22.8840564448046
31560	22.8840564396237
31580	22.8840564092516
31588	22.8840564079709
31594	22.8840563962929
31602	22.8840563777401
31612	22.8840563740268
31614	22.884056370461
31626	22.8840563683127
31634	22.8840563595619
31640	22.8840563428999
31644	22.8840563379004
31650	22.8840563288342
31662	22.8840563248401
31666	22.8840563164834
31672	22.8840563040437
31680	22.8840563037386
31694	22.8840563034745
31708	22.8840562903278
31714	22.8840562750374
31724	22.8840562686971
31754	22.8840562443648
31788	22.8840562343218
31798	22.8840562249109
31800	22.8840562028643
31814	22.8840561893073
31822	22.8840561748999
31826	22.8840561580985
31858	22.8840561507244
31862	22.8840561380424
31876	22.8840561184949
31894	22.8840561056187
31898	22.8840560914452
31928	22.8840560608557
31962	22.8840560412881
31964	22.8840560354507
31984	22.8840560287312
32000	22.8840559963800
32008	22.8840559837145
32038	22.8840559788462
32052	22.8840559739943
32056	22.8840559732405
32064	22.8840559715676
32068	22.8840559653647
32078	22.8840559640922
32082	22.8840559501421
32096	22.8840559501246
32102	22.8840559474664
32106	22.8840559430423
32110	22.8840559349664
32126	22.8840559342134
32130	22.8840559222926
32136	22.8840558960765
32150	22.8840558919636
32154	22.8840558895713
32156	22.8840558832520
32160	22.8840558717244
32162	22.8840558430555
32166	22.8840558223172
32174	22.8840558137786
32176	22.8840558056500
32192	22.8840558027030
32200	22.8840557973261
32208	22.8840557701852
32226	22.8840557586964
32246	22.8840557465926
32262	22.8840557330769
32274	22.8840557270542
32282	22.8840557270100
32284	22.8840557202338
32298	22.8840557122685
32302	22.8840556741504
32312	22.8840556358563
32328	22.8840556133988
32332	22.8840555805214
32346	22.8840555706592
32352	22.8840555668029
32368	22.8840555447560
32370	22.8840555249745
32374	22.8840554753145
32392	22.8840554486954
32424	22.8840554304189
32436	22.8840554280486
32438	22.8840554018321
32494	22.8840553924051
32498	22.8840553838221
32506	22.8840553756884
32510	22.8840553584941
32530	22.8840553289178
32536	22.8840553030308
32566	22.8840552984544
32568	22.8840552922633
32572	22.8840552882253
32578	22.8840552846007
32596	22.8840552659401
32606	22.8840552516622
32608	22.8840552200426
32620	22.8840552131800
32626	22.8840552087013
32632	22.8840552029456
32638	22.8840551841982
32648	22.8840551767225
32664	22.8840551608281
32680	22.8840551596858
32684	22.8840551484308
32696	22.8840551319065
32704	22.8840551287135
32706	22.8840551104681
32710	22.8840550796346
32732	22.8840550712916
32742	22.8840550703652
32748	22.8840550679071
32754	22.8840550451899
32760	22.8840550370615
32774	22.8840550152288
32816	22.8840550083822
32824	22.8840549741950
32840	22.8840549537304
32846	22.884054945491
32856	22.8840549412109
32860	22.8840549348056
32874	22.8840549306413
32890	22.8840548844116
32900	22.8840548818896
32926	22.8840548805303
32960	22.8840548731385
32962	22.8840548509036
32978	22.8840548411387
32982	22.8840548243500
32990	22.8840548204099
32998	22.8840548162405
33008	22.8840547844283
33014	22.8840547787218
33016	22.8840547752133
33022	22.8840547729539
33028	22.8840547457444
33032	22.8840547133099
33054	22.8840546730678
33066	22.8840546576898
33070	22.8840546488620
33106	22.8840546373067
33110	22.884054628792
33112	22.8840546216817
33116	22.8840545754260
33128	22.8840545684347
33134	22.8840545499179
33192	22.8840545289258
33218	22.8840545040134
33222	22.8840544959234
33230	22.8840544874473
33234	22.8840544864
33236	22.8840544632404
33248	22.8840544519832
33250	22.8840544495833
33252	22.8840544438105
33264	22.8840544369629
33276	22.8840544322541
33278	22.8840544214487
33286	22.8840544062691
33290	22.8840544049122
33300	22.8840543698278
33328	22.8840543626421
33336	22.884054357839
33350	22.8840543476815
33366	22.8840543367138
33374	22.8840543269526
33392	22.8840543142576
33412	22.8840543127278
33418	22.8840543043198
33454	22.8840542985384
33472	22.8840542979421
33482	22.8840542976479
33484	22.8840542945933
33486	22.8840542891987
33502	22.8840542809536
33508	22.8840542721295
33546	22.8840542684492
33548	22.8840542627673
33550	22.8840542526052
33556	22.8840542492753
33576	22.8840542437018
33578	22.8840542298941
33594	22.8840542198011
33624	22.884054212968
33632	22.8840542084395
33634	22.8840542023355
33644	22.8840541973287
33654	22.8840541892352
33662	22.8840541838364
33670	22.8840541747309
33676	22.8840541632504
33690	22.8840541618678
33696	22.8840541603743
33742	22.8840541502137
33754	22.8840541473196
33756	22.8840541390992
33764	22.8840541309262
33768	22.8840541308699
33822	22.8840541272225
33824	22.8840541239054
33836	22.8840541224684
33848	22.8840541174114
33858	22.8840541160993
33862	22.8840541056275
33866	22.8840540937063
33876	22.8840540917175
33884	22.8840540808544
33892	22.8840540808287
33906	22.8840540745843
33916	22.8840540719071
33918	22.8840540667133
33936	22.8840540656623
33944	22.8840540642467
33960	22.8840540556371
33984	22.8840540502742
33986	22.8840540474150
34008	22.8840540450154
34028	22.8840540412193
34038	22.8840540395443
34060	22.8840540395120
34062	22.8840540381502
34076	22.8840540360237
34086	22.8840540349027
34096	22.8840540337314
34106	22.8840540266183
34120	22.8840540256062
34124	22.8840540199587
34134	22.8840540189192
34140	22.8840540174580
34148	22.8840540068281
34176	22.8840540018967
34178	22.8840540002427
34184	22.8840539980343
34194	22.8840539970709
34196	22.8840539947534
34198	22.8840539935912
34216	22.8840539838417
34236	22.8840539833429
34246	22.8840539726253
34302	22.8840539713911
34328	22.8840539678535
34332	22.8840539662362
34334	22.8840539659612
34336	22.8840539649693
34340	22.8840539599856
34348	22.8840539562969
34358	22.8840539463511
34378	22.8840539449546
34380	22.8840539431899
34396	22.8840539361242
34404	22.8840539279515
34438	22.8840539241774
34444	22.8840539227112
34454	22.8840539180099
34466	22.8840539151349
34474	22.8840539120746
34502	22.8840539099051
34508	22.8840539079165
34532	22.8840539076013
34534	22.8840539045107
34546	22.8840539016992
34568	22.8840538997627
34570	22.8840538929636
34582	22.8840538892587
34596	22.8840538875123
34610	22.8840538805903
34626	22.884053878842
34640	22.8840538721719
34658	22.8840538677589
34666	22.8840538644340
34674	22.8840538560185
34696	22.8840538539646
34700	22.8840538533752
34716	22.8840538530392
34726	22.8840538486693
34738	22.8840538481817
34740	22.8840538477054
34744	22.8840538476003
34748	22.8840538398501
34768	22.8840538394486
34774	22.8840538326174
34778	22.8840538204997
34792	22.8840538139698
34810	22.8840538083304
34824	22.8840538066439
34828	22.8840538025566
34846	22.8840538022031
34854	22.8840537963231
34862	22.8840537958185
34886	22.8840537930790
34898	22.8840537928366
34900	22.8840537897338
34904	22.8840537811777
34932	22.8840537727573
34934	22.8840537683524
34958	22.8840537683016
34966	22.8840537652639
34986	22.8840537558809
35020	22.8840537504478
35022	22.8840537475231
35036	22.8840537422200
35040	22.8840537293274
35070	22.8840537269738
35096	22.8840537232668
35112	22.8840537182483
35116	22.8840537146590
35118	22.8840537133092
35136	22.8840537128628
35166	22.8840537040817
35174	22.8840537034903
35186	22.8840537016513
35190	22.8840537005573
35210	22.8840536910645
35216	22.8840536906081
35222	22.8840536905656
35230	22.8840536892830
35252	22.8840536805712
35278	22.8840536774992
35292	22.8840536758479
35294	22.8840536674916
35314	22.8840536617353
35342	22.8840536552559
35358	22.8840536552478
35362	22.8840536529564
35366	22.8840536423901
35380	22.8840536399099
35386	22.8840536380565
35396	22.8840536353533
35408	22.8840536350750
35416	22.8840536342004
35422	22.8840536302873
35458	22.8840536280737
35460	22.8840536269768
35470	22.8840536263698
35472	22.8840536231939
35480	22.8840536199534
35486	22.8840536183803
35504	22.8840536159822
35506	22.8840536107185
35536	22.8840536088215
35538	22.8840536076116
35546	22.8840536067647
35548	22.8840536048886
35566	22.8840536018704
35572	22.8840535987275
35584	22.8840535944887
35630	22.8840535935360
35640	22.8840535879789
35648	22.8840535837925
35668	22.8840535779047
35670	22.8840535772511
35678	22.8840535755080
35690	22.8840535690383
35714	22.8840535660552
35718	22.884053561021
35766	22.8840535570609
35784	22.8840535559812
35788	22.8840535520400
35816	22.8840535499884
35830	22.8840535472198
35834	22.8840535466854
35850	22.8840535443193
35876	22.8840535441413
35880	22.8840535391641
35896	22.8840535387126
35912	22.8840535366856
35938	22.8840535366332
35954	22.8840535364557
35968	22.8840535358017
35976	22.8840535346885
35980	22.8840535343884
35984	22.8840535315996
35986	22.8840535315245
36006	22.8840535314767
36010	22.8840535313186
36016	22.8840535305302
36018	22.8840535301903
36030	22.8840535301125
36042	22.8840535300828
36052	22.8840535299667
36054	22.8840535297626
36058	22.8840535290719
36062	22.8840535268512
36066	22.8840535261436
36078	22.8840535259488
36080	22.8840535258980
36086	22.8840535234201
36108	22.8840535190919
36116	22.884053517783
36132	22.8840535173179
36138	22.8840535159449
36150	22.8840535141348
36152	22.8840535116523
36166	22.8840535114014
36168	22.8840535101542
36170	22.8840535092858
36194	22.884053505836
36196	22.8840535057384
36206	22.8840535045062
36220	22.8840535019757
36240	22.8840534972101
36244	22.8840534968929
36246	22.8840534966812
36250	22.8840534923906
36262	22.8840534892244
36278	22.8840534841418
36282	22.8840534779638
36304	22.8840534733017
36326	22.8840534715752
36328	22.8840534709693
36336	22.8840534708599
36348	22.8840534695344
36372	22.8840534666304
36388	22.8840534605684
36396	22.8840534593534
36418	22.8840534568633
36420	22.8840534544040
36454	22.8840534477823
36470	22.8840534459217
36520	22.8840534453744
36536	22.8840534411137
36560	22.8840534402154
36568	22.8840534389212
36580	22.8840534364927
36594	22.8840534361558
36596	22.8840534356182
36598	22.8840534328443
36612	22.8840534297682
36614	22.8840534294152
36622	22.8840534252575
36662	22.884053424269
36688	22.8840534238161
36708	22.8840534214172
36712	22.8840534205358
36730	22.8840534198335
36738	22.8840534157643
36748	22.8840534152931
36754	22.8840534151431
36766	22.8840534148743
36780	22.8840534136419
36784	22.8840534134453
36792	22.8840534101046
36804	22.8840534095019
36806	22.8840534059243
36822	22.8840534051730
36838	22.8840534040411
36842	22.8840534032089
36846	22.8840534019652
36866	22.8840534012021
36882	22.8840534008669
36892	22.8840534008125
36898	22.8840534005434
36904	22.8840533997921
36946	22.8840533994518
36952	22.8840533991122
36956	22.8840533983810
36964	22.8840533964515
36984	22.8840533964444
36992	22.8840533954189
36994	22.8840533947592
37016	22.8840533941640
37030	22.8840533940755
37048	22.8840533935673
37050	22.8840533928233
37056	22.8840533925141
37058	22.8840533925007
37062	22.8840533919231
37072	22.8840533910496
37098	22.8840533896691
37102	22.8840533878002
37114	22.8840533872720
37116	22.8840533861460
37126	22.8840533834230
37140	22.8840533831899
37142	22.8840533807825
37148	22.8840533807511
37156	22.8840533804194
37160	22.8840533779296
37188	22.8840533776169
37196	22.8840533773808
37198	22.8840533754735
37204	22.8840533751176
37210	22.8840533742348
37216	22.8840533720784
37218	22.8840533688310
37222	22.8840533686069
37242	22.8840533678354
37248	22.8840533677204
37252	22.8840533672430
37260	22.8840533663046
37264	22.8840533660991
37266	22.8840533646744
37278	22.8840533644976
37282	22.8840533643931
37296	22.8840533643106
37300	22.8840533635103
37342	22.8840533631417
37352	22.8840533628388
37356	22.8840533623475
37358	22.8840533612828
37370	22.8840533609343
37372	22.8840533583478
37376	22.8840533568761
37404	22.884053356811
37412	22.8840533565286
37430	22.8840533557631
37432	22.8840533556053
37456	22.8840533549619
37460	22.8840533547083
37466	22.8840533547039
37474	22.8840533539553
37494	22.8840533538561
37508	22.8840533537721
37514	22.8840533534975
37516	22.8840533532820
37528	22.8840533529431
37538	22.8840533526198
37554	22.8840533524295
37560	22.8840533522994
37568	22.8840533518408
37586	22.8840533515975
37612	22.8840533513154
37620	22.8840533509155
37626	22.8840533505168
37654	22.8840533504675
37656	22.8840533503510
37664	22.8840533502776
37666	22.8840533496706
37688	22.8840533496406
37694	22.8840533493498
37724	22.8840533491896
37732	22.8840533488883
37750	22.8840533486113
37752	22.884053348501
37790	22.8840533482481
37810	22.8840533480957
37812	22.8840533477604
37814	22.8840533475363
37820	22.8840533473938
37822	22.884053347181
37824	22.8840533469475
37826	22.8840533468421
37834	22.8840533462834
37844	22.8840533457193
37848	22.8840533451193
37870	22.8840533448743
37880	22.8840533447833
37888	22.8840533447032
37890	22.8840533446946
37892	22.8840533442922
37896	22.8840533438101
37900	22.8840533436311
37906	22.8840533435276
37908	22.8840533431443
37930	22.8840533427153
37964	22.8840533424139
37978	22.8840533422504
37986	22.8840533422141
37988	22.8840533421928
38010	22.8840533419042
38018	22.8840533401462
38028	22.8840533401302
38030	22.8840533395801
38060	22.8840533381352
38076	22.8840533379676
38110	22.8840533376998
38118	22.8840533376929
38120	22.8840533361585
38122	22.8840533360087
38128	22.8840533358110
38142	22.8840533346337
38166	22.8840533346034
38172	22.8840533345630
38178	22.8840533343601
38180	22.8840533342922
38182	22.8840533339644
38184	22.8840533323054
38218	22.8840533312856
38230	22.8840533310241
38236	22.8840533308189
38238	22.8840533293337
38244	22.8840533287735
38246	22.8840533284567
38260	22.8840533283564
38266	22.8840533279214
38268	22.8840533267586
38272	22.8840533256752
38300	22.8840533247145
38308	22.8840533235461
38310	22.8840533228292
38312	22.8840533214826
38334	22.8840533210647
38368	22.8840533204018
38386	22.8840533198771
38388	22.8840533195924
38454	22.8840533193290
38464	22.8840533191951
38466	22.8840533187579
38498	22.8840533184268
38518	22.8840533182012
38530	22.8840533181021
38532	22.8840533174639
38548	22.8840533174363
38556	22.8840533174208
38590	22.8840533164349
38596	22.8840533163117
38602	22.8840533160507
38604	22.8840533151282
38618	22.8840533148933
38628	22.8840533144790
38630	22.8840533142763
38644	22.8840533137852
38660	22.8840533135502
38676	22.8840533130553
38680	22.884053312541
38686	22.8840533120747
38696	22.8840533116846
38726	22.8840533116749
38728	22.8840533112452
38734	22.8840533110655
38742	22.8840533100878
38756	22.8840533093569
38776	22.8840533090749
38780	22.8840533089348
38790	22.8840533087760
38792	22.8840533086624
38794	22.8840533083257
38812	22.884053308274
38820	22.8840533079092
38822	22.8840533075748
38824	22.8840533070459
38850	22.8840533070220
38866	22.8840533053799
38888	22.8840533053570
38902	22.8840533052434
38906	22.8840533047405
38912	22.8840533036901
38916	22.8840533036327
38944	22.8840533036199
38954	22.8840533035333
38960	22.8840533027746
38964	22.8840533026414
38974	22.8840533025003
38988	22.8840533016878
39008	22.8840533015791
39016	22.8840533014324
39030	22.8840533009211
39032	22.8840533008801
39060	22.8840533006220
39072	22.8840533003469
39076	22.8840532996494
39110	22.8840532995096
39114	22.8840532991339
39142	22.8840532987874
39158	22.8840532986330
39168	22.8840532984502
39182	22.8840532984491
39184	22.8840532981937
39186	22.8840532980932
39210	22.8840532980375
39214	22.8840532976166
39252	22.8840532973931
39256	22.8840532970821
39302	22.8840532968216
39304	22.8840532965861
39320	22.8840532957531
39334	22.8840532957312
39354	22.8840532953656
39370	22.8840532953125
39392	22.8840532952634
39404	22.8840532949819
39416	22.8840532949454
39440	22.8840532948594
39454	22.8840532947
39464	22.8840532945410
39466	22.8840532944169
39476	22.8840532943595
39484	22.8840532941944
39492	22.8840532941157
39496	22.8840532937901
39524	22.8840532935591
39552	22.8840532935161
39554	22.8840532929643
39568	22.8840532928273
39580	22.8840532928238
39586	22.8840532928032
39592	22.8840532927621
39594	22.8840532924419
39598	22.8840532922488
39604	22.8840532916442
39618	22.8840532915730
39642	22.8840532914764
39644	22.8840532913211
39648	22.8840532913170
39650	22.8840532907638
39672	22.8840532905779
39682	22.8840532902413
39702	22.8840532902179
39722	22.8840532901444
39740	22.8840532900295
39746	22.8840532899776
39750	22.8840532897685
39762	22.8840532897354
39768	22.8840532896426
39778	22.8840532896419
39788	22.8840532895975
39800	22.8840532895673
39806	22.8840532893024
39816	22.8840532891338
39822	22.8840532889306
39846	22.8840532885755
39848	22.8840532882836
39852	22.8840532882741
39864	22.8840532879421
39896	22.8840532878406
39918	22.8840532876889
39928	22.8840532875870
39964	22.8840532874158
39970	22.8840532873088
39980	22.8840532870134
40018	22.8840532869366
40022	22.8840532867972
40048	22.8840532866177
40060	22.8840532865491
40064	22.8840532865299
40066	22.8840532864674
40088	22.8840532862900
40102	22.8840532862498
40110	22.8840532861798
40114	22.8840532860052
40142	22.8840532858016
40148	22.8840532857626
40150	22.8840532856105
40166	22.8840532856070
40174	22.8840532854852
40180	22.8840532854713
40184	22.8840532853906
40190	22.8840532853626
40232	22.8840532853281
40250	22.8840532853122
40264	22.8840532852196
40266	22.8840532852148
40294	22.8840532851923
40300	22.8840532851920
40302	22.8840532851382
40310	22.8840532849765
40346	22.8840532848739
40364	22.8840532848545
40368	22.884053284812
40374	22.8840532848103
40400	22.8840532847717
40402	22.8840532847566
40406	22.8840532846549
40442	22.8840532845675
40446	22.884053284427
40452	22.884053284423
40456	22.8840532843955
40458	22.8840532843394
40468	22.8840532842984
40490	22.8840532841376
40512	22.8840532840557
40524	22.8840532839726
40532	22.8840532837897
40546	22.8840532837667
40556	22.8840532837172
40562	22.8840532835575
40580	22.8840532835054
40586	22.8840532834675
40602	22.8840532833101
40616	22.8840532831335
40622	22.8840532830977
40634	22.8840532829309
40636	22.8840532828220
40646	22.8840532826556
40658	22.8840532826175
40666	22.8840532825821
40670	22.8840532825294
40696	22.8840532822606
40698	22.8840532822533
40718	22.8840532821735
40740	22.8840532819248
40742	22.8840532818224
40770	22.8840532816819
40778	22.8840532814899
40796	22.8840532813698
40808	22.8840532813684
40814	22.8840532813233
40818	22.8840532812725
40830	22.8840532811197
40840	22.8840532811194
40856	22.8840532809890
40862	22.8840532809689
40870	22.8840532807669
40884	22.8840532807048
40890	22.8840532806396
40912	22.8840532806259
40920	22.8840532805951
40944	22.8840532805072
40952	22.8840532804414
40958	22.8840532803351
40964	22.8840532802787
40974	22.8840532802132
40978	22.8840532801195
41018	22.8840532800902
41026	22.8840532800802
41036	22.8840532799910
41042	22.8840532799511
41058	22.8840532798475
41102	22.8840532797937
41128	22.8840532795782
41172	22.8840532795485
41200	22.8840532795254
41206	22.8840532794883
41220	22.8840532794812
41236	22.8840532794289
41242	22.8840532793304
41254	22.8840532792287
41288	22.88405327914
41326	22.8840532791285
41332	22.8840532791274
41334	22.8840532791187
41340	22.8840532790514
41346	22.8840532790133
41374	22.8840532790119
41392	22.8840532790118
41394	22.8840532790087
41398	22.8840532790068
41400	22.8840532790020
41406	22.8840532789631
41418	22.8840532789441
41420	22.8840532789156
41466	22.8840532789037
41474	22.8840532788824
41476	22.8840532788623
41478	22.8840532788434
41528	22.8840532788281
41532	22.8840532788171
41538	22.8840532788087
41544	22.8840532788018
41550	22.8840532787998
41552	22.8840532787826
41564	22.8840532787627
41598	22.8840532787557
41604	22.8840532787483
41612	22.8840532787234
41614	22.8840532787113
41630	22.8840532786991
41644	22.8840532786985
41662	22.8840532786667
41668	22.8840532786423
41680	22.8840532786191
41712	22.8840532786036
41714	22.8840532785932
41742	22.8840532785737
41748	22.8840532785632
41772	22.8840532785498
41790	22.8840532785451
41792	22.8840532785244
41796	22.8840532785176
41802	22.8840532784593
41816	22.8840532784301
41830	22.8840532784202
41850	22.8840532784063
41856	22.8840532784018
41864	22.8840532783675
41890	22.8840532783539
41912	22.8840532783405
41916	22.8840532783359
41918	22.8840532783243
41932	22.884053278324
41938	22.8840532783026
41954	22.8840532782936
41976	22.8840532782545
41984	22.8840532782333
41988	22.8840532782012
42000	22.8840532781694
42020	22.8840532781371
42026	22.8840532781079
42066	22.8840532780902
42072	22.8840532780499
42104	22.8840532780423
42110	22.8840532780009
42116	22.884053277976
42138	22.8840532779259
42156	22.8840532779246
42170	22.8840532778881
42178	22.8840532778695
42182	22.8840532778542
42188	22.8840532778479
42214	22.8840532778278
42234	22.8840532778105
42248	22.8840532778042
42256	22.8840532777944
42264	22.884053277769
42286	22.8840532777682
42296	22.8840532777681
42300	22.8840532777637
42304	22.8840532777635
42312	22.8840532777630
42314	22.8840532777440
42316	22.8840532777227
42346	22.8840532777020
42378	22.8840532776929
42384	22.8840532776584
42388	22.8840532776488
42392	22.8840532776270
42416	22.8840532775888
42430	22.8840532775686
42436	22.8840532775635
42460	22.8840532775604
42470	22.8840532775491
42488	22.8840532775206
42496	22.8840532775131
42502	22.8840532775041
42504	22.8840532774929
42518	22.8840532774908
42524	22.8840532774889
42538	22.8840532774672
42564	22.8840532774505
42570	22.8840532774417
42578	22.8840532774325
42588	22.8840532774235
42590	22.8840532774113
42606	22.8840532773808
42612	22.8840532773585
42628	22.8840532773562
42636	22.8840532773279
42656	22.8840532773248
42664	22.8840532773088
42684	22.8840532772867
42712	22.8840532772815
42732	22.8840532772737
42770	22.8840532772481
42804	22.8840532772479
42834	22.8840532772423
42836	22.8840532772417
42846	22.884053277238
42850	22.8840532772312
42854	22.8840532772288
42862	22.8840532772149
42876	22.8840532772121
42884	22.8840532772038
42894	22.8840532772029
42902	22.8840532772000
42906	22.8840532771984
42920	22.8840532771941
42928	22.8840532771908
42938	22.8840532771819
42940	22.8840532771743
42948	22.8840532771724
42970	22.8840532771686
42982	22.8840532771622
43020	22.8840532771575
43024	22.8840532771485
43056	22.8840532771478
43066	22.8840532771344
43076	22.8840532771328
43084	22.8840532771308
43090	22.8840532771242
43104	22.8840532771209
43110	22.8840532771049
43132	22.8840532770918
43140	22.8840532770864
43146	22.8840532770819
43150	22.8840532770818
43152	22.8840532770761
43176	22.8840532770628
43188	22.8840532770534
43190	22.8840532770414
43198	22.8840532770365
43216	22.8840532770336
43232	22.8840532770300
43244	22.8840532770206
43254	22.8840532769746
43262	22.8840532769593
43290	22.8840532769585
43292	22.8840532769407
43306	22.8840532769292
43314	22.8840532769082
43330	22.8840532768893
43334	22.8840532768890
43348	22.8840532768709
43354	22.8840532768707
43368	22.8840532768396
43404	22.8840532768228
43406	22.8840532768198
43422	22.8840532768006
43428	22.8840532767984
43434	22.8840532767448
43450	22.8840532767159
43454	22.8840532767098
43466	22.8840532766654
43472	22.884053276659
43478	22.8840532765857
43486	22.8840532765414
43512	22.8840532765127
43516	22.8840532764938
43570	22.8840532764849
43576	22.8840532764753
43586	22.8840532764678
43590	22.8840532764588
43592	22.8840532764434
43674	22.8840532764362
43676	22.8840532764326
43678	22.884053276427
43680	22.8840532764188
43690	22.8840532764092
43702	22.884053276389
43718	22.8840532763866
43728	22.8840532763767
43738	22.8840532763742
43760	22.8840532763724
43768	22.8840532763646
43772	22.8840532763577
43794	22.8840532763496
43796	22.8840532763442
43804	22.8840532763343
43814	22.8840532763323
43818	22.8840532763171
43846	22.8840532763111
43852	22.8840532762957
43874	22.8840532762921
43878	22.8840532762854
43880	22.8840532762843
43890	22.8840532762831
43896	22.8840532762830
43900	22.8840532762703
43914	22.8840532762592
43926	22.8840532762533
43930	22.8840532762418
43960	22.8840532762404
43968	22.8840532762393
43970	22.8840532762379
43974	22.8840532762203
44000	22.8840532762111
44012	22.8840532762005
44026	22.8840532761992
44036	22.8840532761978
44052	22.8840532761897
44054	22.8840532761783
44060	22.884053276177
44074	22.8840532761732
44102	22.8840532761704
44106	22.8840532761639
44114	22.8840532761596
44136	22.8840532761559
44146	22.8840532761521
44150	22.8840532761501
44152	22.8840532761485
44160	22.8840532761446
44164	22.8840532761323
44168	22.8840532761303
44192	22.8840532761303
44194	22.8840532761295
44200	22.8840532761282
44208	22.8840532761278
44210	22.8840532761248
44212	22.8840532761240
44230	22.8840532761234
44234	22.8840532761214
44258	22.8840532761205
44264	22.8840532761182
44266	22.8840532761169
44270	22.8840532761136
44280	22.8840532761116
44292	22.8840532761101
44298	22.8840532761087
44306	22.8840532761070
44316	22.8840532761009
44318	22.8840532760948
44332	22.8840532760919
44336	22.8840532760822
44348	22.8840532760808
44356	22.8840532760780
44386	22.8840532760758
44388	22.8840532760715
44402	22.8840532760699
44406	22.8840532760685
44412	22.8840532760637
44434	22.8840532760566
44450	22.8840532760535
44470	22.8840532760492
44478	22.8840532760485
44484	22.8840532760405
44514	22.8840532760397
44516	22.8840532760357
44518	22.8840532760265
44562	22.8840532760074
44580	22.8840532760037
44588	22.8840532760013
44600	22.8840532759913
44616	22.8840532759911
44632	22.8840532759837
44654	22.8840532759741
44656	22.8840532759688
44696	22.8840532759635
44700	22.8840532759591
44710	22.8840532759583
44724	22.8840532759573
44726	22.8840532759518
44748	22.8840532759516
44758	22.8840532759488
44772	22.8840532759468
44778	22.8840532759396
44802	22.8840532759336
44812	22.8840532759287
44824	22.8840532759284
44830	22.8840532759241
44840	22.8840532759241
44850	22.8840532759217
44854	22.884053275912
44882	22.8840532759113
44886	22.8840532759097
44894	22.8840532759066
44904	22.8840532759062
44906	22.8840532759029
44916	22.8840532758976
44922	22.8840532758943
44928	22.8840532758923
44932	22.8840532758881
44958	22.8840532758864
44974	22.8840532758857
44982	22.8840532758800
44986	22.8840532758776
45002	22.8840532758723
45004	22.8840532758709
45006	22.8840532758666
45018	22.8840532758661
45022	22.8840532758598
45032	22.8840532758595
45036	22.8840532758585
45044	22.8840532758578
45060	22.8840532758549
45062	22.8840532758545
45070	22.8840532758530
45072	22.8840532758524
45080	22.8840532758513
45082	22.8840532758491
45086	22.8840532758491
45100	22.8840532758490
45114	22.8840532758459
45128	22.8840532758446
45136	22.8840532758436
45162	22.8840532758423
45168	22.8840532758395
45176	22.8840532758364
45196	22.8840532758335
45206	22.8840532758313
45224	22.8840532758268
45268	22.884053275825
45270	22.8840532758242
45272	22.8840532758231
45274	22.8840532758216
45286	22.8840532758210
45288	22.8840532758181
45296	22.8840532758142
45302	22.8840532758073
45320	22.8840532758052
45344	22.8840532758009
45384	22.8840532757998
45388	22.8840532757986
45404	22.8840532757958
45406	22.8840532757958
45408	22.8840532757948
45420	22.884053275794
45440	22.8840532757940
45442	22.8840532757919
45444	22.8840532757917
45456	22.8840532757884
45464	22.8840532757856
45502	22.8840532757847
45504	22.8840532757836
45520	22.8840532757835
45522	22.8840532757822
45532	22.8840532757819
45534	22.8840532757778
45546	22.8840532757726
45562	22.8840532757715
45598	22.8840532757680
45622	22.8840532757616
45630	22.8840532757535
45632	22.8840532757529
45636	22.8840532757524
45644	22.8840532757477
45648	22.8840532757470
45656	22.8840532757337
45664	22.8840532757335
45672	22.8840532757332
45674	22.8840532757287
45696	22.8840532757275
45698	22.8840532757207
45720	22.8840532757201
45742	22.8840532757167
45764	22.8840532757158
45770	22.8840532757151
45776	22.8840532757151
45780	22.8840532757128
45786	22.8840532757034
45810	22.8840532757009
45830	22.8840532757001
45840	22.8840532757000
45844	22.8840532756971
45846	22.8840532756961
45848	22.8840532756957
45856	22.8840532756944
45858	22.8840532756926
45868	22.8840532756925
45880	22.8840532756898
45890	22.8840532756887
45892	22.884053275688
45896	22.8840532756831
45908	22.8840532756816
45914	22.8840532756807
45966	22.8840532756794
45974	22.8840532756793
45982	22.8840532756780
45986	22.8840532756762
45992	22.8840532756755
45996	22.8840532756741
46024	22.884053275672
46030	22.8840532756706
46036	22.8840532756654
46040	22.8840532756621
46052	22.8840532756599
46070	22.8840532756593
46088	22.8840532756591
46092	22.8840532756576
46094	22.8840532756535
46096	22.8840532756527
46102	22.8840532756518
46104	22.8840532756516
46108	22.8840532756493
46118	22.8840532756483
46126	22.8840532756482
46128	22.8840532756466
46130	22.8840532756399
46132	22.8840532756377
46144	22.8840532756303
46146	22.8840532756286
46162	22.8840532756228
46166	22.8840532756223
46168	22.8840532756173
46194	22.8840532756115
46200	22.8840532756051
46218	22.8840532755991
46234	22.8840532755973
46256	22.8840532755914
46264	22.8840532755863
46272	22.8840532755821
46280	22.884053275579
46288	22.8840532755723
46320	22.8840532755709
46332	22.8840532755702
46340	22.8840532755677
46342	22.8840532755665
46344	22.8840532755649
46346	22.8840532755617
46348	22.8840532755590
46360	22.8840532755516
46370	22.8840532755434
46386	22.8840532755408
46402	22.8840532755288
46428	22.88405327552
46458	22.8840532755136
46476	22.8840532755127
46478	22.8840532755066
46494	22.8840532755051
46498	22.8840532755010
46534	22.8840532754985
46554	22.8840532754962
46568	22.8840532754883
46620	22.8840532754882
46632	22.8840532754862
46646	22.8840532754857
46652	22.8840532754852
46656	22.8840532754824
46670	22.8840532754811
46672	22.884053275479
46692	22.8840532754768
46718	22.8840532754746
46724	22.8840532754736
46736	22.8840532754723
46740	22.8840532754672
46754	22.8840532754664
46764	22.8840532754661
46794	22.8840532754643
46802	22.8840532754640
46814	22.8840532754628
46820	22.8840532754598
46836	22.8840532754587
46840	22.8840532754575
46854	22.8840532754527
46868	22.8840532754509
46896	22.8840532754467
46914	22.8840532754423
46946	22.8840532754372
46998	22.8840532754354
47012	22.8840532754352
47014	22.8840532754342
47026	22.8840532754335
47036	22.8840532754296
47070	22.8840532754281
47076	22.8840532754257
47078	22.8840532754224
47114	22.8840532754216
47134	22.8840532754206
47140	22.8840532754199
47150	22.8840532754196
47162	22.8840532754172
47168	22.8840532754170
47178	22.8840532754135
47206	22.8840532754128
47214	22.8840532754124
47220	22.8840532754103
47242	22.8840532754073
47244	22.8840532754071
47252	22.8840532754054
47260	22.8840532754041
47310	22.8840532754040
47316	22.8840532754038
47318	22.8840532754033
47370	22.8840532754022
47396	22.8840532754019
47416	22.8840532754015
47432	22.8840532754002
47438	22.8840532753996
47452	22.8840532753988
47460	22.8840532753985
47472	22.8840532753985
47476	22.8840532753981
47502	22.8840532753962
47504	22.8840532753961
47510	22.8840532753935
47542	22.8840532753928
47578	22.8840532753924
47600	22.8840532753917
47618	22.8840532753915
47624	22.8840532753912
47634	22.8840532753909
47642	22.8840532753899
47650	22.8840532753895
47656	22.8840532753880
47692	22.8840532753856
47716	22.8840532753855
47728	22.884053275385
47736	22.8840532753843
47740	22.8840532753842
47770	22.8840532753841
47796	22.8840532753840
47798	22.8840532753821
47814	22.8840532753816
47822	22.8840532753814
47860	22.8840532753811
47872	22.8840532753808
47876	22.8840532753799
47882	22.8840532753797
47886	22.8840532753797
47902	22.8840532753795
47908	22.8840532753795
47918	22.8840532753795
47920	22.884053275379
47930	22.8840532753777
47976	22.8840532753775
48010	22.8840532753770
48012	22.8840532753770
48016	22.8840532753766
48034	22.8840532753766
48042	22.8840532753765
48044	22.8840532753758
48084	22.8840532753758
48110	22.8840532753755
48118	22.8840532753753
48120	22.8840532753746
48144	22.8840532753743
48146	22.8840532753742
48154	22.8840532753741
48160	22.8840532753741
48162	22.8840532753739
48174	22.8840532753735
48178	22.8840532753731
48192	22.8840532753720
48202	22.8840532753714
48206	22.8840532753711
48216	22.8840532753709
48220	22.8840532753701
48270	22.8840532753701
48284	22.8840532753695
48286	22.8840532753692
48288	22.8840532753685
48302	22.8840532753684
48304	22.8840532753680
48308	22.8840532753679
48334	22.8840532753676
48336	22.8840532753673
48362	22.8840532753669
48372	22.8840532753666
48394	22.8840532753664
48406	22.8840532753664
48412	22.8840532753661
48422	22.884053275366
48436	22.8840532753656
48438	22.8840532753654
48440	22.8840532753653
48446	22.8840532753649
48478	22.8840532753648
48480	22.8840532753647
48486	22.8840532753645
48494	22.8840532753644
48500	22.8840532753640
48516	22.8840532753625
48552	22.8840532753624
48560	22.8840532753621
48564	22.8840532753615
48582	22.8840532753612
48586	22.8840532753611
48668	22.8840532753610
48676	22.8840532753608
48704	22.8840532753607
48708	22.8840532753606
48716	22.8840532753602
48750	22.8840532753601
48754	22.8840532753600
48758	22.8840532753599
48760	22.8840532753596
48782	22.8840532753595
48810	22.8840532753594
48818	22.8840532753591
48834	22.884053275359
48836	22.884053275359
48838	22.884053275359
48844	22.8840532753589
48868	22.8840532753584
48882	22.8840532753579
48898	22.8840532753574
48918	22.8840532753571
48936	22.8840532753569
48938	22.8840532753569
48940	22.8840532753568
48944	22.8840532753566
48946	22.8840532753566
48950	22.8840532753566
48956	22.8840532753562
48972	22.8840532753562
48982	22.8840532753556
49000	22.8840532753547
49034	22.8840532753545
49048	22.8840532753544
49062	22.8840532753544
49064	22.8840532753544
49066	22.8840532753544
49068	22.8840532753543
49080	22.8840532753539
49102	22.8840532753537
49108	22.8840532753537
49112	22.8840532753534
49126	22.8840532753534
49128	22.8840532753531
49132	22.884053275353
49138	22.8840532753525
49152	22.8840532753521
49168	22.8840532753515
49176	22.8840532753513
49178	22.8840532753508
49184	22.8840532753507
49190	22.8840532753497
49200	22.8840532753492
49210	22.8840532753489
49214	22.8840532753479
49232	22.8840532753477
49234	22.8840532753476
49238	22.8840532753471
49252	22.8840532753461
49298	22.884053275346
49300	22.8840532753458
49312	22.8840532753457
49324	22.8840532753457
49326	22.8840532753453
49352	22.8840532753449
49366	22.8840532753447
49380	22.8840532753428
49402	22.8840532753428
49440	22.8840532753422
49452	22.8840532753422
49456	22.8840532753416
49458	22.8840532753414
49470	22.8840532753413
49472	22.8840532753413
49488	22.8840532753408
49500	22.8840532753402
49532	22.8840532753400
49548	22.8840532753400
49566	22.8840532753399
49568	22.8840532753396
49592	22.8840532753394
49600	22.8840532753393
49602	22.8840532753392
49628	22.8840532753391
49638	22.8840532753390
49646	22.8840532753387
49654	22.8840532753387
49674	22.8840532753386
49686	22.8840532753384
49718	22.8840532753381
49744	22.8840532753380
49770	22.8840532753378
49790	22.8840532753378
49796	22.8840532753377
49804	22.8840532753377
49808	22.8840532753376
49818	22.8840532753376
49826	22.8840532753375
49836	22.8840532753375
49842	22.8840532753373
49864	22.8840532753372
49874	22.8840532753371
49896	22.8840532753369
49924	22.8840532753368
49938	22.8840532753368
49940	22.8840532753367
49950	22.8840532753365
49976	22.8840532753365
49986	22.8840532753364
49988	22.8840532753363
49992	22.8840532753363
49994	22.8840532753363
50006	22.8840532753362
50044	22.8840532753361
50056	22.8840532753361
50062	22.8840532753361
50076	22.884053275336
50078	22.8840532753359
50082	22.8840532753357
50102	22.8840532753355
50116	22.8840532753354
50120	22.8840532753351
50130	22.8840532753350
50138	22.8840532753347
50178	22.8840532753345
50186	22.8840532753343
50194	22.8840532753342
50198	22.8840532753341
50228	22.8840532753340
50232	22.8840532753337
50268	22.8840532753336
50270	22.8840532753336
50276	22.8840532753335
50284	22.8840532753334
50298	22.8840532753334
50306	22.8840532753334
50326	22.8840532753334
50330	22.8840532753332
50338	22.8840532753331
50356	22.8840532753330
50362	22.8840532753330
50382	22.8840532753329
50388	22.8840532753328
50404	22.8840532753328
50412	22.8840532753327
50442	22.8840532753326
50446	22.8840532753326
50466	22.8840532753326
50482	22.8840532753326
50498	22.8840532753325
50514	22.8840532753324
50522	22.8840532753324
50546	22.8840532753323
50550	22.8840532753322
50554	22.8840532753321
50572	22.8840532753321
50590	22.8840532753321
50592	22.8840532753320
50604	22.8840532753320
50606	22.8840532753320
50608	22.884053275332
50618	22.8840532753320
50626	22.8840532753319
50654	22.8840532753319
50668	22.8840532753318
50670	22.8840532753318
50700	22.8840532753317
50702	22.8840532753317
50704	22.8840532753316
50712	22.8840532753316
50732	22.8840532753316
50742	22.8840532753315
50756	22.8840532753314
50778	22.8840532753314
50802	22.8840532753314
50814	22.8840532753313
50834	22.8840532753313
50858	22.8840532753313
50876	22.8840532753313
50882	22.8840532753312
50902	22.8840532753312
50920	22.8840532753311
50928	22.8840532753311
50932	22.8840532753311
50938	22.8840532753311
50958	22.8840532753310
50960	22.8840532753309
50968	22.8840532753309
50978	22.8840532753309
50990	22.8840532753309
51002	22.8840532753308
51014	22.8840532753308
51074	22.8840532753307
51084	22.8840532753307
51088	22.8840532753307
51100	22.8840532753307
51110	22.8840532753307
51118	22.8840532753306
51122	22.8840532753306
51138	22.8840532753306
51142	22.8840532753306
51152	22.8840532753306
51182	22.8840532753305
51188	22.8840532753305
51202	22.8840532753305
51204	22.8840532753305
51206	22.8840532753304
51228	22.8840532753304
51254	22.8840532753304
51260	22.8840532753303
51266	22.8840532753302
51268	22.8840532753302
51316	22.8840532753301
51342	22.8840532753301
51356	22.8840532753301
51364	22.8840532753300
51372	22.88405327533
51398	22.8840532753300
51430	22.8840532753300
51440	22.8840532753299
51444	22.8840532753299
51462	22.8840532753299
51472	22.8840532753299
51478	22.8840532753299
51488	22.8840532753298
51492	22.8840532753298
51510	22.8840532753298
51528	22.8840532753298
51536	22.8840532753298
51542	22.8840532753297
51562	22.8840532753297
51568	22.8840532753297
51576	22.8840532753297
51586	22.8840532753296
51588	22.8840532753296
51598	22.8840532753296
51606	22.8840532753296
51612	22.8840532753295
51626	22.8840532753295
51654	22.8840532753295
51664	22.8840532753295
51676	22.8840532753295
51698	22.8840532753294
51704	22.8840532753294
51716	22.8840532753294
51730	22.8840532753294
51782	22.8840532753293
51794	22.8840532753293
51800	22.8840532753293
51818	22.8840532753293
51830	22.8840532753293
51854	22.8840532753293
51862	22.8840532753292
51892	22.8840532753292
51896	22.8840532753292
51912	22.8840532753292
51924	22.8840532753291
51940	22.8840532753291
51942	22.8840532753291
51954	22.884053275329
51970	22.8840532753290
51992	22.8840532753290
52014	22.8840532753289
52034	22.8840532753289
52062	22.8840532753289
52092	22.8840532753288
52116	22.8840532753288
52136	22.8840532753288
52156	22.8840532753288
52172	22.8840532753288
52212	22.8840532753288
52224	22.8840532753288
52230	22.8840532753288
52246	22.8840532753288
52254	22.8840532753288
52272	22.8840532753288
52280	22.8840532753287
52306	22.8840532753287
52314	22.8840532753287
52340	22.8840532753287
52344	22.8840532753287
52350	22.8840532753287
52402	22.8840532753287
52404	22.8840532753287
52418	22.8840532753287
52436	22.8840532753286
52450	22.8840532753286
52456	22.8840532753286
52484	22.8840532753286
52508	22.8840532753286
52520	22.8840532753286
52524	22.8840532753286
52536	22.8840532753285
52540	22.8840532753285
52562	22.8840532753285
52566	22.8840532753285
52590	22.8840532753285
52596	22.8840532753285
52606	22.8840532753284
52632	22.8840532753284
52646	22.8840532753284
52664	22.8840532753284
52668	22.8840532753283
52684	22.8840532753283
52700	22.8840532753283
52706	22.8840532753283
52714	22.8840532753283
52720	22.8840532753283
52722	22.8840532753283
52728	22.8840532753283
52742	22.8840532753282
52762	22.8840532753282
52774	22.8840532753282
52788	22.8840532753282
52796	22.8840532753281
52800	22.8840532753281
52818	22.8840532753281
52828	22.8840532753281
52840	22.8840532753281
52858	22.8840532753281
52874	22.8840532753281
52876	22.8840532753280
52878	22.8840532753280
52882	22.884053275328
52894	22.8840532753280
52908	22.8840532753279
52928	22.8840532753279
52946	22.8840532753278
52966	22.8840532753278
52988	22.8840532753278
53014	22.8840532753278
53018	22.8840532753277
53026	22.8840532753277
53030	22.8840532753277
53034	22.8840532753277
53036	22.8840532753276
53066	22.8840532753276
53084	22.8840532753276
53138	22.8840532753276
53144	22.8840532753276
53174	22.8840532753276
53190	22.8840532753276
53194	22.8840532753276
53196	22.8840532753275
53200	22.8840532753275
53218	22.8840532753275
53230	22.8840532753275
53246	22.8840532753275
53248	22.8840532753275
53252	22.8840532753275
53268	22.8840532753275
53274	22.8840532753275
53298	22.8840532753275
53322	22.8840532753274
53334	22.8840532753274
53358	22.8840532753274
53360	22.8840532753274
53370	22.8840532753274
53378	22.8840532753274
53382	22.8840532753274
53408	22.8840532753273
53448	22.8840532753273
53456	22.8840532753273
53502	22.8840532753273
53530	22.8840532753273
53558	22.8840532753273
53574	22.8840532753273
53576	22.8840532753273
53592	22.8840532753273
53606	22.8840532753273
53638	22.8840532753272
53656	22.8840532753272
53680	22.8840532753272
53698	22.8840532753272
53734	22.8840532753272
53736	22.8840532753272
53738	22.8840532753272
53762	22.8840532753272
53788	22.8840532753272
53834	22.8840532753272
53836	22.8840532753272
53886	22.8840532753272
53952	22.8840532753271
53978	22.8840532753271
54042	22.8840532753271
54116	22.8840532753271
54176	22.8840532753271
54226	22.8840532753271
54246	22.8840532753271
54280	22.8840532753271
54288	22.8840532753271
54340	22.8840532753271
54416	22.8840532753271
54450	22.8840532753271
54454	22.8840532753271
54468	22.8840532753271
54516	22.8840532753271
54544	22.8840532753271
54548	22.8840532753271
54550	22.8840532753270
54588	22.8840532753270
54610	22.8840532753270
54616	22.8840532753270
54704	22.8840532753270
54708	22.8840532753270
54726	22.884053275327
54732	22.884053275327
54744	22.884053275327
54748	22.884053275327
54750	22.884053275327
54788	22.884053275327
54796	22.8840532753270
54800	22.8840532753270
54808	22.8840532753270
54812	22.8840532753270
54822	22.8840532753269
54826	22.8840532753269
54838	22.8840532753269
54842	22.8840532753269
54858	22.8840532753269
54868	22.8840532753269
54888	22.8840532753269
54898	22.8840532753269
54910	22.8840532753269
54920	22.8840532753269
54926	22.8840532753269
54978	22.8840532753269
55080	22.8840532753269
55212	22.8840532753268
55250	22.8840532753268
55306	22.8840532753268
55398	22.8840532753268
55624	22.8840532753268
55724	22.8840532753268
55862	22.8840532753268
55932	22.8840532753268
56098	22.8840532753268
56460	22.8840532753268
56482	22.8840532753268
56516	22.8840532753268
56548	22.8840532753268
56578	22.8840532753268
56642	22.8840532753268
56660	22.8840532753268
56766	22.8840532753268
57026	22.8840532753268
57130	22.8840532753267
58726	22.8840532753267
58840	22.8840532753267
62716	22.8840532753267
63100	22.8840532753267
63384	22.8840532753267
63550	22.8840532753267
63626	22.8840532753267
64202	22.8840532753267
64494	22.8840532753267
65608	22.8840532753267
65696	22.8840532753267
65794	22.8840532753267
66324	22.8840532753267
66474	22.8840532753267
67082	22.8840532753267
72372	22.8840532753267
73386	22.8840532753267
73660	22.8840532753267
73714	22.8840532753267
77142	22.8840532753267
78120	22.8840532753266
84816	22.8840532753266
86894	22.8840532753266
88566	22.8840532753266
91064	22.8840532753266
108846	22.8840532753266
111388	22.8840532753266
137392	22.8840532753266
137634	22.8840532753266
201540	22.8840532753266
300000	22.8840532753266
