52	541.311842366659
58	525.484349502315
62	358.993440907284
138	357.425113905615
158	347.237300837282
178	345.751386040321
232	333.848574399968
244	327.046824934317
282	287.819595126864
448	287.816982384771
572	236.246368856533
2062	217.573943942573
6080	217.430759701893
6246	205.127137408270
6964	194.642384558847
7354	165.448391456308
7568	119.692895032604
7642	106.806460627521
7702	103.507328983408
7714	93.4950729012637
7744	93.0718019258337
7766	92.5124820429718
7776	90.5575183624327
7786	84.1699568366545
7802	83.685040055811
7830	83.627460686375
7844	78.8200290779887
7846	76.804676167525
7906	75.4533535444955
7932	74.5445629544633
7938	74.3882507631555
7944	72.2466525905727
7948	70.8281916371817
8006	69.8569973674246
8014	69.418976084437
8058	68.906416140498
8064	68.6663139136876
8072	67.4992609248633
8090	67.1223908278505
8104	66.827181259216
8118	66.7489551850216
8126	65.7469026925508
8134	65.0913201598582
8142	64.5200737536637
8156	64.4968477402045
8158	64.3456474083102
8162	64.3295563053163
8196	63.7300673018822
8200	63.6842486646811
8208	63.2778244624647
8212	62.9901385550765
8222	62.9715987027487
8224	62.8060994815106
8246	62.6624007911952
8250	62.343195015547
8260	62.342586728947
8266	61.8114287717744
8306	61.6765774186345
8336	61.1848696814226
8344	60.9069850664564
8370	60.2708060322324
8380	60.1941936157543
8388	60.0946793827443
8394	59.8816256983697
8398	59.7299519945852
8402	59.6645377556428
8408	59.4289264857758
8430	59.0931110666916
8460	58.8830817770669
8464	58.6059381879402
8476	58.2551850066766
8496	58.0406319390191
8512	57.9487788274505
8526	57.6096104528163
8552	57.2735295866533
8556	57.2624976170728
8580	57.261015461918
8592	57.1947994264933
8606	56.6238091626167
8628	56.4055684341088
8654	56.294098281524
8660	56.0375355888308
8674	55.7200652413205
8704	55.5816183949009
8708	55.5775514090965
8716	55.2775744065627
8730	54.95391192044
8738	54.8544604414028
8756	54.7364523099397
8768	54.5986397818339
8776	54.4805716108109
8786	53.7844486840361
8800	53.6772005581644
8812	53.4576032829894
8824	53.3981422016431
8830	53.2127768007855
8860	52.9767553439149
8868	52.7585083810833
8878	52.6530827630107
8884	52.5488015503087
8894	52.2892665022087
8896	52.2797537603508
8904	52.1549507903928
8912	52.017103018332
8918	51.8646776279308
8954	51.8481114347967
8956	51.8025513090676
8980	51.7430527012606
8982	51.7159445861454
8986	51.7113453212131
8988	51.5953856640146
8992	51.4419723241227
8994	51.4305610433916
8998	51.1861984874011
9008	50.9613586515835
9022	50.9025343454749
9030	50.6697945898636
9058	50.5446581076699
9060	50.4623849355958
9096	50.402708321154
9102	50.3942736289708
9104	50.2325613419016
9116	49.9396184634231
9132	49.8218799568253
9136	49.7295795882727
9152	49.66352986059
9160	49.6348539293182
9176	49.4999631825512
9230	49.3938050558086
9238	49.364407450272
9256	49.3372423644745
9284	49.3072373564241
9294	49.0747520573407
9300	49.0547984191327
9310	48.9945647665213
9320	48.9321161623705
9332	48.8390091501583
9352	48.7431056629013
9364	48.642374927548
9366	48.5190767779495
9384	48.4701801064908
9388	48.3276070260459
9396	48.2999111837393
9414	48.1637513478394
9428	48.0793488706995
9438	48.022709370669
9454	47.9696922856793
9460	47.8677841682471
9472	47.8253069981958
9476	47.7790165718069
9482	47.6336613159377
9500	47.5561324796204
9508	47.3798021739587
9528	47.3366374842442
9554	47.3231097777884
9562	47.1664650356265
9616	47.1639814618891
9618	47.1591888646758
9622	46.9628255628095
9642	46.9276475805822
9672	46.8609913770733
9686	46.8494653655032
9692	46.7102046051737
9702	46.6996119779715
9734	46.6416080602047
9746	46.6085315685846
9750	46.5870003859234
9778	46.5862835149538
9780	46.5533249443352
9788	46.5512718591821
9790	46.5374694499955
9792	46.5170090199781
9794	46.4735288554323
9822	46.4419485323919
9840	46.4406591174974
9844	46.4358501006238
9852	46.4098604568573
9862	46.4078695322162
9864	46.3804952098109
9886	46.3728777174542
9906	46.3297170677061
9936	46.3248020272371
9946	46.3182480897977
9948	46.2807929553857
9970	46.2688789236157
9974	46.2504779069779
9984	46.2475774447442
10000	46.235130138848
10012	46.2106289132528
10022	46.2073563658701
10030	46.1742880360797
10046	46.1604145018519
10048	46.152690846069
10058	46.1422484628923
10076	46.105600527192
10082	46.0980245658396
10090	46.0906666455784
10096	46.0764110924029
10110	46.0471183344351
10124	46.0078151782465
10128	45.9925964539373
10156	45.9706126141339
10162	45.967770920885
10166	45.958457605164
10176	45.941981203701
10182	45.8843440156709
10186	45.8767875561242
10190	45.8646034921834
10222	45.8634093787937
10236	45.8437116876186
10244	45.7982696877986
10256	45.796798363715
10262	45.7661494499295
10292	45.7624899941347
10298	45.7584544786364
10304	45.7406926837757
10310	45.7177126756637
10324	45.6878166959392
10328	45.679690729629
10336	45.6788706907986
10358	45.6758647244767
10360	45.6727148405061
10362	45.6392223807218
10374	45.6211883315086
10386	45.5852760843396
10422	45.5518048020712
10450	45.547202928676
10466	45.5325481210109
10478	45.5285078483492
10480	45.5044084572284
10486	45.5017405866934
10488	45.5009521200196
10502	45.4831134428194
10504	45.4790129407715
10510	45.4672524996756
10516	45.4603789777634
10518	45.4451518583149
10532	45.4363870322279
10534	45.4228901266778
10538	45.407647501487
10584	45.3914618795491
10596	45.3903961464865
10606	45.388870531716
10612	45.3729868969677
10614	45.3653123029837
10616	45.3518999814096
10638	45.3410842453559
10640	45.324814998917
10662	45.3104526200382
10674	45.3045924449528
10678	45.2855853896646
10684	45.2558013870465
10706	45.2348297480381
10714	45.2295649711492
10748	45.2225164705491
10752	45.2201501894517
10758	45.1829349579268
10784	45.1600545209239
10806	45.1583400386125
10810	45.156262714098
10816	45.155738005996
10818	45.1344819436820
10824	45.1167580925701
10840	45.1165785441472
10842	45.1089610148166
10852	45.100024420028
10864	45.0893881651103
10876	45.0659596771447
10884	45.027630058692
10930	45.0159090310038
10932	45.0106779227588
10960	44.9863588817738
10962	44.9518851057440
10972	44.9307530405338
10988	44.921013286478
10992	44.9112588630108
11012	44.8976300115168
11026	44.8703113466316
11034	44.8609534465899
11044	44.8547210675281
11046	44.8524517945713
11056	44.851208484435
11064	44.8411594696702
11076	44.8324951574645
11110	44.8311756386341
11112	44.8233678104744
11122	44.823128658621
11124	44.8203535554579
11132	44.8181209208569
11134	44.8082285733913
11178	44.8033552201917
11180	44.7944556866598
11184	44.7810781582709
11210	44.7720164489413
11222	44.7611087465906
11238	44.7589693155959
11244	44.7560437095944
11248	44.7530688874354
11290	44.7527779949343
11294	44.7447747904953
11328	44.7378949974935
11330	44.7344890377973
11344	44.7258161972427
11352	44.7124787771064
11376	44.7092013942764
11404	44.6804608431394
11406	44.6652493192102
11408	44.662901940801
11416	44.650489927705
11434	44.6488203831445
11440	44.6209563605197
11458	44.6184298616245
11486	44.6147830575659
11490	44.5811419821848
11498	44.5565290536128
11512	44.5511545389041
11522	44.5439297016888
11536	44.533391143335
11560	44.5270108438191
11576	44.5254883257023
11578	44.523647439967
11582	44.5033756127829
11588	44.492655186439
11610	44.4914173307656
11622	44.4480317861369
11654	44.4205813990547
11662	44.4198259973666
11678	44.4102773506364
11682	44.4073276138152
11690	44.3982290421101
11694	44.3977953383835
11696	44.3925511974643
11702	44.3658689756442
11726	44.3618907754103
11734	44.3503888219185
11748	44.3480512785347
11766	44.3340894383041
11768	44.31351656143
11774	44.2992464990898
11778	44.2686160342685
11788	44.2250433872503
11792	44.1946041010914
11798	44.1911046610655
11800	44.1382213929938
11814	44.1312081497377
11844	44.1061456791928
11860	44.0919754804203
11884	44.0766453621953
11892	44.0675726381353
11900	44.0660261157191
11914	44.0505058720649
11940	44.0488991744136
11942	44.0442584834749
11944	44.0164385981516
11958	43.9814121195946
11974	43.9732077484755
11978	43.9558605609678
11980	43.9500636945104
11982	43.9468381120636
11984	43.9366588925759
11988	43.9238905052799
12016	43.9231014114394
12020	43.9021767863830
12032	43.8836207261768
12040	43.866871201835
12044	43.819745830258
12060	43.7585359545397
12062	43.7361036893797
12096	43.734267267656
12100	43.7244164034663
12114	43.687085244996
12118	43.6440069017348
12120	43.6329026807302
12122	43.6316639081465
12124	43.5948416130417
12134	43.5810486882768
12148	43.5517145588123
12152	43.5285978920076
12188	43.4420758936676
12204	43.4369719962488
12212	43.4041765650008
12224	43.396022805866
12234	43.3568155534355
12246	43.3466847300987
12276	43.3295042753689
12284	43.2968356932037
12290	43.2954679282124
12294	43.2954469402313
12304	43.2849834283039
12334	43.2728241476906
12336	43.2632846021243
12344	43.2630388564892
12364	43.2438603669716
12372	43.1821221148148
12430	43.1324763676838
12454	43.108102573777
12464	43.1059565305115
12466	43.0971753285641
12484	43.0807817688274
12488	43.0797673176984
12498	43.0737789990268
12500	43.0650895807056
12508	43.059699511942
12530	43.0295769817477
12546	42.9583309469371
12566	42.9189225667629
12582	42.9141741267843
12632	42.8863243492583
12638	42.8476175201344
12666	42.8154017796146
12668	42.7690879350126
12682	42.7630377159792
12692	42.7353764723687
12706	42.6664111696723
12714	42.6462602483551
12724	42.6022638486228
12738	42.5944433852874
12748	42.5409312375168
12764	42.520902542218
12766	42.5097897455471
12778	42.4098871678346
12808	42.3769246113755
12814	42.36053014661
12844	42.360293816638
12868	42.3484127916494
12874	42.3413929663692
12880	42.3303878845027
12886	42.3171105761686
12906	42.3103698357917
12914	42.2969714299371
12940	42.287852986866
12950	42.2823915534935
12960	42.2799064091306
12972	42.2745245487728
12984	42.26316578735
12988	42.2348870497205
13022	42.2302706627656
13024	42.2072086856955
13034	42.2065244100827
13052	42.1942192928503
13070	42.1918858439016
13072	42.1895653978613
13080	42.1872923107056
13082	42.1845154029765
13084	42.1699852590006
13094	42.1586723649757
13104	42.1438173260053
13122	42.1428005006699
13124	42.1396077574477
13132	42.1167475562652
13136	42.1115701217517
13160	42.1077371716713
13162	42.1062614094734
13176	42.0907316994418
13180	42.0851956386168
13182	42.0740094794708
13194	42.0698123844574
13210	42.0655933545646
13222	42.0633959300176
13224	42.0627350871763
13240	42.054421265509
13246	42.0527438003741
13254	42.050609807545
13258	42.0482854776149
13260	42.0454602414355
13264	42.0452163204236
13274	42.0270633986667
13284	42.0270226813053
13292	42.018877631748
13302	42.0004357813577
13326	41.9982142089943
13338	41.9950256376245
13352	41.9901980360922
13364	41.9854124275173
13374	41.9748428422541
13388	41.9726543317058
13392	41.9625133141386
13394	41.9607787776988
13410	41.9516920922376
13436	41.9461000738515
13444	41.943451049817
13446	41.9388383731438
13462	41.9222957723399
13482	41.9205452114493
13502	41.9160903737018
13506	41.9010592079168
13524	41.8926902943326
13534	41.8904535937076
13542	41.8670203124509
13556	41.8579062832897
13584	41.8534020269879
13598	41.8424167728384
13606	41.8379304134227
13620	41.836562613295
13632	41.825118106025
13634	41.8221904360721
13638	41.8183740231757
13656	41.8174202688759
13678	41.8108991726191
13682	41.8048439546443
13684	41.8024492345994
13704	41.7866635039955
13718	41.7797997350811
13724	41.7672469824189
13758	41.7506245004042
13770	41.7472987020673
13778	41.7270278190628
13794	41.7083281267735
13806	41.7011111044042
13810	41.6998190071898
13824	41.6713501314513
13840	41.6546867420905
13912	41.6507545263114
13954	41.6449993089677
13964	41.6312220065202
13974	41.6223244745873
13994	41.6206495156215
13996	41.6187410060676
14006	41.6151093777865
14010	41.6034162655626
14040	41.6007192076553
14044	41.5816874433461
14056	41.5799108293448
14060	41.5661199544828
14070	41.5577896534034
14074	41.5563640427885
14084	41.5484875097453
14106	41.5418038886276
14116	41.5337087723402
14132	41.5320420038822
14150	41.5235846900936
14160	41.515269338967
14196	41.5115358435712
14206	41.4995622167976
14208	41.4957145883195
14220	41.484372877344
14242	41.4842189189343
14250	41.4771473461224
14252	41.4697983344106
14258	41.4686511132220
14268	41.4649520255697
14292	41.4624608814492
14300	41.4517757749688
14314	41.4458325963121
14318	41.4371373463921
14350	41.4371079489916
14352	41.4252758165944
14376	41.4200143526243
14380	41.4190233002416
14384	41.4091426180351
14394	41.3994050528695
14416	41.3979365730663
14418	41.3926869567825
14434	41.3867640123562
14440	41.3830838238546
14456	41.377563873387
14478	41.3765480643577
14480	41.3712160531807
14486	41.3688793892993
14492	41.3615446064567
14496	41.357442674872
14502	41.3541188070293
14512	41.3399179118434
14536	41.3393944608912
14540	41.3312586855384
14542	41.3236945853949
14558	41.32080743685
14572	41.3147405167496
14582	41.2991778122393
14586	41.2982028443406
14592	41.295797498275
14604	41.2928044013714
14612	41.2544976311306
14644	41.2459316029583
14658	41.2428805472083
14662	41.2324230415763
14666	41.2230058135335
14678	41.2205140583441
14706	41.2040787900325
14730	41.1908377485297
14732	41.1886242916928
14734	41.1721978318297
14750	41.1717451005807
14762	41.1700835959093
14764	41.1644573740981
14770	41.1543012116486
14780	41.1463260339498
14796	41.1377189079532
14804	41.1356296070091
14824	41.1349655554586
14828	41.1319495629285
14834	41.1249034239182
14836	41.1242414128735
14844	41.1197490996924
14872	41.113016294143
14878	41.1117600738864
14896	41.1117173994947
14912	41.1109109688091
14928	41.1082135809923
14930	41.1006411473289
14932	41.0990202357559
14938	41.0956484540725
14940	41.0898032935013
14954	41.0844793840166
14972	41.0783265349786
15016	41.075737020841
15026	41.0747570091952
15036	41.0747415813004
15048	41.0745123845725
15058	41.0673103932530
15066	41.0646476221327
15074	41.0595221559348
15084	41.0507601016709
15102	41.0489313212178
15116	41.0474001189747
15130	41.0472389462413
15134	41.0428175082301
15136	41.0400577550509
15146	41.0372141900695
15154	41.0335879264319
15156	41.0328220653362
15170	41.0301091506535
15174	41.0271091871731
15188	41.0246158465392
15196	41.0223670740327
15206	41.0223127876797
15210	41.0208479053545
15212	41.0173170627105
15248	41.0159099106814
15254	41.0129957443573
15280	41.0117423405345
15298	41.0116204518886
15302	41.004205192004
15306	41.0031596596130
15318	41.0029137238556
15326	40.9994996310123
15352	40.9978663840754
15356	40.996162106218
15362	40.993359173273
15378	40.993247445251
15384	40.9917332078941
15386	40.989745473535
15408	40.9872436774901
15414	40.9850982088257
15438	40.9796484991933
15448	40.9763517700749
15472	40.9729433547277
15476	40.9726037059513
15482	40.9707095742133
15492	40.9695446033231
15510	40.9688089625019
15524	40.9632367637091
15570	40.9588624364644
15574	40.9575911753695
15592	40.9555527243025
15594	40.9514823193752
15608	40.9503782166582
15614	40.94683981233
15638	40.9427161385815
15642	40.9391057722089
15652	40.9378220910565
15660	40.9370468251475
15666	40.9330326980637
15676	40.9319583941573
15690	40.9241611804568
15764	40.92031117483
15784	40.9188618712879
15792	40.9173108322658
15820	40.9170356642835
15826	40.916144391619
15842	40.9141035864603
15866	40.9137810255761
15888	40.9130739126473
15896	40.9130510755801
15902	40.911479376213
15950	40.911181619688
15976	40.9094687758176
15978	40.9070773884187
15996	40.9065378811124
16002	40.9053635716326
16050	40.9048238851259
16054	40.9046018161571
16070	40.9042368186971
16072	40.9036390521482
16078	40.9017899531763
16114	40.9011540407655
16120	40.9007437030305
16130	40.8994406140690
16164	40.8978871655565
16184	40.8977916010247
16216	40.8975620800769
16228	40.8969053532998
16230	40.8945504043944
16238	40.8938942008445
16240	40.8933318085436
16242	40.8931454273343
16250	40.8923478561167
16282	40.8921796661529
16286	40.8921365462526
16304	40.8912329200295
16322	40.8911473359594
16340	40.8910194468802
16344	40.8910074298609
16356	40.8906842856001
16358	40.8902133131917
16384	40.8899957879204
16388	40.8894013917807
16402	40.8889610116108
16412	40.8889391639418
16430	40.8887752798515
16442	40.8879135976472
16456	40.8875773036795
16464	40.8870681416979
16482	40.8868828027242
16498	40.8867624354666
16508	40.8850544926383
16524	40.8847701365742
16530	40.88303784785
16540	40.8828299398008
16554	40.8819871275277
16564	40.8810709276384
16588	40.8798822347799
16604	40.8795564739832
16608	40.8791070013499
16610	40.8784163282246
16630	40.8781245984002
16636	40.8772747573782
16676	40.8772520481942
16686	40.8772512977500
16702	40.8764510835083
16704	40.8764200907399
16708	40.8763191726865
16718	40.8757070497192
16722	40.8757007662375
16744	40.8753498119912
16746	40.8748910415812
16756	40.8747019181315
16760	40.8743096883704
16788	40.874136112874
16790	40.8739358953073
16802	40.8738826619606
16804	40.8736667242689
16816	40.8736587899904
16818	40.8735943484599
16822	40.8727150788888
16826	40.8721970737392
16858	40.871475426572
16870	40.8710990209229
16880	40.8709302156295
16890	40.8708930135703
16896	40.870794567328
16904	40.8706861998002
16914	40.8703498534495
16922	40.8699285421742
16936	40.8698948792315
16944	40.8698584279263
16954	40.8690756875174
16956	40.8684461076974
16962	40.8681371366636
16992	40.8676427050218
17016	40.8675078235183
17030	40.8674497555039
17032	40.8674344377901
17034	40.8672185618489
17036	40.8671999554462
17038	40.8671133632108
17042	40.8670483267383
17052	40.8668918911889
17054	40.8667047068358
17060	40.8665260991518
17068	40.8664292669902
17080	40.8658186620245
17082	40.8653949346441
17088	40.8653522258972
17092	40.8649728325282
17108	40.8647943591344
17114	40.8643421230863
17122	40.8642879927901
17134	40.8639944648198
17140	40.8637955774613
17186	40.8635281706344
17188	40.863475666679
17196	40.8630263218342
17204	40.8624654730734
17216	40.8623150283596
17236	40.8619352159755
17262	40.8619260513289
17264	40.8613865864421
17266	40.8612307732711
17270	40.8608934943566
17284	40.8604567269416
17306	40.8590319580053
17318	40.8584363012331
17350	40.8578674503053
17370	40.8578486911052
17372	40.8567062124483
17438	40.8564911478573
17446	40.8564647422534
17454	40.8563414633344
17466	40.8561777234011
17484	40.855988822195
17486	40.8552009893293
17514	40.8550421400652
17518	40.8546544567612
17536	40.8546143908356
17538	40.8540596361018
17554	40.8533929091145
17574	40.8530971336706
17582	40.8529242156855
17602	40.8525419792953
17620	40.8524495361218
17622	40.8519411310696
17626	40.851753416463
17630	40.8513360698110
17640	40.8512065039082
17648	40.8504649923381
17658	40.8502476520504
17660	40.8496348610281
17696	40.8493127405136
17706	40.8487269807482
17710	40.8483797499054
17734	40.8482824968652
17780	40.8477483003921
17806	40.8477011967754
17808	40.8476613391115
17816	40.8473520666340
17832	40.8472655184398
17836	40.8472123987026
17844	40.846938839273
17848	40.8468471677134
17850	40.8466074494207
17858	40.8464779911012
17872	40.8463635741078
17874	40.8462771542260
17878	40.8462621043298
17888	40.8461693585393
17898	40.8456637656089
17924	40.8455918745612
17926	40.8454109012221
17940	40.8451277724374
17956	40.8450949403886
17958	40.8450160613269
17970	40.8446578026629
17982	40.8446234936242
17990	40.8437988780494
17996	40.8434939344103
18024	40.8430213554911
18034	40.8428971389682
18038	40.8426463384727
18046	40.8418068480267
18050	40.8416600784335
18056	40.8415285369574
18060	40.8408670384095
18070	40.8403542858677
18084	40.8402804031285
18096	40.8401430198852
18104	40.8400726802896
18112	40.8399667989921
18114	40.8394394177169
18122	40.8393139800588
18128	40.8387626624522
18150	40.8385546573298
18160	40.8382615780861
18176	40.8381341688866
18182	40.8381152070002
18186	40.8380414204105
18190	40.8377971768731
18206	40.8377573568176
18208	40.8376869058917
18214	40.83750724955
18224	40.8371991178913
18242	40.8370346447727
18252	40.8368490637084
18260	40.8360200909204
18264	40.8357234732967
18280	40.8353639583908
18292	40.8353478081316
18294	40.8346843077735
18312	40.8344727775749
18318	40.8344045847983
18322	40.8342497164388
18348	40.8339023643208
18356	40.8337172228857
18366	40.8334028479047
18378	40.8333422258363
18396	40.8333364507253
18400	40.8333313057163
18402	40.8323253120324
18434	40.8318698119190
18450	40.8313393891999
18452	40.8311060484432
18464	40.8308161732832
18476	40.8304522468436
18478	40.8298276762618
18492	40.8298048832639
18494	40.829763046267
18502	40.8293006280888
18506	40.8290873348533
18536	40.8289665326549
18540	40.8283271628263
18546	40.8282973211144
18548	40.8281327946033
18570	40.8280043816001
18572	40.8279274672505
18578	40.8276678192379
18580	40.8262729947046
18600	40.8254254795992
18620	40.8249894041008
18622	40.8239789081442
18636	40.8239429610015
18654	40.8236791397219
18660	40.8236153143664
18672	40.823274959705
18674	40.8227395490819
18676	40.8220107517617
18702	40.8217176860095
18712	40.8213172760565
18714	40.8210716432365
18722	40.8210203152988
18732	40.8210061319374
18742	40.8207898063854
18746	40.8202174509590
18758	40.8200769785205
18760	40.8195307648772
18768	40.8187573157299
18782	40.8186688604219
18792	40.8185578177379
18794	40.8184868496212
18812	40.8182540049593
18816	40.8182133525958
18818	40.8179856552
18830	40.8179282669534
18834	40.8178396890276
18844	40.8177483535118
18854	40.8173110507009
18868	40.8171722053512
18872	40.8171439872004
18880	40.8170585183366
18890	40.8160955747424
18904	40.8156609609873
18928	40.8151172296501
18942	40.8150712223557
18946	40.8146905388162
18980	40.8144267357887
19018	40.8140436171164
19028	40.813577306051
19040	40.8133458364438
19052	40.8131541625181
19072	40.8124710893227
19088	40.8122498144182
19102	40.8119525492395
19122	40.8118529901106
19142	40.8117434522269
19182	40.8117233194635
19184	40.8116013220888
19186	40.8115365424243
19190	40.8112270453474
19226	40.8112119985304
19232	40.811174609601
19236	40.8110207257017
19242	40.8108317823324
19244	40.8108145277788
19256	40.810637762398
19284	40.8102545505409
19290	40.8102263701472
19312	40.8101663580067
19332	40.8101072421076
19338	40.8099757361768
19346	40.8098609674002
19358	40.8097774557468
19360	40.8097306228709
19370	40.8095586194862
19374	40.8090858634787
19400	40.8090477091273
19408	40.8089398407162
19414	40.8085980935929
19424	40.8083980763794
19442	40.8083412549878
19452	40.8081373703833
19468	40.8078145098434
19474	40.8077155969331
19498	40.8076224255077
19504	40.8074648953388
19526	40.8073226696456
19546	40.8072442164916
19548	40.807230464616
19566	40.8071622179441
19596	40.8071604536801
19600	40.8070611613042
19618	40.8070217791684
19624	40.806932171209
19648	40.8067613279224
19672	40.8067050008784
19676	40.8066950660086
19700	40.8066635147049
19704	40.8064706297363
19728	40.8064559358727
19758	40.8064196780094
19774	40.8063783001248
19780	40.8063773379081
19790	40.8062966646536
19792	40.8062624368722
19798	40.8062267880043
19800	40.8062078749835
19802	40.8062054871679
19814	40.8061726624982
19820	40.8060830134717
19822	40.8060324073582
19824	40.8059977098231
19834	40.8058426182139
19848	40.8057044706575
19852	40.8056218005019
19862	40.8054482732502
19902	40.8053542417899
19904	40.8053528837243
19934	40.8052642401089
19946	40.8051507620805
19984	40.8051018860187
20016	40.8050829463463
20026	40.8049986660268
20030	40.8049604633921
20042	40.8048504443225
20052	40.8048112702866
20062	40.8046717844657
20076	40.8045898889177
20078	40.8044323859174
20090	40.8042900437946
20100	40.8041267941178
20112	40.8040758761176
20114	40.8040568162445
20116	40.803951526113
20118	40.8039006240102
20120	40.8038513437164
20128	40.8038401567938
20136	40.8037638446146
20146	40.8036860887752
20154	40.8036076337962
20166	40.8035560176178
20170	40.8033288074761
20174	40.8032569294763
20182	40.8031439105372
20202	40.8030084206362
20204	40.8029473685614
20220	40.802889237245
20238	40.8028083285298
20246	40.8027541925396
20284	40.8027001448026
20292	40.8024510788562
20310	40.8022967509532
20322	40.8022695924435
20338	40.8022249176283
20368	40.8022204673517
20382	40.8021923286575
20392	40.8021799493596
20400	40.8020906760827
20412	40.8020411507187
20432	40.8020330013246
20434	40.8020049458761
20436	40.8019914239263
20448	40.801990087912
20454	40.8019854493487
20456	40.8019821922898
20458	40.8019524109917
20460	40.801903003834
20464	40.8017612146555
20476	40.8017505017921
20494	40.8015612864957
20498	40.8015053457914
20512	40.8015020839743
20522	40.801471982116
20524	40.8014460538803
20532	40.8014215269784
20548	40.801348566812
20560	40.8013252346371
20566	40.8012910326045
20572	40.8012693544759
20592	40.8012597288467
20596	40.8012162559811
20614	40.8011736625438
20616	40.8011395916063
20620	40.8010868812014
20622	40.8010252429302
20624	40.8009284848168
20656	40.800823126043
20658	40.8007466238021
20686	40.8007273132368
20706	40.8006738142974
20712	40.8006163763768
20730	40.8005581995142
20762	40.8005448587996
20768	40.8004030130755
20776	40.8003657789721
20784	40.8003232327424
20786	40.8002666379314
20802	40.800264126707
20806	40.8001993052542
20820	40.800184382186
20830	40.8001582767007
20848	40.8000633642646
20864	40.8000228274019
20872	40.8000058799752
20884	40.7999955905248
20890	40.799992449926
20892	40.7999715221499
20894	40.7998353865382
20898	40.799766499059
20926	40.7997512116489
20932	40.7997058220933
20938	40.7996955836319
20944	40.7996782493345
20950	40.7996775749517
20964	40.7996388828488
20972	40.7996110576899
20978	40.7996022939316
20984	40.7995626093313
20988	40.7995207129665
20994	40.799444529504
21008	40.799401678965
21048	40.7993904144188
21050	40.7993820028462
21062	40.7993763634063
21070	40.7993159027266
21084	40.7993034036761
21090	40.7992388505576
21098	40.7991931717814
21102	40.7991554111144
21108	40.7991365605292
21130	40.7991104619973
21136	40.7991103599232
21144	40.7990743700504
21172	40.799047299501
21178	40.7990460465014
21184	40.7990166237681
21190	40.7990131545107
21196	40.7990112675164
21200	40.7989773906085
21224	40.7989756253512
21226	40.7989407392431
21240	40.798935751707
21248	40.798910273671
21252	40.7988722210196
21262	40.798866355528
21274	40.7988467831582
21284	40.7988438210754
21292	40.798823814905
21302	40.7987869854846
21320	40.7987581211516
21344	40.7987477319466
21348	40.7986955544068
21350	40.7986703930337
21364	40.7986374491282
21372	40.7985978352121
21394	40.7985510945180
21414	40.7985415237287
21418	40.7985242308919
21446	40.7984173246202
21464	40.7983955504633
21474	40.7983820427108
21488	40.7983641670902
21490	40.7983105420472
21518	40.7982813770155
21524	40.7982455233116
21544	40.7982421973995
21574	40.7982168371682
21588	40.7981289016876
21630	40.7981064911059
21638	40.7980730768113
21654	40.7980135426239
21664	40.7979793250204
21674	40.7979484216629
21682	40.7979351144701
21690	40.7978707502526
21692	40.797848910778
21706	40.7978351682656
21710	40.797691462672
21734	40.7976724380595
21766	40.7976470710391
21776	40.7976191831404
21790	40.7975313095293
21792	40.7974465394801
21798	40.7974141256115
21824	40.7974079125986
21828	40.7973925916621
21832	40.7972958839649
21854	40.7971930595064
21858	40.7971834709519
21866	40.7970694406284
21870	40.7969719142864
21884	40.7969660100523
21908	40.7969216586105
21950	40.796858218195
21970	40.7967793344865
21972	40.7967136200771
21976	40.7965660489385
22026	40.7965637378053
22032	40.7965296206088
22058	40.7965021767844
22090	40.7964946450935
22106	40.7964486631482
22112	40.7964374668587
22116	40.7964048575382
22124	40.7963242246580
22154	40.7962909577834
22176	40.7962860814280
22192	40.7962821719444
22196	40.7962381028262
22202	40.7962374739088
22218	40.7962359667508
22220	40.7961827921844
22240	40.7961456334592
22244	40.796118236838
22246	40.7960967423043
22256	40.7960890092483
22260	40.7960693998163
22274	40.7960340024715
22278	40.7960001122237
22290	40.7959753014561
22298	40.7959167306656
22312	40.7959054329705
22316	40.7958757303442
22322	40.7958667668733
22336	40.7957844361651
22350	40.7957570136737
22378	40.7957364574063
22394	40.7957247468128
22400	40.7956385347182
22410	40.795622911253
22418	40.7955613708423
22444	40.7954784277083
22462	40.7954776418996
22480	40.795432070215
22500	40.7954031608201
22530	40.7953786814655
22536	40.7953298590262
22562	40.7953226823894
22574	40.7953141679113
22582	40.7952979681358
22584	40.7952649362598
22614	40.7952557318647
22618	40.7952525841074
22630	40.7952154052339
22646	40.7951911527357
22666	40.7951806710485
22670	40.795151492571
22682	40.7951503804996
22706	40.7951192082193
22730	40.7950996569819
22746	40.7950943619607
22748	40.7950816823461
22762	40.7950755189505
22770	40.7950247498419
22782	40.7949916377729
22790	40.794971906145
22796	40.7949423872263
22812	40.7948608514008
22820	40.7948025828297
22836	40.7947893050074
22844	40.7947569053574
22858	40.7946524775694
22860	40.7946035522287
22902	40.7946030357485
22924	40.7945871734943
22946	40.7945730335529
22960	40.7945596016511
22964	40.7945480673162
22972	40.7945444645576
22994	40.7945433808001
23002	40.7945339970528
23004	40.7944963420254
23032	40.7944555452118
23056	40.7943255827286
23114	40.7942886090737
23140	40.7942821953844
23156	40.7942757257143
23164	40.794273840596
23168	40.7942638915406
23170	40.7942557838458
23184	40.7942489072094
23198	40.7942474625297
23210	40.7942240115466
23218	40.7942089618135
23234	40.7941844129805
23258	40.794179674714
23266	40.7941792328356
23268	40.7941674680136
23296	40.7941430484014
23338	40.7941324339603
23340	40.7941231900222
23348	40.7941101110437
23378	40.7941045670914
23396	40.7940935413691
23410	40.7940925539478
23416	40.7940849631439
23444	40.7940824204765
23448	40.7940814650816
23452	40.7940790103154
23472	40.7940783853816
23490	40.7940690219005
23510	40.7940649663569
23522	40.7940620701405
23548	40.7940566844745
23552	40.7940542688617
23558	40.7940478250066
23574	40.7940382679444
23610	40.7940338176716
23616	40.7940202914964
23634	40.7940185841699
23642	40.7940050402170
23664	40.7940015712695
23680	40.7939918272576
23690	40.7939916725585
23692	40.7939905263036
23702	40.7939902981564
23708	40.7939865880969
23710	40.7939824198863
23722	40.793960598348
23752	40.7939577443804
23754	40.7939497007947
23758	40.7939487758582
23778	40.7939454315301
23786	40.7939427247062
23792	40.7939340839474
23802	40.7939297254706
23810	40.7939223880694
23826	40.7939101657198
23838	40.7938926337153
23858	40.7938841033855
23862	40.7938790530861
23870	40.793862239102
23890	40.7938578029914
23902	40.7938574442629
23910	40.7938443230373
23934	40.7938403968913
23942	40.7938384020268
23970	40.7938377794896
23974	40.7938344841493
23976	40.7938331171712
23980	40.7938309100965
24000	40.7938243216075
24024	40.7938218697848
24056	40.7938206429938
24064	40.7938170727179
24070	40.7938169105134
24084	40.7938140005092
24094	40.7938129020971
24114	40.7938097103715
24128	40.7938090853157
24134	40.7938025836083
24144	40.7937969162753
24154	40.7937908481019
24160	40.7937818627728
24188	40.7937794587242
24200	40.7937777800681
24202	40.7937716251664
24232	40.79376424979
24238	40.7937616954378
24240	40.7937564442
24250	40.7937551434307
24258	40.7937526041649
24284	40.7937510451551
24290	40.7937447450347
24300	40.7937420749302
24304	40.7937300601666
24338	40.7937283880428
24340	40.7937225535024
24348	40.7937191844142
24352	40.7937167543273
24386	40.7937133471069
24396	40.7937125160418
24416	40.7937123669305
24418	40.7937075281706
24428	40.7937030942207
24442	40.7937014061706
24464	40.7936939408101
24488	40.7936932179668
24492	40.7936854073011
24508	40.7936797300115
24532	40.7936760598506
24544	40.793674287699
24558	40.7936731284966
24560	40.7936729472427
24564	40.7936727755783
24570	40.7936681819264
24578	40.7936653112249
24592	40.7936615248353
24614	40.793661289308
24618	40.7936608790754
24622	40.7936560754125
24632	40.7936546550244
24648	40.7936546455878
24660	40.7936539274924
24674	40.7936512515579
24684	40.7936496453760
24702	40.7936487428767
24710	40.7936467877259
24714	40.7936432248123
24736	40.7936431872841
24738	40.7936412764699
24756	40.7936397346946
24766	40.7936395872541
24772	40.7936385689931
24792	40.7936366095369
24794	40.7936359233538
24812	40.7936320659983
24842	40.7936314901483
24850	40.7936311375367
24852	40.7936308663783
24868	40.7936290019756
24902	40.7936287002663
24918	40.7936283780029
24950	40.7936275998131
24956	40.7936275386229
24964	40.7936275233846
24972	40.7936253116404
24978	40.7936248730478
24994	40.7936241109449
24998	40.7936240626977
25000	40.7936234330782
25006	40.7936205933947
25014	40.7936176971302
25024	40.793616496483
25036	40.7936162856498
25044	40.793609921015
25060	40.7936053582192
25070	40.793603063849
25086	40.7935930571864
25100	40.7935915941465
25110	40.7935876231174
25118	40.793586546316
25140	40.7935814667355
25148	40.7935798341635
25162	40.7935749304965
25182	40.7935739800546
25184	40.7935726365009
25190	40.7935724615957
25192	40.7935723964562
25194	40.7935705247428
25198	40.7935678182804
25204	40.7935642199656
25210	40.7935625841169
25218	40.7935585332719
25234	40.7935582445082
25250	40.793556190147
25266	40.793553036864
25306	40.7935513005376
25318	40.7935505922881
25332	40.7935462557164
25352	40.7935408191771
25378	40.7935349158291
25390	40.7935342095185
25392	40.7935324543909
25416	40.7935287238369
25420	40.7935254460131
25424	40.7935231814122
25426	40.7935214595053
25430	40.7935197661342
25432	40.7935161695226
25436	40.7935107944842
25444	40.7935105765982
25448	40.7935067168346
25450	40.7935031606592
25474	40.7935015339379
25476	40.7934925934642
25488	40.7934872726255
25496	40.7934858141668
25498	40.793477189173
25532	40.7934725418135
25536	40.7934674779163
25576	40.7934668272947
25584	40.7934637616448
25588	40.793457249701
25590	40.7934390231348
25608	40.7934374735483
25620	40.7934328604806
25624	40.7934310203734
25634	40.7934092177068
25680	40.7934062800076
25684	40.7934031591139
25708	40.7934014494457
25712	40.793400144121
25718	40.7934000541204
25720	40.7933937364095
25746	40.7933896380983
25782	40.7933878625808
25786	40.7933878148881
25788	40.7933874957511
25794	40.7933828173664
25806	40.7933819962058
25808	40.7933799569235
25818	40.7933773261773
25884	40.7933760153236
25886	40.793375411144
25896	40.7933696618697
25922	40.7933680752725
25930	40.7933660619361
25932	40.7933637510007
25942	40.7933636585309
25958	40.7933624772094
25978	40.793360734486
26006	40.7933593499264
26016	40.7933575225218
26024	40.7933568876273
26032	40.7933566447869
26040	40.7933546811499
26074	40.7933545987343
26078	40.7933535869908
26090	40.7933535611186
26096	40.793351731348
26110	40.7933506972955
26136	40.7933499443219
26138	40.7933491506576
26142	40.7933488542782
26170	40.7933484677762
26180	40.7933469943102
26200	40.7933464744605
26216	40.7933448979103
26220	40.7933435041549
26244	40.7933429331054
26254	40.7933426723105
26258	40.7933426473912
26266	40.7933424695287
26272	40.7933406683547
26290	40.7933400034736
26306	40.7933399681523
26312	40.7933389571363
26316	40.7933368732571
26328	40.7933365058314
26336	40.7933357727766
26346	40.7933340653775
26358	40.7933338289423
26368	40.7933337074391
26378	40.7933323429677
26388	40.7933314448623
26392	40.7933311358653
26398	40.7933302941793
26414	40.7933300596631
26416	40.7933290876595
26424	40.7933280297023
26430	40.793327575091
26472	40.793326583261
26498	40.7933257312050
26502	40.7933244857068
26524	40.7933236704117
26530	40.7933235169397
26538	40.7933232813036
26550	40.7933228647581
26562	40.7933219780863
26572	40.7933217993527
26580	40.7933217173237
26586	40.7933210605166
26598	40.7933210294155
26602	40.7933197265044
26610	40.7933189047106
26616	40.7933186422977
26622	40.7933185151217
26630	40.7933178044585
26632	40.7933165650686
26638	40.7933161488965
26652	40.793314379699
26660	40.7933139538448
26674	40.7933139490547
26682	40.7933138702167
26684	40.7933129629563
26706	40.7933123555303
26708	40.7933107409352
26748	40.7933088451649
26760	40.7933085334059
26770	40.7933074223316
26776	40.7933066968464
26780	40.7933061417877
26788	40.7933055472555
26806	40.7933046856091
26812	40.793304595753
26816	40.7933043731769
26820	40.793303451164
26830	40.7933023019596
26832	40.7933015358763
26858	40.7932996061006
26878	40.7932994571605
26896	40.7932992777226
26898	40.7932991539081
26912	40.7932985720934
26924	40.7932985516512
26940	40.7932984868383
26944	40.7932984838854
26950	40.7932973734563
26990	40.7932969895645
27004	40.7932968583887
27012	40.7932967345985
27014	40.7932967254813
27022	40.7932965802133
27024	40.7932961033903
27082	40.7932957104708
27098	40.7932951963009
27126	40.7932949222434
27152	40.7932947446842
27160	40.7932947144178
27162	40.7932944304946
27174	40.7932937962198
27222	40.793293743895
27224	40.7932936000459
27236	40.7932935066899
27242	40.7932933027349
27256	40.7932930573074
27290	40.7932929811151
27294	40.7932929577886
27298	40.7932929171002
27304	40.7932929129581
27310	40.7932926910698
27326	40.7932925974529
27336	40.7932924277734
27354	40.7932921520381
27364	40.7932920002959
27382	40.7932918937163
27384	40.7932915522927
27414	40.7932914939302
27416	40.7932913130587
27418	40.7932910259521
27424	40.7932907019694
27426	40.7932904495582
27432	40.7932902056774
27434	40.7932897412745
27450	40.7932896349923
27470	40.7932894531173
27472	40.7932889148461
27486	40.7932888596591
27494	40.7932888486382
27502	40.7932886275064
27512	40.7932886170003
27520	40.7932884961515
27524	40.7932883460352
27528	40.7932877553732
27546	40.7932872300766
27574	40.7932867998131
27582	40.7932865478087
27590	40.793286523852
27596	40.7932862798182
27602	40.7932862605492
27604	40.7932860563059
27618	40.7932859252309
27650	40.793285609645
27658	40.7932849333481
27664	40.7932849254418
27668	40.7932848981550
27670	40.7932846232056
27690	40.7932845067541
27696	40.7932842041117
27708	40.7932840858767
27732	40.7932840170248
27768	40.7932839796368
27772	40.7932838973832
27786	40.793283837049
27806	40.7932836333377
27844	40.7932834120502
27864	40.7932834024222
27874	40.7932833981254
27876	40.7932833836952
27880	40.7932832901272
27896	40.793283123707
27918	40.7932830105288
27924	40.7932829752273
27946	40.793282871203
27948	40.7932827744418
27960	40.7932827023996
27970	40.7932826430895
27982	40.7932826131986
27984	40.7932825064826
28008	40.7932825041877
28020	40.7932824936741
28024	40.793282420805
28028	40.7932823122373
28036	40.7932822282466
28074	40.7932821571644
28076	40.7932818488764
28092	40.7932818058208
28094	40.7932816902078
28102	40.7932815894741
28122	40.7932814467168
28138	40.7932812113929
28148	40.793281161712
28158	40.7932810432181
28164	40.7932809228738
28178	40.7932807592659
28202	40.7932806711213
28240	40.7932805359586
28242	40.7932802756448
28264	40.7932801409624
28266	40.7932801024853
28276	40.7932800276305
28292	40.7932798316023
28304	40.7932789637032
28326	40.7932788967397
28330	40.7932788018394
28346	40.7932786710705
28350	40.7932786163672
28358	40.7932784854135
28368	40.7932780600925
28382	40.7932780487457
28388	40.7932778562511
28396	40.7932777756456
28412	40.7932777295797
28426	40.7932777251334
28430	40.7932774884683
28440	40.7932774703883
28454	40.7932774071763
28460	40.7932773857552
28470	40.7932773835128
28478	40.7932773490391
28484	40.7932773183618
28502	40.7932771526057
28518	40.7932770111714
28522	40.7932768952199
28534	40.7932768320551
28550	40.7932767945699
28564	40.7932765823348
28566	40.793276529238
28588	40.7932762645703
28628	40.7932762177102
28630	40.7932761159671
28634	40.7932760439349
28646	40.7932757137788
28680	40.7932755074952
28694	40.7932754297823
28704	40.7932752080268
28720	40.7932750267180
28734	40.7932748770771
28740	40.793274840368
28742	40.7932746322862
28772	40.7932745565712
28774	40.7932744834756
28782	40.7932742796018
28806	40.7932742340492
28810	40.7932738965914
28820	40.7932738788439
28822	40.7932737447047
28828	40.7932735578231
28840	40.7932735419128
28842	40.7932734052138
28856	40.7932733370411
28858	40.7932732703286
28900	40.7932732580484
28902	40.7932732164917
28912	40.7932732089568
28914	40.7932730924513
28928	40.7932728520974
28942	40.793272809518
28948	40.7932726826333
28956	40.7932724913753
28978	40.7932723131985
28984	40.7932722634768
28988	40.7932720241262
29012	40.7932717946620
29032	40.7932717184378
29034	40.7932716151686
29036	40.7932712119732
29040	40.7932710317158
29054	40.7932707478819
29060	40.7932707097017
29066	40.7932706937289
29072	40.7932704838571
29080	40.7932703713334
29082	40.7932701458006
29098	40.7932699132858
29110	40.7932698775186
29120	40.7932695639013
29162	40.7932694771027
29180	40.7932694493637
29186	40.7932692281961
29210	40.7932689186477
29220	40.7932685830567
29252	40.7932684647957
29264	40.7932683117327
29288	40.7932682046424
29292	40.7932679395281
29310	40.7932678639101
29316	40.7932677964683
29334	40.7932676180693
29358	40.7932673262966
29390	40.7932673091142
29392	40.7932672644015
29396	40.7932671978069
29402	40.7932669166416
29408	40.793266902364
29426	40.7932667449802
29434	40.7932666837549
29462	40.7932664723403
29482	40.79326629471
29484	40.7932662759052
29488	40.7932662099312
29496	40.7932660228937
29534	40.7932658767887
29540	40.7932658041290
29558	40.7932656729225
29588	40.7932653947519
29602	40.7932652940743
29618	40.7932652266695
29622	40.7932651360626
29642	40.7932651222642
29652	40.7932649064282
29684	40.7932647482099
29694	40.7932647421653
29704	40.7932644732516
29712	40.7932644531498
29718	40.7932644300997
29724	40.7932642931855
29768	40.793264125476
29772	40.7932640412979
29780	40.7932639842274
29784	40.7932637685646
29806	40.7932635209038
29810	40.7932633877823
29826	40.7932632618553
29832	40.7932629748895
29858	40.7932629293413
29866	40.7932626978506
29884	40.7932625846128
29892	40.7932625333828
29900	40.7932624315624
29902	40.7932623175567
29908	40.793262104216
29918	40.7932620736558
29922	40.7932620697058
29924	40.7932618607445
29944	40.793261813849
29948	40.7932618086097
29952	40.7932617222176
29970	40.7932616751011
29972	40.7932614360679
29988	40.7932613989435
30008	40.7932613584364
30018	40.7932612695256
30022	40.7932612628361
30032	40.7932612430639
30044	40.7932610606339
30078	40.7932610243445
30080	40.7932609965449
30094	40.7932609886514
30104	40.7932609845678
30106	40.7932608535332
30108	40.7932607774378
30138	40.7932606881679
30156	40.7932605677615
30158	40.7932604932115
30166	40.7932604652398
30176	40.7932604009796
30182	40.7932603640997
30192	40.7932602816864
30202	40.7932601814653
30222	40.7932600592571
30238	40.793260040361
30252	40.7932600193157
30254	40.7932599304647
30268	40.7932598563759
30288	40.7932597676866
30300	40.7932597538101
30304	40.79325960898
30320	40.7932595420046
30332	40.7932594955358
30348	40.7932594884653
30350	40.7932594406694
30356	40.7932592546561
30366	40.7932591303949
30384	40.7932590612963
30390	40.7932590315946
30420	40.7932590008696
30434	40.7932589864355
30442	40.7932589081148
30460	40.7932588716915
30470	40.7932588608954
30488	40.7932588500958
30496	40.7932588315455
30498	40.7932588293984
30504	40.7932588112533
30522	40.7932587236226
30528	40.7932586675962
30532	40.7932586499814
30536	40.7932585496645
30542	40.7932585454554
30544	40.7932584377749
30556	40.7932583994495
30578	40.7932583033594
30626	40.7932582677868
30662	40.793258234536
30672	40.7932582157343
30706	40.7932582039103
30738	40.7932581586945
30764	40.7932580867236
30786	40.7932580762516
30792	40.7932579903255
30832	40.7932579763615
30836	40.7932579644974
30838	40.7932579597434
30840	40.7932578994057
30866	40.793257867871
30880	40.7932578471737
30882	40.7932578202168
30892	40.7932576827558
30906	40.7932576295148
30922	40.7932576236273
30938	40.7932575884523
30940	40.7932575864271
30950	40.7932575696654
30976	40.7932575541987
30982	40.7932574433137
30996	40.7932574418043
31018	40.7932574344284
31036	40.7932574297589
31042	40.7932573995331
31044	40.793257378388
31058	40.7932573745575
31066	40.7932573350099
31090	40.7932573042482
31094	40.7932572186289
31112	40.7932571934392
31122	40.7932571820939
31126	40.7932571361842
31132	40.7932570514901
31144	40.7932570093448
31150	40.79325700814
31174	40.793256961331
31186	40.793256899129
31190	40.7932568858456
31194	40.7932568409015
31202	40.7932567386271
31228	40.793256693594
31244	40.7932566478784
31250	40.7932566352843
31254	40.7932566284620
31266	40.793256599534
31268	40.7932565947339
31272	40.7932564216497
31296	40.7932564200507
31302	40.7932563547684
31318	40.7932563259969
31328	40.7932562667303
31348	40.7932562088871
31382	40.7932562032369
31412	40.793256190508
31416	40.7932561711738
31420	40.7932561578155
31422	40.7932561577602
31424	40.7932561316303
31426	40.793256126224
31444	40.7932561154113
31450	40.7932560819909
31466	40.7932560736718
31478	40.7932560362467
31482	40.7932559798177
31484	40.7932559745059
31494	40.7932559569241
31498	40.793255942139
31506	40.793255936465
31510	40.7932559185418
31522	40.7932559167166
31530	40.7932558937882
31542	40.7932558372854
31570	40.7932558199724
31572	40.7932558028061
31582	40.7932557980371
31604	40.7932557941088
31628	40.7932557921355
31636	40.7932557241874
31638	40.7932556926028
31660	40.7932556828704
31670	40.7932556803518
31678	40.7932556765976
31680	40.7932556567371
31692	40.7932556559061
31712	40.7932556538518
31722	40.7932556299332
31734	40.7932556286779
31738	40.7932555891045
31740	40.7932555698759
31742	40.7932555642578
31762	40.7932555568819
31764	40.7932555321647
31782	40.7932555227079
31786	40.7932555154404
31788	40.7932554964915
31794	40.7932554819255
31800	40.7932554478239
31818	40.7932554222719
31822	40.7932553845596
31840	40.7932553291862
31848	40.793255317153
31860	40.7932552663009
31868	40.7932552551921
31872	40.7932552116653
31876	40.79325520683
31878	40.7932551890571
31884	40.7932551799405
31892	40.793255173413
31902	40.7932551430471
31904	40.7932551311112
31920	40.7932550906397
31932	40.7932550576241
31934	40.7932549781332
32006	40.7932549724028
32018	40.7932549623824
32020	40.7932549621171
32026	40.7932549175574
32058	40.7932548980941
32060	40.7932548811635
32070	40.7932548506711
32094	40.7932548381592
32108	40.7932548364283
32116	40.7932547528228
32124	40.7932547344659
32166	40.7932547306952
32170	40.7932547062579
32178	40.7932546673293
32184	40.7932546622832
32198	40.7932546363104
32200	40.7932545963645
32218	40.7932545607683
32222	40.7932545417759
32240	40.7932545364806
32246	40.7932544829097
32258	40.7932544572929
32282	40.7932544493388
32288	40.7932543192836
32306	40.7932543070003
32318	40.7932542327308
32326	40.7932542254692
32338	40.7932542098979
32346	40.7932540650265
32350	40.7932539648679
32376	40.7932538269888
32390	40.7932537715916
32400	40.7932537166988
32414	40.7932535511473
32432	40.7932534582204
32460	40.7932533543096
32488	40.7932533134061
32512	40.7932532762322
32524	40.7932532497014
32530	40.7932532141744
32578	40.7932531944183
32612	40.7932531882657
32622	40.7932531529248
32628	40.7932531312312
32630	40.7932531252484
32632	40.7932531059004
32640	40.7932529814594
32646	40.7932529791434
32650	40.7932529152154
32658	40.7932529061545
32662	40.7932528314005
32672	40.7932527969201
32678	40.7932527931949
32684	40.7932527411966
32688	40.7932526865038
32704	40.7932526456401
32706	40.7932526261729
32724	40.7932526061792
32726	40.7932525998996
32734	40.793252584812
32736	40.7932524833677
32756	40.7932524383683
32782	40.793252414436
32790	40.7932523317048
32808	40.7932522134816
32810	40.7932520920104
32814	40.7932520840216
32818	40.7932520469063
32834	40.7932520273941
32842	40.7932519355202
32856	40.7932518910282
32872	40.7932518759087
32880	40.7932517286948
32900	40.7932517186481
32908	40.7932516758422
32910	40.7932516515784
32920	40.7932515692485
32922	40.7932515240052
32932	40.7932515087609
32944	40.793251502667
32950	40.7932514913515
32970	40.7932514815277
32978	40.7932514042981
32986	40.79325131945
33008	40.793251290397
33052	40.7932512780453
33054	40.7932512299909
33092	40.7932512234301
33096	40.7932511856278
33102	40.7932511697405
33122	40.7932510660801
33146	40.7932510588935
33152	40.7932510466535
33154	40.7932509545892
33164	40.7932509528286
33188	40.79325089524
33194	40.793250876825
33210	40.7932508344899
33214	40.7932507982047
33216	40.7932507448225
33242	40.7932507156431
33252	40.7932506955088
33254	40.7932506854404
33278	40.7932506620661
33286	40.7932506406265
33300	40.7932506236606
33302	40.793250580473
33312	40.7932505227785
33338	40.7932504904343
33348	40.7932504594713
33356	40.7932504531475
33362	40.7932504023896
33392	40.7932503818272
33400	40.7932502669716
33424	40.7932502020055
33464	40.7932501875806
33474	40.7932501871440
33478	40.7932501765207
33484	40.7932501177205
33486	40.7932500402957
33496	40.7932500359125
33500	40.7932500182199
33502	40.7932499383938
33506	40.7932498595683
33516	40.7932498386244
33526	40.7932498169311
33536	40.793249766375
33546	40.7932497637829
33548	40.7932496498182
33572	40.7932495458152
33604	40.7932495031880
33608	40.7932494886526
33622	40.7932494060148
33626	40.7932493351835
33628	40.793249290498
33638	40.7932492604364
33646	40.7932492035655
33654	40.7932491416214
33694	40.7932491148713
33706	40.793249081108
33730	40.7932490312943
33736	40.7932489916329
33758	40.7932489866171
33772	40.7932489034136
33782	40.793248837899
33802	40.7932488243354
33814	40.793248799604
33820	40.7932487376533
33828	40.7932486629915
33850	40.7932486265307
33862	40.793248616117
33876	40.7932486065124
33880	40.7932485956338
33888	40.7932485352442
33910	40.7932484587373
33918	40.7932484574585
33932	40.7932484219438
33934	40.7932484219031
33936	40.7932483888216
33950	40.7932483796531
33952	40.7932483433577
33956	40.7932483215737
33962	40.7932482887104
33964	40.7932482363891
33978	40.7932482294802
33980	40.7932481902237
34016	40.7932481721325
34026	40.7932481370675
34030	40.7932481297582
34032	40.7932480974186
34042	40.7932480965795
34064	40.7932480823924
34072	40.7932480550515
34080	40.7932480540206
34084	40.7932480314657
34098	40.7932479919492
34130	40.7932479856701
34134	40.7932479671277
34140	40.793247943129
34154	40.7932479397608
34158	40.7932479301807
34170	40.7932478989507
34188	40.7932478863256
34192	40.7932478735593
34200	40.7932478628092
34214	40.7932478595110
34218	40.7932478412433
34220	40.7932478128565
34262	40.7932478114402
34266	40.7932477896859
34292	40.7932477718017
34294	40.7932477634603
34306	40.7932477220592
34364	40.7932477046131
34394	40.7932476844725
34428	40.7932476829783
34434	40.7932476665693
34442	40.793247638693
34456	40.7932476227374
34468	40.7932476106543
34470	40.7932476101533
34482	40.793247607835
34486	40.7932475932914
34490	40.7932475880113
34514	40.7932475756717
34530	40.7932475484412
34564	40.793247539031
34576	40.7932475338376
34584	40.7932475282034
34598	40.7932475281464
34604	40.7932475209148
34618	40.7932475069706
34628	40.7932475050374
34642	40.7932475039726
34644	40.7932474915088
34646	40.7932474867604
34654	40.7932474756665
34658	40.7932474632284
34664	40.7932474625417
34670	40.7932474558496
34672	40.7932474501666
34692	40.7932474341952
34710	40.7932474229796
34712	40.7932474201258
34720	40.7932474153389
34738	40.7932474137867
34750	40.7932474130376
34752	40.7932474111344
34758	40.793247409272
34768	40.7932473963415
34788	40.7932473875439
34798	40.7932473741411
34826	40.7932473581184
34836	40.7932473453402
34846	40.7932473420681
34854	40.7932473363976
34858	40.7932473263395
34864	40.793247312989
34934	40.7932473059626
34938	40.7932472968791
34940	40.7932472893892
34954	40.7932472795433
34962	40.7932472767199
34964	40.7932472610586
34974	40.793247249304
34984	40.7932472427086
35024	40.7932472422995
35044	40.7932472421036
35054	40.7932472394169
35072	40.7932472350909
35074	40.7932472250884
35082	40.7932472150842
35092	40.7932472083411
35104	40.7932472029601
35110	40.7932472025255
35112	40.7932471758311
35120	40.7932471706513
35130	40.7932471394308
35162	40.7932471378514
35174	40.7932471317003
35176	40.7932471104287
35182	40.7932470935513
35184	40.7932470769994
35194	40.7932470659473
35220	40.793247057783
35224	40.7932470489677
35242	40.7932470482821
35264	40.7932470457938
35272	40.7932470452326
35274	40.7932470269827
35336	40.7932470250927
35352	40.7932470074466
35364	40.7932470060422
35372	40.7932469878926
35402	40.793246978908
35412	40.793246965881
35440	40.7932469658557
35444	40.793246959413
35452	40.7932469549802
35454	40.7932469476491
35470	40.7932469425031
35476	40.7932469421675
35484	40.7932469393174
35486	40.7932469363483
35490	40.793246933061
35496	40.7932469184733
35508	40.7932469180905
35516	40.7932469173693
35520	40.7932469083220
35526	40.7932469037693
35542	40.7932468964215
35560	40.7932468836526
35568	40.7932468800104
35580	40.7932468793189
35588	40.7932468656469
35590	40.7932468647914
35598	40.7932468638716
35604	40.7932468558429
35614	40.7932468493237
35624	40.7932468419981
35628	40.7932468390375
35632	40.7932468248372
35664	40.7932468200999
35666	40.793246813043
35670	40.7932468051505
35682	40.7932468049131
35686	40.7932468037931
35698	40.7932467988537
35702	40.7932467965262
35706	40.7932467927525
35718	40.7932467826062
35720	40.7932467798392
35726	40.7932467788128
35734	40.7932467775833
35740	40.7932467555331
35752	40.7932467449646
35776	40.7932467269619
35786	40.7932466962462
35798	40.7932466850448
35802	40.793246683153
35814	40.7932466747163
35848	40.7932466634449
35850	40.7932466534227
35858	40.7932466447863
35878	40.7932466379188
35912	40.7932466344716
35914	40.7932466260716
35920	40.7932466098799
35924	40.7932466045434
35942	40.7932465871177
35948	40.7932465845923
35962	40.7932465688899
35976	40.7932465389624
35994	40.7932465300333
36020	40.793246504921
36030	40.7932464934219
36032	40.7932464924579
36036	40.7932464908958
36044	40.793246482836
36056	40.7932464807387
36062	40.7932464751307
36066	40.7932464707679
36072	40.7932464659988
36082	40.7932464553137
36098	40.7932464234443
36120	40.7932464176287
36132	40.7932464128163
36148	40.793246397353
36152	40.7932463753601
36184	40.7932463665972
36216	40.7932463551613
36218	40.7932463270553
36220	40.7932463228362
36224	40.7932463071299
36244	40.7932462981708
36246	40.7932462921961
36270	40.7932462899325
36278	40.7932462754487
36288	40.7932462746431
36290	40.7932462728802
36300	40.7932462688152
36306	40.7932462560968
36324	40.7932462396795
36342	40.7932462356284
36348	40.7932462241159
36362	40.7932462206212
36368	40.7932462164852
36382	40.7932462051038
36386	40.7932461941751
36388	40.7932461875177
36412	40.7932461720422
36432	40.7932461710647
36444	40.7932461678156
36450	40.7932461607582
36482	40.7932461602019
36486	40.7932461554556
36494	40.7932461495406
36510	40.793246146997
36524	40.7932461427694
36528	40.7932461420673
36552	40.7932461411026
36560	40.7932461388309
36568	40.7932461347023
36570	40.7932461300228
36582	40.7932461242745
36588	40.7932461119589
36598	40.7932461098157
36610	40.7932461013624
36616	40.7932460929105
36638	40.7932460873552
36644	40.7932460720469
36648	40.7932460673712
36672	40.793246067088
36680	40.7932460670516
36696	40.7932460669985
36700	40.7932460631478
36712	40.7932460599925
36714	40.7932460519604
36756	40.7932460483919
36762	40.7932460482054
36768	40.7932460430409
36780	40.7932460387018
36792	40.7932460327924
36796	40.7932460278185
36816	40.7932460270609
36822	40.79324602393
36848	40.7932460229403
36854	40.7932460198171
36856	40.7932460177152
36892	40.7932460175782
36900	40.7932460156431
36906	40.7932460123555
36916	40.7932460120494
36924	40.7932460113084
36926	40.793246009689
36936	40.7932460067374
36954	40.7932460065026
36960	40.7932460060636
36962	40.7932460035013
36970	40.7932460032716
36972	40.7932460028411
36984	40.7932459989022
36990	40.7932459987913
36994	40.7932459943619
37030	40.793245989295
37032	40.7932459854692
37068	40.7932459845260
37074	40.7932459824573
37078	40.7932459815138
37080	40.7932459805956
37090	40.7932459804271
37126	40.7932459778831
37146	40.7932459776499
37154	40.7932459755497
37172	40.7932459749158
37180	40.7932459748572
37190	40.7932459735741
37204	40.7932459726242
37222	40.7932459712956
37228	40.7932459710432
37236	40.7932459707011
37246	40.7932459703531
37268	40.7932459697256
37272	40.7932459683426
37276	40.7932459676349
37284	40.7932459657569
37320	40.7932459619487
37324	40.7932459601555
37336	40.7932459574987
37356	40.7932459558410
37372	40.7932459518322
37374	40.7932459517228
37390	40.7932459506502
37392	40.7932459482631
37412	40.7932459453366
37428	40.7932459447657
37434	40.793245944387
37448	40.7932459434699
37456	40.7932459406415
37468	40.7932459391913
37472	40.7932459390511
37488	40.7932459383705
37498	40.7932459376473
37504	40.7932459370239
37510	40.7932459367208
37516	40.7932459356554
37520	40.7932459338983
37534	40.7932459326967
37538	40.7932459320747
37540	40.7932459282199
37588	40.7932459268175
37590	40.7932459265834
37600	40.7932459257525
37602	40.7932459253568
37612	40.7932459230277
37656	40.7932459221461
37658	40.7932459216655
37678	40.7932459206364
37688	40.7932459190752
37726	40.7932459176284
37742	40.7932459166794
37750	40.79324591523
37760	40.7932459150783
37762	40.7932459127434
37766	40.7932459123285
37796	40.7932459096412
37804	40.7932459089138
37836	40.7932459078101
37838	40.7932459076893
37858	40.7932459068977
37866	40.7932459053203
37892	40.7932459045719
37906	40.7932459028530
37918	40.7932459020612
37920	40.7932458990234
37944	40.7932458987136
37950	40.7932458981328
37962	40.7932458981174
37974	40.7932458976842
37982	40.7932458974275
37994	40.7932458973783
37998	40.7932458950154
38018	40.7932458941276
38038	40.7932458924949
38054	40.7932458921496
38056	40.7932458912654
38060	40.7932458874475
38080	40.7932458870759
38110	40.7932458857542
38112	40.7932458857001
38116	40.7932458820698
38130	40.7932458820023
38140	40.7932458817514
38160	40.7932458817293
38168	40.7932458810424
38174	40.7932458791637
38212	40.7932458774916
38240	40.7932458768977
38252	40.79324587674
38272	40.7932458761359
38276	40.7932458748717
38300	40.7932458726795
38312	40.7932458720863
38340	40.7932458706598
38366	40.7932458700696
38368	40.7932458694757
38380	40.793245868814
38390	40.7932458687849
38394	40.7932458677515
38412	40.7932458677106
38430	40.7932458662642
38452	40.7932458660249
38466	40.7932458656614
38486	40.7932458651204
38492	40.7932458644908
38512	40.7932458631612
38514	40.7932458626079
38520	40.7932458623906
38530	40.7932458612063
38540	40.7932458583436
38570	40.793245857841
38574	40.7932458571429
38578	40.7932458558298
38614	40.7932458554866
38638	40.7932458538495
38660	40.793245852474
38688	40.7932458517856
38698	40.7932458516826
38700	40.7932458515677
38702	40.7932458512423
38718	40.7932458510044
38722	40.7932458492717
38734	40.7932458482607
38746	40.7932458480047
38766	40.7932458479807
38768	40.7932458462375
38784	40.79324584623
38792	40.7932458456321
38796	40.7932458452761
38800	40.7932458449567
38808	40.7932458418973
38836	40.7932458418278
38838	40.7932458415662
38842	40.7932458407027
38872	40.7932458405731
38876	40.7932458378291
38896	40.7932458362484
38918	40.7932458354732
38934	40.793245834555
38952	40.7932458342845
38962	40.7932458340489
38986	40.793245832395
38994	40.7932458319062
39014	40.7932458315836
39028	40.793245829554
39066	40.7932458285703
39070	40.7932458284358
39072	40.7932458262187
39080	40.7932458252352
39092	40.7932458247607
39104	40.7932458244666
39106	40.7932458237605
39116	40.7932458233763
39136	40.7932458224417
39164	40.793245820841
39180	40.7932458206577
39198	40.793245817902
39206	40.7932458176057
39208	40.7932458172370
39214	40.7932458169182
39216	40.7932458160796
39258	40.7932458155981
39264	40.7932458146493
39282	40.7932458138822
39304	40.7932458129643
39314	40.7932458129519
39320	40.7932458119354
39334	40.7932458111956
39338	40.7932458098743
39354	40.7932458091096
39356	40.7932458073144
39360	40.7932458068054
39366	40.7932458048198
39382	40.7932458041291
39386	40.7932458036698
39392	40.7932458035878
39402	40.7932458026926
39404	40.7932458021947
39410	40.7932458020597
39416	40.793245801796
39418	40.7932457989545
39422	40.7932457988471
39446	40.7932457985852
39456	40.793245797829
39458	40.7932457964566
39466	40.7932457950658
39526	40.7932457944183
39542	40.7932457940044
39552	40.7932457932809
39586	40.7932457930089
39588	40.7932457925556
39602	40.7932457918320
39606	40.7932457909028
39656	40.7932457906739
39666	40.7932457904863
39670	40.7932457903109
39672	40.7932457902037
39690	40.7932457899553
39692	40.7932457896259
39696	40.793245788933
39700	40.7932457888646
39708	40.7932457886346
39752	40.7932457884491
39766	40.7932457884393
39768	40.7932457880922
39794	40.7932457879774
39796	40.7932457879629
39804	40.793245787676
39814	40.7932457869596
39848	40.7932457866996
39868	40.7932457855022
39908	40.7932457854659
39918	40.7932457852743
39920	40.7932457847333
39930	40.7932457846857
39938	40.7932457839665
39948	40.7932457832312
39956	40.7932457824422
39982	40.793245782293
40014	40.7932457822017
40024	40.7932457819651
40028	40.7932457819421
40054	40.7932457812489
40060	40.7932457812124
40070	40.7932457810223
40084	40.7932457808421
40108	40.7932457808398
40116	40.7932457805875
40144	40.7932457804235
40158	40.7932457802714
40160	40.7932457800202
40170	40.7932457798343
40178	40.7932457798099
40190	40.7932457796728
40192	40.793245779533
40194	40.7932457793611
40200	40.7932457792128
40206	40.7932457791405
40208	40.7932457791368
40210	40.7932457789345
40218	40.7932457786583
40232	40.7932457780925
40248	40.7932457780675
40260	40.7932457778829
40264	40.7932457776793
40274	40.7932457772132
40292	40.793245776024
40294	40.7932457743383
40300	40.7932457739954
40306	40.7932457731988
40314	40.7932457731048
40322	40.7932457713786
40340	40.793245770273
40356	40.7932457701509
40368	40.7932457678948
40390	40.7932457672023
40398	40.7932457669258
40414	40.7932457654205
40432	40.7932457648918
40468	40.7932457647739
40470	40.7932457618568
40510	40.7932457617278
40512	40.7932457615893
40520	40.7932457614816
40522	40.7932457608625
40528	40.7932457603376
40542	40.7932457599502
40544	40.7932457599329
40550	40.7932457592488
40562	40.7932457587598
40576	40.7932457587583
40580	40.7932457574615
40596	40.7932457566159
40618	40.7932457551844
40646	40.7932457526272
40650	40.7932457525388
40672	40.7932457523933
40676	40.7932457511106
40686	40.793245749595
40694	40.7932457492706
40696	40.7932457486849
40702	40.793245748628
40706	40.793245747447
40732	40.7932457467825
40734	40.7932457464012
40766	40.7932457452841
40796	40.7932457449001
40798	40.7932457446215
40804	40.7932457435636
40814	40.7932457434793
40822	40.7932457433608
40828	40.7932457432864
40838	40.7932457430653
40846	40.7932457427515
40854	40.7932457424748
40860	40.7932457422706
40880	40.7932457417973
40882	40.7932457412284
40910	40.7932457409362
40922	40.7932457406509
40932	40.7932457395734
40946	40.7932457389372
40950	40.7932457388528
40956	40.7932457374677
40968	40.7932457367136
40986	40.7932457361307
41012	40.7932457356041
41046	40.7932457347375
41054	40.7932457346905
41064	40.7932457343121
41094	40.7932457341628
41112	40.7932457340561
41136	40.7932457334329
41156	40.7932457326868
41166	40.7932457324957
41178	40.7932457321559
41202	40.7932457313405
41206	40.7932457312036
41208	40.7932457310053
41212	40.7932457309233
41216	40.7932457305798
41224	40.7932457305436
41232	40.7932457300218
41236	40.7932457298013
41250	40.7932457295881
41282	40.7932457293689
41286	40.7932457291867
41294	40.7932457276075
41320	40.793245727257
41334	40.793245726881
41338	40.7932457268653
41344	40.7932457268142
41346	40.7932457264233
41358	40.793245726409
41372	40.7932457254408
41392	40.7932457253685
41398	40.7932457251907
41412	40.7932457249807
41418	40.7932457246081
41432	40.7932457243774
41448	40.7932457239643
41450	40.7932457236535
41474	40.7932457233045
41488	40.7932457229649
41498	40.7932457226707
41534	40.7932457226118
41538	40.793245722335
41542	40.7932457222902
41548	40.793245721987
41552	40.7932457219108
41578	40.7932457217411
41580	40.793245721212
41598	40.7932457208832
41622	40.7932457208025
41624	40.7932457207025
41652	40.7932457204087
41654	40.7932457200157
41656	40.7932457198267
41660	40.7932457196444
41666	40.7932457196292
41676	40.7932457195159
41678	40.7932457194559
41686	40.7932457193393
41700	40.7932457191592
41702	40.7932457191207
41708	40.7932457189868
41714	40.7932457187046
41716	40.7932457182196
41726	40.7932457179439
41750	40.7932457179256
41756	40.7932457174387
41766	40.7932457173951
41778	40.7932457170228
41784	40.7932457168307
41790	40.7932457168209
41804	40.7932457167819
41808	40.7932457163704
41820	40.7932457162536
41830	40.7932457159776
41846	40.7932457159591
41858	40.7932457158294
41898	40.7932457156070
41900	40.7932457155438
41902	40.7932457153227
41938	40.7932457149875
41940	40.793245714783
41972	40.7932457143481
41986	40.7932457142233
42018	40.7932457140416
42024	40.7932457139899
42036	40.793245713795
42044	40.793245713272
42056	40.7932457127010
42064	40.7932457121279
42092	40.7932457119929
42098	40.7932457116903
42102	40.7932457116695
42110	40.793245711064
42114	40.7932457108716
42150	40.7932457108244
42166	40.7932457106782
42170	40.7932457100715
42188	40.7932457098254
42192	40.7932457098134
42206	40.7932457097227
42212	40.7932457092836
42248	40.7932457091795
42254	40.7932457091387
42260	40.7932457091203
42278	40.7932457091121
42280	40.7932457087548
42296	40.7932457085751
42312	40.7932457085741
42334	40.7932457082649
42358	40.7932457078932
42380	40.7932457073845
42382	40.7932457073037
42414	40.7932457072093
42420	40.7932457070092
42430	40.7932457069318
42432	40.7932457068692
42434	40.7932457066342
42448	40.7932457066264
42460	40.7932457063866
42466	40.7932457063059
42476	40.7932457061885
42508	40.7932457061753
42512	40.7932457061301
42518	40.7932457057532
42542	40.7932457057443
42548	40.7932457055593
42554	40.7932457054825
42574	40.7932457052012
42592	40.7932457050656
42598	40.7932457050137
42600	40.7932457049989
42610	40.7932457049663
42616	40.7932457048984
42618	40.7932457047995
42628	40.7932457044882
42630	40.7932457042166
42672	40.7932457041552
42674	40.7932457038667
42682	40.7932457038508
42686	40.7932457037949
42704	40.7932457037284
42712	40.793245703667
42724	40.7932457036450
42730	40.793245703585
42746	40.7932457035212
42758	40.7932457034788
42760	40.7932457032398
42762	40.7932457031978
42790	40.7932457031747
42792	40.7932457030126
42802	40.7932457028848
42806	40.7932457028186
42814	40.7932457026786
42836	40.7932457026422
42850	40.7932457026242
42864	40.7932457025969
42882	40.7932457023802
42896	40.7932457022021
42902	40.7932457020931
42906	40.7932457018801
42960	40.793245701862
42966	40.7932457016847
42980	40.7932457015056
43000	40.7932457012154
43016	40.7932457011305
43030	40.7932457009942
43046	40.7932457009526
43054	40.7932457009393
43062	40.7932457009281
43064	40.7932457005276
43066	40.7932457003163
43070	40.7932457002095
43074	40.7932457001818
43084	40.7932457000172
43094	40.7932456999739
43122	40.7932456998731
43140	40.7932456998085
43148	40.7932456997288
43150	40.7932456994835
43156	40.7932456993922
43162	40.7932456991624
43192	40.7932456989436
43210	40.7932456989044
43224	40.7932456988889
43226	40.7932456988442
43248	40.7932456988232
43250	40.7932456987143
43268	40.7932456985842
43272	40.7932456984591
43276	40.7932456983472
43282	40.7932456982014
43284	40.793245698049
43304	40.7932456979592
43308	40.7932456977115
43312	40.7932456974918
43320	40.7932456972214
43322	40.7932456971118
43336	40.7932456970133
43342	40.7932456968293
43346	40.7932456968256
43352	40.793245696813
43364	40.7932456965597
43366	40.7932456964537
43382	40.7932456963616
43400	40.7932456960695
43412	40.7932456958123
43428	40.7932456956328
43432	40.7932456955933
43434	40.7932456953639
43438	40.793245695203
43462	40.7932456950662
43502	40.7932456949698
43526	40.7932456948463
43532	40.7932456948065
43536	40.7932456946859
43540	40.7932456944962
43546	40.7932456944479
43562	40.7932456942839
43566	40.793245694062
43588	40.7932456940004
43592	40.7932456939472
43602	40.7932456938665
43610	40.793245693842
43614	40.7932456936105
43638	40.7932456935412
43640	40.7932456934524
43646	40.7932456933473
43656	40.7932456933161
43658	40.7932456931915
43662	40.7932456930698
43682	40.7932456928460
43698	40.7932456923492
43744	40.7932456918847
43784	40.7932456918394
43786	40.7932456917806
43802	40.7932456917587
43808	40.793245691485
43828	40.7932456913565
43838	40.7932456913297
43856	40.7932456912152
43860	40.7932456911828
43870	40.7932456911478
43880	40.7932456908376
43916	40.7932456907576
43932	40.7932456906518
43942	40.7932456906324
43944	40.7932456905655
43960	40.7932456905252
43982	40.7932456905017
43986	40.793245690494
43992	40.7932456904207
43994	40.7932456903632
43996	40.7932456901708
44010	40.7932456901635
44014	40.7932456900308
44034	40.7932456899372
44044	40.7932456898882
44060	40.7932456897101
44076	40.7932456896323
44082	40.7932456896282
44090	40.7932456895632
44096	40.7932456895607
44102	40.7932456895126
44104	40.7932456894893
44106	40.7932456894506
44108	40.793245689324
44116	40.7932456893235
44122	40.793245689292
44126	40.7932456892747
44128	40.7932456892713
44132	40.7932456892374
44134	40.7932456891923
44138	40.7932456891775
44140	40.7932456888909
44148	40.7932456888662
44168	40.7932456887418
44180	40.7932456885801
44194	40.7932456883675
44196	40.7932456882248
44224	40.7932456882123
44250	40.7932456881868
44256	40.7932456880787
44276	40.7932456880638
44280	40.7932456879685
44292	40.7932456879399
44310	40.7932456878921
44336	40.7932456878312
44344	40.7932456877737
44354	40.7932456877155
44370	40.7932456877016
44386	40.7932456876304
44388	40.7932456875782
44390	40.7932456875564
44402	40.7932456875407
44422	40.7932456874789
44438	40.7932456874283
44444	40.7932456873767
44446	40.7932456872861
44468	40.7932456872555
44478	40.7932456871833
44506	40.7932456870773
44516	40.7932456870198
44524	40.7932456869222
44536	40.7932456867246
44574	40.7932456867032
44576	40.7932456866791
44596	40.7932456866791
44614	40.7932456866394
44626	40.793245686607
44632	40.7932456865909
44654	40.7932456865877
44674	40.7932456865303
44692	40.7932456865263
44704	40.7932456864175
44712	40.7932456864135
44720	40.7932456863826
44730	40.7932456863683
44738	40.7932456863584
44742	40.7932456863538
44744	40.7932456863279
44746	40.793245686308
44756	40.7932456862848
44764	40.7932456862809
44772	40.7932456862748
44798	40.7932456862356
44826	40.7932456862337
44830	40.7932456861449
44838	40.7932456861302
44840	40.7932456861198
44872	40.7932456860789
44886	40.7932456860617
44890	40.7932456860359
44902	40.7932456860021
44916	40.793245685995
44922	40.7932456859713
44944	40.7932456859684
44952	40.793245685949
44964	40.7932456859343
44966	40.7932456859173
44970	40.7932456858951
44986	40.7932456858648
45006	40.7932456858447
45028	40.7932456858289
45044	40.7932456858112
45050	40.7932456858016
45072	40.7932456857906
45086	40.7932456857624
45096	40.7932456857577
45104	40.7932456857469
45108	40.7932456857199
45118	40.793245685702
45156	40.7932456856938
45160	40.7932456856576
45176	40.7932456856463
45200	40.7932456856124
45212	40.7932456855954
45232	40.7932456855893
45256	40.7932456855852
45262	40.7932456855547
45274	40.7932456855537
45280	40.7932456855431
45302	40.7932456855319
45306	40.793245685527
45322	40.7932456855185
45368	40.7932456855141
45386	40.793245685509
45404	40.7932456855066
45426	40.7932456854957
45428	40.7932456854845
45472	40.7932456854752
45482	40.7932456854711
45486	40.793245685469
45498	40.793245685467
45510	40.7932456854618
45536	40.7932456854586
45552	40.7932456854543
45562	40.793245685444
45566	40.7932456854405
45586	40.7932456854370
45592	40.7932456854364
45598	40.7932456854261
45604	40.7932456854226
45630	40.7932456854198
45642	40.7932456854154
45650	40.7932456854
45698	40.7932456853865
45734	40.793245685379
45740	40.7932456853783
45752	40.793245685368
45764	40.7932456853664
45766	40.7932456853645
45768	40.7932456853509
45770	40.793245685345
45804	40.7932456853438
45810	40.7932456853421
45814	40.7932456853412
45828	40.7932456853306
45846	40.793245685313
45894	40.7932456853094
45896	40.7932456853054
45928	40.7932456853048
45930	40.7932456853018
45936	40.7932456853002
45944	40.7932456852975
45958	40.7932456852905
45972	40.7932456852862
45984	40.7932456852799
46000	40.7932456852728
46004	40.7932456852697
46024	40.7932456852665
46038	40.7932456852646
46048	40.7932456852608
46052	40.7932456852595
46054	40.793245685255
46074	40.7932456852524
46080	40.7932456852493
46096	40.7932456852473
46098	40.7932456852458
46106	40.7932456852435
46122	40.7932456852411
46150	40.7932456852375
46174	40.7932456852331
46180	40.7932456852327
46188	40.7932456852307
46204	40.7932456852243
46222	40.7932456852232
46234	40.7932456852191
46260	40.7932456852185
46268	40.7932456852175
46280	40.7932456852115
46296	40.7932456852097
46304	40.7932456851994
46308	40.7932456851977
46316	40.7932456851966
46318	40.7932456851941
46324	40.7932456851896
46326	40.7932456851829
46336	40.7932456851728
46350	40.7932456851654
46362	40.7932456851492
46366	40.7932456851480
46368	40.7932456851385
46384	40.7932456851352
46386	40.7932456851241
46396	40.7932456851139
46402	40.7932456851128
46408	40.7932456851036
46444	40.7932456851022
46450	40.7932456850973
46462	40.7932456850771
46476	40.7932456850726
46496	40.7932456850491
46510	40.7932456850459
46516	40.7932456850270
46520	40.7932456850239
46552	40.7932456850165
46554	40.7932456849936
46560	40.7932456849846
46574	40.7932456849843
46586	40.793245684965
46594	40.7932456849404
46604	40.7932456849181
46612	40.7932456848996
46644	40.7932456848696
46696	40.7932456848643
46704	40.7932456848571
46708	40.7932456848561
46714	40.7932456848522
46716	40.7932456848497
46720	40.7932456848317
46724	40.7932456848091
46728	40.7932456847903
46746	40.7932456847776
46748	40.7932456847633
46770	40.7932456847587
46772	40.7932456847577
46780	40.7932456847465
46808	40.7932456847412
46822	40.7932456847072
46858	40.7932456847042
46862	40.793245684698
46864	40.7932456846979
46882	40.7932456846848
46884	40.7932456846713
46890	40.7932456846488
46910	40.7932456846475
46946	40.7932456846401
46956	40.7932456846384
46970	40.7932456846264
46984	40.7932456846258
46990	40.7932456846198
47000	40.7932456846191
47006	40.7932456846182
47008	40.7932456846117
47014	40.7932456845982
47052	40.793245684596
47056	40.7932456845906
47060	40.7932456845906
47078	40.7932456845735
47082	40.7932456845708
47110	40.7932456845703
47112	40.7932456845509
47120	40.7932456845382
47138	40.7932456845334
47144	40.7932456845250
47152	40.7932456845242
47176	40.7932456845229
47178	40.7932456845194
47212	40.7932456845154
47216	40.7932456845074
47232	40.7932456845032
47238	40.7932456844996
47250	40.7932456844894
47260	40.7932456844881
47274	40.7932456844846
47278	40.7932456844747
47282	40.7932456844594
47314	40.7932456844574
47316	40.7932456844448
47322	40.7932456844332
47328	40.7932456844314
47334	40.7932456844288
47340	40.7932456844278
47344	40.7932456844091
47362	40.7932456843864
47370	40.7932456843857
47376	40.7932456843833
47384	40.7932456843728
47386	40.7932456843472
47396	40.7932456843388
47414	40.7932456843356
47416	40.7932456843317
47422	40.7932456843293
47428	40.7932456843234
47440	40.793245684318
47446	40.7932456843145
47472	40.7932456842953
47494	40.7932456842774
47502	40.7932456842696
47526	40.7932456842525
47532	40.7932456842389
47580	40.7932456842351
47610	40.7932456842349
47616	40.7932456842296
47624	40.7932456842235
47630	40.7932456842232
47636	40.7932456842229
47638	40.7932456842125
47642	40.7932456841937
47652	40.7932456841783
47682	40.7932456841736
47686	40.7932456841732
47694	40.793245684168
47700	40.7932456841605
47708	40.7932456841408
47734	40.7932456841359
47736	40.793245684131
47738	40.7932456841286
47742	40.7932456841269
47746	40.7932456841247
47752	40.7932456841159
47762	40.7932456841018
47780	40.7932456840874
47788	40.7932456840766
47826	40.7932456840732
47836	40.7932456840713
47838	40.793245684069
47854	40.7932456840631
47858	40.7932456840562
47874	40.7932456840535
47882	40.7932456840534
47898	40.7932456840461
47924	40.793245684036
47926	40.7932456840345
47950	40.7932456840313
47952	40.7932456840295
47972	40.7932456840257
47974	40.7932456840089
47980	40.7932456840009
48006	40.7932456840006
48014	40.7932456839954
48030	40.7932456839937
48056	40.7932456839785
48068	40.7932456839652
48076	40.7932456839633
48090	40.7932456839627
48094	40.7932456839553
48118	40.7932456839539
48128	40.7932456839513
48130	40.7932456839502
48132	40.7932456839459
48142	40.7932456839442
48148	40.7932456839349
48170	40.7932456839222
48192	40.7932456839141
48204	40.7932456839098
48208	40.7932456839005
48216	40.7932456838958
48230	40.7932456838922
48232	40.7932456838914
48238	40.7932456838874
48240	40.7932456838723
48282	40.7932456838684
48290	40.7932456838617
48300	40.7932456838521
48344	40.7932456838492
48348	40.7932456838457
48372	40.793245683845
48374	40.7932456838407
48378	40.7932456838403
48380	40.7932456838383
48386	40.7932456838333
48406	40.793245683827
48410	40.7932456838228
48418	40.7932456838224
48424	40.7932456838211
48430	40.7932456838131
48484	40.793245683811
48486	40.7932456838053
48498	40.7932456838045
48510	40.7932456837964
48518	40.7932456837816
48520	40.7932456837757
48528	40.7932456837686
48548	40.7932456837642
48558	40.7932456837625
48582	40.7932456837595
48584	40.7932456837562
48598	40.7932456837543
48606	40.7932456837496
48608	40.7932456837479
48616	40.7932456837439
48620	40.7932456837357
48626	40.7932456837302
48634	40.7932456837288
48642	40.7932456837211
48646	40.7932456837148
48658	40.7932456837124
48668	40.793245683705
48676	40.793245683695
48682	40.7932456836839
48690	40.7932456836836
48698	40.7932456836698
48710	40.793245683662
48724	40.793245683649
48750	40.7932456836414
48754	40.7932456836362
48756	40.7932456836334
48784	40.7932456836265
48798	40.7932456836258
48800	40.7932456836188
48802	40.7932456836142
48840	40.7932456836125
48844	40.7932456836116
48850	40.7932456836015
48858	40.793245683593
48872	40.793245683584
48886	40.7932456835796
48902	40.7932456835554
48932	40.7932456835519
48934	40.7932456835436
48946	40.7932456835234
48956	40.7932456835213
48968	40.7932456835205
48970	40.7932456835170
48986	40.7932456835022
48996	40.793245683497
49006	40.7932456834938
49008	40.7932456834876
49012	40.7932456834857
49018	40.7932456834681
49050	40.7932456834303
49076	40.7932456834248
49090	40.7932456834243
49094	40.7932456834216
49100	40.7932456834028
49140	40.7932456833971
49142	40.7932456833932
49150	40.7932456833859
49172	40.7932456833818
49180	40.793245683381
49192	40.7932456833804
49198	40.7932456833782
49204	40.7932456833776
49214	40.7932456833653
49222	40.7932456833634
49232	40.7932456833621
49246	40.7932456833617
49254	40.7932456833567
49264	40.7932456833539
49274	40.7932456833426
49302	40.7932456833393
49316	40.7932456833293
49330	40.7932456833288
49348	40.7932456833244
49368	40.7932456833127
49372	40.7932456833095
49374	40.7932456833004
49418	40.7932456832927
49422	40.7932456832902
49438	40.7932456832783
49442	40.7932456832731
49458	40.7932456832728
49474	40.793245683268
49480	40.793245683267
49490	40.7932456832617
49492	40.7932456832591
49534	40.7932456832544
49556	40.7932456832526
49580	40.7932456832487
49586	40.7932456832464
49588	40.7932456832446
49628	40.7932456832428
49636	40.7932456832419
49646	40.7932456832365
49654	40.7932456832345
49674	40.7932456832324
49676	40.793245683231
49684	40.7932456832294
49688	40.793245683227
49716	40.7932456832261
49724	40.7932456832258
49726	40.7932456832256
49736	40.7932456832209
49742	40.793245683218
49748	40.7932456832165
49754	40.7932456832165
49780	40.7932456832149
49782	40.7932456832133
49794	40.7932456832093
49800	40.7932456832051
49814	40.7932456832051
49818	40.7932456832041
49826	40.7932456832039
49828	40.7932456832022
49846	40.7932456831984
49850	40.793245683197
49860	40.7932456831966
49862	40.7932456831964
49872	40.7932456831948
49874	40.793245683191
49900	40.7932456831887
49914	40.7932456831885
49922	40.7932456831842
49934	40.7932456831838
49948	40.7932456831832
49966	40.7932456831812
49976	40.7932456831773
49988	40.7932456831766
50006	40.7932456831751
50010	40.7932456831745
50012	40.7932456831715
50020	40.7932456831714
50036	40.7932456831675
50064	40.7932456831657
50070	40.7932456831563
50072	40.7932456831533
50080	40.7932456831423
50088	40.7932456831391
50098	40.7932456831329
50106	40.7932456831286
50136	40.7932456831202
50164	40.7932456831179
50190	40.7932456831174
50194	40.7932456831093
50242	40.793245683107
50244	40.7932456830967
50250	40.7932456830885
50254	40.7932456830868
50264	40.7932456830773
50268	40.7932456830773
50292	40.7932456830749
50296	40.7932456830711
50300	40.793245683071
50306	40.7932456830684
50314	40.7932456830633
50322	40.7932456830619
50362	40.7932456830526
50364	40.7932456830496
50408	40.7932456830481
50434	40.7932456830465
50448	40.7932456830428
50466	40.7932456830363
50478	40.7932456830288
50530	40.7932456830278
50548	40.7932456830243
50558	40.7932456830215
50594	40.7932456830175
50622	40.7932456830142
50638	40.7932456830121
50690	40.7932456830113
50702	40.7932456830097
50722	40.7932456830087
50748	40.7932456830082
50764	40.7932456830075
50768	40.7932456830067
50770	40.7932456830045
50794	40.7932456830029
50812	40.7932456829998
50814	40.7932456829997
50842	40.7932456829969
50852	40.7932456829945
50862	40.7932456829923
50872	40.7932456829922
50884	40.7932456829912
50886	40.7932456829881
50900	40.7932456829852
50914	40.7932456829741
50924	40.7932456829698
50930	40.7932456829676
50938	40.7932456829645
50940	40.7932456829589
50942	40.7932456829528
50972	40.7932456829504
50974	40.7932456829461
50978	40.7932456829444
50982	40.7932456829437
50984	40.7932456829435
51000	40.7932456829418
51006	40.7932456829317
51024	40.7932456829314
51028	40.7932456829217
51030	40.7932456829188
51066	40.7932456829157
51086	40.7932456829140
51088	40.7932456829127
51096	40.7932456829116
51128	40.7932456829062
51130	40.7932456828965
51132	40.7932456828919
51182	40.793245682888
51186	40.7932456828863
51204	40.7932456828833
51206	40.7932456828816
51210	40.7932456828785
51226	40.7932456828772
51228	40.7932456828767
51230	40.7932456828745
51244	40.793245682865
51262	40.7932456828571
51268	40.7932456828566
51276	40.7932456828551
51296	40.7932456828542
51306	40.7932456828523
51314	40.7932456828511
51322	40.7932456828479
51324	40.7932456828477
51362	40.7932456828416
51368	40.7932456828403
51426	40.7932456828402
51428	40.7932456828376
51430	40.7932456828365
51452	40.7932456828353
51470	40.7932456828314
51480	40.7932456828289
51512	40.7932456828281
51520	40.793245682825
51524	40.7932456828214
51548	40.7932456828207
51556	40.7932456828201
51558	40.7932456828199
51562	40.7932456828191
51566	40.7932456828183
51576	40.7932456828174
51584	40.7932456828167
51590	40.7932456828165
51594	40.7932456828164
51596	40.7932456828163
51600	40.7932456828156
51604	40.7932456828142
51612	40.7932456828113
51626	40.7932456828093
51632	40.7932456828082
51638	40.7932456828049
51664	40.7932456828007
51672	40.7932456827903
51674	40.7932456827885
51700	40.7932456827868
51704	40.793245682785
51710	40.793245682784
51724	40.7932456827837
51734	40.7932456827829
51748	40.7932456827828
51758	40.7932456827821
51764	40.7932456827815
51768	40.7932456827802
51784	40.7932456827797
51790	40.7932456827784
51802	40.7932456827774
51808	40.7932456827773
51812	40.7932456827771
51816	40.7932456827749
51824	40.7932456827744
51834	40.7932456827731
51856	40.7932456827722
51870	40.7932456827706
51882	40.7932456827703
51890	40.7932456827671
51900	40.7932456827667
51906	40.7932456827642
51908	40.7932456827639
51930	40.7932456827637
51942	40.7932456827632
51974	40.7932456827621
51980	40.7932456827613
51994	40.7932456827613
52006	40.7932456827610
52010	40.7932456827602
52036	40.7932456827599
52054	40.7932456827587
52064	40.7932456827584
52068	40.7932456827581
52076	40.7932456827576
52078	40.7932456827564
52126	40.793245682756
52130	40.7932456827539
52166	40.7932456827537
52168	40.7932456827536
52172	40.7932456827528
52196	40.7932456827513
52204	40.7932456827505
52206	40.7932456827493
52210	40.7932456827473
52236	40.7932456827470
52246	40.7932456827459
52260	40.793245682745
52266	40.7932456827447
52290	40.7932456827428
52294	40.7932456827427
52300	40.7932456827425
52310	40.7932456827416
52332	40.7932456827414
52346	40.7932456827399
52358	40.7932456827395
52400	40.7932456827376
52426	40.7932456827364
52430	40.7932456827363
52458	40.7932456827356
52474	40.7932456827353
52480	40.7932456827342
52500	40.7932456827324
52524	40.7932456827324
52530	40.7932456827319
52548	40.7932456827312
52598	40.7932456827301
52622	40.79324568273
52624	40.7932456827294
52626	40.7932456827288
52632	40.7932456827284
52660	40.793245682728
52662	40.7932456827278
52668	40.7932456827273
52688	40.793245682727
52698	40.793245682727
52702	40.7932456827268
52716	40.7932456827267
52722	40.7932456827264
52724	40.7932456827262
52732	40.7932456827256
52748	40.7932456827250
52780	40.7932456827247
52782	40.7932456827244
52798	40.7932456827237
52808	40.7932456827233
52810	40.7932456827229
52812	40.793245682722
52820	40.7932456827216
52824	40.7932456827215
52842	40.7932456827214
52858	40.7932456827213
52860	40.7932456827209
52864	40.7932456827195
52868	40.7932456827192
52884	40.7932456827189
52894	40.7932456827188
52896	40.7932456827178
52916	40.7932456827173
52926	40.793245682717
52964	40.7932456827164
52984	40.7932456827162
52992	40.7932456827159
53004	40.7932456827156
53006	40.7932456827156
53008	40.7932456827154
53012	40.7932456827151
53014	40.7932456827146
53034	40.7932456827143
53036	40.7932456827136
53050	40.7932456827135
53056	40.7932456827122
53084	40.7932456827121
53092	40.7932456827119
53100	40.7932456827118
53128	40.793245682711
53158	40.7932456827108
53160	40.7932456827106
53170	40.7932456827102
53176	40.79324568271
53188	40.7932456827099
53210	40.7932456827093
53240	40.7932456827086
53266	40.7932456827085
53278	40.793245682708
53288	40.7932456827079
53302	40.7932456827075
53308	40.7932456827075
53322	40.7932456827073
53330	40.7932456827073
53332	40.7932456827072
53338	40.7932456827069
53356	40.7932456827068
53360	40.7932456827062
53394	40.7932456827061
53400	40.7932456827058
53412	40.7932456827056
53422	40.7932456827054
53430	40.7932456827053
53436	40.7932456827048
53446	40.7932456827048
53452	40.7932456827046
53456	40.7932456827045
53472	40.7932456827045
53476	40.7932456827043
53482	40.7932456827043
53488	40.7932456827037
53514	40.7932456827036
53524	40.7932456827032
53532	40.7932456827031
53544	40.7932456827028
53576	40.7932456827025
53594	40.7932456827025
53606	40.7932456827024
53626	40.7932456827022
53656	40.793245682702
53676	40.7932456827017
53682	40.7932456827013
53710	40.7932456827012
53722	40.7932456827011
53726	40.7932456827010
53740	40.7932456827009
53744	40.7932456827007
53764	40.7932456827004
53798	40.7932456827002
53816	40.7932456827001
53828	40.7932456827
53842	40.7932456827
53844	40.7932456826999
53852	40.7932456826997
53854	40.7932456826996
53884	40.7932456826994
53906	40.7932456826993
53922	40.7932456826993
53930	40.7932456826992
53938	40.793245682699
53942	40.7932456826988
53958	40.7932456826985
53964	40.7932456826982
53986	40.7932456826982
53988	40.7932456826979
54012	40.7932456826975
54040	40.7932456826975
54046	40.7932456826975
54052	40.7932456826974
54060	40.7932456826973
54062	40.7932456826973
54068	40.7932456826971
54074	40.793245682697
54086	40.7932456826969
54088	40.7932456826969
54098	40.7932456826968
54110	40.7932456826965
54120	40.7932456826965
54128	40.7932456826964
54136	40.7932456826964
54148	40.7932456826964
54152	40.7932456826961
54162	40.7932456826959
54188	40.7932456826958
54198	40.7932456826957
54218	40.7932456826957
54222	40.7932456826953
54248	40.793245682695
54268	40.7932456826949
54274	40.7932456826948
54290	40.7932456826946
54298	40.7932456826942
54310	40.7932456826941
54314	40.7932456826939
54316	40.7932456826934
54322	40.7932456826933
54326	40.7932456826933
54328	40.7932456826929
54350	40.7932456826927
54366	40.7932456826921
54390	40.7932456826916
54406	40.7932456826913
54412	40.7932456826913
54426	40.7932456826909
54444	40.7932456826908
54446	40.7932456826906
54452	40.7932456826901
54472	40.79324568269
54498	40.7932456826898
54524	40.7932456826898
54530	40.7932456826897
54534	40.7932456826897
54554	40.7932456826895
54558	40.7932456826895
54566	40.7932456826894
54568	40.7932456826893
54578	40.793245682689
54592	40.7932456826889
54602	40.7932456826888
54604	40.7932456826887
54618	40.7932456826886
54646	40.7932456826885
54666	40.7932456826884
54682	40.7932456826884
54698	40.7932456826884
54700	40.7932456826884
54712	40.7932456826881
54730	40.793245682688
54742	40.7932456826879
54776	40.7932456826877
54790	40.7932456826877
54798	40.7932456826875
54810	40.7932456826875
54842	40.7932456826872
54862	40.7932456826871
54866	40.7932456826871
54870	40.793245682687
54882	40.7932456826870
54888	40.7932456826869
54890	40.7932456826868
54900	40.7932456826867
54910	40.7932456826867
54928	40.7932456826867
54932	40.7932456826865
54946	40.7932456826864
54958	40.7932456826864
54968	40.7932456826863
54976	40.7932456826861
55068	40.7932456826861
55084	40.7932456826860
55094	40.793245682686
55096	40.793245682686
55104	40.7932456826858
55110	40.7932456826858
55114	40.7932456826857
55118	40.7932456826857
55126	40.7932456826854
55140	40.7932456826854
55144	40.7932456826852
55148	40.7932456826851
55170	40.7932456826850
55186	40.7932456826846
55198	40.7932456826845
55214	40.7932456826844
55244	40.7932456826843
55248	40.7932456826841
55268	40.7932456826841
55280	40.793245682684
55290	40.793245682684
55298	40.7932456826839
55318	40.7932456826839
55322	40.7932456826838
55324	40.7932456826838
55328	40.7932456826835
55360	40.7932456826834
55368	40.7932456826833
55370	40.7932456826832
55374	40.7932456826832
55378	40.7932456826832
55388	40.7932456826831
55396	40.793245682683
55410	40.7932456826828
55418	40.7932456826827
55448	40.7932456826826
55458	40.7932456826824
55464	40.7932456826822
55470	40.793245682682
55512	40.7932456826817
55516	40.7932456826814
55522	40.7932456826809
55526	40.7932456826808
55536	40.7932456826806
55538	40.7932456826804
55558	40.7932456826804
55564	40.7932456826802
55566	40.79324568268
55590	40.7932456826796
55614	40.7932456826795
55624	40.7932456826795
55626	40.7932456826792
55638	40.7932456826791
55644	40.7932456826787
55662	40.7932456826786
55672	40.7932456826777
55690	40.7932456826776
55710	40.7932456826776
55732	40.7932456826774
55752	40.7932456826772
55772	40.7932456826771
55774	40.7932456826768
55784	40.7932456826768
55800	40.7932456826766
55824	40.7932456826765
55836	40.7932456826763
55874	40.7932456826761
55876	40.7932456826761
55894	40.7932456826761
55924	40.793245682676
55932	40.7932456826760
55940	40.7932456826759
55942	40.7932456826759
55946	40.7932456826759
55950	40.7932456826759
55956	40.7932456826757
55960	40.7932456826757
55972	40.7932456826756
55974	40.7932456826755
56004	40.7932456826754
56014	40.7932456826754
56022	40.7932456826754
56034	40.7932456826753
56036	40.7932456826753
56042	40.7932456826753
56060	40.7932456826752
56064	40.7932456826750
56080	40.793245682675
56082	40.793245682675
56096	40.7932456826748
56118	40.7932456826747
56126	40.7932456826746
56140	40.7932456826745
56156	40.7932456826745
56170	40.7932456826745
56176	40.7932456826743
56180	40.7932456826742
56210	40.7932456826742
56214	40.7932456826741
56224	40.7932456826741
56254	40.7932456826739
56274	40.7932456826739
56290	40.7932456826738
56312	40.7932456826737
56324	40.7932456826737
56328	40.7932456826736
56330	40.7932456826736
56332	40.7932456826735
56336	40.7932456826733
56348	40.7932456826733
56368	40.7932456826732
56378	40.7932456826731
56396	40.793245682673
56416	40.7932456826729
56424	40.7932456826728
56458	40.7932456826728
56460	40.7932456826727
56484	40.7932456826725
56490	40.7932456826725
56500	40.7932456826724
56518	40.7932456826724
56528	40.7932456826724
56532	40.7932456826724
56536	40.7932456826723
56552	40.7932456826722
56574	40.7932456826722
56582	40.7932456826722
56598	40.7932456826722
56608	40.7932456826722
56624	40.7932456826721
56628	40.793245682672
56640	40.7932456826718
56668	40.7932456826716
56676	40.7932456826715
56682	40.7932456826714
56690	40.7932456826714
56720	40.7932456826714
56728	40.7932456826713
56734	40.7932456826712
56738	40.793245682671
56754	40.7932456826710
56762	40.7932456826709
56766	40.7932456826708
56784	40.7932456826707
56786	40.7932456826707
56824	40.7932456826705
56850	40.7932456826704
56872	40.7932456826704
56926	40.7932456826702
56936	40.7932456826702
56952	40.7932456826701
56960	40.7932456826701
56978	40.7932456826701
56996	40.79324568267
57000	40.7932456826699
57016	40.7932456826698
57020	40.7932456826697
57032	40.7932456826696
57034	40.7932456826695
57070	40.7932456826694
57076	40.7932456826693
57096	40.7932456826692
57098	40.7932456826691
57108	40.793245682669
57116	40.793245682669
57126	40.7932456826689
57130	40.7932456826688
57162	40.7932456826688
57180	40.7932456826688
57186	40.7932456826687
57200	40.7932456826687
57212	40.7932456826686
57238	40.7932456826685
57254	40.7932456826685
57260	40.7932456826685
57280	40.7932456826685
57290	40.7932456826684
57326	40.7932456826683
57346	40.7932456826683
57352	40.7932456826682
57354	40.7932456826681
57362	40.7932456826681
57364	40.793245682668
57376	40.793245682668
57392	40.793245682668
57394	40.7932456826679
57410	40.7932456826679
57412	40.7932456826678
57424	40.7932456826677
57450	40.7932456826677
57454	40.7932456826677
57456	40.7932456826676
57458	40.7932456826676
57470	40.7932456826676
57488	40.7932456826675
57510	40.7932456826675
57524	40.7932456826674
57536	40.7932456826673
57558	40.7932456826673
57564	40.7932456826673
57572	40.7932456826672
57576	40.7932456826672
57606	40.7932456826672
57612	40.7932456826671
57614	40.7932456826671
57650	40.7932456826671
57660	40.7932456826671
57670	40.793245682667
57672	40.793245682667
57706	40.793245682667
57710	40.7932456826669
57714	40.7932456826668
57732	40.7932456826668
57744	40.7932456826668
57754	40.7932456826668
57762	40.7932456826667
57784	40.7932456826667
57788	40.7932456826667
57800	40.7932456826667
57804	40.7932456826666
57808	40.7932456826665
57822	40.7932456826665
57850	40.7932456826664
57868	40.7932456826664
57890	40.7932456826663
57916	40.7932456826663
57920	40.7932456826662
57930	40.7932456826662
57938	40.7932456826662
57952	40.7932456826662
57958	40.7932456826661
57964	40.7932456826661
57986	40.7932456826661
58018	40.7932456826661
58030	40.793245682666
58066	40.793245682666
58070	40.793245682666
58076	40.793245682666
58098	40.793245682666
58100	40.7932456826659
58112	40.7932456826659
58118	40.7932456826658
58138	40.7932456826658
58140	40.7932456826658
58148	40.7932456826658
58172	40.7932456826658
58232	40.7932456826658
58320	40.7932456826658
58328	40.7932456826658
58400	40.7932456826657
58414	40.7932456826657
58438	40.7932456826657
58442	40.7932456826657
58446	40.7932456826657
58488	40.7932456826657
58492	40.7932456826657
58516	40.7932456826657
58538	40.7932456826657
58568	40.7932456826657
58580	40.7932456826656
58640	40.7932456826656
58688	40.7932456826656
58704	40.7932456826656
58714	40.7932456826656
58754	40.7932456826656
58756	40.7932456826656
58768	40.7932456826656
58794	40.7932456826656
58802	40.7932456826656
58814	40.7932456826655
58842	40.7932456826655
58844	40.7932456826655
58902	40.7932456826655
58922	40.7932456826655
58928	40.7932456826655
58932	40.7932456826655
58948	40.7932456826654
58972	40.7932456826654
58978	40.7932456826654
58980	40.7932456826654
59012	40.7932456826654
59034	40.7932456826654
59050	40.7932456826653
59106	40.7932456826653
59130	40.7932456826653
59160	40.7932456826653
59180	40.7932456826653
59194	40.7932456826653
59212	40.7932456826653
59224	40.7932456826652
59238	40.7932456826652
59254	40.7932456826652
59258	40.7932456826652
59276	40.7932456826652
59278	40.7932456826652
59282	40.7932456826652
59294	40.7932456826652
59318	40.7932456826651
59328	40.7932456826651
59336	40.7932456826651
59354	40.7932456826651
59364	40.7932456826651
59376	40.7932456826651
59380	40.7932456826651
59396	40.793245682665
59418	40.793245682665
59438	40.793245682665
59462	40.793245682665
59496	40.7932456826650
59546	40.7932456826649
59568	40.7932456826649
59578	40.7932456826649
59608	40.7932456826649
59630	40.7932456826649
59650	40.7932456826649
59694	40.7932456826649
59700	40.7932456826648
59762	40.7932456826648
59766	40.7932456826648
59772	40.7932456826648
59778	40.7932456826648
59808	40.7932456826648
59842	40.7932456826648
59850	40.7932456826647
59876	40.7932456826647
59896	40.7932456826647
59902	40.7932456826647
59920	40.7932456826647
59926	40.7932456826647
59930	40.7932456826646
59950	40.7932456826646
59960	40.7932456826645
59966	40.7932456826645
59990	40.7932456826645
60004	40.7932456826645
60012	40.7932456826645
60036	40.7932456826645
60042	40.7932456826644
60096	40.7932456826644
60100	40.7932456826644
60138	40.7932456826644
60140	40.7932456826644
60150	40.7932456826644
60176	40.7932456826643
60216	40.7932456826643
60224	40.7932456826643
60238	40.7932456826643
60242	40.7932456826643
60248	40.7932456826643
60274	40.7932456826643
60278	40.7932456826643
60304	40.7932456826642
60312	40.7932456826642
60318	40.7932456826642
60336	40.7932456826642
60354	40.7932456826642
60362	40.7932456826642
60386	40.7932456826641
60428	40.7932456826641
60432	40.7932456826641
60468	40.7932456826641
60478	40.7932456826641
60524	40.7932456826641
60528	40.7932456826641
60548	40.793245682664
60550	40.793245682664
60568	40.793245682664
60604	40.793245682664
60630	40.7932456826640
60638	40.7932456826639
60708	40.7932456826639
60730	40.7932456826639
60794	40.7932456826639
60802	40.7932456826638
60840	40.7932456826638
60852	40.7932456826638
60878	40.7932456826638
60910	40.7932456826637
60936	40.7932456826637
60938	40.7932456826637
60940	40.7932456826637
60974	40.7932456826637
60976	40.7932456826637
61006	40.7932456826637
61016	40.7932456826637
61030	40.7932456826637
61038	40.7932456826637
61054	40.7932456826637
61070	40.7932456826636
61098	40.7932456826636
61122	40.7932456826636
61132	40.7932456826636
61134	40.7932456826636
61148	40.7932456826635
61150	40.7932456826635
61158	40.7932456826635
61180	40.7932456826635
61188	40.7932456826635
61204	40.7932456826635
61228	40.7932456826634
61246	40.7932456826634
61260	40.7932456826634
61262	40.7932456826634
61332	40.7932456826634
61362	40.7932456826634
61374	40.7932456826634
61376	40.7932456826634
61412	40.7932456826634
61438	40.7932456826633
61446	40.7932456826633
61488	40.7932456826633
61520	40.7932456826633
61524	40.7932456826633
61566	40.7932456826633
61578	40.7932456826632
61580	40.7932456826632
61614	40.7932456826632
61616	40.7932456826632
61624	40.7932456826632
61644	40.7932456826632
61690	40.7932456826632
61696	40.7932456826632
61724	40.7932456826632
61766	40.7932456826631
61810	40.7932456826631
61818	40.7932456826631
61864	40.7932456826631
61882	40.7932456826631
61910	40.7932456826631
61918	40.7932456826631
61928	40.7932456826631
61948	40.7932456826630
61988	40.793245682663
62002	40.793245682663
62006	40.793245682663
62012	40.793245682663
62040	40.793245682663
62084	40.793245682663
62116	40.793245682663
62120	40.793245682663
62164	40.7932456826629
62176	40.7932456826629
62182	40.7932456826629
62218	40.7932456826629
62234	40.7932456826629
62256	40.7932456826629
62310	40.7932456826629
62350	40.7932456826629
62360	40.7932456826629
62402	40.7932456826629
62450	40.7932456826628
62556	40.7932456826628
62578	40.7932456826628
62688	40.7932456826628
62772	40.7932456826628
62808	40.7932456826628
63012	40.7932456826628
63134	40.7932456826628
63142	40.7932456826628
63330	40.7932456826628
63448	40.7932456826627
63762	40.7932456826627
64440	40.7932456826627
64508	40.7932456826627
65046	40.7932456826627
66250	40.7932456826627
67914	40.7932456826627
68892	40.7932456826627
68954	40.7932456826627
68964	40.7932456826627
69654	40.7932456826627
69974	40.7932456826627
70886	40.7932456826626
73114	40.7932456826626
74006	40.7932456826626
74212	40.7932456826626
74232	40.7932456826626
74514	40.7932456826626
74688	40.7932456826626
74798	40.7932456826626
75088	40.7932456826626
75444	40.7932456826626
76620	40.7932456826625
77638	40.7932456826625
79618	40.7932456826625
81484	40.7932456826625
83366	40.7932456826625
83630	40.7932456826625
88428	40.7932456826625
90026	40.7932456826625
95198	40.7932456826625
253970	40.7932456826625
300000	40.7932456826625
