52	492.822813764611
54	378.505774447739
74	374.651577021528
88	314.75501011934
180	297.690287613124
182	291.19281448319
254	290.614581941311
272	290.543149969039
294	287.487181376110
296	270.515285441321
390	263.508750403072
640	256.680414713799
990	232.491745851778
1088	230.14810960849
1138	214.299570773949
1746	176.162166099709
7614	167.492742902365
8064	165.544807786565
8132	161.715225277242
8158	131.363119871946
8368	129.316433289034
8370	124.169731857813
8428	123.357284474310
8432	118.182524917333
8454	112.916481525565
8518	111.313928118523
8530	110.870686045686
8570	110.370772082825
8580	110.355780409214
8586	109.974247370091
8610	108.331948783646
8612	107.805882714191
8614	107.635770125783
8634	107.336459742696
8642	106.723468530900
8644	106.543129512444
8646	106.050704524827
8652	105.375623985316
8654	103.726853198135
8682	102.296222457901
8712	101.696551796646
8718	101.31635237912
8720	100.890740698144
8722	99.9414529500053
8744	98.6344399152171
8762	97.7873417172574
8782	96.2020398559808
8788	96.1415546884658
8798	96.0537280148064
8800	94.6549784250849
8824	94.077007760068
8828	93.4629866109466
8846	92.778351244004
8848	92.5455832721074
8860	92.3873365873597
8870	92.2650475655954
8876	91.5460887609366
8912	91.3363006667509
8916	90.8935815113564
8922	90.3737518060158
8952	89.3610517702257
8954	88.9741337037196
8972	88.6957156041839
8974	88.5576036549729
8976	87.7827175032173
8980	87.3019642555687
8990	86.5880169838888
8992	86.1714108586107
9016	85.3122190141467
9052	84.5408593812127
9054	84.3550783688084
9072	83.841892315946
9082	83.8316565269621
9094	83.6735032656505
9098	82.8677872086248
9114	82.6101008496687
9146	82.1239991344514
9148	81.9270951464656
9168	81.8446834235022
9182	81.7875190116121
9184	81.3705851001511
9186	81.1354338545212
9196	80.8346587697592
9212	80.561392279956
9230	80.5592788306839
9234	80.5274473900623
9244	79.4412436975942
9272	78.4201580622268
9276	77.5529012992522
9286	77.4002192190823
9292	77.0992668087173
9300	76.7926351704212
9302	76.3336641106848
9306	76.0739734599275
9318	75.9818389355505
9326	75.650050123483
9354	75.3197440362155
9360	74.8785684299174
9374	74.7965825632072
9380	74.1386790093281
9402	74.0929926224866
9408	73.6579616451727
9412	73.5870790960237
9414	73.3338885898734
9416	72.7885114792176
9450	72.7311757168868
9462	72.427804316645
9470	72.3928940417045
9480	72.344364652496
9488	72.0746808729067
9506	71.6660713524662
9556	71.6460555087815
9560	71.6245447112784
9580	71.5003013666132
9602	71.457301689521
9608	71.1901517830637
9636	71.1571390364066
9638	71.1355963695495
9642	71.1078908581226
9652	70.9994183400549
9668	70.908546043934
9672	70.820410116608
9680	70.8105922603205
9684	70.809746391092
9692	70.5135199576676
9724	70.4670161887944
9726	70.3788944283042
9750	70.358996622419
9754	70.3535346788775
9768	70.0123960252033
9776	69.8547021759577
9800	69.7553544547694
9802	69.7309832659561
9804	69.5725874259558
9822	69.2128544431345
9844	68.9574345518857
9850	68.7644825704556
9898	68.428068389488
9920	68.420045256142
9932	68.2577325237901
9948	68.0870728295906
9956	67.9965901393515
9964	67.8816708656374
9978	67.8610157442254
9980	67.2052988280124
9982	67.0304663603342
10018	67.0153447667061
10028	66.9953561263083
10032	66.8600209282332
10034	66.7513034566075
10036	66.681708743214
10056	66.5438785908151
10060	66.0390643703927
10082	65.9685980527557
10094	65.9627456484976
10100	65.866112164886
10108	65.603067246957
10138	65.4563784217672
10144	65.4333070268407
10146	65.3961192933666
10170	65.2812643344691
10180	65.2516524104222
10188	65.148692065554
10196	65.0298449196953
10202	64.8051943156593
10226	64.2678299072474
10258	64.2454982400858
10260	64.0533930835049
10270	64.0449633103789
10276	63.852304405698
10328	63.670410070069
10350	63.6699905479057
10356	63.5801280793679
10360	63.3934912843325
10364	63.2323129218844
10384	62.9614669099550
10400	62.4577917187214
10402	62.2969783759024
10408	62.2218555853323
10414	62.2195143519126
10416	62.1070891680704
10426	61.7985676327578
10428	61.5985756495638
10440	61.5287522628907
10442	61.2313725189963
10452	60.9352079197908
10476	60.6501816341261
10484	60.4360524011676
10496	60.3819624285673
10508	60.3645709854592
10514	59.4025555030434
10550	59.097003267601
10564	58.8337694295092
10568	58.5343071824904
10588	58.3985364649597
10598	58.2186711862569
10604	58.1798696152257
10612	57.9709426791048
10614	57.5293100977125
10636	57.1565498741788
10640	56.9543496066785
10676	56.7357646362613
10696	56.7081179999626
10700	56.6153804172699
10708	56.4976680471642
10722	56.318016044568
10730	56.2457529385771
10736	56.1033576112849
10738	56.0707150182764
10742	56.0152646136271
10744	55.8400946956749
10748	55.6567673115776
10754	55.4215548519252
10766	55.3832077974576
10768	55.1985694358502
10812	55.118949253472
10822	55.0595604577241
10830	55.0042600508781
10844	54.9294630942235
10846	54.9142380464565
10850	54.814383503653
10856	54.7753556663275
10868	54.7426176077322
10872	54.7137096012126
10880	54.6981732785054
10884	54.6942828118195
10890	54.6752421840554
10892	54.4834216434723
10898	54.3778158400019
10904	54.3474525815594
10908	54.3373460310734
10910	54.2372175008205
10914	54.1608960110753
10926	54.1572079317804
10934	54.0952767497092
10938	54.0255978053184
10958	54.0171620540976
10962	53.795657074652
10980	53.7195204066997
10992	53.4314049320781
11022	53.2445776536254
11034	53.1145762555363
11040	53.0719383143924
11050	52.8574007231984
11064	52.7563990460623
11082	52.6954058788913
11094	52.610104126499
11098	52.5448502213765
11102	52.5334133569579
11120	52.5253467513476
11124	52.4422907020822
11126	52.2554760807657
11142	52.1700308687311
11158	52.0166264115798
11174	51.9509452326317
11176	51.8992517475057
11182	51.8416187365831
11202	51.7819049822303
11224	51.4859680741067
11242	51.458187074364
11252	51.3613300043467
11254	51.3462450358417
11256	51.2951471486976
11262	51.2907478615059
11264	51.0701739404296
11268	50.3756422958671
11298	50.2543494317585
11306	50.0650480614326
11308	49.7879908593939
11320	49.783637446827
11344	49.6136220931196
11360	49.2585597376227
11372	48.971145907288
11390	48.7559566305881
11392	48.5027357543668
11410	48.3945526155114
11414	48.2662941569087
11436	48.1901426779374
11458	48.025209550752
11466	47.9770058459915
11468	47.7654911939427
11480	47.7268101989374
11482	47.6883822413909
11484	47.5990930681715
11494	47.5076076254190
11500	47.4236824365237
11506	47.2149905302148
11510	47.0738236193218
11512	47.0134070597261
11522	46.9260431309575
11526	46.8551356314499
11550	46.7959128280832
11556	46.6026611556455
11562	46.5884419464806
11564	46.3603785645272
11570	46.3177030247489
11574	46.2423126707019
11586	46.1732578320316
11590	46.1659647148239
11592	46.0639691729971
11594	45.9716444621738
11596	45.7441861963051
11632	45.7292781743043
11636	45.5986948388417
11640	45.5935519286863
11646	45.5578673202198
11676	45.3713280583794
11680	45.3256639044225
11682	45.1688135326151
11684	45.0842174665284
11696	45.0483873125423
11722	44.9588349776447
11732	44.7364414119895
11750	44.7097259100735
11752	44.549345515345
11768	44.1904752904015
11828	44.1618866099307
11860	43.9114416154995
11880	43.7822019061081
11914	43.7244177606978
11944	43.6047041689645
11968	43.5382351555516
11972	43.4929591233102
11974	43.4834096054817
11988	43.4194976021463
11990	43.3199588019514
12006	43.1708954977358
12016	43.0870160736928
12020	43.0603898218495
12028	42.9684798414158
12032	42.8254004915631
12062	42.7321622917889
12076	42.6514106456229
12080	42.5639005313745
12102	42.4999838237906
12108	42.4629685107075
12140	42.1981640284392
12188	42.0768413957324
12198	42.0540472896968
12200	41.9054330331312
12202	41.8816296255711
12208	41.804225136455
12214	41.7533526187579
12238	41.701968686553
12256	41.5178079157415
12268	41.4597679525509
12296	41.4164421183958
12324	41.3202363590595
12330	41.1998900070246
12372	41.1321156827844
12378	40.9947410363975
12384	40.9114124895422
12406	40.9006272201770
12410	40.896696356398
12414	40.8624728051472
12420	40.7389793732953
12424	40.6766207409874
12428	40.6041639948976
12430	40.5423267238358
12442	40.486969937101
12446	40.3273295800600
12488	40.2982326874617
12490	40.1336976599656
12496	40.0283056384786
12548	39.9838310779108
12570	39.8973007033351
12580	39.8701064732126
12582	39.8586469477203
12586	39.8434194322017
12618	39.8346666373076
12626	39.7725057092435
12658	39.6332831299724
12692	39.6175136117299
12708	39.6054453929426
12716	39.5887722659348
12720	39.5433006871177
12724	39.5311815204367
12744	39.4692029741699
12748	39.4648989476139
12752	39.3801242756579
12754	39.3683943096939
12780	39.2785284040548
12802	39.2018626620408
12812	39.174606607368
12828	39.1736910077465
12830	39.1469859104492
12832	39.1153408132149
12834	39.0870332097381
12852	39.0455614382484
12856	38.9412212840465
12860	38.8856215338797
12884	38.8385731150485
12898	38.8288175869281
12900	38.7587413364515
12908	38.7065766242087
12920	38.6506678297584
12932	38.6326284453728
12946	38.6073924078134
12948	38.4259846256013
12966	38.425536400047
12974	38.4114497041725
12984	38.3414174377957
12988	38.2908875254566
13028	38.2541786921351
13040	38.0238160711081
13062	38.0209596716892
13064	37.8226812963391
13112	37.8138417282954
13124	37.7548360523029
13130	37.731966917722
13132	37.7091848684824
13170	37.6696015105128
13182	37.5673130972719
13198	37.4977406968185
13208	37.4100790445051
13220	37.3907012757483
13228	37.3360580908725
13238	37.33594885907
13254	37.2754166712617
13280	37.2358345489777
13288	37.2355631340721
13312	37.1876178734267
13320	37.1167319538835
13332	37.0481602663146
13348	37.0175765281002
13380	36.9652477594364
13384	36.9460318236198
13398	36.9342152202501
13402	36.9159621603924
13404	36.8898690783471
13408	36.8621814751983
13418	36.8579890390597
13428	36.7982643905891
13430	36.7889586557008
13450	36.7070799436393
13456	36.6961993585651
13464	36.66614888115
13482	36.6318928226758
13508	36.6107333840060
13514	36.5636909872525
13518	36.5532874554449
13532	36.4999809036991
13546	36.4972700194372
13548	36.4903663334353
13558	36.4646817969247
13562	36.4582520763986
13568	36.4275886244758
13588	36.3764503609105
13596	36.3304206512048
13640	36.2640348682644
13650	36.2461145948293
13656	36.164777755809
13678	36.1355101937597
13682	36.1035234948474
13688	36.0951438167399
13714	36.0093241603721
13742	35.9925897454928
13746	35.9416555417064
13760	35.9388707355370
13764	35.8743103212254
13784	35.8555599344768
13788	35.808487920903
13814	35.7233793327461
13836	35.673337362759
13838	35.6644305495044
13850	35.6499665744286
13866	35.6003187486426
13884	35.5845507281819
13892	35.5779502235509
13898	35.544833108011
13916	35.5181613909689
13938	35.4971785814533
13966	35.4821957399551
13968	35.4225409588226
13976	35.3689763708076
13982	35.3499362449841
13996	35.2969078411842
14006	35.2469465405705
14012	35.1962516756948
14062	35.1123974924023
14078	35.110460792632
14084	35.1054584497809
14088	35.0685991856561
14094	35.0589202552542
14098	35.0260920880361
14106	34.992103338941
14156	34.97393374947
14160	34.9736799805562
14168	34.9674709300375
14172	34.9627876919285
14180	34.9605630800854
14190	34.9189791626894
14204	34.9146066474376
14206	34.9092715423165
14220	34.8145743544398
14262	34.8016242873958
14264	34.7633835893879
14278	34.6855415595985
14298	34.5847334531329
14340	34.5045894472184
14364	34.4971283464831
14368	34.4499651398967
14382	34.4400109825638
14390	34.4005928961892
14412	34.392304978196
14418	34.3503169248149
14428	34.3447935305040
14432	34.3175844009735
14436	34.3016049916109
14454	34.2902503654074
14464	34.271812264631
14472	34.2016099464861
14544	34.1464483327731
14560	34.1309053711159
14582	34.0700904364112
14602	34.0495969937966
14624	34.0494217019818
14628	34.0450137559851
14634	34.0173350816258
14662	34.0015762775734
14674	33.9651682186908
14688	33.9342933181012
14706	33.927237418455
14720	33.9145546859982
14722	33.9141541136785
14738	33.9118916046683
14746	33.896608834675
14752	33.892552029392
14754	33.8876368862264
14778	33.8603216176322
14786	33.8582047439235
14790	33.8511713314463
14800	33.8395680830157
14804	33.8319370705389
14808	33.8279886895684
14814	33.8053436569804
14822	33.7875537817856
14852	33.7686300021248
14882	33.7494871015238
14920	33.7451664406262
14934	33.73700007218
14958	33.7284440309103
14964	33.7143619711822
14980	33.7107963541109
14984	33.6931956586827
14988	33.6886844917138
14994	33.6834173727975
14996	33.6815682722328
15028	33.6808252855846
15040	33.6782763352371
15046	33.6653835248057
15074	33.6604848454595
15078	33.6532366680291
15116	33.6503967554546
15118	33.6469083394678
15122	33.6454222822469
15130	33.6358555327893
15162	33.6135817367553
15186	33.6052830291866
15204	33.5867354106423
15220	33.5670998463144
15242	33.5655782873192
15250	33.559192107937
15266	33.5547659146898
15270	33.5363123065949
15280	33.5351535321903
15298	33.5316472999488
15306	33.5121732195012
15308	33.5086431208188
15318	33.5081846564009
15346	33.5027004684386
15348	33.4991491192403
15366	33.4931694571033
15372	33.4780594885320
15412	33.4681564096536
15420	33.4651216090688
15442	33.4583205556553
15448	33.4551443125455
15452	33.4518044574554
15464	33.4468354382433
15470	33.4418747644
15480	33.4369541385815
15500	33.4313279628194
15534	33.4256553748895
15538	33.4202110486250
15580	33.4065749524377
15606	33.4052021973008
15610	33.4035395672327
15626	33.4013340511493
15628	33.3983211065777
15636	33.390229921894
15652	33.3850174961851
15684	33.3764549040942
15714	33.3742874228467
15740	33.3729548653661
15746	33.3675028401863
15752	33.3672293880103
15756	33.3646241664358
15778	33.362541302052
15780	33.3599291996552
15798	33.3590129183844
15800	33.3580252682117
15806	33.3549151579996
15810	33.3511215067478
15814	33.3496226495947
15832	33.3494863452938
15838	33.3440280402345
15848	33.3386191946741
15874	33.3375270958626
15876	33.3276388014997
15882	33.3271525513572
15902	33.3253288454636
15906	33.324084377027
15916	33.3227665141459
15918	33.316694967803
15924	33.30702365009
15970	33.3018137738152
16006	33.2996501627274
16008	33.2976775202126
16030	33.296554489697
16046	33.2960788392651
16052	33.2928324348857
16062	33.289829584171
16078	33.2878170919649
16084	33.2846999291605
16120	33.2824643841478
16154	33.2795214818109
16166	33.2787051553394
16192	33.2744939443449
16216	33.274034155154
16250	33.2728023859512
16266	33.2725912488756
16276	33.2720842577973
16296	33.2707230250180
16306	33.2704600369085
16308	33.2696592163682
16340	33.2683019093066
16342	33.2679603446153
16348	33.2669486741433
16354	33.2663910684794
16360	33.2651335150148
16364	33.2647185624808
16366	33.2642591750231
16368	33.2633070216905
16376	33.2597469284836
16398	33.2585844189645
16406	33.2568071145298
16414	33.2561398124537
16424	33.2548985619707
16428	33.2523394044298
16430	33.2507412198604
16440	33.2505454975431
16442	33.2435711883975
16460	33.2408961190592
16462	33.2408273064032
16476	33.2387312799774
16506	33.2325877219095
16532	33.2323597867767
16538	33.2284931622359
16562	33.2260123261879
16574	33.2253124496910
16580	33.2248357815139
16584	33.2175858598397
16602	33.217171265474
16608	33.2157217132094
16610	33.2144214301346
16634	33.2124938093481
16662	33.2091759997227
16678	33.2077577739487
16680	33.2055847777545
16684	33.2054396471873
16710	33.2029955896286
16728	33.2016818798875
16734	33.1999575370847
16742	33.1962962309883
16764	33.1960349969361
16772	33.1954969180551
16774	33.1937677875438
16790	33.1922937580973
16800	33.1918859484822
16804	33.1915864069257
16814	33.1905063096094
16816	33.1893712063835
16818	33.1864704778923
16820	33.1845277269138
16844	33.1795456095524
16880	33.1748828461743
16894	33.1735756256081
16908	33.169773262749
16918	33.1685607736561
16946	33.1669692471082
16956	33.1655348571713
16962	33.1632884329978
16984	33.1629908844933
16998	33.1590324141009
17002	33.1567976285228
17044	33.1537761118822
17046	33.1520313243429
17052	33.1500401216224
17054	33.1499325217618
17060	33.146295245027
17072	33.145660153691
17100	33.1453268772313
17110	33.1419616760617
17112	33.1417688481062
17160	33.1389294812890
17174	33.1379074765427
17178	33.1377307880029
17182	33.1345120408462
17184	33.1320510759824
17202	33.1305915423146
17238	33.1290410765982
17244	33.1283588888136
17264	33.1275645429587
17268	33.1273611923924
17270	33.1251713511899
17288	33.1221786416926
17296	33.1208547285294
17304	33.1185270960471
17326	33.1157813577541
17330	33.1155475293001
17334	33.1142608438317
17370	33.1096546112934
17392	33.1082855005685
17410	33.1076092005063
17416	33.1076056160562
17418	33.1064940874955
17432	33.1046594635973
17434	33.1044290606316
17440	33.1030806200171
17442	33.1023642741844
17444	33.1007272604027
17452	33.0994536293389
17472	33.0993810680824
17478	33.0964976707644
17494	33.0937851213155
17500	33.0910188235769
17502	33.0904540969037
17520	33.0886227089237
17524	33.0865616886385
17534	33.0809145121731
17550	33.0780543634612
17560	33.0765672838506
17572	33.0748211591064
17574	33.0747767828052
17586	33.0695915143572
17608	33.0680391758939
17620	33.0657078037094
17624	33.0648958103997
17630	33.0618774247386
17638	33.058939801696
17662	33.0583693173363
17678	33.0545503817874
17684	33.0515808845459
17686	33.0508735308701
17696	33.0479975251102
17746	33.0453183165516
17778	33.0451990725579
17796	33.0427476032864
17800	33.0413673481963
17820	33.0408642922751
17850	33.0391973523286
17860	33.0388260474878
17870	33.0387547427376
17878	33.0364728338101
17908	33.0349783104232
17912	33.0348389275214
17926	33.0347555049685
17932	33.0337259267832
17942	33.0333921988639
17946	33.0326358370429
17952	33.0308538396607
17970	33.0295932654347
18004	33.0286615781246
18018	33.0277837583112
18046	33.0271795239336
18062	33.0237953719982
18064	33.0230353869205
18066	33.0219501752269
18074	33.0205975665879
18084	33.020558376842
18086	33.0198016942885
18104	33.0194537110947
18120	33.0191760882291
18130	33.0179329324024
18142	33.0177471661996
18144	33.0173718358633
18152	33.0171481739887
18194	33.0161217076015
18204	33.0149591067648
18208	33.0146766073144
18216	33.0122146498066
18238	33.0107361990735
18258	33.0105373636457
18262	33.0104796429659
18272	33.0102767328375
18278	33.0100152012163
18290	33.0098811455683
18306	33.0097552534602
18318	33.0093525364097
18320	33.008991554027
18334	33.0081930396673
18342	33.0059231640311
18344	33.0054558842879
18346	33.0040901725665
18368	33.0038777160484
18372	33.0017022288054
18388	32.9999750454018
18400	32.9966949503054
18404	32.9943327861891
18416	32.9936718268706
18428	32.9936662943493
18434	32.9904544908672
18438	32.9885866230738
18458	32.988274825176
18468	32.9878186333408
18472	32.9876472974276
18492	32.9865592227537
18500	32.9864666189461
18502	32.9830522220288
18504	32.9827722523896
18506	32.9817709576371
18516	32.9812811317562
18522	32.9773169369925
18534	32.9770494865491
18552	32.9756227220774
18554	32.9755641330804
18556	32.9715300087853
18584	32.9711292070582
18592	32.9708892525554
18598	32.969498694344
18604	32.9670602475631
18636	32.9664948072378
18646	32.9649233561882
18672	32.9629484340452
18720	32.9625590682821
18724	32.9618698725959
18730	32.9608792987385
18758	32.960060958587
18766	32.9593626755359
18772	32.9591252813831
18778	32.9586186173265
18782	32.9568525425805
18798	32.9559460457557
18810	32.9555083421814
18814	32.9551519387138
18816	32.9551114099069
18820	32.9549411305421
18824	32.9539671195297
18852	32.9535707705826
18856	32.953553644389
18860	32.9530631491969
18864	32.9522841933535
18874	32.9520749541724
18884	32.9519931035367
18894	32.9514971766698
18934	32.9506256199654
18952	32.9499231627555
18982	32.9497359484203
18986	32.9495023086069
19002	32.9489864778741
19014	32.9488454288422
19048	32.9487541637285
19060	32.9484928646007
19076	32.9482578959550
19078	32.9482222176227
19088	32.9477258066254
19110	32.9476147350984
19114	32.9475483297952
19116	32.9471301150877
19138	32.9469682225795
19160	32.9467108012899
19164	32.9463029662534
19170	32.9461505270842
19180	32.9461168448900
19194	32.9455967709285
19236	32.9455732638529
19238	32.9454316416407
19248	32.945216253578
19256	32.945134444081
19264	32.9449511841815
19304	32.9447854273558
19306	32.9446538989233
19316	32.9444742459658
19324	32.9444296655249
19334	32.9443858052193
19344	32.9443225911278
19348	32.9443188660701
19352	32.9440652480257
19374	32.943881818136
19378	32.9437465290798
19392	32.9434270306993
19412	32.9433985265381
19438	32.9431449747576
19458	32.9430869431255
19466	32.9430471134065
19486	32.9429395510335
19490	32.9429271686738
19492	32.9427888260164
19496	32.9427540802294
19500	32.9425128318651
19506	32.9424643291389
19514	32.9424407378055
19518	32.9421771053069
19558	32.9421020815396
19584	32.9419725490984
19590	32.9419384276974
19606	32.9417658613577
19624	32.9417261515002
19634	32.9416495330474
19664	32.9415673918597
19668	32.9415471682871
19674	32.9414486044128
19684	32.9413750825437
19698	32.941326374217
19704	32.9412823555478
19710	32.9411325169723
19714	32.9410685216461
19722	32.9409447350914
19726	32.940753439287
19730	32.9407172802524
19744	32.9406639205619
19748	32.9405825012861
19752	32.9405529021958
19762	32.9402639498286
19776	32.9402627701683
19782	32.9400187259498
19804	32.9399578557499
19808	32.9399435116629
19816	32.9399200830680
19818	32.9398106022543
19830	32.9396510667426
19836	32.9395161665866
19840	32.9394453656221
19842	32.9394014857924
19844	32.939350793474
19854	32.9392019874009
19866	32.9389595556880
19884	32.9386978528727
19886	32.9379777887945
19934	32.9376476018115
19946	32.9375767590802
19950	32.9374828914364
19970	32.9372730886399
19988	32.9371433409387
19994	32.937042808287
19996	32.9369590477058
19998	32.9367776202036
20008	32.9367456442764
20016	32.9364970458015
20030	32.936280443801
20032	32.9362729185504
20034	32.9361270408016
20042	32.9358591588625
20052	32.9357003140486
20062	32.9355523127602
20070	32.9354052738073
20094	32.9352441769067
20104	32.9344310988449
20110	32.9342869993121
20116	32.9341255215922
20128	32.9337852293422
20142	32.9332439915003
20152	32.9328835285429
20166	32.9325738121399
20168	32.932207123224
20176	32.9318930205115
20180	32.9317757177158
20192	32.9310577279414
20202	32.9309525096217
20218	32.9307530695484
20232	32.9299038798796
20248	32.9287370264931
20268	32.9285708357432
20286	32.9281440271489
20294	32.9281143085356
20314	32.9277868185191
20318	32.9274279230462
20334	32.9271828038582
20358	32.9267625409594
20362	32.9267558950876
20364	32.9265328774146
20380	32.9263888930182
20392	32.9256756166547
20400	32.9246534774488
20422	32.9245308316465
20424	32.9241919887115
20430	32.9240943574621
20464	32.9232492483334
20474	32.9231226834091
20484	32.9230122994668
20494	32.9229127238121
20496	32.9227142654945
20498	32.9222417119393
20508	32.9221264888083
20510	32.9213701724407
20518	32.9211514505556
20534	32.9200365422584
20544	32.9199075725695
20548	32.9196561218313
20558	32.9193008757476
20560	32.918816807639
20562	32.917910757869
20578	32.917715768144
20588	32.9173405225533
20596	32.9165816865473
20612	32.9164808116657
20626	32.9163295916327
20630	32.9146765469382
20646	32.9145129772745
20680	32.9135704245722
20686	32.9135404072354
20696	32.9128776564729
20708	32.9126679153142
20718	32.9122712288782
20724	32.9114405065326
20734	32.9114343097501
20736	32.9106292086925
20750	32.9100516798615
20774	32.9096385946845
20790	32.9092043154393
20806	32.9076197852317
20832	32.90755789461
20834	32.9072943349546
20844	32.9069370899587
20862	32.9067976700084
20868	32.9067697196169
20880	32.9066315704797
20882	32.9065338485660
20902	32.9061379378292
20910	32.9053780948075
20922	32.9053151116965
20942	32.9052619594343
20950	32.9050136171075
20956	32.9047661941567
20958	32.9045225614426
20976	32.9036591077518
21034	32.9035982949357
21040	32.903234115042
21048	32.9031472314893
21072	32.9030538399511
21086	32.9029294377467
21096	32.9026948899294
21108	32.902424689608
21118	32.9023947014897
21132	32.9022742009033
21134	32.9022277652097
21140	32.9021220196063
21142	32.9016120422224
21144	32.9014155474331
21168	32.9013006831900
21180	32.9007743977473
21188	32.9005875237659
21204	32.9005668584784
21214	32.9003594983541
21232	32.9000586062821
21242	32.8996652047229
21244	32.8988492517019
21258	32.8986022364079
21264	32.8978844068896
21280	32.8971575667515
21304	32.8971243014937
21308	32.8970713150409
21322	32.8965933324593
21338	32.8965541882925
21356	32.8965320471304
21360	32.8960151624558
21398	32.8959202667336
21400	32.8956308248759
21420	32.8948953528479
21422	32.8943728029081
21430	32.8939350925554
21440	32.8938423645209
21446	32.8934915185197
21448	32.8932832358838
21460	32.8925883591046
21464	32.8925509704562
21470	32.8915745933545
21478	32.8914424665739
21510	32.8914230329722
21516	32.8912006058932
21524	32.8906738850087
21544	32.8905567200204
21566	32.8904601062615
21572	32.8900789774374
21576	32.8897124418439
21582	32.8896236782303
21594	32.8892809131419
21610	32.8892666113223
21618	32.8890510493202
21622	32.8880640215214
21628	32.887817465406
21636	32.8862332278165
21688	32.8857593950908
21716	32.8855761969631
21722	32.8853490802623
21730	32.8849114479903
21762	32.884818102988
21774	32.8846354436026
21776	32.8843523811123
21790	32.884128067144
21812	32.8840303084461
21820	32.8834237495277
21838	32.8828375529906
21842	32.8819063059550
21854	32.8813802552448
21864	32.8813444760474
21870	32.8803928419016
21878	32.8796403136
21910	32.8786481350259
21950	32.8784709536542
21960	32.877703312538
21974	32.8774233002274
21998	32.877421502842
22004	32.8767362687133
22016	32.8765682479618
22028	32.8759611590165
22034	32.8757443253925
22036	32.8756731636618
22052	32.8754141170101
22056	32.8751894120300
22064	32.8748828620854
22068	32.8745867230876
22078	32.8739212749443
22090	32.8738520709568
22092	32.8732270388909
22102	32.8728528416338
22104	32.8717756446609
22110	32.8714166778950
22126	32.8697686747975
22144	32.869578517854
22160	32.8692173190057
22174	32.8686354814350
22176	32.868158898045
22182	32.8680260699906
22198	32.8679037401711
22200	32.867388691219
22208	32.8669175841665
22210	32.8661829769057
22216	32.8658583506313
22220	32.8651798157757
22238	32.8650051260939
22258	32.8643502146848
22278	32.8640309328337
22280	32.8638632251691
22284	32.8634592361138
22300	32.8628277834293
22312	32.8627505342312
22326	32.8627071136048
22332	32.8625271619909
22334	32.8623389338266
22348	32.8622284814839
22354	32.8618991099451
22366	32.8610261191837
22400	32.8604853704362
22406	32.8604505513643
22418	32.8600387024646
22428	32.8597202634711
22434	32.8596141210628
22458	32.8588973759544
22462	32.8585366019976
22480	32.8584076747206
22488	32.8576806332220
22492	32.8572697091977
22502	32.8569984987301
22522	32.8567888592502
22526	32.8559753397291
22542	32.8557157991103
22548	32.8549999453761
22554	32.8539784175138
22578	32.8521560316911
22584	32.8521198542457
22586	32.8514415322555
22620	32.8500461740001
22690	32.8495542469188
22692	32.8495351691527
22702	32.8492663365479
22746	32.8491306691075
22778	32.8487528812552
22784	32.8486256253954
22790	32.8483566556122
22798	32.8483364628621
22816	32.8479812113363
22818	32.8476337901183
22860	32.84754540072
22870	32.8474158182194
22908	32.8470152916951
22922	32.8470052223920
22928	32.8469681588909
22936	32.8468601197448
22950	32.8468206616611
22952	32.846747449227
22962	32.8466385677375
22986	32.8464672376858
23014	32.8463833487899
23022	32.8463411856241
23036	32.8461870545584
23038	32.8459951410333
23058	32.8458920195193
23070	32.8457409721566
23072	32.845664702659
23088	32.8456269215566
23110	32.8455936129331
23116	32.8453286646342
23164	32.8452022572937
23198	32.8451895148685
23202	32.8450680325427
23214	32.8449260215868
23220	32.8449152539433
23226	32.8448617905421
23234	32.8446571355513
23258	32.8444935846485
23284	32.8444171660905
23288	32.8442679573781
23298	32.8441083239853
23318	32.8440693313344
23320	32.8439143677263
23326	32.8434843950247
23348	32.8433581004356
23364	32.8430792957116
23372	32.8428907873637
23374	32.8427381978221
23376	32.8426564932241
23426	32.8426005678441
23438	32.8424555316758
23446	32.8423949232851
23462	32.8423816722681
23498	32.8422862349353
23512	32.8418478219064
23518	32.8417223193642
23526	32.8415640577871
23562	32.8412855835287
23564	32.8410985306983
23598	32.8410664115727
23616	32.840976663454
23622	32.8409462190277
23624	32.8409347109783
23632	32.8408516699952
23656	32.8405628160116
23658	32.8405455150036
23664	32.8405298675431
23668	32.840259899065
23720	32.8402518736543
23726	32.8401950577926
23742	32.8401578381719
23762	32.8401367043416
23790	32.8399915342197
23798	32.8399577001502
23812	32.8398891837451
23826	32.8398823472106
23840	32.8398748642909
23848	32.8398727120401
23856	32.8397702265528
23862	32.8397422647213
23866	32.8396913979187
23898	32.8396476844980
23914	32.8396098989531
23928	32.8395480612797
23944	32.8395334354155
23946	32.8395095374533
23970	32.8394891947465
23988	32.8394687254541
23990	32.8394297183849
23996	32.8394233808137
23998	32.8394214109919
24004	32.8393795116179
24006	32.8393206739456
24014	32.839269716392
24024	32.8392547902195
24028	32.8391697491451
24058	32.83916683829
24062	32.8391057822553
24082	32.8390927164342
24084	32.8390887790959
24100	32.8390727163669
24116	32.8390527930281
24120	32.8389821015442
24130	32.8389819880881
24132	32.8389580634758
24142	32.8389470087994
24148	32.8389392832882
24158	32.8389321811038
24164	32.8388663432903
24182	32.8387991567492
24194	32.8387866689448
24198	32.8387503659843
24200	32.8387417681828
24210	32.8387179608978
24212	32.8386910211291
24232	32.8386002941133
24248	32.8385879078438
24258	32.8385589332891
24274	32.8384690482579
24280	32.8383937857445
24282	32.8383791271777
24286	32.8383284507247
24292	32.8383246211143
24298	32.8381943483134
24304	32.8381807781175
24320	32.8379513957367
24326	32.8378999169384
24332	32.8377717224025
24336	32.8377385727409
24368	32.8376230928588
24382	32.8374475534708
24386	32.8373585710406
24396	32.8373351584905
24406	32.8372453196687
24416	32.8371546586043
24432	32.837002156684
24458	32.8368758189592
24502	32.8368476867447
24506	32.8368188361964
24512	32.8366918185415
24540	32.8365582505074
24546	32.8365125930142
24570	32.8364696626315
24584	32.8364449070299
24600	32.8364259021286
24618	32.8363673889253
24630	32.836285782347
24658	32.8362277271318
24678	32.8362232287349
24682	32.8362071471255
24684	32.8361328734064
24690	32.8361018740099
24708	32.836097551781
24714	32.8359771455403
24736	32.835976343837
24748	32.8359762323385
24752	32.8359258555278
24754	32.8358988176273
24770	32.8358864137518
24780	32.8358387240788
24808	32.8358348124627
24812	32.8357972961903
24834	32.8357614385111
24854	32.8357395159297
24870	32.8357087295593
24872	32.8357059770733
24880	32.8356947055969
24888	32.8356665433674
24896	32.8356474159886
24912	32.8356314755088
24924	32.8356234978239
24936	32.8356183635395
24938	32.8355618473507
24958	32.8355333837518
24962	32.835518184019
24970	32.8354989157931
24974	32.8354880534154
24978	32.8354365285785
24984	32.8354317391936
25020	32.8354104525299
25064	32.8354000437831
25070	32.8353748984839
25088	32.8353667406437
25098	32.8353657725003
25106	32.8353346044056
25112	32.8353189405756
25128	32.8352978736733
25144	32.8352898380125
25150	32.8352789462269
25176	32.8352789041608
25188	32.8352772557056
25190	32.8352505494799
25196	32.8352242216585
25214	32.8352170634987
25218	32.8351962698776
25222	32.8351957239912
25236	32.8351797680825
25246	32.8351699560092
25248	32.8351593628337
25252	32.8351574413079
25258	32.8351215093650
25264	32.8350887462287
25272	32.8350871127824
25274	32.8350791352694
25282	32.8350751611991
25284	32.835071254802
25286	32.835042685432
25300	32.8350370990138
25312	32.834997191911
25324	32.8349946629592
25326	32.8349850999160
25332	32.8349600675164
25342	32.8349590925765
25346	32.8349400585008
25358	32.8349298901036
25368	32.8349233364666
25370	32.8349175483622
25382	32.8349147111276
25386	32.8349082630108
25394	32.8348906941782
25426	32.834850473554
25452	32.8348366025782
25454	32.8348145957498
25466	32.8347753145426
25486	32.8347699786623
25498	32.83473625413
25512	32.8347348386426
25514	32.8347142013024
25520	32.8347116330207
25536	32.8347037542326
25578	32.8346953479746
25588	32.834659753673
25608	32.8346581658657
25616	32.8346287517005
25618	32.8346082295349
25672	32.8345880349384
25678	32.8345824124769
25690	32.8345796342316
25710	32.8345711765291
25716	32.8345681768565
25728	32.8345578763331
25744	32.834543858904
25754	32.8345169197240
25780	32.8345077388317
25792	32.8345037167780
25802	32.8344868840815
25822	32.8344855435648
25826	32.8344834489169
25842	32.8344754677196
25852	32.8344715906138
25854	32.8344669693988
25856	32.8344637553357
25860	32.8344587419706
25866	32.8344569110391
25874	32.8344539805579
25884	32.8344497925113
25896	32.8344486343813
25898	32.8344390474431
25912	32.8344289380357
25920	32.8344228887056
25928	32.834422660341
25930	32.8344154502634
25942	32.8344045642616
25946	32.8343987608586
25956	32.8343931374845
25966	32.8343898749298
25972	32.8343859271195
25976	32.8343811214954
25984	32.8343738147023
25990	32.8343664622598
26034	32.8343652768636
26036	32.8343651163654
26042	32.8343650246841
26052	32.8343460803055
26080	32.8343432639873
26082	32.8343404247982
26086	32.8343389334072
26092	32.8343388778945
26096	32.834334218757
26110	32.8343269419186
26114	32.8343241216414
26142	32.8343236664976
26150	32.8343207438723
26158	32.8343199916212
26166	32.8343156110232
26178	32.8343154762138
26186	32.8343153320173
26188	32.8343135759987
26190	32.8343126606421
26194	32.8342961186939
26210	32.8342928333954
26220	32.8342920872724
26230	32.8342880961365
26244	32.8342855150833
26248	32.8342798318848
26254	32.8342777452632
26256	32.8342630123605
26278	32.834255350101
26290	32.8342552516684
26298	32.8342534919524
26300	32.8342503872689
26322	32.8342368757493
26370	32.8342355642639
26372	32.8342335468813
26374	32.8342258359139
26390	32.8342230831077
26396	32.8342226588075
26400	32.8342216094124
26402	32.834215979586
26410	32.8342143381082
26416	32.8342114133101
26422	32.8342105483120
26426	32.8342099587539
26432	32.8342072923518
26448	32.8341994762553
26456	32.8341925487836
26464	32.8341882158923
26494	32.8341844636810
26496	32.8341793755992
26500	32.8341783651472
26510	32.8341753305566
26512	32.8341725960946
26514	32.8341718124410
26520	32.8341665883598
26528	32.8341664498176
26536	32.8341659801344
26538	32.8341657523083
26544	32.8341586991551
26546	32.8341550690014
26550	32.834143673955
26570	32.8341339331437
26572	32.8341278472424
26590	32.8341174083123
26604	32.8341097050461
26618	32.8341062174414
26624	32.8340916720096
26626	32.8340853150115
26642	32.8340787910869
26656	32.8340682964538
26680	32.8340628565963
26686	32.8340237188723
26702	32.834005966405
26720	32.833985561001
26732	32.8339665288213
26768	32.8339530150732
26788	32.833943223593
26820	32.8339415437953
26832	32.8339363923299
26860	32.833936101965
26864	32.833927765797
26878	32.8339277127636
26890	32.8339260726097
26896	32.8339245572873
26918	32.8339219571032
26926	32.8339189494388
26934	32.8339172472333
26942	32.8339159600066
26948	32.833915070094
26970	32.8339143177085
26980	32.8339112867986
26988	32.8339099484675
27018	32.8339073092276
27034	32.8339017944925
27050	32.8339002113446
27068	32.8339000343202
27070	32.8338999159118
27076	32.833892008178
27090	32.8338895322538
27108	32.8338848946576
27110	32.8338818218401
27114	32.8338786102665
27118	32.8338703602329
27130	32.8338694152209
27140	32.8338679911518
27146	32.8338635076261
27150	32.8338607572179
27170	32.8338543519523
27178	32.8338509598736
27200	32.8338488415419
27212	32.8338393201676
27226	32.833839236529
27238	32.833838638204
27240	32.8338232340453
27264	32.8338151133381
27292	32.8338125269866
27298	32.8338100227297
27300	32.8338097616526
27318	32.8338041159555
27328	32.8338038626038
27344	32.8337986221401
27360	32.8337980469777
27368	32.8337968167461
27384	32.8337902968804
27414	32.8337897012058
27422	32.8337873416301
27432	32.8337871374766
27444	32.8337867411127
27452	32.8337837993323
27512	32.8337803782896
27516	32.8337788542409
27538	32.8337748103677
27566	32.8337725031451
27574	32.8337707790796
27598	32.8337681627737
27616	32.8337671213194
27626	32.8337664275882
27630	32.8337643914131
27634	32.8337624927395
27648	32.8337620739919
27660	32.8337610358886
27682	32.8337606443181
27700	32.833760482375
27702	32.8337600648504
27720	32.8337588395853
27726	32.8337583419878
27728	32.8337580282978
27738	32.8337572854787
27756	32.8337569441701
27772	32.8337546996626
27780	32.8337545888029
27798	32.8337540989822
27810	32.8337538300701
27828	32.8337533239225
27830	32.8337525153077
27848	32.8337522768495
27852	32.8337521120119
27860	32.8337513791316
27862	32.8337510765822
27874	32.8337510615799
27884	32.8337501296668
27888	32.8337500237454
27898	32.833749844578
27910	32.8337498052141
27916	32.8337495404544
27924	32.8337495365503
27932	32.8337488620666
27974	32.8337478093981
28008	32.8337474457305
28034	32.8337466955624
28040	32.8337466002878
28066	32.8337457199059
28068	32.8337452821522
28070	32.8337446164053
28072	32.833744243613
28092	32.8337428261203
28114	32.8337425877422
28120	32.8337423767055
28122	32.8337414080037
28136	32.8337409692732
28158	32.8337402689825
28160	32.8337396428745
28178	32.8337381526072
28192	32.8337374683034
28224	32.8337374682901
28228	32.8337373606441
28230	32.833737323145
28234	32.8337372562237
28246	32.8337371983291
28250	32.8337368817596
28276	32.8337366844052
28278	32.8337361103475
28296	32.8337360494039
28298	32.8337358881389
28314	32.8337355656034
28320	32.8337354179546
28334	32.8337351330485
28336	32.8337348078820
28338	32.8337346794349
28340	32.8337342715143
28354	32.8337339889606
28362	32.8337334741059
28384	32.8337328189258
28388	32.833732802313
28394	32.8337317649063
28408	32.8337311190469
28412	32.8337309431049
28420	32.8337302933535
28432	32.8337293539074
28440	32.8337288291685
28448	32.8337287265003
28452	32.8337284268418
28470	32.8337280247354
28474	32.8337278456807
28490	32.8337257202349
28494	32.8337251337199
28508	32.8337241811033
28510	32.833722719517
28526	32.8337213566356
28532	32.8337208115849
28536	32.8337196866593
28540	32.8337188979057
28548	32.833718676662
28552	32.8337183923287
28558	32.8337171521718
28568	32.8337141632596
28588	32.8337140266614
28592	32.83371394786
28606	32.8337128223899
28612	32.8337125575148
28652	32.8337119572997
28670	32.8337115090488
28674	32.8337106150656
28680	32.8337098277871
28690	32.8337092077251
28698	32.8337082744228
28742	32.8337077481654
28744	32.8337074628354
28764	32.8337073761721
28768	32.8337070457252
28774	32.8337061528407
28776	32.8337055767581
28778	32.8337047386581
28780	32.8337044722841
28794	32.8337035331952
28814	32.8337027356232
28860	32.8337027331535
28870	32.8337027208871
28872	32.8337016630327
28876	32.8337016379328
28886	32.8337014965679
28888	32.8337007803053
28890	32.8337002222864
28892	32.8336999359082
28902	32.8336991926585
28904	32.8336989107196
28908	32.8336988535673
28918	32.8336984670066
28924	32.833698309834
28930	32.8336952624026
28938	32.8336938184237
28954	32.8336909230714
28972	32.8336898708708
28978	32.8336890206737
28982	32.8336889924298
28994	32.8336885424376
29002	32.8336882088905
29014	32.8336877845038
29020	32.8336874305348
29022	32.8336858485314
29054	32.8336855877403
29058	32.8336853123078
29062	32.8336847632469
29076	32.8336828394719
29090	32.8336823560583
29100	32.8336801955863
29110	32.8336798560441
29116	32.8336792378788
29120	32.8336784953429
29124	32.8336783512807
29150	32.8336778214206
29166	32.8336776821103
29168	32.8336768860378
29190	32.8336768141573
29196	32.8336767276818
29202	32.8336765907239
29210	32.8336759181065
29224	32.8336751665289
29254	32.833674872845
29258	32.8336747896816
29264	32.8336730046148
29314	32.8336723599056
29328	32.8336715287925
29340	32.8336713717144
29348	32.8336712858202
29356	32.8336712394772
29360	32.8336701793905
29362	32.8336689362308
29368	32.8336686339275
29380	32.8336677445244
29390	32.8336673157271
29402	32.8336663328893
29406	32.8336656504297
29422	32.8336645985244
29426	32.8336645920435
29468	32.833664136768
29470	32.8336631144265
29474	32.8336625611117
29480	32.8336620836259
29508	32.8336614529616
29556	32.8336607266360
29562	32.8336600681215
29568	32.8336592388522
29572	32.8336592378808
29602	32.8336584753207
29626	32.8336576912256
29640	32.8336572310612
29658	32.83365697437
29662	32.8336554648287
29672	32.8336553422556
29674	32.8336549118747
29688	32.8336542079401
29702	32.8336530009929
29712	32.833652396379
29720	32.8336523664709
29726	32.8336523424617
29730	32.8336513163689
29744	32.8336507841872
29768	32.8336503978118
29774	32.8336500368211
29798	32.8336498751464
29806	32.8336494054417
29812	32.8336493738924
29830	32.8336489245916
29844	32.8336488486423
29848	32.8336487097042
29854	32.8336475019191
29872	32.8336474372855
29880	32.8336472436052
29890	32.8336470255319
29892	32.8336466806334
29910	32.8336464881524
29916	32.8336463752069
29938	32.8336463061618
29946	32.8336453023992
29956	32.8336452936095
29982	32.8336450671268
29990	32.8336449707513
29996	32.8336449690087
30008	32.8336448202175
30014	32.8336447537569
30038	32.8336446960856
30040	32.8336445877065
30046	32.8336445612249
30050	32.8336441905846
30054	32.8336438354919
30070	32.8336437550306
30082	32.8336436206503
30092	32.8336435280719
30102	32.8336433129691
30104	32.833643312907
30112	32.8336430499179
30114	32.8336429612437
30118	32.8336425747257
30148	32.8336424998783
30152	32.8336423786681
30156	32.8336421110595
30166	32.8336417342633
30176	32.8336417131791
30192	32.8336415672592
30198	32.8336412483645
30202	32.8336412140876
30210	32.8336411459508
30230	32.8336409518573
30238	32.8336408039354
30240	32.8336407943308
30254	32.8336406584978
30272	32.8336404150705
30280	32.8336403531388
30284	32.833640348008
30288	32.8336401666994
30294	32.8336399159075
30312	32.8336395439176
30336	32.8336392343648
30344	32.8336391958089
30366	32.8336390461604
30372	32.8336390410891
30384	32.8336389883058
30394	32.8336387677165
30402	32.8336386912802
30404	32.8336386163665
30406	32.8336386137279
30410	32.8336385792543
30418	32.8336384008336
30438	32.8336382547814
30452	32.8336380741333
30466	32.8336379536103
30476	32.8336373777402
30492	32.8336372098866
30512	32.8336368482118
30516	32.8336367683119
30528	32.8336367506593
30548	32.8336365053216
30550	32.8336361968809
30560	32.8336359317868
30564	32.8336358123221
30574	32.8336357879494
30596	32.8336357636915
30606	32.8336355078854
30618	32.8336354810231
30620	32.8336350409587
30650	32.8336343305123
30684	32.8336340097213
30692	32.8336339069395
30704	32.8336337806669
30714	32.8336335012004
30726	32.8336334860586
30736	32.8336334583578
30750	32.8336334057388
30764	32.8336333366818
30768	32.8336331718864
30770	32.8336331687107
30774	32.8336331435474
30798	32.8336330958002
30806	32.8336330528534
30812	32.8336330317315
30816	32.8336329589461
30836	32.8336329011760
30842	32.8336328574649
30846	32.8336328449053
30856	32.8336328424533
30866	32.8336327727549
30898	32.833632699745
30904	32.8336326506403
30924	32.8336325760957
30950	32.8336325200396
30954	32.8336324749355
30958	32.8336324602456
30960	32.8336324538599
30962	32.8336324228443
30998	32.8336323348126
31006	32.8336322519993
31008	32.8336322289757
31014	32.8336321807183
31026	32.833632136041
31032	32.8336320311468
31038	32.8336319753019
31048	32.833631760917
31060	32.8336316867895
31062	32.8336316818644
31066	32.8336316815398
31068	32.8336314945228
31076	32.8336313727087
31084	32.8336313306930
31096	32.8336309094757
31114	32.8336307048518
31124	32.8336305718077
31128	32.8336305070112
31140	32.8336304346278
31144	32.8336303874130
31166	32.8336302809179
31178	32.8336301516598
31200	32.83362993218
31202	32.8336298555977
31204	32.83362973712
31214	32.8336297093839
31218	32.8336294384332
31226	32.8336293849417
31236	32.8336290666482
31246	32.8336287431937
31262	32.833628742466
31266	32.8336285763858
31274	32.833628488485
31276	32.833628384733
31294	32.8336281766379
31300	32.8336278731631
31326	32.8336278343706
31336	32.8336274710533
31364	32.8336274143878
31376	32.8336273798976
31378	32.8336272963032
31380	32.8336272208935
31412	32.8336268228741
31432	32.8336266526569
31450	32.8336265111006
31472	32.8336261492756
31492	32.8336254416451
31532	32.8336252863149
31538	32.8336252656472
31548	32.8336249233567
31564	32.8336248978089
31566	32.8336248972415
31574	32.8336247465906
31580	32.8336246934062
31590	32.8336245731805
31594	32.8336243752746
31604	32.8336243386662
31608	32.8336238302508
31622	32.8336237598794
31648	32.8336234316585
31664	32.833623304072
31668	32.8336229444213
31694	32.8336228174537
31700	32.8336223239265
31718	32.8336223059875
31720	32.8336222610438
31722	32.8336222213821
31724	32.8336220815588
31726	32.8336217682303
31748	32.8336214724092
31770	32.8336204738081
31798	32.8336202643271
31814	32.8336199003436
31824	32.8336193857112
31832	32.8336190984870
31840	32.8336189846227
31850	32.833618103048
31856	32.8336178356098
31890	32.8336177686503
31900	32.8336176974079
31904	32.8336174837374
31910	32.8336172722163
31932	32.8336172164223
31948	32.83361668134
31954	32.8336161560642
31956	32.8336159917256
31974	32.8336158192418
31980	32.8336157656717
31986	32.8336156582014
31998	32.8336155019353
32000	32.8336151924735
32030	32.8336150474494
32032	32.8336150318838
32034	32.8336148200951
32036	32.8336145795087
32046	32.8336144840252
32098	32.8336144133439
32102	32.8336142963212
32104	32.8336142403188
32108	32.8336141489627
32114	32.8336141315029
32116	32.8336140701842
32120	32.8336140031234
32130	32.8336139025219
32136	32.8336137713443
32156	32.8336136853747
32166	32.8336136755601
32182	32.8336136130944
32212	32.8336135154494
32218	32.8336134695216
32220	32.8336134267226
32226	32.8336133543899
32244	32.833613149214
32266	32.8336130298243
32270	32.8336129411772
32292	32.8336129169848
32298	32.8336128891642
32310	32.833612779762
32322	32.8336127375399
32330	32.8336127038208
32346	32.8336126775402
32358	32.8336126632437
32366	32.8336125885957
32386	32.8336125828128
32388	32.833612523839
32416	32.8336123906917
32474	32.8336123490306
32490	32.8336122909112
32496	32.8336122203093
32500	32.8336121147021
32512	32.8336120870278
32514	32.8336120499795
32520	32.8336119025913
32550	32.8336118554456
32570	32.8336117921512
32594	32.8336117353141
32604	32.8336117153975
32608	32.8336116680202
32622	32.8336116370733
32636	32.8336116275322
32646	32.8336116075426
32648	32.8336115770834
32652	32.8336115448546
32654	32.8336115317889
32676	32.8336114907072
32680	32.8336114231902
32688	32.8336113877849
32692	32.8336113826663
32696	32.8336111949746
32726	32.833610959885
32748	32.8336109213372
32758	32.8336108787565
32770	32.8336108595098
32776	32.8336108446835
32778	32.8336108256752
32782	32.833610725321
32790	32.833610714538
32816	32.8336107033346
32818	32.8336106520331
32824	32.8336104666441
32826	32.833610450741
32862	32.8336104012573
32878	32.8336103830031
32888	32.8336103826393
32892	32.8336103676519
32894	32.8336103663034
32896	32.8336103636459
32900	32.8336103065437
32902	32.8336101811309
32910	32.8336101111186
32918	32.8336101009088
32922	32.833610095436
32942	32.8336100254837
32952	32.8336100097138
32954	32.8336099228175
32970	32.8336098956527
32978	32.8336098637028
32990	32.8336097715211
33006	32.8336096757438
33034	32.8336096627251
33036	32.8336095986273
33046	32.8336094918559
33072	32.8336093658376
33088	32.8336093618909
33090	32.8336093438321
33100	32.8336091082625
33120	32.8336090494595
33122	32.8336090348657
33132	32.833609001342
33142	32.833608980325
33148	32.8336089184129
33156	32.833608917752
33158	32.8336089163623
33164	32.8336088752836
33176	32.8336087907635
33196	32.833608750438
33208	32.8336087365669
33226	32.8336087150266
33228	32.8336084413153
33242	32.8336083142224
33256	32.8336083127066
33266	32.8336080983476
33274	32.8336080479074
33282	32.8336079357428
33308	32.8336079262243
33320	32.8336078869697
33338	32.8336078811726
33340	32.8336078645029
33348	32.8336078064892
33364	32.8336078051383
33374	32.8336077958755
33380	32.8336076737832
33418	32.8336076194676
33422	32.8336076038371
33436	32.8336075603278
33450	32.8336075497351
33458	32.8336075453062
33468	32.8336075435585
33474	32.8336075393793
33476	32.8336075147903
33478	32.8336074990903
33510	32.8336074837666
33512	32.8336074275163
33526	32.8336073857957
33536	32.8336073600073
33540	32.8336073309995
33542	32.8336073158525
33558	32.8336072776043
33574	32.8336072671316
33580	32.8336072634634
33594	32.8336072233941
33608	32.8336072150954
33622	32.8336071856197
33650	32.8336071562941
33670	32.833607076564
33672	32.8336070131334
33692	32.8336069858692
33706	32.8336069822054
33716	32.8336069773066
33740	32.8336069481471
33750	32.8336069151034
33768	32.8336069083388
33794	32.8336069049535
33796	32.8336069049323
33802	32.8336068879663
33826	32.8336068788199
33834	32.8336068782724
33852	32.8336068416647
33878	32.8336068303871
33902	32.8336068298596
33904	32.8336068096099
33928	32.8336067912158
33936	32.8336067806938
33938	32.8336067745992
33950	32.8336067482020
33954	32.8336067381081
33958	32.8336067207417
33964	32.8336067005024
33976	32.8336066844452
33994	32.8336066705282
34012	32.8336066698294
34018	32.8336066534654
34022	32.8336066099367
34030	32.833606592611
34048	32.8336065793918
34064	32.8336065668501
34070	32.8336065452071
34080	32.8336065451089
34082	32.8336065199315
34086	32.833606498546
34090	32.8336064927439
34094	32.8336064551071
34114	32.833606430282
34118	32.8336063705888
34128	32.8336063663052
34130	32.8336062853977
34156	32.8336062474695
34172	32.8336062249926
34186	32.8336061958302
34194	32.833606179574
34210	32.8336060547068
34230	32.8336060440279
34252	32.8336060312851
34254	32.8336059854475
34280	32.833605981028
34286	32.8336059703789
34288	32.8336059345991
34294	32.8336058922964
34306	32.8336058677748
34318	32.8336058531172
34332	32.8336057648332
34394	32.8336057029952
34400	32.8336057025963
34406	32.8336057024082
34442	32.8336056832158
34456	32.8336056818379
34462	32.8336056758447
34464	32.8336056513689
34478	32.8336056504632
34512	32.8336056275264
34532	32.8336056252712
34534	32.8336056141407
34548	32.8336055963909
34554	32.8336055655779
34572	32.8336055623359
34584	32.8336055417536
34602	32.8336055396907
34610	32.8336055322190
34614	32.8336055306415
34616	32.8336055297109
34626	32.8336055116617
34628	32.8336055079350
34636	32.8336055021229
34642	32.8336054840104
34652	32.8336054778312
34654	32.8336054324286
34674	32.8336054302747
34684	32.8336053804796
34716	32.8336053540649
34736	32.8336053461928
34744	32.8336053453852
34748	32.8336053213138
34750	32.8336052716672
34780	32.8336052516361
34784	32.8336052101217
34792	32.8336051973758
34794	32.8336051826001
34802	32.8336051595804
34824	32.8336051339884
34836	32.8336051096142
34840	32.8336051034401
34850	32.8336050286982
34856	32.8336049955905
34870	32.8336049952826
34874	32.8336049873593
34882	32.8336049790308
34884	32.8336049769554
34896	32.8336049675717
34898	32.8336049672571
34900	32.8336049360701
34948	32.8336049193325
34958	32.8336049113976
34978	32.8336049050571
34992	32.8336048949364
34994	32.8336048793547
35008	32.8336048656533
35024	32.8336048630174
35030	32.8336048492508
35036	32.8336048441989
35046	32.8336048273842
35056	32.8336048127354
35116	32.8336047990816
35130	32.8336047979563
35132	32.8336047903993
35150	32.8336047820676
35166	32.8336047757429
35172	32.8336047697041
35200	32.8336047408954
35218	32.8336047129088
35234	32.8336047033255
35240	32.8336046830281
35260	32.8336046721908
35268	32.8336046674559
35296	32.8336046504906
35328	32.8336046496036
35334	32.8336046336936
35340	32.8336046262586
35352	32.8336046189567
35372	32.8336046116457
35382	32.8336046065353
35394	32.8336046019682
35412	32.833604601506
35416	32.8336045940995
35418	32.8336045920531
35432	32.8336045658244
35444	32.8336045628965
35456	32.8336045571983
35460	32.8336045493273
35482	32.8336045432817
35490	32.8336045412755
35492	32.8336045251943
35496	32.8336044930712
35516	32.8336044833206
35526	32.8336044750998
35536	32.8336044716106
35544	32.8336044511548
35570	32.8336044502708
35580	32.8336044279644
35622	32.8336044248144
35648	32.833604423627
35658	32.8336044140098
35666	32.8336044093345
35672	32.8336043972089
35678	32.8336043927925
35690	32.8336043684642
35694	32.8336043585521
35698	32.8336043531703
35714	32.8336043530435
35716	32.8336043428142
35754	32.8336043219623
35762	32.8336043143790
35772	32.8336043110221
35780	32.8336043038599
35788	32.833604293181
35790	32.8336042891848
35798	32.8336042848529
35800	32.8336042843714
35824	32.8336042527117
35838	32.8336042455684
35850	32.8336042447836
35856	32.8336042284653
35878	32.8336042159466
35890	32.8336042108261
35892	32.833604205748
35908	32.8336042047004
35926	32.8336042025257
35928	32.8336041978352
35936	32.8336041976905
35940	32.8336041835576
35976	32.8336041810628
35980	32.8336041751734
35982	32.8336041738731
35984	32.8336041711025
36002	32.8336041639923
36004	32.8336041496684
36020	32.8336041441358
36024	32.8336041353349
36028	32.8336041330113
36032	32.8336041281762
36048	32.8336041277853
36052	32.8336041225963
36082	32.8336041221583
36084	32.8336041191505
36094	32.8336041051646
36108	32.8336041010741
36126	32.8336040964343
36136	32.8336040875256
36148	32.8336040858425
36154	32.8336040783026
36176	32.8336040749867
36220	32.8336040703269
36232	32.8336040692319
36250	32.8336040669347
36252	32.8336040612847
36262	32.833604049099
36266	32.8336040483161
36280	32.8336040412761
36282	32.8336040411817
36288	32.833604039418
36290	32.8336040381752
36296	32.8336040371754
36300	32.8336040332694
36306	32.8336040299011
36308	32.8336040281317
36314	32.8336040266793
36324	32.8336040246893
36344	32.8336040201508
36358	32.8336040185369
36370	32.8336040111006
36392	32.8336040100953
36402	32.8336040085337
36410	32.8336040083292
36424	32.8336039942741
36432	32.8336039909953
36458	32.8336039906217
36460	32.8336039900361
36462	32.8336039847151
36490	32.8336039806348
36502	32.8336039784497
36512	32.8336039778357
36516	32.8336039698094
36524	32.8336039648016
36526	32.8336039558983
36554	32.8336039514613
36556	32.8336039485464
36564	32.8336039456864
36568	32.8336039418892
36584	32.8336039324819
36596	32.8336039311246
36610	32.8336039268323
36612	32.8336039214288
36618	32.8336039118124
36672	32.8336039068765
36694	32.833603905397
36696	32.8336039023819
36702	32.8336038998547
36712	32.833603899541
36722	32.8336038994199
36728	32.8336038960548
36740	32.8336038875754
36762	32.8336038780110
36766	32.8336038746116
36794	32.8336038680961
36800	32.8336038637079
36804	32.8336038613581
36808	32.8336038582325
36816	32.8336038562617
36826	32.833603854397
36848	32.8336038436401
36878	32.8336038396177
36894	32.833603835205
36896	32.8336038334938
36900	32.8336038329289
36918	32.8336038325185
36922	32.8336038278191
36936	32.8336038251744
36944	32.8336038243701
36954	32.8336038209127
36966	32.8336038182858
36978	32.8336038176346
36984	32.8336038103014
37036	32.8336038077753
37046	32.8336038042019
37072	32.8336038034825
37090	32.8336038024632
37104	32.8336038020703
37114	32.8336038017275
37132	32.8336038014741
37134	32.833603801471
37138	32.8336038005392
37144	32.8336037989558
37160	32.8336037988238
37172	32.8336037960274
37184	32.8336037943568
37222	32.8336037916035
37226	32.8336037884503
37258	32.8336037874094
37266	32.8336037845675
37286	32.8336037829935
37290	32.8336037821466
37310	32.8336037812332
37328	32.8336037781962
37356	32.8336037744723
37384	32.8336037729278
37388	32.8336037724227
37412	32.8336037714361
37426	32.8336037694857
37434	32.8336037690324
37436	32.8336037667873
37470	32.8336037667093
37480	32.8336037648742
37484	32.8336037644365
37500	32.833603760987
37524	32.833603759253
37528	32.8336037591977
37554	32.8336037583292
37556	32.833603757643
37570	32.8336037549842
37588	32.8336037547236
37614	32.8336037509284
37624	32.8336037478071
37648	32.8336037472586
37658	32.8336037458232
37662	32.8336037441705
37664	32.8336037422676
37676	32.8336037393755
37684	32.8336037346933
37744	32.8336037320377
37758	32.8336037317021
37760	32.8336037313101
37762	32.8336037275202
37788	32.8336037228389
37810	32.8336037199453
37812	32.8336037152171
37824	32.8336037075410
37826	32.8336036969064
37832	32.8336036929958
37858	32.8336036922775
37862	32.8336036884159
37880	32.8336036856738
37886	32.8336036839551
37906	32.8336036821421
37908	32.8336036791349
37934	32.8336036784545
37960	32.8336036746045
37974	32.8336036719472
37986	32.833603671722
37992	32.8336036690662
37998	32.8336036648728
38008	32.8336036643960
38014	32.8336036606483
38020	32.8336036604176
38024	32.8336036595687
38026	32.8336036555452
38028	32.8336036540769
38042	32.8336036500311
38052	32.8336036458156
38056	32.833603643873
38096	32.8336036408717
38126	32.8336036404839
38128	32.8336036395304
38134	32.8336036375001
38158	32.8336036371896
38160	32.8336036363692
38172	32.8336036346716
38178	32.8336036344923
38180	32.8336036331398
38188	32.8336036328099
38208	32.8336036315612
38212	32.8336036311087
38234	32.8336036310451
38260	32.833603629832
38262	32.8336036287425
38276	32.8336036275451
38292	32.8336036260539
38328	32.8336036255204
38340	32.8336036245111
38346	32.8336036243998
38368	32.8336036240563
38390	32.8336036227906
38418	32.8336036227130
38422	32.8336036220943
38440	32.8336036219551
38444	32.8336036218107
38446	32.8336036209084
38462	32.833603620808
38468	32.8336036205572
38478	32.8336036202993
38498	32.8336036196815
38524	32.8336036192853
38556	32.8336036189292
38572	32.833603618867
38574	32.8336036185261
38586	32.833603618474
38604	32.8336036183216
38616	32.8336036182523
38622	32.8336036182157
38624	32.8336036175337
38640	32.8336036173368
38644	32.8336036166848
38670	32.8336036163399
38674	32.8336036160821
38720	32.8336036158120
38728	32.8336036154413
38738	32.833603615286
38742	32.8336036150872
38752	32.8336036149769
38760	32.8336036143831
38762	32.8336036138924
38766	32.8336036136651
38782	32.8336036131719
38796	32.8336036130877
38798	32.8336036125883
38806	32.8336036119577
38824	32.833603611834
38836	32.8336036110241
38838	32.8336036100745
38844	32.8336036098799
38852	32.8336036084373
38868	32.8336036066267
38874	32.8336036063556
38884	32.8336036052478
38904	32.8336036049401
38908	32.8336036044760
38942	32.8336036014774
38978	32.8336036012176
38990	32.8336036009233
39002	32.8336035996845
39018	32.8336035995297
39024	32.8336035991514
39032	32.8336035981485
39040	32.8336035969991
39066	32.8336035956659
39068	32.8336035950061
39078	32.8336035926565
39082	32.8336035914498
39090	32.8336035907143
39118	32.8336035898184
39126	32.8336035891889
39130	32.8336035885191
39134	32.8336035880877
39158	32.833603587102
39174	32.833603585966
39192	32.8336035854322
39202	32.8336035834463
39210	32.8336035832651
39218	32.8336035826183
39226	32.8336035823489
39256	32.8336035816288
39282	32.8336035814251
39284	32.8336035812621
39296	32.8336035808477
39302	32.8336035801192
39326	32.8336035798247
39334	32.833603579549
39350	32.8336035790190
39360	32.8336035780441
39374	32.8336035762035
39408	32.8336035757345
39426	32.8336035746449
39428	32.8336035741854
39448	32.8336035738444
39460	32.8336035736959
39464	32.8336035736627
39490	32.8336035729723
39502	32.8336035728664
39522	32.8336035724034
39526	32.8336035723400
39536	32.8336035721606
39548	32.833603572039
39560	32.8336035714057
39564	32.8336035705967
39618	32.8336035701449
39620	32.8336035701093
39640	32.8336035699447
39642	32.8336035693983
39644	32.8336035690044
39670	32.8336035683905
39736	32.8336035680096
39738	32.8336035676677
39740	32.8336035675224
39744	32.8336035673563
39752	32.8336035665110
39768	32.8336035657861
39792	32.833603565241
39802	32.8336035647737
39816	32.8336035638284
39832	32.8336035634634
39848	32.8336035631135
39870	32.8336035628758
39910	32.8336035624432
39934	32.8336035622301
39948	32.8336035617089
39954	32.8336035615745
39986	32.8336035615224
39994	32.8336035615202
40002	32.8336035609215
40008	32.8336035605205
40020	32.8336035604439
40028	32.8336035594691
40052	32.8336035592781
40054	32.8336035589443
40066	32.8336035588421
40072	32.833603558758
40084	32.8336035586004
40108	32.8336035585087
40116	32.8336035580732
40140	32.8336035580583
40156	32.8336035578039
40170	32.8336035577686
40176	32.8336035576408
40180	32.8336035575738
40186	32.8336035575224
40190	32.8336035574333
40214	32.8336035570014
40230	32.8336035568833
40246	32.8336035565438
40258	32.8336035562984
40282	32.833603555851
40300	32.8336035558373
40306	32.8336035556066
40336	32.8336035554888
40344	32.8336035552174
40352	32.8336035548013
40368	32.8336035547603
40380	32.8336035546647
40386	32.8336035545635
40390	32.8336035544328
40412	32.8336035539000
40430	32.8336035538623
40438	32.8336035535615
40450	32.8336035531465
40452	32.8336035527639
40454	32.8336035523224
40482	32.8336035522339
40498	32.8336035520314
40510	32.8336035515655
40512	32.8336035509765
40544	32.8336035509696
40554	32.8336035508641
40570	32.8336035508082
40572	32.8336035507249
40576	32.8336035506223
40588	32.8336035502415
40598	32.8336035498101
40612	32.8336035497555
40618	32.8336035494462
40626	32.8336035493653
40630	32.833603549082
40670	32.8336035489797
40672	32.8336035487179
40696	32.8336035486037
40714	32.8336035484357
40728	32.8336035483233
40730	32.8336035481505
40738	32.8336035474005
40752	32.8336035471851
40762	32.8336035470549
40784	32.8336035460031
40800	32.8336035446392
40842	32.8336035435825
40868	32.8336035425767
40874	32.8336035413536
40896	32.8336035411036
40912	32.8336035406160
40950	32.8336035401087
40952	32.8336035396064
40972	32.8336035394027
40984	32.8336035388677
40988	32.8336035381775
40994	32.8336035376634
41040	32.8336035372204
41042	32.8336035368505
41044	32.8336035359822
41058	32.8336035351625
41092	32.8336035351152
41106	32.8336035350234
41112	32.8336035343876
41116	32.8336035336455
41130	32.8336035330854
41150	32.8336035324997
41154	32.8336035320545
41158	32.8336035316415
41186	32.8336035310248
41190	32.8336035309341
41196	32.8336035308439
41210	32.8336035304514
41224	32.8336035303549
41228	32.8336035303281
41230	32.8336035303086
41246	32.8336035298557
41250	32.8336035297155
41278	32.8336035291049
41288	32.8336035289748
41318	32.8336035283234
41336	32.8336035271561
41344	32.8336035268436
41368	32.833603526834
41370	32.8336035268307
41372	32.8336035264686
41388	32.8336035263737
41396	32.8336035256464
41416	32.833603525036
41420	32.8336035248453
41428	32.8336035244561
41436	32.8336035242129
41454	32.8336035238703
41464	32.8336035237412
41480	32.8336035233718
41502	32.8336035233134
41508	32.8336035229297
41540	32.8336035228691
41550	32.8336035226037
41552	32.8336035225526
41554	32.8336035225103
41574	32.8336035224677
41580	32.8336035223123
41588	32.8336035221964
41590	32.8336035221843
41600	32.8336035221069
41614	32.8336035219729
41618	32.8336035218997
41622	32.8336035218736
41630	32.833603521708
41638	32.8336035215468
41640	32.8336035214432
41644	32.8336035213516
41646	32.8336035213315
41648	32.8336035211785
41668	32.8336035210013
41670	32.8336035209502
41674	32.8336035209053
41698	32.833603520677
41710	32.8336035205229
41752	32.8336035203364
41758	32.8336035201713
41770	32.8336035197735
41816	32.8336035197058
41818	32.8336035196835
41820	32.8336035196755
41824	32.8336035196197
41844	32.833603519547
41848	32.8336035194726
41850	32.8336035193669
41852	32.8336035192995
41856	32.833603519278
41864	32.8336035190395
41890	32.8336035190172
41898	32.8336035190126
41912	32.8336035189774
41914	32.8336035187899
41930	32.8336035184876
41944	32.8336035184251
41954	32.8336035182928
41968	32.8336035182107
41974	32.833603518192
41992	32.8336035179885
42010	32.8336035177865
42014	32.8336035176984
42024	32.833603517467
42026	32.8336035173993
42030	32.8336035173547
42040	32.8336035171983
42056	32.833603517147
42058	32.8336035171348
42076	32.8336035169868
42084	32.8336035169556
42086	32.8336035168381
42096	32.8336035165147
42112	32.8336035161407
42116	32.8336035157824
42120	32.8336035154648
42132	32.8336035152237
42136	32.8336035151382
42142	32.8336035146051
42150	32.8336035143612
42184	32.8336035138738
42204	32.8336035137278
42214	32.8336035136478
42230	32.8336035135606
42238	32.8336035135228
42242	32.8336035133764
42244	32.8336035133754
42248	32.8336035129289
42252	32.8336035128934
42274	32.8336035128207
42298	32.833603512655
42302	32.8336035124649
42316	32.8336035123594
42324	32.8336035123338
42338	32.8336035121761
42366	32.833603512036
42368	32.8336035118696
42384	32.8336035117906
42390	32.8336035117022
42396	32.8336035116893
42402	32.8336035114448
42412	32.8336035113017
42426	32.8336035112692
42462	32.8336035111814
42464	32.8336035111626
42478	32.8336035110136
42490	32.8336035110046
42496	32.8336035110017
42502	32.8336035109323
42514	32.8336035109008
42518	32.8336035107752
42528	32.8336035106972
42538	32.8336035105865
42584	32.8336035105572
42592	32.8336035104121
42602	32.8336035103914
42604	32.8336035103803
42620	32.8336035102735
42642	32.833603510227
42662	32.8336035101470
42694	32.8336035101112
42702	32.8336035100983
42706	32.8336035098849
42732	32.8336035097380
42746	32.8336035096711
42750	32.8336035096010
42780	32.8336035095161
42782	32.8336035095123
42808	32.8336035094309
42838	32.8336035093614
42854	32.8336035093217
42856	32.8336035092762
42904	32.833603509208
42926	32.833603509204
42936	32.8336035091206
42938	32.8336035091191
42940	32.8336035090426
42948	32.8336035089337
42976	32.8336035088708
42984	32.8336035087758
42998	32.8336035087451
43008	32.8336035086618
43024	32.8336035086241
43028	32.8336035086044
43030	32.8336035085458
43044	32.8336035084656
43046	32.8336035082761
43064	32.8336035082005
43080	32.8336035081516
43084	32.8336035081181
43090	32.8336035080235
43114	32.8336035079994
43132	32.8336035079750
43134	32.8336035079486
43148	32.8336035078174
43156	32.8336035078116
43176	32.833603507804
43180	32.8336035076994
43202	32.833603507695
43210	32.8336035076035
43230	32.8336035075082
43250	32.8336035074365
43276	32.8336035074228
43278	32.8336035073974
43294	32.8336035073844
43296	32.8336035073743
43298	32.8336035073683
43300	32.8336035073215
43308	32.8336035072932
43330	32.8336035072926
43336	32.8336035072532
43338	32.8336035072421
43356	32.8336035071977
43364	32.8336035071880
43370	32.8336035071245
43398	32.8336035069796
43408	32.8336035069638
43412	32.8336035069166
43414	32.8336035068815
43434	32.8336035068043
43442	32.8336035067527
43444	32.8336035066896
43450	32.8336035066212
43460	32.8336035065908
43470	32.8336035064468
43480	32.8336035064365
43486	32.8336035064286
43498	32.8336035063661
43504	32.8336035060966
43516	32.8336035060825
43518	32.833603506073
43542	32.8336035059783
43550	32.833603505835
43584	32.8336035058221
43600	32.8336035057543
43624	32.8336035056805
43642	32.8336035055095
43660	32.8336035054891
43680	32.8336035054005
43688	32.8336035053641
43704	32.8336035053607
43710	32.8336035053477
43716	32.8336035053374
43718	32.8336035053287
43724	32.8336035052526
43744	32.8336035052341
43748	32.8336035051938
43772	32.8336035051924
43774	32.8336035051573
43782	32.8336035051478
43786	32.8336035051449
43790	32.8336035051009
43810	32.8336035050701
43820	32.8336035050498
43828	32.8336035050250
43834	32.8336035050203
43850	32.8336035049575
43880	32.8336035049408
43890	32.8336035049359
43892	32.8336035049216
43902	32.833603504921
43904	32.8336035048668
43916	32.8336035048629
43936	32.8336035048412
43944	32.8336035048242
43950	32.8336035047836
43964	32.8336035047562
43982	32.833603504726
43992	32.8336035047106
43998	32.8336035046719
44018	32.8336035046096
44052	32.8336035045675
44086	32.8336035045395
44098	32.8336035045172
44106	32.8336035045042
44124	32.8336035044841
44138	32.8336035044692
44162	32.8336035044555
44164	32.8336035044060
44198	32.8336035043439
44214	32.8336035042711
44236	32.8336035042485
44244	32.8336035042378
44246	32.8336035042289
44256	32.8336035042079
44260	32.8336035042035
44266	32.8336035040935
44274	32.8336035040439
44282	32.8336035040173
44288	32.8336035039828
44316	32.8336035039198
44318	32.833603503887
44322	32.8336035038422
44330	32.8336035038368
44332	32.8336035036967
44348	32.8336035036501
44366	32.8336035036087
44374	32.8336035035853
44376	32.8336035035539
44386	32.8336035034611
44390	32.8336035034331
44416	32.8336035034087
44424	32.8336035033933
44444	32.8336035033346
44460	32.833603503331
44466	32.8336035033298
44470	32.8336035033138
44486	32.8336035032712
44508	32.8336035032647
44510	32.8336035032617
44518	32.8336035032282
44544	32.8336035032265
44546	32.8336035032238
44550	32.8336035032075
44572	32.8336035031788
44590	32.833603503134
44606	32.8336035031326
44610	32.8336035031165
44616	32.8336035030666
44642	32.8336035030515
44644	32.833603503049
44646	32.8336035030384
44650	32.8336035030162
44656	32.8336035030089
44662	32.8336035029657
44666	32.8336035029570
44682	32.8336035029433
44684	32.8336035029062
44704	32.8336035028701
44726	32.8336035028377
44742	32.8336035027828
44772	32.8336035027083
44790	32.8336035026193
44800	32.8336035026135
44816	32.8336035026114
44818	32.8336035025302
44820	32.8336035023831
44824	32.8336035023811
44826	32.8336035023571
44836	32.833603502353
44840	32.8336035023327
44846	32.8336035022947
44848	32.8336035022448
44858	32.8336035022383
44888	32.8336035021868
44892	32.8336035020958
44906	32.8336035020538
44922	32.8336035020309
44944	32.8336035019174
44978	32.8336035019128
44982	32.8336035019028
45000	32.8336035018112
45004	32.8336035017107
45006	32.8336035017079
45016	32.8336035015732
45056	32.8336035015718
45084	32.8336035015485
45092	32.8336035014774
45098	32.8336035014766
45100	32.8336035014158
45116	32.8336035014043
45148	32.8336035014014
45150	32.8336035013842
45156	32.8336035013684
45162	32.833603501327
45166	32.833603501314
45176	32.833603501291
45184	32.8336035012646
45192	32.8336035012437
45218	32.8336035012194
45228	32.8336035012070
45258	32.8336035012057
45262	32.8336035011895
45268	32.8336035011832
45270	32.8336035011734
45276	32.8336035011565
45292	32.8336035011303
45320	32.8336035011221
45332	32.8336035010723
45348	32.8336035010551
45356	32.8336035010343
45370	32.8336035010316
45372	32.8336035009935
45382	32.833603500992
45396	32.8336035009819
45402	32.8336035009803
45404	32.8336035009718
45406	32.8336035009434
45408	32.8336035009184
45430	32.8336035009055
45442	32.833603500904
45446	32.833603500899
45464	32.8336035008855
45472	32.8336035008807
45486	32.8336035008781
45492	32.8336035008637
45494	32.8336035008286
45516	32.8336035008263
45520	32.8336035008256
45524	32.8336035008182
45526	32.8336035007908
45554	32.8336035007784
45558	32.8336035007611
45578	32.8336035007519
45602	32.8336035007344
45626	32.8336035007254
45634	32.8336035007125
45650	32.8336035006947
45696	32.8336035006934
45704	32.8336035006682
45764	32.8336035006573
45772	32.833603500652
45778	32.8336035006511
45782	32.8336035006436
45804	32.8336035006365
45808	32.8336035006304
45816	32.8336035006147
45838	32.8336035005918
45856	32.8336035005904
45858	32.8336035005786
45862	32.833603500547
45908	32.8336035005208
45934	32.8336035005007
45958	32.8336035004672
46016	32.8336035004413
46040	32.8336035004205
46042	32.8336035004182
46050	32.8336035004140
46074	32.8336035004048
46104	32.8336035004032
46126	32.8336035003964
46130	32.8336035003891
46142	32.8336035003722
46160	32.8336035003629
46176	32.8336035003575
46202	32.8336035003530
46204	32.8336035003281
46224	32.8336035003265
46248	32.8336035003008
46274	32.8336035002975
46278	32.8336035002939
46288	32.8336035002861
46290	32.8336035002829
46300	32.8336035002816
46322	32.8336035002714
46328	32.8336035002666
46354	32.8336035002508
46366	32.8336035002445
46374	32.8336035002403
46384	32.8336035002294
46390	32.8336035002258
46412	32.8336035002233
46420	32.8336035002085
46428	32.8336035001952
46440	32.833603500195
46442	32.8336035001934
46444	32.8336035001753
46478	32.8336035001679
46480	32.8336035001668
46492	32.8336035001593
46494	32.8336035001394
46502	32.8336035001332
46528	32.8336035001042
46536	32.8336035000893
46540	32.8336035000598
46562	32.8336035000558
46580	32.83360350005
46592	32.8336035000332
46610	32.8336035000206
46620	32.8336035000006
46626	32.8336034999928
46640	32.8336034999715
46666	32.8336034999482
46676	32.8336034999429
46686	32.8336034999405
46692	32.8336034999308
46694	32.8336034999022
46724	32.8336034998727
46740	32.8336034998636
46750	32.8336034998629
46766	32.8336034998195
46798	32.8336034998073
46810	32.8336034997525
46812	32.8336034997405
46822	32.8336034997363
46852	32.8336034997361
46854	32.8336034997321
46860	32.8336034997144
46876	32.8336034997045
46890	32.8336034996774
46898	32.8336034996516
46910	32.8336034996212
46918	32.833603499609
46942	32.8336034995851
46954	32.8336034995806
46990	32.8336034995348
47004	32.8336034995257
47026	32.8336034995092
47038	32.8336034995
47068	32.8336034994853
47082	32.8336034994793
47090	32.8336034994760
47096	32.8336034994666
47126	32.8336034994621
47130	32.8336034994476
47156	32.8336034994404
47162	32.8336034994371
47180	32.8336034994305
47186	32.8336034994289
47192	32.8336034994274
47196	32.8336034994251
47206	32.8336034994244
47208	32.8336034994213
47210	32.8336034994105
47216	32.8336034994059
47224	32.8336034994002
47248	32.8336034993985
47266	32.8336034993937
47282	32.8336034993898
47286	32.8336034993757
47300	32.8336034993587
47332	32.8336034993434
47388	32.8336034993431
47396	32.833603499319
47398	32.8336034993071
47406	32.8336034993036
47424	32.8336034992962
47430	32.8336034992888
47432	32.8336034992752
47448	32.8336034992687
47466	32.8336034992645
47482	32.8336034992631
47486	32.8336034992431
47502	32.8336034992367
47506	32.8336034992338
47524	32.8336034992279
47528	32.8336034992156
47550	32.8336034992096
47552	32.8336034992078
47556	32.8336034991989
47590	32.8336034991941
47600	32.8336034991790
47618	32.8336034991739
47628	32.8336034991572
47672	32.8336034991461
47676	32.8336034991423
47684	32.8336034991403
47694	32.8336034991379
47696	32.8336034991372
47704	32.8336034991223
47710	32.8336034991211
47712	32.8336034991190
47716	32.8336034991185
47718	32.8336034991156
47720	32.8336034991022
47734	32.8336034991009
47736	32.8336034990892
47746	32.8336034990855
47760	32.8336034990624
47770	32.8336034990441
47790	32.8336034990314
47794	32.8336034990182
47814	32.8336034990086
47820	32.8336034989933
47840	32.8336034989825
47864	32.8336034989754
47880	32.8336034989745
47886	32.8336034989681
47894	32.8336034989568
47896	32.8336034989401
47926	32.8336034989268
47934	32.8336034989142
47938	32.8336034989018
47962	32.8336034988875
47992	32.8336034988811
48042	32.8336034988802
48044	32.8336034988724
48064	32.8336034988641
48080	32.8336034988629
48092	32.8336034988615
48098	32.8336034988590
48100	32.833603498849
48148	32.8336034988486
48156	32.8336034988429
48160	32.8336034988367
48186	32.8336034988354
48196	32.8336034988319
48212	32.8336034988219
48250	32.8336034988201
48254	32.8336034988154
48290	32.8336034988121
48306	32.8336034988079
48332	32.8336034988058
48334	32.8336034988036
48336	32.8336034988005
48356	32.8336034988001
48364	32.833603498798
48380	32.8336034987969
48382	32.8336034987967
48398	32.8336034987953
48404	32.83360349879
48408	32.8336034987898
48414	32.8336034987869
48432	32.8336034987845
48442	32.8336034987785
48458	32.8336034987758
48474	32.8336034987708
48486	32.8336034987707
48494	32.8336034987675
48504	32.8336034987660
48508	32.8336034987609
48516	32.8336034987557
48556	32.8336034987495
48570	32.8336034987435
48572	32.8336034987388
48614	32.8336034987375
48618	32.8336034987374
48622	32.8336034987372
48630	32.8336034987288
48632	32.8336034987263
48646	32.8336034987248
48658	32.8336034987219
48672	32.8336034987196
48674	32.8336034987188
48686	32.8336034987176
48688	32.8336034987153
48692	32.8336034987149
48700	32.833603498714
48718	32.833603498712
48720	32.8336034987101
48726	32.8336034987096
48738	32.8336034987092
48744	32.8336034987069
48754	32.8336034987064
48758	32.8336034987042
48780	32.8336034986970
48796	32.8336034986965
48798	32.8336034986923
48808	32.8336034986874
48810	32.833603498676
48812	32.8336034986753
48818	32.8336034986688
48826	32.8336034986537
48828	32.833603498645
48872	32.8336034986408
48892	32.8336034986383
48896	32.8336034986315
48932	32.8336034986297
48936	32.8336034986278
48950	32.8336034986182
48962	32.833603498616
48966	32.8336034986062
48986	32.8336034986027
48990	32.8336034986005
49000	32.8336034985955
49006	32.8336034985918
49042	32.8336034985897
49076	32.8336034985883
49080	32.8336034985876
49086	32.8336034985864
49094	32.8336034985841
49098	32.8336034985834
49110	32.8336034985832
49114	32.8336034985781
49160	32.8336034985771
49168	32.8336034985766
49170	32.8336034985763
49186	32.8336034985738
49188	32.8336034985729
49192	32.8336034985711
49196	32.8336034985704
49206	32.8336034985669
49214	32.8336034985658
49234	32.8336034985655
49258	32.8336034985651
49262	32.8336034985612
49274	32.8336034985609
49288	32.8336034985601
49290	32.8336034985587
49320	32.8336034985563
49322	32.8336034985555
49324	32.8336034985515
49364	32.8336034985484
49370	32.8336034985482
49386	32.8336034985458
49402	32.8336034985438
49420	32.8336034985435
49430	32.8336034985358
49448	32.8336034985341
49450	32.8336034985319
49468	32.8336034985301
49472	32.8336034985287
49494	32.8336034985285
49496	32.8336034985272
49512	32.8336034985264
49526	32.8336034985262
49546	32.8336034985257
49550	32.8336034985245
49560	32.8336034985239
49566	32.8336034985222
49602	32.8336034985222
49606	32.8336034985221
49610	32.8336034985209
49648	32.833603498519
49676	32.8336034985180
49686	32.8336034985179
49698	32.8336034985165
49710	32.8336034985147
49714	32.8336034985126
49728	32.8336034985121
49736	32.8336034985100
49758	32.8336034985084
49760	32.8336034985071
49776	32.833603498507
49786	32.8336034985062
49802	32.8336034985058
49810	32.8336034985041
49818	32.8336034985038
49822	32.8336034985032
49824	32.8336034985015
49846	32.8336034985001
49868	32.8336034984996
49880	32.8336034984988
49892	32.8336034984988
49902	32.8336034984977
49918	32.8336034984963
49924	32.8336034984954
49930	32.8336034984942
49944	32.8336034984922
49950	32.8336034984921
49960	32.8336034984907
49970	32.8336034984905
49972	32.8336034984886
49974	32.8336034984872
49982	32.8336034984857
49986	32.8336034984837
49994	32.8336034984832
49996	32.8336034984808
50012	32.8336034984775
50030	32.8336034984739
50046	32.8336034984713
50052	32.8336034984708
50054	32.8336034984707
50056	32.833603498469
50060	32.8336034984689
50066	32.8336034984657
50076	32.8336034984624
50086	32.8336034984619
50088	32.8336034984616
50104	32.8336034984614
50110	32.8336034984548
50120	32.8336034984535
50132	32.8336034984526
50140	32.8336034984491
50206	32.8336034984465
50234	32.8336034984461
50242	32.8336034984456
50270	32.8336034984444
50274	32.8336034984443
50276	32.8336034984441
50286	32.8336034984428
50292	32.8336034984411
50302	32.8336034984405
50308	32.8336034984401
50334	32.8336034984386
50358	32.8336034984383
50372	32.8336034984372
50380	32.8336034984371
50384	32.8336034984363
50386	32.833603498435
50388	32.8336034984343
50400	32.8336034984341
50420	32.8336034984328
50424	32.8336034984327
50438	32.8336034984312
50440	32.8336034984304
50454	32.8336034984301
50464	32.83360349843
50472	32.8336034984294
50480	32.8336034984279
50498	32.8336034984271
50520	32.8336034984269
50522	32.8336034984249
50528	32.8336034984249
50546	32.8336034984239
50582	32.8336034984233
50586	32.8336034984226
50596	32.8336034984218
50602	32.8336034984215
50612	32.8336034984204
50626	32.8336034984203
50632	32.8336034984202
50642	32.833603498419
50652	32.8336034984188
50666	32.8336034984183
50672	32.833603498418
50676	32.8336034984177
50682	32.8336034984176
50684	32.8336034984171
50686	32.8336034984167
50692	32.8336034984156
50710	32.8336034984152
50716	32.8336034984150
50718	32.8336034984145
50722	32.8336034984142
50752	32.8336034984137
50754	32.8336034984126
50762	32.8336034984126
50790	32.8336034984121
50808	32.8336034984120
50820	32.8336034984119
50828	32.8336034984119
50834	32.8336034984107
50860	32.8336034984095
50882	32.8336034984092
50886	32.8336034984083
50902	32.8336034984081
50918	32.8336034984079
50934	32.8336034984068
50940	32.8336034984062
50948	32.8336034984060
50960	32.8336034984051
50970	32.8336034984043
50980	32.8336034984023
51030	32.8336034984021
51038	32.8336034984018
51044	32.8336034984016
51054	32.8336034984010
51074	32.8336034983998
51112	32.8336034983995
51120	32.8336034983989
51140	32.8336034983985
51148	32.8336034983973
51162	32.8336034983964
51176	32.8336034983957
51178	32.8336034983956
51182	32.8336034983953
51196	32.8336034983951
51202	32.8336034983949
51210	32.8336034983937
51214	32.8336034983925
51224	32.8336034983922
51248	32.8336034983919
51262	32.8336034983916
51268	32.8336034983889
51284	32.8336034983873
51322	32.8336034983860
51334	32.833603498386
51338	32.8336034983855
51342	32.8336034983854
51352	32.8336034983845
51360	32.8336034983833
51418	32.8336034983809
51432	32.8336034983803
51448	32.8336034983797
51474	32.8336034983777
51478	32.8336034983758
51484	32.8336034983757
51492	32.8336034983752
51494	32.8336034983742
51496	32.8336034983731
51524	32.8336034983727
51528	32.833603498372
51536	32.8336034983719
51544	32.8336034983712
51550	32.83360349837
51560	32.8336034983694
51606	32.8336034983684
51630	32.8336034983684
51632	32.8336034983681
51644	32.8336034983674
51650	32.8336034983672
51652	32.8336034983661
51678	32.8336034983659
51684	32.8336034983654
51706	32.8336034983647
51736	32.8336034983643
51750	32.833603498364
51752	32.8336034983634
51762	32.8336034983634
51764	32.8336034983631
51768	32.8336034983630
51770	32.8336034983627
51774	32.8336034983625
51778	32.8336034983623
51790	32.8336034983622
51792	32.8336034983613
51798	32.833603498361
51808	32.8336034983596
51810	32.8336034983593
51850	32.8336034983588
51872	32.8336034983579
51890	32.8336034983556
51918	32.833603498355
51922	32.8336034983547
51928	32.8336034983544
51944	32.8336034983543
51948	32.8336034983529
51958	32.8336034983518
51972	32.8336034983502
51992	32.8336034983493
52028	32.8336034983491
52038	32.8336034983485
52050	32.8336034983479
52084	32.8336034983475
52124	32.8336034983469
52130	32.8336034983466
52140	32.8336034983465
52156	32.8336034983465
52166	32.8336034983464
52170	32.8336034983462
52174	32.8336034983458
52178	32.8336034983454
52180	32.8336034983453
52190	32.8336034983449
52216	32.8336034983448
52232	32.8336034983446
52238	32.8336034983442
52250	32.8336034983441
52264	32.8336034983434
52298	32.8336034983431
52304	32.8336034983428
52310	32.8336034983427
52314	32.8336034983424
52330	32.8336034983422
52340	32.8336034983408
52384	32.8336034983406
52386	32.8336034983399
52402	32.8336034983394
52404	32.8336034983383
52432	32.8336034983379
52440	32.8336034983369
52460	32.8336034983368
52466	32.8336034983363
52478	32.8336034983362
52482	32.8336034983359
52492	32.8336034983352
52500	32.8336034983351
52506	32.8336034983346
52512	32.8336034983343
52522	32.8336034983343
52526	32.8336034983332
52542	32.8336034983329
52558	32.8336034983323
52592	32.8336034983317
52600	32.833603498331
52608	32.8336034983305
52624	32.8336034983299
52644	32.8336034983291
52646	32.8336034983287
52656	32.8336034983284
52670	32.8336034983270
52674	32.8336034983268
52694	32.8336034983256
52718	32.8336034983249
52720	32.8336034983245
52748	32.833603498324
52770	32.8336034983239
52804	32.8336034983238
52810	32.8336034983230
52826	32.8336034983226
52838	32.8336034983222
52868	32.8336034983213
52906	32.8336034983211
52920	32.833603498321
52932	32.8336034983209
52944	32.8336034983208
52954	32.8336034983204
52960	32.8336034983203
52994	32.8336034983202
52996	32.8336034983193
53022	32.833603498319
53042	32.8336034983188
53050	32.8336034983186
53070	32.8336034983185
53102	32.8336034983182
53110	32.833603498318
53128	32.8336034983175
53144	32.8336034983172
53146	32.8336034983171
53150	32.8336034983169
53158	32.8336034983168
53166	32.8336034983164
53174	32.8336034983164
53182	32.8336034983163
53184	32.8336034983151
53190	32.8336034983146
53208	32.8336034983145
53228	32.8336034983133
53240	32.8336034983118
53250	32.8336034983115
53254	32.8336034983099
53288	32.8336034983097
53304	32.8336034983097
53306	32.8336034983092
53314	32.8336034983091
53318	32.833603498309
53324	32.8336034983081
53328	32.8336034983076
53342	32.8336034983073
53354	32.8336034983068
53358	32.8336034983065
53364	32.8336034983063
53374	32.8336034983061
53376	32.8336034983059
53410	32.8336034983053
53434	32.8336034983050
53446	32.8336034983044
53454	32.8336034983036
53476	32.8336034983033
53486	32.8336034983031
53500	32.8336034983030
53512	32.8336034983029
53520	32.8336034983018
53526	32.8336034983018
53542	32.8336034983010
53544	32.8336034983007
53590	32.8336034983006
53592	32.8336034982998
53614	32.8336034982994
53626	32.8336034982993
53634	32.8336034982990
53638	32.8336034982986
53646	32.8336034982979
53662	32.8336034982978
53672	32.8336034982976
53676	32.8336034982962
53686	32.8336034982956
53716	32.8336034982952
53718	32.8336034982951
53724	32.833603498295
53728	32.8336034982949
53744	32.8336034982946
53754	32.8336034982946
53768	32.8336034982943
53778	32.833603498294
53790	32.8336034982937
53808	32.8336034982925
53818	32.8336034982918
53820	32.8336034982918
53834	32.8336034982913
53850	32.8336034982910
53870	32.8336034982908
53876	32.8336034982907
53880	32.8336034982906
53906	32.8336034982904
53910	32.8336034982894
53930	32.8336034982893
53932	32.8336034982892
53944	32.8336034982889
53950	32.8336034982886
53966	32.8336034982881
53976	32.8336034982880
54000	32.8336034982879
54006	32.8336034982878
54016	32.8336034982876
54052	32.8336034982876
54058	32.8336034982875
54076	32.8336034982874
54078	32.8336034982873
54082	32.8336034982872
54090	32.8336034982872
54096	32.8336034982870
54114	32.8336034982865
54132	32.8336034982865
54160	32.8336034982862
54176	32.8336034982862
54178	32.8336034982858
54188	32.8336034982858
54194	32.8336034982858
54196	32.8336034982857
54198	32.8336034982855
54222	32.8336034982855
54242	32.8336034982854
54250	32.8336034982853
54252	32.8336034982853
54254	32.8336034982852
54272	32.8336034982851
54294	32.8336034982849
54298	32.8336034982847
54356	32.8336034982847
54364	32.8336034982846
54374	32.8336034982846
54392	32.8336034982845
54414	32.8336034982844
54426	32.8336034982844
54432	32.8336034982843
54456	32.8336034982842
54484	32.8336034982842
54490	32.8336034982842
54498	32.8336034982842
54502	32.8336034982841
54516	32.8336034982841
54526	32.8336034982841
54546	32.8336034982841
54548	32.8336034982841
54564	32.8336034982841
54570	32.8336034982840
54586	32.8336034982839
54588	32.8336034982838
54594	32.8336034982837
54598	32.8336034982836
54614	32.8336034982834
54636	32.8336034982833
54654	32.8336034982832
54690	32.8336034982831
54700	32.8336034982831
54710	32.8336034982831
54720	32.833603498283
54728	32.8336034982830
54740	32.8336034982829
54758	32.8336034982828
54760	32.8336034982828
54774	32.8336034982825
54820	32.8336034982824
54832	32.8336034982824
54836	32.8336034982824
54838	32.8336034982824
54840	32.8336034982823
54844	32.8336034982819
54852	32.8336034982818
54872	32.8336034982818
54888	32.8336034982818
54904	32.8336034982817
54922	32.8336034982815
54926	32.8336034982814
54934	32.8336034982814
54936	32.8336034982812
54976	32.8336034982809
54980	32.8336034982808
55008	32.8336034982807
55034	32.8336034982807
55036	32.8336034982806
55046	32.8336034982806
55050	32.8336034982804
55064	32.8336034982803
55088	32.8336034982802
55100	32.8336034982801
55116	32.8336034982801
55118	32.83360349828
55142	32.8336034982799
55166	32.8336034982799
55168	32.8336034982798
55174	32.8336034982795
55198	32.8336034982793
55250	32.8336034982793
55264	32.8336034982793
55288	32.8336034982792
55304	32.8336034982792
55308	32.8336034982791
55324	32.8336034982789
55346	32.8336034982789
55372	32.8336034982789
55382	32.8336034982789
55394	32.8336034982788
55408	32.8336034982788
55430	32.8336034982788
55434	32.8336034982787
55438	32.8336034982787
55440	32.8336034982786
55450	32.8336034982786
55460	32.8336034982785
55466	32.8336034982784
55486	32.8336034982783
55502	32.8336034982783
55514	32.8336034982782
55548	32.8336034982782
55556	32.8336034982781
55596	32.8336034982781
55626	32.833603498278
55640	32.833603498278
55642	32.833603498278
55662	32.8336034982780
55670	32.8336034982779
55686	32.8336034982779
55688	32.8336034982778
55690	32.8336034982778
55712	32.8336034982777
55718	32.8336034982776
55732	32.8336034982776
55736	32.8336034982775
55766	32.8336034982775
55776	32.8336034982775
55784	32.8336034982773
55786	32.8336034982772
55790	32.8336034982771
55804	32.8336034982771
55812	32.8336034982770
55814	32.833603498277
55832	32.8336034982768
55860	32.8336034982767
55868	32.8336034982765
55898	32.8336034982763
55918	32.8336034982761
55944	32.833603498276
55966	32.833603498276
55968	32.8336034982759
55980	32.8336034982759
55986	32.8336034982758
55988	32.8336034982757
56012	32.8336034982756
56030	32.8336034982754
56060	32.8336034982751
56082	32.8336034982750
56104	32.8336034982748
56126	32.8336034982747
56150	32.8336034982746
56166	32.8336034982745
56190	32.8336034982744
56212	32.8336034982744
56224	32.8336034982744
56240	32.8336034982744
56260	32.8336034982743
56288	32.8336034982743
56294	32.8336034982743
56302	32.8336034982743
56312	32.8336034982742
56320	32.8336034982742
56322	32.8336034982741
56328	32.8336034982740
56364	32.833603498274
56378	32.833603498274
56382	32.8336034982740
56414	32.8336034982739
56450	32.8336034982739
56456	32.8336034982739
56458	32.8336034982738
56482	32.8336034982738
56508	32.8336034982738
56510	32.8336034982738
56512	32.8336034982738
56536	32.8336034982737
56540	32.8336034982737
56544	32.8336034982737
56548	32.8336034982737
56564	32.8336034982737
56570	32.8336034982737
56608	32.8336034982737
56610	32.8336034982736
56614	32.8336034982736
56662	32.8336034982736
56666	32.8336034982736
56672	32.8336034982736
56680	32.8336034982736
56684	32.8336034982736
56690	32.8336034982735
56694	32.8336034982735
56710	32.8336034982735
56712	32.8336034982735
56724	32.8336034982735
56730	32.8336034982734
56764	32.8336034982734
56776	32.8336034982734
56778	32.8336034982734
56782	32.8336034982733
56786	32.8336034982733
56792	32.8336034982733
56800	32.8336034982733
56806	32.8336034982733
56816	32.8336034982733
56820	32.8336034982733
56822	32.8336034982733
56828	32.8336034982732
56840	32.8336034982732
56856	32.8336034982732
56884	32.8336034982732
56888	32.8336034982732
56900	32.8336034982731
56910	32.8336034982731
56940	32.8336034982731
56956	32.8336034982731
56996	32.8336034982731
57018	32.8336034982731
57026	32.8336034982731
57036	32.8336034982730
57046	32.8336034982730
57048	32.833603498273
57056	32.833603498273
57060	32.833603498273
57096	32.8336034982730
57102	32.8336034982729
57114	32.8336034982729
57144	32.8336034982729
57146	32.8336034982729
57158	32.8336034982729
57168	32.8336034982728
57190	32.8336034982728
57218	32.8336034982728
57220	32.8336034982728
57252	32.8336034982728
57280	32.8336034982728
57290	32.8336034982727
57302	32.8336034982727
57304	32.8336034982727
57330	32.8336034982726
57338	32.8336034982726
57360	32.8336034982726
57374	32.8336034982725
57396	32.8336034982725
57402	32.8336034982725
57404	32.8336034982725
57406	32.8336034982725
57408	32.8336034982724
57424	32.8336034982724
57438	32.8336034982724
57456	32.8336034982724
57472	32.8336034982724
57486	32.8336034982723
57502	32.8336034982723
57524	32.8336034982723
57564	32.8336034982723
57566	32.8336034982723
57570	32.8336034982723
57576	32.8336034982723
57584	32.8336034982722
57600	32.8336034982722
57614	32.8336034982722
57630	32.8336034982722
57642	32.8336034982721
57668	32.8336034982721
57670	32.8336034982721
57682	32.8336034982720
57686	32.833603498272
57696	32.833603498272
57702	32.833603498272
57716	32.833603498272
57724	32.8336034982719
57740	32.8336034982719
57756	32.8336034982719
57762	32.8336034982719
57766	32.8336034982719
57772	32.8336034982718
57786	32.8336034982718
57788	32.8336034982718
57798	32.8336034982717
57808	32.8336034982717
57816	32.8336034982717
57830	32.8336034982717
57840	32.8336034982716
57854	32.8336034982716
57872	32.8336034982715
57878	32.8336034982715
57880	32.8336034982715
57912	32.8336034982714
57950	32.8336034982714
57962	32.8336034982714
57968	32.8336034982714
57970	32.8336034982714
57988	32.8336034982713
58014	32.8336034982713
58042	32.8336034982713
58054	32.8336034982713
58064	32.8336034982713
58080	32.8336034982712
58102	32.8336034982712
58120	32.8336034982712
58154	32.8336034982712
58160	32.8336034982712
58188	32.8336034982711
58206	32.8336034982711
58220	32.8336034982711
58240	32.8336034982711
58254	32.8336034982711
58272	32.8336034982711
58282	32.8336034982711
58290	32.8336034982711
58298	32.8336034982710
58320	32.833603498271
58326	32.833603498271
58346	32.833603498271
58356	32.833603498271
58362	32.8336034982710
58378	32.8336034982709
58388	32.8336034982709
58404	32.8336034982709
58406	32.8336034982709
58424	32.8336034982709
58430	32.8336034982709
58442	32.8336034982708
58454	32.8336034982708
58490	32.8336034982708
58492	32.8336034982708
58500	32.8336034982708
58548	32.8336034982708
58560	32.8336034982708
58570	32.8336034982707
58592	32.8336034982707
58624	32.8336034982707
58650	32.8336034982707
58656	32.8336034982707
58670	32.8336034982707
58704	32.8336034982707
58708	32.8336034982707
58726	32.8336034982706
58746	32.8336034982706
58764	32.8336034982706
58846	32.8336034982706
58848	32.8336034982706
58860	32.8336034982706
58882	32.8336034982706
58900	32.8336034982706
58920	32.8336034982706
58922	32.8336034982706
58930	32.8336034982706
58936	32.8336034982705
58944	32.8336034982705
58948	32.8336034982705
58950	32.8336034982705
58970	32.8336034982705
58988	32.8336034982704
58994	32.8336034982704
59012	32.8336034982704
59044	32.8336034982703
59086	32.8336034982703
59096	32.8336034982703
59118	32.8336034982703
59126	32.8336034982702
59184	32.8336034982702
59186	32.8336034982702
59190	32.8336034982702
59216	32.8336034982702
59262	32.8336034982702
59284	32.8336034982701
59288	32.8336034982701
59290	32.8336034982701
59308	32.8336034982701
59330	32.83360349827
59332	32.83360349827
59356	32.83360349827
59376	32.83360349827
59432	32.83360349827
59436	32.8336034982700
59484	32.8336034982699
59498	32.8336034982699
59506	32.8336034982699
59514	32.8336034982699
59558	32.8336034982699
59578	32.8336034982699
59594	32.8336034982698
59600	32.8336034982698
59618	32.8336034982698
59628	32.8336034982698
59648	32.8336034982698
59662	32.8336034982698
59664	32.8336034982698
59690	32.8336034982698
59700	32.8336034982697
59736	32.8336034982697
59786	32.8336034982697
59800	32.8336034982697
59814	32.8336034982697
59872	32.8336034982697
59876	32.8336034982696
59894	32.8336034982696
59898	32.8336034982696
59952	32.8336034982696
59958	32.8336034982696
59976	32.8336034982696
59998	32.8336034982696
60064	32.8336034982696
60078	32.8336034982695
60086	32.8336034982695
60120	32.8336034982695
60132	32.8336034982695
60142	32.8336034982695
60214	32.8336034982695
60280	32.8336034982694
60298	32.8336034982694
60316	32.8336034982694
60330	32.8336034982694
60340	32.8336034982694
60376	32.8336034982694
60414	32.8336034982694
60492	32.8336034982694
60498	32.8336034982694
60512	32.8336034982694
60518	32.8336034982693
60564	32.8336034982693
60616	32.8336034982693
60642	32.8336034982693
60728	32.8336034982693
60752	32.8336034982693
60786	32.8336034982693
60806	32.8336034982693
60856	32.8336034982692
60858	32.8336034982692
60908	32.8336034982692
60920	32.8336034982692
60934	32.8336034982692
61090	32.8336034982692
61100	32.8336034982692
61122	32.8336034982692
61136	32.8336034982692
61168	32.8336034982692
61186	32.8336034982692
61212	32.8336034982692
61228	32.8336034982692
61286	32.8336034982692
61306	32.8336034982691
61340	32.8336034982691
61376	32.8336034982691
61394	32.8336034982691
61400	32.8336034982691
61460	32.8336034982691
61498	32.8336034982691
61586	32.8336034982691
61616	32.8336034982691
61646	32.8336034982691
61704	32.8336034982691
61806	32.8336034982690
61832	32.8336034982690
61906	32.8336034982690
61970	32.833603498269
61972	32.833603498269
62028	32.833603498269
62108	32.833603498269
62122	32.833603498269
62184	32.833603498269
62202	32.8336034982690
62238	32.8336034982690
62310	32.8336034982689
62428	32.8336034982689
62460	32.8336034982689
62464	32.8336034982689
62508	32.8336034982689
62574	32.8336034982689
62658	32.8336034982689
62790	32.8336034982689
62810	32.8336034982689
62840	32.8336034982689
63168	32.8336034982689
63316	32.8336034982689
63484	32.8336034982689
63554	32.8336034982688
63588	32.8336034982688
63802	32.8336034982688
64100	32.8336034982688
64466	32.8336034982688
65102	32.8336034982688
66848	32.8336034982688
77708	32.8336034982688
119144	32.8336034982688
205858	32.8336034982688
251596	32.8336034982688
285100	32.8336034982688
292422	32.8336034982688
300000	32.8336034982688
