52	532.26141875843
56	454.75652804687
58	403.232694894135
62	388.137301087938
108	381.716546190786
130	345.829122535487
144	335.358279009599
156	308.481287868252
262	282.708700767043
316	244.891459213889
968	230.585137151567
1634	225.542935318385
2432	193.736761985135
4250	183.921640243822
4354	162.167171794198
4522	155.97614003607
4558	147.147711658075
4624	126.236866701653
4648	109.540220472120
4756	100.481343032586
4774	98.8263235328542
4800	96.933016024914
4804	91.0292978586412
4850	88.0435614419318
4852	84.7195615270796
4906	80.3129531136666
4908	79.0403055235338
4942	72.5302756460673
5016	72.4356970100603
5018	70.2671922729551
5064	69.9978491607893
5088	68.1363632455225
5104	67.9935017020407
5114	67.9813465087297
5128	67.2574688433472
5144	66.8940568491638
5160	66.6681868369442
5180	66.1778784457496
5194	65.6258244097016
5206	65.4385389322133
5222	65.2097917138638
5228	65.1270129388452
5234	65.018331217291
5238	63.6581514779118
5266	62.8329036952297
5286	61.9285038309313
5298	61.2585512277854
5300	58.8558436553240
5332	57.7859539459508
5350	57.6825357192126
5354	56.6497673780821
5374	55.982001393603
5404	55.8128176505885
5408	55.3813641357022
5438	54.9690490887622
5452	54.9487815706953
5468	54.7824129118009
5476	54.1409227304947
5478	53.8580296434034
5484	53.0092338405167
5494	52.9344460528695
5500	52.2412428114175
5506	52.0667005068266
5510	51.23657380275
5518	51.0479725354508
5524	50.7648983198103
5526	50.2840477584239
5540	49.5747960842735
5586	49.4661891780761
5606	49.3892426967466
5614	48.9088844099726
5638	48.7370293757326
5646	48.5540365617724
5648	48.5149797370229
5654	48.2970208130928
5672	48.2954140615361
5678	47.4422529150873
5714	47.3388671345544
5724	46.7573015437326
5736	46.6982157536957
5752	46.4888753851745
5776	46.3208896312545
5780	45.8873723259834
5806	45.6229708005152
5814	45.3332438193368
5820	45.2401486203769
5828	45.0236228093469
5840	44.7387867528778
5846	44.3544757145514
5868	44.2008033626842
5874	44.1318374035583
5878	43.8152605207338
5890	43.8036023062642
5922	43.2562825985439
5944	42.8392257633544
5954	42.4412462343679
5956	42.3546674547811
5984	42.3169312286339
5986	41.5186670209781
6010	41.3369413246212
6024	41.3186785684083
6030	41.2252018686586
6042	40.9427091202233
6056	40.9131959507111
6068	40.8872952776460
6084	40.4558824058333
6104	40.4334217028662
6110	40.2867552311685
6118	40.1933700238364
6128	39.8376162943758
6170	39.8246670474285
6194	39.6487322802554
6246	39.6448455810297
6254	39.6399401336961
6258	39.4354996101327
6260	39.1772147494111
6286	39.1663161587432
6290	39.0575591088795
6294	39.0532424016708
6306	39.0018404896419
6310	38.9505566768240
6322	38.8245709349113
6330	38.7018777329068
6332	38.6631002042101
6352	38.5247244149527
6364	38.4753015533652
6384	38.2606924092249
6402	38.2549329910793
6404	38.2464323984094
6412	38.0829158114278
6414	38.0036451283836
6426	37.9557089542630
6436	37.916183508944
6446	37.9005750939802
6462	37.8055812197013
6476	37.654509275432
6484	37.6213108691789
6488	37.5740023896985
6510	37.5511535544086
6530	37.5165249842374
6534	37.4275949251334
6544	37.4272481454763
6552	37.2636270724393
6558	37.1692618262143
6582	37.0957263083861
6596	37.0889908728925
6608	37.0854104168102
6614	37.0612224513968
6616	37.0378436922238
6620	37.0317313027834
6622	37.0315521024215
6624	36.9575863374404
6628	36.9065731647235
6630	36.9032444116245
6632	36.8348997020459
6638	36.7710489372175
6654	36.6124749512459
6686	36.4924617432311
6700	36.4858773502278
6710	36.4442353143851
6726	36.38987265455
6728	36.2990335427178
6756	36.2092416849974
6764	36.1474396105171
6766	36.1244310328300
6776	36.0805754536462
6782	35.952744398011
6788	35.9155874018617
6794	35.8625811362793
6800	35.7893735959324
6812	35.6489566900765
6862	35.6243504817118
6874	35.6167463372593
6880	35.4675604296462
6898	35.4496289516027
6910	35.4369054326426
6912	35.413431385542
6948	35.4131535862065
6964	35.2936935403968
6982	35.2661748616520
7000	35.2498038550571
7008	35.175732624806
7046	35.1309954110257
7064	35.1191259429671
7074	35.0552370694412
7096	35.0539042791432
7108	35.0149234883916
7114	35.0032091520364
7116	34.9865846253746
7122	34.9835245573741
7126	34.973498308395
7128	34.9573666033701
7148	34.8994810614583
7154	34.8637168235391
7156	34.8621881834461
7164	34.8260442317045
7166	34.8166930164611
7174	34.6909671500222
7196	34.6436283986789
7200	34.5980031071141
7204	34.5517918303120
7210	34.4275039353997
7238	34.4214353335263
7246	34.3867643621895
7262	34.3817994833329
7266	34.3262965727205
7270	34.3229308329529
7278	34.3177367002074
7286	34.2072041701464
7290	34.1652293424295
7318	34.1198388460349
7324	34.0586163845803
7334	34.0485510107349
7360	34.024076571079
7362	33.8562785772291
7384	33.7293936378344
7404	33.7024394379279
7426	33.6113725862362
7438	33.5794408620505
7456	33.5063344997561
7466	33.4956184699101
7474	33.4718977943277
7476	33.3819142684215
7486	33.2672352763926
7496	33.1494098510584
7504	33.1015410746961
7518	33.0645608746768
7534	32.8372392338847
7562	32.7984803175303
7568	32.7383224176404
7572	32.5584657665284
7576	32.5141433509903
7584	32.5136916157391
7588	32.4980161030896
7590	32.4668210591007
7592	32.2867841136973
7604	32.2173674022320
7620	32.2160792254286
7630	32.1489143729300
7642	32.0635792182768
7678	31.9808800118987
7714	31.9465252872630
7732	31.9266922892451
7734	31.9193856166203
7750	31.8880014052484
7760	31.8675234008047
7770	31.8581421505049
7784	31.8165127447083
7796	31.7646469291725
7800	31.7145947962194
7804	31.6824876243095
7810	31.6132474230979
7840	31.5918268378682
7870	31.5548932927428
7874	31.5447748493828
7900	31.5279448644211
7904	31.5216927269822
7908	31.5165963562218
7928	31.4924111460375
7938	31.4630511859006
7956	31.4598586340685
7966	31.446733820792
7974	31.4405238277791
7994	31.4343881487453
8016	31.4314318718690
8036	31.4243277491084
8040	31.3968021374723
8072	31.3941115099105
8078	31.3896297052686
8080	31.3816290488768
8106	31.3795175390859
8114	31.3550328496575
8118	31.3401996848873
8134	31.3288494656196
8140	31.3280196622123
8150	31.3276932271333
8174	31.3152225529297
8180	31.3014286565362
8186	31.2829265366628
8196	31.2577761888573
8232	31.2534999585884
8242	31.2318449312196
8248	31.2065495221874
8250	31.1956753282384
8264	31.1918385317476
8266	31.1902272884903
8270	31.1364027856657
8290	31.1170687561337
8292	31.1061269560364
8296	31.1048037076707
8300	31.1038958579764
8302	31.0812045689713
8310	31.0453650963077
8322	30.9992324692151
8348	30.9915691091083
8352	30.9767504630487
8372	30.9737893746295
8376	30.9603386727142
8378	30.9432513323123
8380	30.9251887546072
8392	30.9065714975577
8396	30.8839058130596
8416	30.8811851900122
8422	30.8755157441070
8426	30.8754776355384
8432	30.8686816917893
8436	30.8662967600787
8440	30.8525609075440
8444	30.8494751681841
8446	30.824471279106
8464	30.8196651699811
8474	30.8090472339680
8486	30.7817199409784
8504	30.7813530671323
8512	30.7555466340414
8522	30.7524846426114
8528	30.7448794913252
8530	30.7065712174418
8532	30.6831098511538
8536	30.635312841295
8584	30.6178323661967
8590	30.5880618879604
8614	30.5835896558661
8624	30.5441561214301
8632	30.5395070489088
8636	30.5174617592908
8644	30.5111780696038
8664	30.5001888845716
8668	30.4951116195254
8670	30.4873301380283
8678	30.4474183604116
8696	30.4334119591519
8702	30.4140810684569
8714	30.3922692592055
8724	30.3666888065123
8730	30.3481013148005
8746	30.3337947012314
8754	30.3293737881222
8780	30.2716999399436
8852	30.2661584305995
8856	30.2581233668524
8872	30.2239298945966
8928	30.1909652231791
8966	30.1867809786025
8988	30.1752177832535
9000	30.1724183301837
9002	30.1716919877355
9016	30.1692652192826
9020	30.1658610254227
9022	30.1579460156716
9038	30.1328824254816
9066	30.1157308787822
9102	30.1134714397900
9104	30.1046265495309
9118	30.1020777509642
9130	30.1019620984274
9136	30.1014079605916
9138	30.0768882129301
9156	30.0741446951434
9184	30.0692470979284
9196	30.0565765309606
9250	30.0476927215359
9272	30.0423489882359
9282	30.0400450154499
9284	30.0396517356166
9314	30.0323006156900
9324	30.0295098544349
9334	30.0258799563503
9350	30.0206595955691
9370	30.0154959709017
9392	30.0099088920406
9398	30.0009405496431
9400	30.0006594188109
9424	29.9961951858138
9428	29.9886539359843
9430	29.9841309272384
9436	29.9739735334251
9442	29.9715312854353
9446	29.9659206310773
9450	29.9618097775203
9456	29.9518602928592
9468	29.9285650114865
9478	29.923854645993
9492	29.9076570263469
9502	29.9076383098504
9506	29.9036397816152
9520	29.8923991920717
9540	29.8884624607733
9552	29.8852514008844
9598	29.8829364915517
9616	29.8785926342082
9618	29.8695337305443
9632	29.8679275699732
9634	29.8534280978286
9640	29.8514682149502
9646	29.8407557274030
9648	29.8318805437114
9662	29.8287018080503
9666	29.8202849055959
9670	29.819767531152
9674	29.8035788473733
9710	29.7986382108899
9714	29.7940983019472
9720	29.7901047527163
9722	29.7632653376613
9758	29.7622831231264
9762	29.7497825828139
9776	29.7496389996837
9780	29.7405744477684
9788	29.7268336360132
9794	29.7179671958849
9816	29.7151580170583
9824	29.7137447186411
9828	29.6955396024841
9834	29.6790048778518
9838	29.6769022920755
9842	29.6651490785685
9850	29.6615056437018
9866	29.613813909615
9890	29.6110146632130
9894	29.5986682324370
9930	29.5860048043646
9948	29.5858803279991
9968	29.5852193961462
9970	29.5802305183827
9976	29.5792239492872
9978	29.5764893462766
9980	29.5755078738958
9998	29.5706476281432
10020	29.5656528776781
10036	29.5591671604259
10058	29.5544994073802
10106	29.5512238429777
10108	29.5451472829098
10134	29.5413138057002
10150	29.5387334546083
10162	29.5352978829617
10190	29.5328634795687
10218	29.5285893020722
10238	29.5269287605465
10244	29.5238941877485
10256	29.5111827878571
10280	29.5040005090412
10284	29.5039828148016
10292	29.5029819533086
10294	29.4989061557463
10296	29.4964123762182
10306	29.4926326056013
10320	29.4864326801637
10380	29.4752112363412
10384	29.4717567302214
10408	29.4695044416809
10414	29.4648769350017
10420	29.451603002062
10442	29.4482468239738
10472	29.4477816066157
10478	29.4399617232782
10498	29.4390114025775
10508	29.4330872565542
10516	29.430338881185
10532	29.4283372951723
10564	29.4277435551069
10568	29.4269382526475
10570	29.4221034506139
10574	29.4219581830346
10590	29.4168431951922
10604	29.4142658150406
10636	29.4070940112946
10640	29.4063049211718
10644	29.4037762081423
10658	29.398201801147
10690	29.3945673581783
10706	29.3889455194875
10710	29.3875294830943
10712	29.3796704920404
10716	29.3730709354689
10740	29.3720487208337
10754	29.3677238253545
10756	29.3663272790386
10762	29.3662497804953
10770	29.3661849956876
10782	29.3656333110196
10794	29.3647459085743
10798	29.3635274292129
10800	29.3608006300694
10804	29.3597832931097
10810	29.3572062552433
10812	29.3550691275963
10832	29.3516696434678
10840	29.3511233849069
10878	29.3489397255120
10880	29.3469771230140
10906	29.3464740459619
10922	29.3461483969063
10942	29.3451162149008
10948	29.3432749644863
10990	29.3431092867262
10994	29.3415982789226
10998	29.3407211015773
11030	29.3396203802444
11040	29.3387722619152
11062	29.3384493083752
11066	29.3376032698669
11076	29.3361148806344
11102	29.3348842084407
11108	29.3344466915359
11110	29.3328626649094
11120	29.3324898735257
11122	29.3298260475555
11126	29.3298139474431
11130	29.3292006144019
11162	29.3279759067859
11164	29.3255782798216
11170	29.3240597722437
11182	29.3236773076498
11198	29.3204550679442
11208	29.3200203291744
11212	29.3192254088917
11222	29.3185031952881
11230	29.3148504317933
11234	29.311397247933
11242	29.309451825993
11254	29.3060727586869
11256	29.3052809093018
11260	29.3051179575416
11272	29.3038003736959
11284	29.2978760367854
11320	29.2973280934287
11322	29.2952375716998
11332	29.2948475837077
11354	29.2933364807106
11356	29.2927016005479
11362	29.2907198368365
11370	29.2898743745048
11376	29.2891921578309
11378	29.2874752229076
11382	29.2855387739786
11394	29.2791002632143
11400	29.274591898791
11416	29.2701828047312
11440	29.2629385101967
11466	29.2561408092101
11486	29.2552172749143
11492	29.2531123994611
11498	29.2517104759615
11502	29.2516647228507
11508	29.2490177872288
11520	29.2481959809363
11522	29.2459966764049
11544	29.2424355343589
11546	29.2368965341046
11564	29.2322336580735
11572	29.2244989791758
11586	29.2244663217288
11592	29.2175751604251
11602	29.2172239410102
11608	29.2114205478016
11610	29.2046517307815
11646	29.1980081027651
11674	29.1978788202794
11688	29.1956295424271
11702	29.1914781027032
11720	29.1907559372118
11724	29.1890820216719
11726	29.1880683310784
11728	29.1866080701044
11740	29.1821204015378
11752	29.1810900234908
11760	29.1804179774537
11762	29.1783441717961
11766	29.1748561298454
11776	29.1737357190812
11780	29.1733412968421
11784	29.1703325703965
11788	29.1691721465656
11790	29.1691363268610
11804	29.1655327179781
11810	29.163129728351
11840	29.1541506888955
11864	29.1509318395332
11898	29.1417901757993
11900	29.1409626191786
11906	29.1403677271084
11944	29.1403024213594
11948	29.1298647117639
11962	29.1296608598450
11972	29.1230162092998
12008	29.1168583041963
12018	29.1159714150681
12020	29.1142633596398
12024	29.1117443810484
12032	29.10758327742
12034	29.1065783105064
12056	29.1061839144252
12060	29.1035032473293
12068	29.0960629792299
12072	29.0893046895235
12114	29.0880776125410
12120	29.0847081667097
12138	29.0838266475724
12154	29.0813431583331
12214	29.0803035560927
12236	29.0801080608761
12240	29.0793063721234
12288	29.0791184340631
12296	29.0785915333643
12304	29.0778119988745
12314	29.0766082329993
12320	29.0766050296869
12324	29.0746955056093
12346	29.0724840433206
12358	29.0715245465176
12370	29.0715111655496
12374	29.0706977460418
12384	29.0706049856914
12392	29.0698915788929
12398	29.0689863710812
12420	29.0674194882488
12426	29.0657208412476
12450	29.0655651516345
12452	29.0651927176032
12456	29.0648137084276
12470	29.0637313962221
12472	29.0622907766298
12478	29.0616287640643
12502	29.0615883667816
12506	29.0613026678956
12514	29.0605330101774
12526	29.058852507179
12532	29.0584894365584
12536	29.0579373625118
12538	29.0547170217505
12606	29.0544572642812
12608	29.0536230767833
12622	29.0526187525424
12630	29.0524299439135
12636	29.0516838351040
12638	29.0499179514495
12644	29.0495622025028
12654	29.0487152478336
12662	29.0476440334081
12664	29.0467622272830
12666	29.0464129865873
12668	29.0451820301413
12670	29.0442734414108
12672	29.0409778842358
12680	29.039668028772
12694	29.0375811611160
12704	29.0357267021123
12722	29.0349739421508
12724	29.0319030914377
12732	29.0317775090627
12740	29.0289587592565
12748	29.0281692328792
12752	29.0261948962974
12754	29.0257737038157
12782	29.0239614731489
12784	29.0237025588770
12790	29.0207017808899
12816	29.0204684732059
12824	29.0161250593677
12836	29.0145189134194
12856	29.0140293501887
12864	29.0101171563370
12884	29.0097477728285
12894	29.0091213078057
12914	29.0090039385422
12926	29.0063568651395
12932	29.0062665189750
12934	29.0060275957911
12950	29.0057840829844
12958	29.0056482895837
12976	29.0051008130005
12978	29.0046519535937
12980	29.0036837701431
12998	29.0035031459327
13008	29.0034244510517
13020	29.0018831565351
13028	29.0009998165937
13030	29.0006113886386
13046	29.0002125831205
13048	28.9994789810928
13062	28.998841789579
13070	28.9986792795803
13082	28.9971179218625
13106	28.9958407479127
13120	28.9942600268481
13134	28.989513025113
13156	28.9877383859602
13178	28.9865934393451
13188	28.9855734815695
13194	28.9847311138081
13234	28.984723345898
13240	28.9846779637661
13248	28.9833193850806
13260	28.9832884247016
13262	28.9822824346129
13276	28.9811726193667
13292	28.9787170616185
13294	28.9782581516950
13308	28.9774716161578
13310	28.9772519835162
13318	28.9755709824672
13332	28.9754961311397
13338	28.9753345182393
13342	28.9742528099852
13344	28.9733011424042
13350	28.9712447331094
13360	28.9710659931351
13366	28.9699839430235
13374	28.9692790672944
13386	28.9679813189970
13398	28.9676475822403
13404	28.967398195822
13412	28.9672447230667
13418	28.9666148023929
13426	28.965650079238
13468	28.9651096167068
13492	28.9651072711056
13498	28.9649684033184
13502	28.9646978350264
13512	28.9637352444775
13526	28.9636880291751
13532	28.9630298448771
13536	28.9625914986829
13546	28.9618783128659
13562	28.9615889339835
13574	28.9612194276474
13586	28.9593724014387
13608	28.9585112146873
13616	28.9560094463212
13634	28.9521695195874
13650	28.951975588636
13660	28.9500983098146
13678	28.9479123579488
13688	28.9472792792469
13698	28.9466614453770
13716	28.945524398404
13718	28.9439920948683
13730	28.9424003163218
13746	28.9393601224778
13780	28.9379571326192
13788	28.9376339108690
13792	28.9368514946637
13794	28.9345086818832
13800	28.9326658672272
13840	28.9314882681722
13868	28.9310359538790
13874	28.9307236802301
13876	28.9307194745077
13878	28.9291439755927
13902	28.9283013023046
13938	28.9268222951785
13948	28.9266271979844
13952	28.9262827191146
13954	28.9262052853708
13962	28.9254437633854
13980	28.9239792115444
14002	28.9236465743541
14004	28.9227336812351
14012	28.9220750388211
14020	28.9219590533963
14032	28.9204053249102
14048	28.9196702231790
14052	28.9189775467625
14068	28.9188690451668
14098	28.9186182878776
14102	28.9177978110094
14122	28.9173893318934
14124	28.9162605551547
14142	28.9155535089787
14148	28.914801175192
14160	28.9143141656118
14172	28.9133495037936
14180	28.9130268704243
14202	28.9124001582087
14224	28.9118737789456
14232	28.9117657270388
14246	28.9113016159707
14250	28.9107390594478
14254	28.9096875556348
14262	28.9092369976377
14274	28.9090809064698
14278	28.9089143860592
14286	28.9085525117681
14288	28.908107192594
14306	28.9078111628782
14308	28.9078005098785
14310	28.9076064046477
14316	28.9075454265997
14326	28.9073372814775
14328	28.90686071371
14342	28.9066636158632
14344	28.9064344731531
14354	28.9057561462358
14356	28.904812712218
14380	28.9042197046782
14384	28.9030274485579
14400	28.9017806538971
14410	28.9010358687423
14430	28.9003773393254
14432	28.9000850541009
14456	28.9000171694526
14460	28.8995560911584
14466	28.8993050077475
14472	28.8991703069773
14476	28.8986717025292
14482	28.8985808501676
14492	28.8981254578588
14520	28.8977678124888
14522	28.8976601075949
14534	28.8974484238841
14538	28.8972597266186
14548	28.8971947994622
14556	28.8971437970878
14572	28.8965905983374
14580	28.8955318734566
14628	28.8948522524692
14662	28.8946305756468
14684	28.8943944791262
14694	28.8943344085679
14702	28.8941280450542
14706	28.893938674637
14718	28.8936618043075
14730	28.8934821971699
14748	28.8934496900076
14756	28.8931354626495
14758	28.8927438519664
14772	28.891691823052
14788	28.8911182084185
14822	28.8907537677252
14852	28.8905766885478
14868	28.8902039626371
14886	28.8901264521621
14902	28.8894168501317
14912	28.8887506919867
14918	28.8885371600034
14930	28.8878841848492
14962	28.8877458859635
14970	28.887713979419
14972	28.8874963140759
14974	28.8873866752956
14986	28.887280298151
14996	28.8869804365424
15010	28.8869740365864
15014	28.8864509752353
15020	28.8861106365947
15030	28.8860433484762
15040	28.8859986991562
15042	28.8859838295994
15048	28.8856829672523
15058	28.8855000511661
15062	28.8854392175993
15068	28.8850781043877
15078	28.8849385532313
15080	28.8846973380452
15088	28.8844612215660
15102	28.8843046604662
15104	28.8841999655909
15114	28.8839545660317
15140	28.8839169415722
15148	28.8834894742312
15172	28.883232898974
15194	28.8831827954699
15198	28.8830856828537
15208	28.8826320288914
15232	28.8823300043824
15244	28.8821381913564
15266	28.88181745942
15274	28.8815041610045
15296	28.8813246722519
15302	28.8811864480332
15304	28.8806006259594
15344	28.8802726322211
15354	28.8797304778308
15384	28.8796525042118
15434	28.879488261287
15450	28.8793247855513
15456	28.8792809180854
15462	28.8790141603387
15482	28.8788552389154
15492	28.8787216828398
15520	28.8781788604192
15524	28.8781173509255
15538	28.8779332281098
15544	28.8778214514447
15558	28.8778124329673
15562	28.8775610016544
15576	28.8773834575725
15582	28.8772760560287
15590	28.8770165740429
15596	28.8768126673630
15598	28.8766568465224
15614	28.8763753387417
15630	28.8760260560005
15670	28.8759366017824
15676	28.8757086613257
15680	28.8755313582032
15682	28.8753901430914
15700	28.8753895021031
15714	28.8752772208110
15734	28.8752550434840
15756	28.875045738204
15766	28.8749447921684
15768	28.8748962263610
15788	28.8748429127604
15816	28.8748077253702
15838	28.8746954544064
15848	28.8746180124586
15860	28.87456187483
15880	28.874523848427
15888	28.8744375425061
15898	28.8744344843673
15912	28.8743493759797
15926	28.8743049171545
15930	28.8742511254426
15936	28.8742252356732
15950	28.8741347893442
15964	28.8741046412911
15970	28.8740593331187
15982	28.8739476518256
16000	28.8739435658084
16010	28.8738820272777
16026	28.8738172556857
16030	28.8738018655741
16040	28.8737131909456
16042	28.8735657930497
16078	28.8734815486700
16102	28.8734722440189
16104	28.8733651713354
16126	28.8733050138179
16138	28.8732008531854
16144	28.8731047062436
16152	28.8727981503205
16168	28.8727617333196
16172	28.8726575029829
16174	28.8725563067937
16180	28.872522800325
16188	28.8724285659921
16208	28.8724229601233
16214	28.8723075266103
16218	28.8721363457732
16234	28.8720692062528
16238	28.8720636198103
16240	28.8718885247215
16244	28.8717192244746
16254	28.8711914022015
16268	28.87105953679
16274	28.871047665585
16282	28.8708007048713
16300	28.8704779267750
16322	28.8701966773997
16324	28.8699470957038
16360	28.8695627170632
16374	28.8694332306199
16386	28.8692971116461
16390	28.8688929359897
16402	28.8688705046276
16420	28.8688079306068
16428	28.868788455013
16430	28.8686503460366
16438	28.8686197514769
16460	28.8686043286964
16468	28.8685158824601
16470	28.8680484457381
16476	28.8679730046565
16480	28.8677333647923
16504	28.8677043413473
16512	28.8675778200296
16542	28.8673183138010
16544	28.8671819719257
16560	28.8671545498249
16562	28.8670794159006
16568	28.8669399298832
16570	28.8669074995658
16598	28.866863649365
16602	28.8668346595339
16616	28.8666929633226
16622	28.8665691844394
16642	28.8664812922326
16652	28.8662091840675
16688	28.8661470784923
16690	28.8660153319771
16712	28.8659564458231
16738	28.8659109770326
16742	28.8657671333415
16744	28.8656126819649
16772	28.8655042377556
16782	28.8653549417025
16790	28.8652351564498
16818	28.8652253742901
16820	28.8651757833121
16838	28.8650857162418
16862	28.8648955200621
16878	28.8648253396136
16890	28.8647908027624
16896	28.8647325065626
16898	28.8646964522087
16902	28.8646235070241
16916	28.8644977365126
16924	28.8644259918797
16938	28.8643562942749
16942	28.8641078385913
16984	28.8639799949216
16996	28.8639124154194
17032	28.8638408422627
17036	28.863791477499
17054	28.8637854192403
17056	28.8636360215808
17062	28.8635863511928
17094	28.8635740427918
17098	28.8635568108446
17100	28.8635414862860
17118	28.8634779410144
17126	28.8634667958715
17136	28.8633714142804
17176	28.8633046540461
17178	28.8632398851529
17182	28.8632010385302
17186	28.86313426676
17202	28.8630016338709
17228	28.8629625065383
17230	28.8629126487535
17264	28.8628850235199
17276	28.8627532636899
17278	28.8627144060912
17288	28.8627019250666
17296	28.8626769813958
17298	28.8626744935087
17306	28.8625257312011
17322	28.8624973968374
17346	28.8624495880856
17356	28.8624101950017
17370	28.8622722374870
17380	28.8622531824717
17388	28.862221736912
17396	28.8621489268865
17426	28.8621479992174
17434	28.8621282081653
17440	28.8620791877673
17448	28.8620449982095
17454	28.8620184463689
17492	28.8619874813732
17520	28.8619498962662
17524	28.8618400485751
17552	28.8617931020149
17556	28.8617774928018
17560	28.8617322073056
17574	28.8617273008279
17578	28.8616210149939
17600	28.8615665481326
17610	28.8614843217583
17612	28.8613605973498
17650	28.8612992786687
17672	28.8612927594317
17674	28.8612795832397
17680	28.8612680050392
17684	28.8612670883853
17692	28.8612038776081
17694	28.8611913561285
17696	28.8611719745642
17702	28.8611673917946
17710	28.8611637491001
17718	28.8611594698621
17722	28.8611313197672
17730	28.8610896087004
17748	28.8610564573646
17766	28.8610299944342
17780	28.8610065572573
17786	28.8610008085777
17794	28.8609968169359
17800	28.860993236781
17806	28.8609655423483
17816	28.8609562442418
17820	28.8609422331953
17822	28.8609184355216
17836	28.8609095607662
17840	28.8609074610941
17862	28.8609003008496
17872	28.8608757276134
17876	28.8608736829910
17896	28.8608632151675
17906	28.8608066850722
17926	28.8608004611060
17936	28.8607819068666
17938	28.8607597831394
17948	28.8607419872573
17956	28.8607357119649
17962	28.8607300230949
17972	28.860715694036
17982	28.860703712674
17996	28.8606946643406
18010	28.8606848594277
18034	28.8606720391952
18044	28.8606683188405
18046	28.8606607948230
18050	28.8606558600559
18054	28.8606495668120
18056	28.8606001747014
18076	28.86055891139
18100	28.8605338118577
18106	28.8605136364494
18124	28.8604994079004
18130	28.8604719690758
18148	28.8604621312315
18150	28.8604427914698
18154	28.8604266904969
18164	28.8604057359345
18172	28.8604013532410
18186	28.860393025374
18206	28.8603888444546
18216	28.8603804771548
18236	28.8603640766654
18254	28.8603359360331
18266	28.8602981578604
18268	28.8602770052822
18270	28.8602761310291
18294	28.8602471146428
18322	28.8602310496735
18326	28.8602210165197
18328	28.8602032153327
18336	28.8602016834231
18370	28.8601989586400
18372	28.8601909621429
18394	28.8601662721968
18408	28.8601598153307
18454	28.8601562036598
18466	28.8601549870025
18470	28.8601406818159
18498	28.8601376599772
18502	28.8601331347057
18512	28.8601210936118
18518	28.8601040682301
18520	28.8600856166610
18546	28.8600786715788
18548	28.8600776823975
18576	28.8600755167134
18586	28.8600617245542
18606	28.8600556323050
18616	28.8600509020118
18620	28.8600441340403
18626	28.8600413292725
18630	28.8600376632565
18632	28.8600249046911
18634	28.8600202082811
18648	28.8600074716602
18654	28.8599969415421
18658	28.8599849093997
18674	28.8599800540895
18686	28.859974693568
18704	28.8599614213950
18720	28.859941507631
18728	28.8599411266276
18740	28.8599276948726
18742	28.8599218873371
18744	28.8599098743975
18752	28.8598768546626
18756	28.8598618870458
18780	28.8598468967993
18790	28.8598442797501
18792	28.8598307140921
18796	28.8597955736245
18800	28.8597811011823
18814	28.8597778829921
18828	28.8597694540825
18834	28.8597194420301
18850	28.8597116818888
18868	28.8597102235141
18876	28.8596955376113
18884	28.8596838315407
18892	28.8596689126732
18898	28.8596444200633
18902	28.8596411451636
18918	28.8596353405140
18922	28.8596311770371
18924	28.8596087841254
18928	28.8595962065475
18930	28.8595886407758
18948	28.8595685441629
18960	28.8595635140526
18962	28.8595172136306
18970	28.8595108522587
18976	28.8594718385332
19020	28.859439531246
19042	28.8593735573062
19078	28.8593606648247
19090	28.8593470090782
19114	28.8593412786606
19118	28.8593322896445
19126	28.8593011310203
19140	28.8592944559302
19142	28.8592591504274
19160	28.8592368974438
19200	28.8592185486208
19202	28.8591970522753
19208	28.8591776423496
19222	28.8591548626359
19244	28.8591357459568
19260	28.8591245763084
19266	28.8591176157786
19270	28.8591082653413
19274	28.8590810072303
19284	28.8590775848982
19302	28.8590722652227
19308	28.8590685075291
19326	28.8590669403950
19330	28.8590658954147
19344	28.8589913261115
19358	28.8589743109887
19410	28.8589604471898
19412	28.8589600344131
19426	28.8589444693927
19444	28.858941694656
19458	28.8589313183182
19470	28.8589230530212
19504	28.8588968612303
19520	28.8588926045213
19536	28.8588732982693
19548	28.858855952108
19566	28.8588514799621
19576	28.8588514467135
19578	28.8588504377146
19584	28.8588421003150
19594	28.8588388550074
19596	28.8588294300287
19602	28.8587997266160
19612	28.8587786407536
19614	28.8587487320708
19630	28.8587444231824
19638	28.8587288899464
19640	28.858723910958
19648	28.8587205463190
19654	28.8587138100749
19668	28.8587129592464
19672	28.8586695511781
19716	28.8586617039706
19728	28.8586303374735
19730	28.8586118774154
19734	28.8586060194698
19748	28.8585978438021
19754	28.8585716462156
19766	28.8585317615835
19792	28.858502688078
19800	28.8584501802057
19806	28.8583861460111
19824	28.8583590004036
19842	28.8583272024452
19846	28.8583231687136
19848	28.858299474141
19854	28.8582921738026
19864	28.8582456302375
19878	28.8582344788041
19890	28.8582023510543
19908	28.8581963515383
19918	28.8581673703884
19924	28.8581113692215
19946	28.8581033724635
19948	28.8581014888474
19962	28.8580675088872
19978	28.8580427980717
19994	28.8580377142083
20002	28.8580254569847
20004	28.8580110124778
20010	28.8579870430288
20014	28.8579621011112
20016	28.857956984759
20026	28.8578574299412
20062	28.8578216936412
20070	28.8577993049044
20084	28.8577979135497
20086	28.8577953359185
20088	28.8577854713247
20096	28.8577175911949
20106	28.8576568006151
20108	28.8575763915827
20132	28.8575255228735
20142	28.857437019563
20144	28.8573412894097
20168	28.8573150351505
20194	28.8573083003399
20204	28.8572997159869
20210	28.8572127980700
20222	28.8571749785468
20234	28.8570766351673
20252	28.8570258549472
20266	28.8570183085811
20274	28.8569605577749
20294	28.8568482178581
20300	28.8568203448241
20304	28.8567268042387
20318	28.8567101009106
20330	28.8567002880970
20342	28.8566893535697
20362	28.8566837697580
20368	28.8566608902806
20372	28.8566597379077
20382	28.8566480412868
20404	28.8566125014587
20408	28.8566117482754
20412	28.8566103687491
20416	28.8565936177894
20424	28.8565797671987
20456	28.8565239040708
20496	28.8565219158601
20502	28.8565022447807
20506	28.8564785296268
20520	28.8564596745117
20538	28.8564519007146
20544	28.8563696283377
20564	28.8563565027287
20566	28.8563126297208
20574	28.8562679438115
20576	28.8562570506678
20598	28.8562537332002
20602	28.8562478712825
20616	28.8562012259874
20632	28.8561799197806
20638	28.8561679382284
20644	28.8561461643878
20670	28.8561226440011
20676	28.8561056487647
20688	28.8560825773805
20700	28.8560599575453
20718	28.856041135526
20724	28.8559751820008
20760	28.8559399014967
20780	28.8559348007462
20782	28.8559323913514
20788	28.8559291434866
20790	28.8559163590609
20804	28.8559043372677
20816	28.8558801665023
20822	28.8558743782948
20830	28.8558631467622
20852	28.8558489932471
20884	28.8558330602065
20904	28.8558243704511
20912	28.8558240953424
20916	28.8558238312077
20926	28.8558132040723
20934	28.8558094171772
20938	28.8557994903352
20940	28.8557957835946
20950	28.8557908075845
20952	28.855788049164
20954	28.855784776607
20956	28.8557818479025
20964	28.8557598598602
20982	28.8557167521752
20994	28.8557153173728
20996	28.8557139400677
21002	28.8557127167363
21010	28.8557025002071
21014	28.8556960345066
21022	28.8556730198089
21036	28.8556687885434
21044	28.8556359369565
21104	28.8556056629450
21124	28.8556005218177
21128	28.8555673528295
21164	28.8555563291186
21168	28.855553708126
21170	28.8555496065271
21172	28.8555292459661
21190	28.8555270602058
21192	28.8555223771924
21196	28.8555029311219
21202	28.8554648201049
21232	28.8554474928931
21234	28.8554463083271
21248	28.8554398237937
21258	28.8554395892583
21264	28.8554382269739
21270	28.8554334960272
21272	28.8554303286163
21274	28.8554221490859
21276	28.8553798321738
21280	28.8553798256138
21288	28.8553549907697
21290	28.8553468548612
21300	28.8553069649325
21326	28.8552724365429
21330	28.8552673109276
21332	28.8552056529469
21366	28.8552037678861
21370	28.8551250478889
21408	28.8551080513467
21438	28.8551058737953
21452	28.8551020085088
21456	28.8550839038124
21462	28.8550708198765
21472	28.8550386284711
21498	28.8550338510922
21502	28.8549961557909
21520	28.8549762165231
21522	28.8549594316409
21542	28.8549546226471
21546	28.8549284006725
21566	28.8549235244800
21578	28.8549011648955
21588	28.8548910197945
21602	28.8548860369780
21604	28.8548851741277
21606	28.8548424407849
21608	28.8548346568151
21638	28.8548291733359
21642	28.8548201180192
21660	28.8548005435616
21684	28.8547999340667
21686	28.8547645126471
21710	28.8547518172233
21726	28.8547482297122
21728	28.8547447456708
21738	28.8547303916517
21750	28.8547227967439
21758	28.8547118428610
21762	28.8546919945278
21770	28.8546905090039
21778	28.8546896456437
21794	28.854683760128
21804	28.8546835807476
21810	28.8546647282589
21842	28.8546547892562
21866	28.8546539066383
21870	28.8546485848232
21874	28.8546338818774
21896	28.8546331930236
21904	28.8546226719840
21930	28.8546168074187
21932	28.8546059923936
21934	28.8546003512679
21960	28.8545941114857
22014	28.8545845255744
22036	28.854583583278
22038	28.8545834249761
22042	28.8545772756436
22048	28.8545738319860
22060	28.8545731884667
22072	28.8545677342779
22078	28.8545616362471
22090	28.8545612105508
22096	28.8545580037397
22110	28.8545349455800
22124	28.8545237073753
22128	28.8545219210375
22144	28.854521235946
22152	28.8544842195333
22158	28.8544645799885
22160	28.8544461134941
22182	28.8544425913113
22186	28.854423690733
22218	28.8544236670152
22226	28.8543688813291
22232	28.8543595881681
22262	28.8543542861035
22290	28.8543489780846
22296	28.854340535866
22302	28.8543241537258
22306	28.8543177253846
22330	28.8542971448553
22334	28.8542908122489
22348	28.8542863042415
22368	28.8542848580543
22370	28.8542785972766
22386	28.8542750423394
22398	28.8542737611161
22400	28.8542721561049
22420	28.8542647699545
22438	28.8542569144731
22442	28.8542565620158
22458	28.8542483628867
22476	28.8542422658023
22488	28.8542408251538
22490	28.8542316241814
22510	28.8542248399513
22536	28.8542210993404
22544	28.8542175634031
22554	28.8542090275706
22556	28.8541934579565
22564	28.8541883345061
22584	28.8541804178363
22598	28.8541772150581
22610	28.8541698887980
22612	28.8541644542616
22620	28.8541640636685
22632	28.8541577824147
22636	28.8541576140934
22638	28.8541524503489
22656	28.8541496947583
22674	28.8541427954982
22696	28.8541370745856
22698	28.8541363122648
22704	28.8541221582415
22722	28.8541207695360
22762	28.8541160431828
22802	28.8541156784047
22816	28.854113391376
22830	28.854105862494
22848	28.8541047981692
22874	28.8541044403716
22878	28.8541023825612
22880	28.8540994244776
22896	28.8540947732310
22902	28.8540929360912
22936	28.8540921791634
22954	28.8540893258322
22984	28.8540891240806
22986	28.8540881458653
22992	28.854087878421
22998	28.8540866949365
23012	28.8540851799105
23018	28.8540826437256
23024	28.8540822943811
23032	28.8540816002697
23036	28.8540815818267
23038	28.8540804488788
23048	28.8540798096010
23058	28.8540793117453
23064	28.8540784482388
23068	28.8540779672242
23080	28.854076991503
23086	28.8540767763941
23100	28.8540765119399
23108	28.8540732448145
23120	28.8540731197855
23122	28.8540704516051
23126	28.8540703686499
23132	28.8540692388702
23138	28.8540688938682
23140	28.854066954529
23144	28.8540656737709
23166	28.8540652041810
23168	28.8540645277486
23180	28.8540643817450
23200	28.8540640355573
23206	28.8540639243179
23208	28.8540619264457
23214	28.8540604009036
23242	28.8540576769095
23252	28.8540558309886
23266	28.8540557319603
23268	28.8540553535945
23272	28.8540553262173
23274	28.8540537817159
23294	28.8540534205861
23298	28.8540504931676
23326	28.8540481149558
23336	28.8540429527579
23358	28.8540427500673
23368	28.8540418266384
23372	28.8540394117344
23382	28.8540391407714
23392	28.8540360278810
23402	28.8540340316982
23416	28.8540328725554
23430	28.8540322636507
23440	28.8540314802852
23462	28.8540312443423
23470	28.8540288519753
23472	28.8540284914685
23486	28.8540253844749
23488	28.8540237782611
23500	28.8540236935321
23514	28.8540227211421
23516	28.8540218525594
23528	28.854020153276
23540	28.8540197722306
23544	28.8540184269795
23560	28.8540177810942
23566	28.8540173846198
23568	28.8540149878667
23576	28.8540149771613
23582	28.8540147068178
23586	28.8540145232619
23600	28.8540140352589
23606	28.8540127888304
23608	28.8540118543175
23616	28.8540107521915
23642	28.8540089428966
23646	28.8540085720632
23662	28.8540070268592
23672	28.8540069822813
23676	28.8540066250331
23682	28.8540056941804
23684	28.8540038973716
23686	28.8540033536174
23694	28.8540020075872
23718	28.8540018735874
23726	28.8540015675484
23730	28.8540015673425
23732	28.8539993220627
23734	28.8539969277534
23740	28.8539962344027
23750	28.8539957967074
23772	28.8539926035580
23778	28.8539912038713
23786	28.8539907214685
23802	28.8539900671286
23812	28.8539893083473
23814	28.8539884655477
23828	28.8539883477692
23852	28.8539847800819
23896	28.8539831559844
23908	28.8539819093971
23926	28.8539810523607
23934	28.8539780906822
23948	28.8539775105193
23962	28.8539763280126
23988	28.8539744786337
23998	28.8539744541095
24000	28.8539729707308
24012	28.8539728855597
24022	28.8539724785716
24030	28.8539724384551
24032	28.8539698491547
24060	28.8539685714238
24066	28.8539682434068
24074	28.8539658889233
24084	28.8539626274655
24140	28.8539621569057
24146	28.8539596784615
24156	28.8539584611098
24178	28.8539582384269
24202	28.8539577988829
24208	28.853957084025
24216	28.8539567870842
24226	28.8539555007336
24272	28.8539553905779
24282	28.8539540645477
24296	28.8539533568294
24304	28.8539516485026
24338	28.8539515606277
24348	28.8539512683504
24350	28.8539512464035
24358	28.853950563684
24364	28.8539502620402
24374	28.8539487634908
24394	28.8539477513196
24406	28.8539475651653
24422	28.8539473178991
24442	28.8539471530585
24458	28.8539465906125
24474	28.8539465321336
24498	28.8539463180263
24500	28.8539461013342
24518	28.8539457481493
24534	28.853945580119
24540	28.8539444707795
24562	28.8539442913295
24578	28.8539441579078
24582	28.8539438061620
24612	28.853943402163
24630	28.8539432163626
24644	28.8539427641034
24666	28.8539426378646
24668	28.8539425692439
24680	28.8539424912857
24686	28.8539424309551
24690	28.8539422819780
24696	28.8539418107439
24698	28.8539416454005
24702	28.8539415592462
24710	28.8539412012766
24712	28.8539410017688
24722	28.8539407979103
24738	28.8539404149737
24772	28.8539400716131
24794	28.8539399512354
24818	28.8539399027285
24822	28.8539397585547
24824	28.8539394144619
24832	28.8539390952111
24838	28.8539383554276
24848	28.8539373843367
24864	28.8539373224687
24878	28.8539367178185
24886	28.8539358615619
24888	28.8539337835657
24908	28.8539330479661
24930	28.8539330365934
24934	28.8539323448514
24938	28.8539319783484
24946	28.8539315482609
24952	28.8539301324504
24956	28.8539285859856
24958	28.8539280025154
24982	28.8539272987766
24988	28.8539259101418
24994	28.8539242353897
25024	28.8539236096378
25042	28.8539227556798
25062	28.8539220067771
25104	28.8539219643763
25112	28.8539212109763
25114	28.8539208120813
25118	28.8539185142144
25146	28.8539180141634
25172	28.8539172265472
25178	28.8539153884068
25220	28.8539151400815
25238	28.8539145529561
25244	28.8539142325965
25264	28.8539134321238
25270	28.8539132895759
25292	28.853913198466
25316	28.8539128194876
25322	28.8539127572907
25336	28.8539119113781
25356	28.8539115568308
25358	28.8539112375092
25366	28.8539108454266
25374	28.8539097164901
25390	28.8539081488801
25426	28.8539078351606
25430	28.8539077637454
25444	28.8539074169697
25448	28.8539073215616
25454	28.853906253484
25472	28.8539060873821
25486	28.8539055848519
25514	28.8539051064116
25532	28.8539049590666
25540	28.853904808393
25548	28.8539044041524
25550	28.8539037545834
25556	28.8539036517318
25570	28.8539032527966
25596	28.8539025182183
25622	28.8539024308971
25624	28.8539022424186
25630	28.8539019373947
25638	28.8539018463120
25642	28.8539014465449
25666	28.8539011213169
25676	28.8539009181977
25684	28.8539006262453
25690	28.8539002666935
25694	28.8539001712021
25696	28.8539000796106
25700	28.8538999012347
25710	28.8538982098924
25734	28.8538970309817
25746	28.8538969039395
25760	28.8538965521073
25802	28.8538964439176
25806	28.8538958152249
25812	28.8538953684822
25820	28.853894903791
25834	28.8538944047054
25844	28.8538943122653
25862	28.8538941334165
25890	28.8538940473285
25898	28.8538938624399
25912	28.8538938408915
25920	28.8538932397764
25934	28.85389296948
25938	28.8538927635687
25948	28.8538927390626
25960	28.8538924931141
25964	28.8538921858328
25986	28.8538921160081
26004	28.8538912217228
26008	28.8538911900409
26012	28.8538906726603
26026	28.8538897555861
26030	28.8538893096354
26048	28.8538883323113
26068	28.8538877490292
26074	28.8538873350220
26082	28.853887170127
26084	28.8538868971381
26092	28.8538868747791
26094	28.8538866706789
26096	28.8538859821752
26102	28.8538854043442
26106	28.8538848150838
26118	28.8538846365291
26130	28.8538842039483
26132	28.8538836446875
26136	28.8538833304728
26146	28.8538828022654
26154	28.8538815516390
26180	28.8538815363556
26202	28.8538814070123
26220	28.8538810643424
26230	28.8538809888668
26232	28.8538807103060
26250	28.8538806254594
26282	28.85388005109
26286	28.8538797128457
26302	28.8538795730858
26308	28.8538792109877
26314	28.8538789735944
26326	28.8538785838764
26360	28.8538785084351
26366	28.8538782026888
26384	28.8538778400356
26388	28.8538773646545
26402	28.8538773398230
26408	28.8538773276963
26418	28.8538771162663
26426	28.8538765287849
26428	28.8538758793060
26430	28.8538752453215
26434	28.8538746868712
26450	28.8538744647268
26468	28.8538740948791
26474	28.8538737371119
26480	28.8538736193289
26488	28.853873068555
26502	28.8538730641377
26506	28.8538726151371
26516	28.8538721995191
26518	28.8538711759067
26526	28.8538699879472
26544	28.8538693187607
26546	28.8538689634716
26548	28.8538656705044
26550	28.8538647493777
26586	28.8538647109580
26594	28.8538642049464
26596	28.8538638555088
26598	28.8538627160135
26606	28.853862465406
26634	28.8538622591611
26658	28.8538619544538
26670	28.8538618548401
26672	28.8538615525851
26684	28.8538607758659
26716	28.8538603039055
26724	28.8538602820766
26728	28.8538599665537
26732	28.8538597542011
26738	28.85385968008
26740	28.8538593535228
26742	28.8538573329004
26756	28.8538563807038
26758	28.8538561094460
26770	28.8538560922511
26776	28.8538553721987
26790	28.8538553563747
26796	28.8538552363799
26802	28.8538552296347
26808	28.8538547468548
26828	28.8538540104482
26830	28.8538539088092
26832	28.8538531929318
26836	28.8538529397452
26840	28.8538528684740
26850	28.8538525562009
26856	28.8538515354705
26882	28.8538509583309
26896	28.8538503486169
26898	28.853850348451
26904	28.8538502273929
26928	28.8538497042072
26932	28.8538494820968
26936	28.8538488745706
26938	28.853847873915
26946	28.8538467877186
26956	28.8538467867716
26970	28.8538460150037
26972	28.8538458972335
26984	28.8538453582651
27004	28.8538447835246
27026	28.8538442363048
27038	28.8538433907864
27044	28.8538419453513
27052	28.8538418242970
27078	28.8538414225406
27088	28.8538407681100
27104	28.8538400222151
27136	28.8538396677907
27142	28.8538391600188
27148	28.8538390833322
27152	28.8538384753968
27164	28.8538377169158
27172	28.853837707512
27180	28.8538369955331
27190	28.8538369088997
27192	28.853835312757
27204	28.8538345772258
27262	28.8538343651247
27288	28.8538339400524
27312	28.8538334487815
27318	28.8538331131932
27326	28.8538329192768
27330	28.8538328531913
27344	28.8538327373024
27346	28.8538326733216
27350	28.8538320831809
27380	28.8538312711198
27426	28.8538305798343
27432	28.8538302769585
27466	28.8538301960029
27468	28.8538301243956
27470	28.8538299581546
27488	28.8538296674855
27498	28.8538294129251
27510	28.8538288856669
27522	28.8538279937951
27548	28.8538279100214
27550	28.853827337421
27562	28.8538271590006
27590	28.8538265400416
27620	28.8538264151950
27622	28.8538259355933
27628	28.8538258020081
27630	28.8538253910472
27648	28.8538253886552
27664	28.8538250183781
27678	28.853824802791
27684	28.8538245641997
27694	28.8538244057103
27698	28.8538242773981
27714	28.8538240224542
27736	28.8538238524777
27752	28.8538238224464
27756	28.8538235611981
27760	28.8538234299497
27764	28.853823414241
27768	28.8538232409514
27780	28.8538230261034
27794	28.8538227645119
27806	28.8538227274272
27826	28.8538226538004
27830	28.853822399914
27848	28.853821850159
27874	28.853821684892
27908	28.8538215870844
27922	28.8538215507930
27934	28.8538213854289
27954	28.8538213197625
27966	28.8538211648676
27976	28.8538209521466
27984	28.8538208801548
27996	28.8538207821000
28014	28.8538207398549
28028	28.8538205019713
28034	28.8538203109440
28074	28.8538200242513
28090	28.8538199501653
28110	28.8538198700324
28112	28.8538198503791
28124	28.8538197790204
28130	28.8538197102401
28134	28.8538197032644
28136	28.8538195721422
28160	28.8538194553923
28172	28.8538187928545
28176	28.8538187252569
28186	28.8538185579584
28196	28.8538184688969
28210	28.8538182783465
28232	28.8538182097715
28234	28.8538181430608
28250	28.853817768262
28252	28.8538177031437
28262	28.8538176602591
28268	28.8538176188151
28272	28.8538175863977
28282	28.8538174468145
28288	28.8538173709552
28292	28.8538172479998
28296	28.8538172070497
28302	28.8538167702666
28304	28.8538164616972
28314	28.8538162515806
28326	28.8538161313504
28346	28.8538157984906
28356	28.8538157015957
28358	28.8538156108729
28378	28.8538154657628
28388	28.8538154140131
28394	28.8538152321552
28410	28.8538149054287
28434	28.8538145606907
28458	28.8538144879705
28460	28.8538144861707
28478	28.8538144677036
28482	28.8538138685352
28504	28.8538137879449
28506	28.8538135757247
28512	28.8538135353387
28518	28.8538132239313
28528	28.8538132179845
28534	28.8538131723795
28538	28.8538131071133
28540	28.8538129223422
28544	28.8538128720046
28550	28.8538125570703
28570	28.8538124810982
28582	28.8538122175266
28608	28.8538120256914
28612	28.8538118293627
28622	28.8538113969528
28662	28.8538113626983
28664	28.8538110034936
28682	28.8538109298701
28686	28.8538108295584
28704	28.8538104024071
28750	28.8538103582807
28754	28.8538102014024
28772	28.8538101525844
28776	28.8538101022784
28786	28.8538100947093
28808	28.8538100926638
28816	28.8538099944715
28818	28.8538098258125
28830	28.8538097045806
28850	28.8538095840651
28854	28.8538094629253
28868	28.8538092906117
28894	28.85380927209
28902	28.8538092134936
28922	28.853809160133
28950	28.8538091357692
28984	28.8538091334751
29006	28.8538091073949
29008	28.8538090345980
29036	28.8538089323708
29058	28.8538089123727
29066	28.8538088126319
29076	28.8538087330969
29098	28.8538086527395
29108	28.8538085153989
29114	28.8538085128954
29116	28.8538085061402
29118	28.8538084261715
29124	28.853808357241
29136	28.8538082215805
29140	28.8538081214470
29148	28.8538080434615
29176	28.8538079848579
29196	28.8538079608976
29202	28.8538078759513
29210	28.8538078735802
29238	28.8538078662584
29248	28.8538078458508
29254	28.853807779397
29278	28.8538077164188
29292	28.8538076662147
29298	28.8538076426090
29300	28.8538075913572
29322	28.8538075908892
29324	28.8538075018541
29336	28.85380745435
29356	28.8538073048389
29400	28.8538072859779
29404	28.8538072145321
29412	28.8538071809214
29414	28.8538071020254
29416	28.8538070947065
29430	28.8538070922518
29436	28.8538070338086
29444	28.8538070173924
29454	28.8538070106173
29464	28.8538069421814
29470	28.8538069346875
29488	28.8538069222426
29494	28.8538069006345
29496	28.8538068892207
29520	28.8538068537296
29530	28.8538068179641
29540	28.8538067872780
29552	28.8538067434403
29566	28.8538067416378
29576	28.8538067275024
29578	28.853806622565
29588	28.8538065703294
29602	28.8538065605238
29608	28.8538064209341
29618	28.8538064050424
29636	28.8538063853202
29658	28.8538063512636
29662	28.8538063482356
29668	28.8538063262321
29690	28.8538062374912
29726	28.8538061524148
29754	28.8538061466232
29762	28.8538061058123
29780	28.8538061009496
29792	28.8538060803043
29800	28.85380607822
29830	28.8538060746119
29832	28.8538060677396
29840	28.8538060283909
29872	28.8538059562609
29890	28.8538058985339
29908	28.8538058947257
29916	28.8538058946629
29922	28.8538058880846
29932	28.8538058521182
29950	28.8538058304887
29956	28.8538058146815
29960	28.8538057884870
29982	28.8538057608733
29984	28.8538057582751
30002	28.8538057574299
30004	28.8538057550661
30008	28.8538057042093
30042	28.8538056513789
30058	28.8538056189458
30060	28.8538056156433
30064	28.8538055615495
30074	28.8538055552743
30082	28.8538054736122
30136	28.8538054692474
30156	28.8538054243979
30168	28.8538053917191
30188	28.8538053880817
30196	28.8538053782596
30204	28.8538053412977
30210	28.8538053057052
30230	28.8538052692186
30238	28.8538052643365
30250	28.853805254229
30262	28.8538052134214
30264	28.8538052048864
30272	28.8538051739473
30276	28.8538051535937
30296	28.8538050878493
30316	28.8538050686024
30330	28.8538050596460
30338	28.8538050284047
30348	28.8538050102043
30360	28.8538049746033
30376	28.8538049530807
30378	28.8538049481082
30384	28.8538049473575
30410	28.8538049244705
30412	28.8538048860981
30424	28.8538048215245
30460	28.8538048182653
30466	28.8538047141318
30486	28.8538047064775
30488	28.8538047050801
30490	28.8538046999759
30492	28.8538046730923
30498	28.8538046539828
30500	28.8538045962585
30510	28.8538045531610
30514	28.8538045215831
30520	28.8538044840131
30524	28.8538044569773
30532	28.8538044350795
30534	28.8538043413005
30550	28.8538042893616
30554	28.8538042628776
30576	28.8538041760685
30588	28.8538041726988
30592	28.8538041662361
30622	28.8538041502612
30632	28.8538041479596
30638	28.8538041200962
30652	28.8538041023602
30668	28.8538040396668
30678	28.8538040315894
30684	28.8538039700037
30716	28.8538039657382
30720	28.8538039479039
30724	28.8538038389440
30760	28.8538037128305
30768	28.8538037080871
30794	28.8538037003699
30800	28.8538036879054
30824	28.8538036688296
30826	28.853803657048
30834	28.8538036547078
30856	28.8538036392195
30866	28.8538036158522
30914	28.8538035933921
30932	28.8538035673419
30948	28.8538035490358
30952	28.8538035475596
30960	28.85380354112
30974	28.8538035334553
30978	28.8538035306961
30996	28.8538035155360
31012	28.8538035050346
31024	28.8538034833116
31048	28.8538034681645
31050	28.8538034678573
31070	28.8538034572176
31102	28.8538034562238
31108	28.8538034231199
31140	28.8538034118574
31148	28.8538034032607
31150	28.8538033846182
31152	28.8538033807468
31154	28.8538033793556
31160	28.8538033538049
31174	28.8538033289452
31190	28.8538033177553
31194	28.853803304907
31196	28.8538032937686
31200	28.8538032628548
31208	28.8538032318301
31218	28.8538032247588
31234	28.8538031991722
31244	28.8538031662345
31254	28.8538031498272
31278	28.8538031348344
31300	28.8538031346539
31304	28.8538031070643
31316	28.8538030810772
31340	28.8538030774551
31354	28.853803059174
31356	28.8538030540374
31358	28.8538030536953
31362	28.8538030281551
31368	28.8538029661042
31400	28.8538029564582
31404	28.8538029367231
31412	28.8538029182606
31414	28.8538028925280
31424	28.8538028914363
31448	28.8538028847826
31452	28.8538028830094
31458	28.8538028808803
31472	28.8538028749739
31480	28.8538028723681
31482	28.8538028676380
31486	28.8538028439222
31502	28.8538028383031
31512	28.8538028321455
31550	28.8538028227509
31554	28.8538028018607
31586	28.8538027773825
31592	28.8538027457113
31608	28.853802734907
31628	28.8538027199631
31646	28.853802709463
31648	28.8538027035262
31660	28.8538026976111
31662	28.8538026711152
31682	28.8538026657212
31686	28.8538026581043
31692	28.8538026179867
31694	28.8538026042416
31704	28.8538025906345
31712	28.8538025871826
31714	28.8538025418628
31720	28.8538024793865
31724	28.8538023829854
31760	28.8538023370939
31804	28.8538022986921
31826	28.8538022330959
31834	28.8538022224858
31840	28.8538022159688
31844	28.8538021987704
31848	28.8538021739019
31850	28.8538021424900
31870	28.8538021285123
31874	28.853802113946
31882	28.8538020758835
31892	28.8538020611225
31896	28.8538020481333
31920	28.8538020408156
31924	28.8538019737501
31938	28.8538019222552
31950	28.8538018731796
31962	28.8538018481586
31966	28.8538018069273
31974	28.8538018065875
31988	28.8538016838543
31992	28.8538016540223
32012	28.8538016438635
32022	28.8538016402898
32024	28.8538015978589
32026	28.8538015212396
32038	28.8538015174086
32052	28.8538015058301
32072	28.8538014962444
32114	28.8538014524821
32134	28.8538014266201
32144	28.853801397445
32166	28.8538013902212
32180	28.8538013689724
32192	28.8538013110652
32204	28.8538012809368
32226	28.8538012490903
32232	28.8538012376632
32234	28.8538012208489
32256	28.8538012145355
32286	28.8538012047342
32294	28.8538011791700
32302	28.8538011786189
32328	28.8538011513941
32338	28.8538011453421
32352	28.8538011449995
32356	28.8538011328136
32368	28.8538011165235
32380	28.8538011133876
32384	28.8538011102742
32394	28.8538010449361
32398	28.8538010240455
32416	28.8538009982781
32436	28.8538009779103
32444	28.8538009659421
32446	28.8538009658155
32466	28.8538009601453
32474	28.8538009415004
32476	28.8538009200019
32478	28.8538008859855
32506	28.8538008491991
32514	28.8538008333838
32546	28.8538007943157
32584	28.8538007811380
32606	28.8538007635038
32610	28.8538007543337
32630	28.8538007305422
32642	28.8538006899989
32648	28.8538006724645
32662	28.8538006655327
32668	28.8538006358776
32714	28.8538006308468
32726	28.8538006265693
32748	28.8538006009927
32766	28.8538005978051
32772	28.8538005977009
32776	28.8538005917645
32778	28.8538005846095
32796	28.8538005758442
32800	28.8538005552461
32802	28.8538005487414
32836	28.8538005465372
32840	28.8538005297514
32868	28.8538005202575
32882	28.8538005023374
32886	28.8538004854456
32910	28.8538004828822
32914	28.8538004816254
32916	28.8538004815214
32924	28.8538004806583
32926	28.8538004799225
32930	28.8538004777384
32946	28.8538004747396
32950	28.8538004717994
32956	28.8538004629415
32960	28.8538004598376
32962	28.8538004163183
32992	28.853800408277
33000	28.8538003880654
33020	28.8538003772742
33026	28.8538003574437
33042	28.8538003482186
33044	28.8538003448252
33060	28.8538003399505
33070	28.8538003147057
33072	28.8538003091874
33090	28.8538002938937
33106	28.8538002713332
33124	28.8538002523302
33134	28.8538002061747
33150	28.8538001648161
33160	28.8538001263059
33186	28.8538000869131
33198	28.8538000754197
33208	28.8538000590019
33226	28.8538000354797
33240	28.8538000295088
33248	28.8538000022803
33258	28.8537999841194
33288	28.8537999783143
33300	28.8537999698601
33312	28.8537999440338
33392	28.8537999323998
33428	28.8537999186219
33436	28.8537999154926
33438	28.8537999143059
33448	28.8537999122187
33470	28.8537999092253
33476	28.8537998885852
33516	28.8537998781305
33558	28.8537998685906
33586	28.853799846058
33610	28.8537998453719
33628	28.8537998426528
33632	28.8537998403636
33636	28.8537998381908
33650	28.8537998372345
33654	28.8537998333401
33660	28.8537998144184
33678	28.8537998098503
33688	28.8537997994534
33704	28.853799798558
33706	28.8537997896623
33726	28.8537997890475
33728	28.8537997876909
33734	28.8537997764175
33738	28.8537997751803
33766	28.8537997657492
33770	28.8537997640733
33774	28.8537997607750
33780	28.853799751521
33784	28.8537997453329
33812	28.8537997296575
33830	28.8537997139305
33852	28.8537997135407
33862	28.8537997105451
33866	28.8537997095865
33872	28.8537997086531
33892	28.8537996850269
33922	28.8537996708573
33930	28.8537996701338
33934	28.8537996327664
33954	28.8537996272446
33972	28.8537996270306
33982	28.8537996173763
33988	28.8537996080871
34010	28.8537996074123
34022	28.8537995843478
34042	28.8537995666515
34070	28.8537995648319
34076	28.8537995405346
34082	28.8537995395441
34084	28.8537995343851
34090	28.8537995322909
34098	28.8537995248035
34110	28.8537995050552
34122	28.8537995013072
34124	28.8537994898034
34132	28.8537994708325
34154	28.8537994610069
34158	28.8537994333625
34194	28.8537994037054
34226	28.8537993803273
34256	28.8537993769979
34264	28.8537993409212
34280	28.8537993331801
34330	28.8537993167954
34338	28.8537993153389
34344	28.8537993099344
34348	28.8537992938880
34362	28.8537992924672
34366	28.8537992592822
34376	28.8537992482107
34384	28.8537992335336
34390	28.8537991588567
34416	28.8537991339988
34430	28.8537991290031
34442	28.8537991268439
34444	28.8537990900159
34446	28.8537990482439
34462	28.853799014507
34482	28.8537990105162
34484	28.8537989915547
34514	28.8537989897350
34522	28.8537989276207
34550	28.8537989260679
34562	28.8537989167419
34590	28.8537989108620
34592	28.8537988895256
34616	28.8537988852224
34626	28.853798858904
34654	28.8537988527547
34656	28.8537988520684
34662	28.8537988375936
34670	28.8537988282002
34692	28.8537988236289
34698	28.8537988143994
34714	28.8537988127483
34718	28.8537988106660
34730	28.8537987951225
34736	28.8537987818526
34746	28.8537987747016
34774	28.8537987647764
34794	28.8537987610889
34800	28.8537987594431
34820	28.8537987540726
34824	28.8537987436534
34844	28.8537987419889
34854	28.8537987380723
34876	28.8537987366311
34878	28.8537987347251
34880	28.8537987288911
34884	28.8537987182454
34902	28.8537987177065
34916	28.8537987166481
34920	28.8537987143862
34922	28.8537986952421
34924	28.8537986900656
34928	28.8537986768922
34934	28.8537986689684
34942	28.8537986649797
34956	28.8537986301887
35016	28.853798609855
35040	28.8537986060002
35060	28.8537985926695
35080	28.8537985834629
35092	28.8537985810780
35100	28.8537985764585
35104	28.8537985621007
35114	28.8537985571075
35116	28.8537985491896
35126	28.8537985477741
35132	28.8537985432189
35136	28.853798539202
35144	28.8537985388446
35154	28.8537985380763
35170	28.8537985376677
35172	28.853798532373
35178	28.8537985277983
35180	28.8537985145471
35184	28.8537985094488
35214	28.8537985039577
35220	28.8537984957933
35224	28.8537984917278
35230	28.8537984738762
35240	28.8537984668288
35272	28.8537984566898
35274	28.8537984559776
35280	28.8537984427501
35312	28.8537984388065
35320	28.8537984373902
35322	28.8537984369314
35348	28.8537984301359
35350	28.8537984237369
35352	28.8537984115027
35354	28.8537983969290
35364	28.8537983925585
35372	28.8537983730787
35412	28.8537983674661
35422	28.8537983626292
35442	28.8537983556220
35464	28.8537983495393
35472	28.8537983441714
35474	28.8537983395218
35478	28.8537983342793
35480	28.8537983301237
35484	28.8537983094052
35528	28.8537983049459
35530	28.8537982746151
35548	28.8537982721219
35550	28.8537982681967
35562	28.8537982679595
35570	28.8537982599983
35572	28.8537982400521
35602	28.8537982386581
35608	28.8537982328288
35642	28.8537982287528
35648	28.8537982234979
35660	28.8537982224782
35674	28.8537982165706
35696	28.8537982147446
35704	28.853798209953
35716	28.8537982011097
35732	28.8537982009042
35734	28.8537981936589
35754	28.8537981916357
35758	28.8537981867521
35760	28.8537981786418
35774	28.8537981755791
35780	28.8537981755465
35796	28.8537981632757
35824	28.853798160891
35826	28.8537981604421
35834	28.8537981590297
35838	28.8537981547975
35848	28.8537981498431
35850	28.8537981451467
35874	28.8537981422433
35906	28.8537981391960
35920	28.8537981335121
35936	28.8537981329492
35942	28.8537981291637
35990	28.8537981252557
35996	28.8537981208008
36032	28.8537981199518
36046	28.8537981193471
36048	28.8537981176777
36076	28.8537981146408
36078	28.8537981096562
36116	28.8537981088679
36118	28.8537981069860
36128	28.8537981046362
36144	28.8537981023461
36150	28.8537981018137
36162	28.8537980996938
36166	28.8537980990676
36174	28.8537980954244
36188	28.8537980915432
36204	28.8537980862824
36214	28.8537980827487
36224	28.8537980811107
36234	28.8537980772333
36236	28.8537980746181
36264	28.8537980706696
36274	28.8537980673338
36284	28.8537980634513
36300	28.8537980611242
36314	28.8537980590592
36324	28.8537980586982
36328	28.8537980544181
36336	28.8537980523481
36348	28.8537980505101
36350	28.8537980469482
36368	28.8537980426981
36370	28.8537980404431
36384	28.853798037558
36386	28.853798032014
36400	28.8537980280997
36428	28.8537980276392
36448	28.8537980233881
36452	28.8537980183494
36478	28.8537980173273
36480	28.8537980129946
36484	28.8537980080296
36506	28.8537980047090
36514	28.8537980043108
36516	28.8537980034522
36520	28.8537979990149
36524	28.8537979966429
36526	28.8537979965394
36532	28.8537979953619
36536	28.853797985989
36546	28.8537979805099
36560	28.8537979793256
36582	28.8537979772832
36586	28.8537979772014
36600	28.8537979662394
36606	28.8537979651764
36620	28.8537979591888
36632	28.8537979580295
36634	28.8537979525887
36654	28.8537979440259
36662	28.8537979424183
36670	28.8537979409410
36676	28.8537979374279
36682	28.8537979370585
36684	28.8537979341424
36692	28.8537979324529
36698	28.8537979246954
36706	28.8537979141784
36710	28.8537979064272
36730	28.8537979048594
36736	28.8537979041938
36764	28.8537979026136
36786	28.8537979008087
36798	28.8537978948809
36814	28.8537978876844
36820	28.8537978776044
36884	28.853797877527
36892	28.8537978713079
36908	28.8537978674736
36920	28.8537978663462
36922	28.8537978644311
36928	28.8537978632555
36948	28.8537978551352
36956	28.8537978541601
36960	28.8537978539205
36974	28.8537978525608
36986	28.8537978501133
37004	28.8537978476253
37008	28.8537978453385
37018	28.8537978442101
37028	28.8537978395688
37036	28.8537978384616
37046	28.8537978331980
37060	28.8537978324559
37068	28.8537978305907
37078	28.85379782886
37094	28.8537978284345
37096	28.8537978272517
37120	28.853797819601
37130	28.8537978173159
37132	28.8537978169914
37156	28.8537978101799
37170	28.853797809395
37198	28.8537978072461
37206	28.8537978040994
37234	28.8537977997644
37240	28.8537977985516
37246	28.8537977982463
37250	28.8537977953481
37254	28.8537977932123
37256	28.8537977918019
37272	28.8537977889364
37282	28.8537977883968
37290	28.8537977881218
37298	28.8537977872231
37306	28.8537977851588
37322	28.8537977814625
37324	28.853797780348
37338	28.8537977792378
37362	28.8537977758481
37386	28.8537977745937
37406	28.853797774306
37412	28.8537977703749
37434	28.8537977661273
37460	28.8537977611173
37484	28.8537977602318
37492	28.8537977585725
37506	28.8537977582163
37514	28.8537977577089
37524	28.8537977570374
37528	28.8537977560276
37536	28.8537977554655
37546	28.8537977521497
37554	28.8537977500628
37556	28.8537977486309
37582	28.8537977474402
37584	28.8537977455244
37608	28.8537977452088
37630	28.8537977432081
37632	28.8537977416654
37634	28.8537977407310
37644	28.8537977383086
37646	28.8537977369098
37668	28.8537977339932
37680	28.8537977335580
37694	28.8537977332406
37698	28.8537977315043
37726	28.8537977309992
37750	28.8537977265933
37762	28.8537977261334
37782	28.8537977241685
37788	28.8537977234157
37818	28.8537977159591
37856	28.8537977123464
37914	28.8537977098242
37922	28.8537977097502
37924	28.8537977082748
37926	28.8537977065272
37934	28.8537977011055
37950	28.8537977006476
37960	28.8537976993478
37970	28.8537976989251
37974	28.8537976964256
38008	28.8537976946752
38022	28.8537976943385
38032	28.8537976906521
38064	28.8537976896642
38086	28.8537976879803
38098	28.8537976870978
38104	28.8537976868893
38110	28.8537976867946
38116	28.8537976864017
38130	28.8537976861089
38150	28.8537976841289
38166	28.8537976839599
38170	28.8537976833436
38178	28.8537976824465
38184	28.8537976818901
38204	28.8537976811662
38210	28.8537976810711
38214	28.8537976800995
38216	28.8537976784195
38222	28.8537976781938
38224	28.8537976771366
38226	28.8537976768666
38228	28.8537976749699
38232	28.8537976748943
38248	28.8537976735052
38272	28.8537976733524
38276	28.8537976729401
38294	28.853797672461
38300	28.8537976716438
38308	28.8537976713164
38320	28.8537976695731
38324	28.8537976664777
38350	28.8537976660967
38360	28.8537976657663
38364	28.8537976647751
38374	28.8537976632256
38390	28.8537976625911
38396	28.8537976618018
38404	28.8537976609819
38406	28.8537976605980
38412	28.8537976605204
38416	28.8537976589086
38418	28.8537976587369
38422	28.8537976558083
38430	28.853797653867
38438	28.8537976514128
38454	28.8537976502701
38472	28.8537976500804
38490	28.8537976486888
38504	28.8537976460201
38520	28.8537976449586
38532	28.8537976446760
38554	28.8537976446131
38560	28.8537976440515
38576	28.8537976440252
38580	28.8537976433274
38582	28.8537976423458
38594	28.8537976412239
38608	28.8537976411339
38624	28.8537976401526
38626	28.8537976393877
38638	28.8537976380022
38644	28.8537976361721
38666	28.8537976360913
38672	28.8537976354794
38694	28.8537976348304
38698	28.8537976338772
38704	28.8537976329682
38736	28.8537976328912
38748	28.8537976320948
38754	28.8537976315618
38758	28.8537976314353
38766	28.8537976314207
38768	28.8537976309294
38788	28.8537976303021
38798	28.8537976284464
38822	28.8537976284120
38834	28.8537976281452
38836	28.853797627387
38890	28.8537976259301
38894	28.8537976252076
38902	28.8537976246639
38914	28.8537976240322
38918	28.8537976239403
38936	28.8537976219102
38940	28.8537976204948
38964	28.8537976187368
38982	28.8537976175506
39000	28.8537976173813
39002	28.8537976164065
39024	28.8537976151047
39026	28.8537976145771
39030	28.8537976144404
39032	28.8537976142991
39040	28.8537976132715
39044	28.8537976120083
39078	28.8537976119645
39080	28.853797611359
39098	28.8537976106111
39124	28.8537976101502
39130	28.8537976095254
39134	28.8537976094613
39146	28.8537976089150
39184	28.8537976087587
39202	28.8537976081318
39212	28.8537976080781
39220	28.8537976068798
39258	28.8537976064493
39274	28.8537976064407
39286	28.8537976058434
39296	28.8537976051230
39312	28.8537976048007
39320	28.8537976045783
39346	28.8537976043703
39356	28.8537976042889
39364	28.8537976037575
39366	28.8537976034157
39374	28.8537976032762
39402	28.8537976026504
39414	28.8537976025932
39434	28.8537976024932
39440	28.8537976023504
39446	28.8537976023266
39450	28.8537976019487
39478	28.8537976014465
39496	28.8537976010434
39532	28.8537976010129
39534	28.8537976008358
39536	28.8537976004647
39550	28.8537976002196
39564	28.8537975999973
39566	28.8537975994153
39586	28.8537975994123
39596	28.8537975984444
39620	28.8537975979307
39658	28.8537975979215
39660	28.8537975979111
39676	28.8537975976486
39690	28.853797597249
39696	28.8537975970859
39698	28.8537975964618
39722	28.8537975964338
39728	28.8537975962493
39736	28.8537975960045
39770	28.8537975958438
39782	28.8537975955223
39788	28.8537975953032
39792	28.8537975949919
39800	28.8537975948067
39802	28.8537975942792
39818	28.8537975942525
39824	28.8537975938551
39828	28.8537975938520
39844	28.8537975936849
39872	28.8537975934983
39910	28.8537975932952
39916	28.8537975929473
39932	28.8537975928345
39946	28.8537975925904
39956	28.8537975924990
39964	28.8537975923696
39968	28.8537975923125
39976	28.8537975922825
39982	28.8537975920479
39984	28.8537975919425
39992	28.8537975918359
40014	28.8537975917421
40022	28.8537975912921
40044	28.8537975910269
40056	28.8537975909632
40070	28.8537975908378
40072	28.8537975905361
40104	28.8537975901586
40126	28.8537975898862
40170	28.8537975897993
40174	28.8537975895688
40196	28.8537975893857
40204	28.8537975889963
40226	28.8537975889093
40230	28.8537975886692
40232	28.8537975883547
40242	28.8537975882466
40254	28.8537975878534
40262	28.8537975870035
40276	28.8537975864782
40280	28.8537975864459
40282	28.8537975864358
40290	28.8537975863756
40294	28.8537975862516
40302	28.8537975859871
40312	28.8537975858543
40330	28.8537975858483
40348	28.8537975857172
40352	28.8537975855814
40356	28.8537975855404
40366	28.8537975850781
40388	28.8537975848711
40390	28.8537975846695
40394	28.8537975846445
40408	28.8537975844571
40412	28.8537975842829
40432	28.8537975839602
40448	28.8537975833062
40466	28.8537975830905
40480	28.8537975829566
40490	28.8537975829082
40492	28.8537975825687
40494	28.8537975825325
40504	28.8537975824829
40510	28.8537975824498
40514	28.8537975823148
40516	28.8537975822128
40526	28.8537975811114
40538	28.853797581083
40542	28.8537975807497
40566	28.8537975805045
40582	28.8537975803535
40584	28.8537975802155
40598	28.8537975795539
40606	28.8537975791141
40630	28.8537975790112
40640	28.853797578475
40660	28.8537975784054
40666	28.8537975781232
40668	28.8537975780464
40670	28.8537975777356
40674	28.8537975773502
40686	28.8537975768028
40692	28.8537975767917
40698	28.8537975766041
40700	28.8537975765558
40742	28.8537975762084
40752	28.853797575711
40760	28.8537975756487
40794	28.8537975755886
40802	28.8537975751651
40840	28.8537975750218
40860	28.8537975746511
40872	28.8537975745088
40878	28.8537975742882
40882	28.8537975742214
40886	28.8537975740239
40898	28.8537975737955
40908	28.8537975737120
40910	28.8537975735939
40936	28.853797573533
40950	28.8537975732456
40970	28.8537975732101
40978	28.8537975731951
40996	28.8537975730018
40998	28.8537975729644
41012	28.853797572832
41028	28.8537975727387
41048	28.8537975725308
41068	28.8537975725299
41074	28.8537975723665
41078	28.8537975720517
41096	28.8537975718863
41098	28.8537975716566
41102	28.8537975716229
41108	28.8537975714715
41152	28.8537975708868
41162	28.8537975706659
41172	28.8537975706107
41178	28.8537975704108
41182	28.8537975703055
41192	28.8537975703
41218	28.8537975702345
41220	28.8537975700783
41226	28.8537975700505
41246	28.8537975699632
41250	28.8537975698913
41262	28.8537975698489
41264	28.8537975697323
41268	28.8537975697125
41272	28.8537975697061
41282	28.8537975696378
41292	28.8537975696162
41314	28.8537975695258
41322	28.8537975694215
41328	28.8537975693522
41340	28.8537975693332
41350	28.8537975692628
41368	28.8537975691666
41372	28.8537975690987
41396	28.8537975689902
41402	28.8537975689888
41404	28.8537975687744
41452	28.8537975686550
41508	28.8537975686468
41510	28.8537975686377
41512	28.8537975686035
41514	28.8537975685733
41518	28.8537975684832
41528	28.8537975684436
41530	28.8537975684123
41532	28.8537975683110
41552	28.853797568299
41572	28.8537975681941
41594	28.8537975680974
41598	28.8537975680733
41608	28.8537975679356
41628	28.8537975679222
41642	28.8537975679175
41646	28.8537975678095
41654	28.8537975678024
41658	28.8537975677458
41678	28.8537975676987
41680	28.8537975676646
41688	28.8537975676185
41690	28.8537975676012
41712	28.8537975675737
41716	28.8537975675556
41720	28.8537975674741
41730	28.853797567461
41732	28.8537975674586
41748	28.8537975673827
41754	28.8537975673416
41756	28.8537975673169
41768	28.8537975673130
41770	28.8537975672244
41794	28.8537975672094
41798	28.8537975671412
41804	28.8537975670835
41824	28.8537975670107
41826	28.8537975669613
41852	28.8537975668320
41860	28.8537975668185
41870	28.8537975666882
41872	28.8537975666151
41876	28.8537975665750
41878	28.8537975664043
41882	28.8537975661056
41890	28.8537975659494
41938	28.8537975658472
41948	28.853797565824
41966	28.8537975657174
41978	28.8537975655474
41984	28.8537975655325
41986	28.8537975654619
41994	28.8537975654543
42006	28.8537975653768
42022	28.8537975653264
42030	28.8537975652283
42042	28.8537975651849
42046	28.8537975651803
42060	28.8537975651675
42078	28.8537975650334
42088	28.853797564949
42136	28.8537975648798
42140	28.8537975648281
42162	28.8537975648083
42178	28.8537975647799
42196	28.8537975647489
42198	28.8537975646571
42200	28.8537975645850
42204	28.8537975645628
42210	28.8537975641875
42240	28.8537975639127
42272	28.8537975638339
42282	28.8537975637634
42286	28.8537975637628
42296	28.8537975634806
42306	28.8537975634077
42308	28.8537975633721
42320	28.8537975632802
42340	28.853797563209
42342	28.8537975631272
42346	28.8537975631272
42348	28.8537975630533
42376	28.8537975630387
42378	28.8537975630305
42384	28.8537975629624
42386	28.8537975628712
42420	28.8537975628068
42428	28.8537975626661
42452	28.8537975626412
42460	28.8537975625809
42470	28.853797562486
42482	28.8537975624229
42484	28.8537975623121
42494	28.853797562134
42510	28.8537975619979
42512	28.8537975618486
42514	28.8537975618131
42530	28.8537975617369
42536	28.8537975616717
42540	28.85379756167
42546	28.8537975616146
42548	28.8537975613849
42556	28.8537975612883
42582	28.8537975611605
42592	28.8537975608965
42602	28.8537975608666
42608	28.8537975607694
42618	28.8537975606844
42620	28.8537975606589
42626	28.8537975606186
42650	28.8537975606104
42652	28.8537975605008
42656	28.8537975603462
42678	28.8537975603412
42680	28.8537975600194
42682	28.8537975596716
42714	28.8537975595622
42736	28.8537975595184
42738	28.8537975594942
42740	28.8537975593664
42748	28.8537975591547
42750	28.8537975590020
42760	28.8537975585721
42762	28.8537975581629
42768	28.8537975581480
42778	28.8537975578807
42808	28.8537975577092
42826	28.8537975574417
42842	28.8537975569886
42868	28.8537975568915
42874	28.8537975568337
42878	28.8537975567707
42880	28.8537975566968
42884	28.8537975563116
42886	28.8537975561535
42898	28.8537975558301
42908	28.8537975557365
42916	28.8537975556449
42922	28.8537975552233
42926	28.8537975547982
42962	28.8537975544001
42966	28.8537975543381
43036	28.8537975542416
43060	28.8537975541582
43062	28.8537975539667
43066	28.8537975539413
43078	28.8537975538744
43090	28.8537975538094
43114	28.8537975536646
43130	28.8537975536332
43136	28.8537975535242
43140	28.8537975534555
43170	28.8537975534141
43182	28.8537975534088
43184	28.8537975530673
43206	28.8537975530154
43210	28.8537975529868
43218	28.8537975528903
43220	28.8537975527645
43242	28.8537975527489
43248	28.8537975527285
43252	28.8537975526541
43262	28.8537975526361
43272	28.8537975526313
43282	28.8537975525482
43286	28.8537975524844
43290	28.8537975521971
43294	28.8537975521954
43300	28.8537975521864
43304	28.8537975521763
43318	28.8537975521407
43324	28.8537975519881
43344	28.8537975519768
43350	28.8537975519063
43372	28.8537975517992
43402	28.8537975517846
43404	28.8537975516251
43430	28.8537975515925
43440	28.8537975515181
43444	28.8537975514208
43458	28.8537975514145
43462	28.8537975512961
43486	28.8537975512650
43490	28.8537975512642
43506	28.8537975511974
43508	28.853797551147
43576	28.8537975511470
43582	28.8537975511050
43598	28.8537975511
43602	28.8537975510405
43608	28.8537975509099
43620	28.8537975508844
43628	28.8537975508754
43644	28.8537975507784
43664	28.8537975507346
43668	28.8537975507085
43678	28.8537975506657
43686	28.8537975506177
43688	28.8537975505864
43694	28.8537975505428
43698	28.853797550469
43738	28.8537975504646
43740	28.8537975503987
43746	28.8537975503916
43756	28.8537975503914
43772	28.8537975503356
43814	28.8537975503221
43820	28.8537975503141
43824	28.8537975502661
43864	28.8537975502403
43866	28.8537975502209
43876	28.8537975502069
43878	28.8537975502029
43880	28.8537975501786
43884	28.8537975501431
43892	28.8537975501422
43908	28.8537975501419
43912	28.8537975501217
43914	28.8537975501148
43920	28.8537975500889
43934	28.8537975500527
43940	28.8537975500392
43968	28.8537975499521
43976	28.8537975499442
43984	28.8537975498976
43992	28.8537975498886
44002	28.8537975498779
44020	28.8537975498696
44028	28.8537975498681
44032	28.8537975498383
44036	28.8537975498251
44044	28.8537975497616
44058	28.8537975497438
44076	28.8537975497275
44086	28.8537975496895
44118	28.8537975496695
44120	28.8537975495802
44132	28.8537975495677
44156	28.8537975494822
44174	28.8537975493841
44204	28.8537975492815
44212	28.8537975491989
44228	28.8537975491747
44254	28.8537975491257
44258	28.8537975489732
44264	28.8537975489185
44272	28.8537975488729
44294	28.8537975487816
44318	28.8537975486497
44336	28.8537975485357
44354	28.8537975484936
44362	28.8537975484481
44376	28.8537975484192
44386	28.8537975483868
44388	28.8537975483426
44394	28.8537975483111
44402	28.8537975482695
44424	28.8537975482438
44432	28.8537975482147
44434	28.8537975481645
44446	28.8537975481637
44456	28.8537975480471
44458	28.853797547968
44460	28.8537975479029
44470	28.8537975478432
44474	28.8537975477993
44484	28.8537975476245
44514	28.8537975475207
44552	28.8537975474916
44556	28.8537975474728
44558	28.8537975473976
44562	28.8537975472239
44598	28.8537975471307
44608	28.8537975471073
44616	28.8537975470603
44640	28.8537975470466
44644	28.8537975470217
44646	28.8537975469978
44654	28.8537975469662
44660	28.8537975469341
44662	28.8537975468879
44688	28.8537975468594
44696	28.8537975468223
44714	28.8537975467858
44724	28.8537975467047
44732	28.8537975466624
44750	28.8537975466605
44758	28.8537975465925
44768	28.8537975465858
44772	28.8537975464588
44794	28.8537975464026
44822	28.853797546401
44826	28.8537975463906
44828	28.8537975462898
44836	28.8537975462859
44838	28.8537975462483
44846	28.8537975462253
44856	28.8537975461589
44870	28.853797546101
44894	28.8537975459876
44924	28.8537975459295
44956	28.8537975459078
44970	28.8537975458681
44994	28.8537975458254
45002	28.8537975458214
45004	28.8537975457817
45010	28.8537975456506
45038	28.8537975456129
45050	28.8537975455627
45052	28.8537975455078
45080	28.8537975455014
45082	28.8537975454517
45104	28.8537975454479
45122	28.8537975454127
45138	28.8537975454072
45152	28.8537975453986
45154	28.8537975453836
45182	28.8537975453333
45202	28.8537975453317
45220	28.8537975453262
45234	28.8537975453156
45240	28.8537975452966
45242	28.853797545293
45246	28.8537975452589
45254	28.8537975452495
45264	28.8537975452321
45270	28.8537975452253
45274	28.8537975451783
45282	28.8537975451357
45302	28.853797545026
45314	28.8537975450125
45318	28.8537975449741
45354	28.8537975449728
45356	28.8537975449517
45364	28.853797544929
45392	28.8537975449092
45400	28.8537975448872
45406	28.8537975448477
45416	28.8537975448108
45420	28.8537975447566
45440	28.8537975447513
45454	28.8537975447452
45462	28.8537975447174
45474	28.853797544685
45484	28.8537975446418
45486	28.8537975446297
45496	28.8537975446293
45526	28.8537975446037
45538	28.8537975445846
45542	28.8537975445826
45552	28.8537975445605
45560	28.8537975445514
45566	28.8537975444946
45580	28.8537975444863
45594	28.8537975444686
45606	28.8537975444637
45612	28.8537975444018
45620	28.853797544364
45630	28.8537975443424
45654	28.8537975443043
45662	28.8537975442858
45670	28.8537975442717
45682	28.8537975442647
45696	28.8537975442571
45700	28.8537975442385
45716	28.8537975442348
45718	28.8537975442333
45726	28.8537975442328
45728	28.8537975441895
45746	28.8537975441717
45754	28.853797544118
45782	28.8537975441117
45784	28.8537975440897
45794	28.8537975440832
45812	28.853797544074
45818	28.8537975440625
45842	28.8537975440368
45852	28.8537975440294
45860	28.8537975440217
45868	28.8537975440086
45892	28.8537975440005
45910	28.8537975439976
45934	28.8537975439971
45936	28.8537975439896
45938	28.8537975439757
45956	28.8537975439693
45982	28.8537975439567
45994	28.8537975439533
46004	28.8537975439503
46010	28.8537975439483
46020	28.8537975439481
46032	28.8537975439437
46034	28.853797543935
46054	28.8537975439146
46080	28.8537975439134
46112	28.8537975439004
46114	28.8537975438969
46164	28.8537975438907
46202	28.8537975438809
46230	28.8537975438769
46250	28.853797543868
46266	28.8537975438662
46270	28.853797543865
46272	28.8537975438632
46274	28.8537975438600
46276	28.8537975438595
46278	28.8537975438560
46282	28.8537975438504
46288	28.8537975438499
46298	28.8537975438494
46312	28.8537975438467
46320	28.8537975438406
46328	28.8537975438392
46334	28.8537975438340
46346	28.8537975438146
46370	28.8537975438130
46378	28.8537975438129
46388	28.8537975438061
46418	28.8537975438038
46420	28.8537975438007
46426	28.8537975437958
46438	28.8537975437853
46466	28.8537975437822
46494	28.8537975437766
46522	28.8537975437754
46524	28.8537975437708
46526	28.853797543769
46536	28.8537975437662
46556	28.8537975437627
46580	28.8537975437613
46582	28.8537975437547
46584	28.8537975437523
46586	28.853797543752
46588	28.8537975437455
46620	28.8537975437341
46622	28.8537975437322
46630	28.8537975437195
46638	28.8537975437179
46652	28.8537975437169
46658	28.8537975437137
46682	28.8537975437096
46688	28.8537975437082
46692	28.8537975437074
46712	28.8537975436866
46720	28.8537975436818
46728	28.8537975436810
46740	28.8537975436778
46742	28.8537975436761
46758	28.8537975436742
46760	28.8537975436685
46770	28.8537975436582
46776	28.8537975436577
46778	28.8537975436573
46798	28.8537975436479
46812	28.8537975436421
46814	28.8537975436313
46820	28.853797543622
46848	28.8537975436185
46850	28.8537975436092
46854	28.8537975436027
46860	28.8537975435898
46884	28.8537975435828
46888	28.8537975435747
46904	28.8537975435723
46918	28.8537975435718
46930	28.8537975435695
46936	28.8537975435609
46950	28.8537975435588
46960	28.8537975435577
46966	28.8537975435571
46970	28.8537975435481
46976	28.8537975435467
46978	28.8537975435282
47018	28.8537975435237
47030	28.8537975435143
47042	28.8537975435141
47050	28.8537975435101
47058	28.8537975435091
47074	28.8537975435011
47082	28.8537975435005
47084	28.8537975434969
47094	28.8537975434751
47100	28.8537975434603
47112	28.8537975434478
47158	28.8537975434467
47170	28.8537975434455
47174	28.8537975434396
47178	28.8537975434291
47186	28.8537975434222
47216	28.8537975434193
47220	28.8537975434086
47224	28.8537975434057
47256	28.8537975433968
47264	28.8537975433962
47274	28.8537975433911
47278	28.8537975433896
47310	28.8537975433828
47312	28.8537975433816
47316	28.8537975433627
47324	28.8537975433583
47328	28.8537975433536
47340	28.8537975433515
47342	28.8537975433443
47352	28.8537975433383
47372	28.8537975433361
47384	28.853797543333
47388	28.8537975433187
47404	28.8537975433148
47426	28.8537975433141
47434	28.8537975433135
47450	28.8537975433111
47456	28.853797543307
47462	28.8537975433036
47468	28.8537975432862
47480	28.8537975432831
47486	28.8537975432791
47494	28.8537975432790
47512	28.8537975432777
47516	28.8537975432772
47528	28.8537975432704
47548	28.8537975432662
47550	28.8537975432633
47558	28.8537975432628
47560	28.8537975432553
47562	28.8537975432497
47568	28.8537975432479
47570	28.8537975432464
47576	28.8537975432391
47586	28.8537975432364
47590	28.8537975432206
47600	28.8537975432195
47622	28.8537975432184
47628	28.8537975432099
47632	28.8537975432067
47636	28.8537975432019
47646	28.8537975431936
47656	28.8537975431928
47662	28.8537975431896
47672	28.8537975431773
47682	28.8537975431711
47708	28.8537975431694
47714	28.8537975431667
47734	28.8537975431464
47738	28.8537975431452
47758	28.8537975431315
47766	28.8537975431235
47772	28.8537975431226
47780	28.8537975431188
47786	28.8537975431187
47788	28.8537975431151
47800	28.8537975431133
47806	28.853797543101
47816	28.8537975430901
47830	28.8537975430885
47838	28.8537975430757
47844	28.8537975430729
47848	28.8537975430675
47868	28.8537975430517
47878	28.8537975430461
47884	28.8537975430419
47908	28.8537975430378
47910	28.8537975430299
47914	28.8537975430207
47916	28.8537975430142
47922	28.8537975430112
47950	28.8537975430034
47962	28.8537975429959
47966	28.8537975429924
47972	28.8537975429873
47988	28.8537975429821
48010	28.8537975429779
48032	28.8537975429769
48038	28.8537975429717
48060	28.8537975429627
48100	28.8537975429568
48104	28.8537975429523
48126	28.8537975429483
48156	28.8537975429450
48184	28.8537975429437
48194	28.8537975429417
48206	28.8537975429364
48218	28.8537975429331
48238	28.8537975429286
48258	28.8537975429275
48272	28.8537975429150
48292	28.8537975429104
48302	28.8537975429046
48324	28.8537975429003
48332	28.853797542896
48346	28.8537975428886
48358	28.8537975428848
48372	28.8537975428846
48378	28.8537975428831
48390	28.8537975428790
48394	28.8537975428707
48414	28.8537975428704
48422	28.8537975428688
48434	28.8537975428668
48438	28.8537975428644
48454	28.8537975428611
48464	28.8537975428549
48470	28.8537975428456
48492	28.8537975428385
48510	28.8537975428303
48514	28.8537975428284
48538	28.8537975428275
48564	28.8537975428246
48594	28.8537975428237
48596	28.8537975428191
48614	28.8537975428123
48618	28.8537975428118
48668	28.8537975428104
48678	28.8537975428080
48686	28.8537975428049
48702	28.8537975428043
48710	28.8537975427995
48712	28.8537975427958
48734	28.8537975427953
48742	28.8537975427921
48746	28.8537975427902
48756	28.8537975427884
48776	28.8537975427857
48788	28.8537975427846
48790	28.8537975427794
48798	28.853797542776
48804	28.8537975427714
48828	28.8537975427691
48836	28.8537975427631
48848	28.8537975427590
48876	28.8537975427585
48882	28.8537975427511
48888	28.8537975427447
48890	28.8537975427429
48908	28.8537975427364
48910	28.8537975427282
48918	28.8537975427239
48926	28.8537975427187
48928	28.8537975427185
48934	28.8537975427116
48948	28.8537975426891
48956	28.8537975426814
48964	28.8537975426689
48984	28.8537975426642
49012	28.8537975426641
49042	28.8537975426584
49060	28.8537975426584
49074	28.8537975426564
49082	28.8537975426564
49086	28.8537975426454
49104	28.8537975426434
49106	28.8537975426386
49112	28.8537975426304
49114	28.8537975426288
49132	28.8537975426254
49136	28.853797542623
49148	28.8537975426206
49152	28.8537975426174
49162	28.8537975426144
49174	28.8537975426065
49178	28.853797542598
49190	28.8537975425896
49216	28.8537975425883
49250	28.8537975425834
49270	28.8537975425792
49284	28.8537975425788
49286	28.8537975425661
49320	28.8537975425635
49322	28.8537975425592
49342	28.8537975425566
49372	28.8537975425547
49382	28.853797542547
49400	28.8537975425468
49424	28.8537975425378
49462	28.8537975425339
49484	28.8537975425296
49486	28.8537975425284
49488	28.8537975425257
49494	28.8537975425223
49496	28.8537975425221
49512	28.8537975425216
49536	28.8537975425208
49544	28.8537975425178
49574	28.8537975425178
49582	28.8537975425170
49592	28.8537975425153
49598	28.8537975425153
49612	28.8537975425135
49614	28.8537975425131
49634	28.8537975425105
49648	28.8537975425104
49656	28.8537975425103
49660	28.853797542508
49662	28.8537975425079
49664	28.8537975425071
49666	28.8537975425065
49682	28.8537975425061
49692	28.8537975425049
49708	28.8537975425045
49710	28.8537975425029
49722	28.8537975425023
49724	28.8537975424981
49728	28.8537975424969
49738	28.8537975424967
49742	28.8537975424967
49746	28.8537975424963
49750	28.8537975424957
49754	28.8537975424883
49766	28.8537975424869
49774	28.8537975424859
49776	28.8537975424849
49778	28.8537975424827
49788	28.8537975424808
49794	28.8537975424799
49800	28.8537975424768
49810	28.8537975424742
49836	28.8537975424740
49844	28.8537975424728
49860	28.8537975424701
49904	28.8537975424679
49912	28.8537975424647
49922	28.8537975424617
49952	28.8537975424609
49962	28.8537975424576
49982	28.8537975424573
49994	28.8537975424569
50000	28.8537975424541
50008	28.8537975424518
50028	28.8537975424504
50036	28.8537975424491
50050	28.8537975424483
50058	28.8537975424478
50062	28.8537975424475
50066	28.8537975424448
50068	28.8537975424389
50098	28.8537975424384
50104	28.8537975424362
50118	28.8537975424350
50136	28.8537975424339
50146	28.8537975424312
50150	28.8537975424297
50170	28.8537975424297
50174	28.8537975424290
50176	28.8537975424251
50178	28.8537975424221
50194	28.8537975424202
50198	28.8537975424186
50204	28.8537975424094
50206	28.8537975424093
50212	28.8537975424093
50216	28.8537975424023
50228	28.8537975424020
50234	28.8537975424017
50238	28.8537975424007
50244	28.8537975424001
50264	28.8537975423987
50272	28.8537975423979
50274	28.8537975423933
50284	28.8537975423931
50288	28.8537975423921
50290	28.853797542392
50296	28.8537975423915
50298	28.8537975423885
50302	28.8537975423855
50306	28.8537975423841
50316	28.8537975423812
50330	28.8537975423808
50336	28.8537975423804
50350	28.8537975423731
50360	28.8537975423706
50372	28.8537975423699
50374	28.8537975423695
50394	28.8537975423676
50410	28.8537975423661
50432	28.8537975423623
50454	28.8537975423609
50462	28.8537975423606
50490	28.8537975423578
50508	28.8537975423577
50514	28.8537975423567
50522	28.8537975423561
50526	28.853797542356
50532	28.8537975423543
50572	28.8537975423536
50580	28.8537975423531
50610	28.8537975423525
50626	28.8537975423506
50660	28.8537975423481
50682	28.8537975423475
50702	28.8537975423473
50708	28.853797542347
50714	28.8537975423467
50718	28.8537975423462
50730	28.8537975423448
50742	28.8537975423442
50746	28.8537975423435
50748	28.8537975423425
50788	28.8537975423411
50798	28.8537975423401
50810	28.8537975423397
50812	28.8537975423381
50816	28.8537975423381
50836	28.8537975423380
50842	28.8537975423371
50844	28.8537975423345
50848	28.8537975423345
50856	28.853797542334
50864	28.8537975423335
50868	28.8537975423322
50880	28.8537975423320
50896	28.8537975423312
50916	28.8537975423275
50920	28.8537975423266
50928	28.8537975423265
50940	28.8537975423263
50944	28.8537975423262
50948	28.8537975423245
50966	28.8537975423241
50980	28.8537975423232
50984	28.8537975423231
50990	28.8537975423214
51008	28.8537975423206
51014	28.8537975423199
51016	28.8537975423192
51032	28.8537975423184
51042	28.8537975423184
51054	28.8537975423177
51056	28.8537975423176
51058	28.8537975423169
51060	28.8537975423146
51092	28.8537975423141
51096	28.8537975423116
51128	28.8537975423111
51130	28.85379754231
51148	28.8537975423093
51154	28.8537975423088
51156	28.8537975423077
51160	28.8537975423069
51180	28.8537975423061
51198	28.8537975423043
51208	28.8537975423034
51210	28.8537975423029
51218	28.8537975423027
51248	28.8537975423017
51270	28.8537975423016
51276	28.8537975423007
51280	28.8537975422994
51316	28.8537975422992
51324	28.8537975422981
51336	28.8537975422976
51350	28.8537975422975
51352	28.8537975422970
51358	28.8537975422957
51370	28.8537975422943
51374	28.8537975422937
51380	28.8537975422931
51384	28.853797542293
51394	28.8537975422927
51414	28.8537975422918
51430	28.8537975422903
51446	28.8537975422899
51474	28.8537975422891
51484	28.8537975422891
51516	28.8537975422886
51520	28.8537975422883
51528	28.8537975422881
51530	28.8537975422863
51560	28.8537975422861
51578	28.853797542285
51582	28.8537975422847
51596	28.8537975422845
51614	28.8537975422843
51620	28.8537975422842
51630	28.8537975422842
51634	28.8537975422832
51652	28.853797542282
51668	28.8537975422817
51678	28.8537975422815
51694	28.8537975422812
51720	28.8537975422811
51724	28.8537975422806
51728	28.8537975422806
51730	28.8537975422796
51744	28.8537975422785
51770	28.8537975422784
51774	28.8537975422781
51776	28.8537975422769
51804	28.8537975422767
51834	28.8537975422759
51858	28.8537975422753
51882	28.853797542275
51898	28.8537975422747
51904	28.8537975422744
51916	28.8537975422737
51976	28.8537975422736
51978	28.8537975422734
51998	28.8537975422733
52012	28.8537975422727
52030	28.8537975422723
52038	28.8537975422718
52062	28.8537975422715
52082	28.8537975422714
52104	28.8537975422711
52118	28.8537975422709
52132	28.8537975422707
52140	28.8537975422705
52144	28.8537975422703
52154	28.8537975422702
52156	28.8537975422701
52176	28.8537975422701
52192	28.8537975422693
52208	28.8537975422689
52214	28.8537975422687
52216	28.8537975422685
52224	28.8537975422683
52240	28.8537975422683
52252	28.8537975422681
52254	28.8537975422669
52290	28.8537975422664
52298	28.8537975422661
52300	28.8537975422648
52310	28.8537975422636
52314	28.8537975422632
52334	28.8537975422631
52342	28.8537975422630
52350	28.8537975422628
52362	28.8537975422622
52372	28.853797542262
52384	28.8537975422615
52404	28.8537975422612
52414	28.8537975422611
52426	28.8537975422607
52438	28.8537975422607
52440	28.8537975422605
52458	28.8537975422601
52494	28.8537975422599
52530	28.8537975422599
52536	28.8537975422598
52538	28.8537975422597
52540	28.8537975422597
52546	28.8537975422595
52556	28.8537975422595
52570	28.8537975422593
52578	28.8537975422589
52592	28.8537975422587
52596	28.8537975422585
52612	28.8537975422583
52624	28.8537975422582
52638	28.853797542258
52642	28.8537975422579
52664	28.8537975422578
52674	28.8537975422577
52676	28.8537975422575
52688	28.8537975422573
52732	28.8537975422573
52746	28.8537975422571
52760	28.8537975422567
52780	28.8537975422567
52790	28.8537975422566
52818	28.8537975422565
52844	28.8537975422565
52848	28.8537975422563
52852	28.8537975422563
52860	28.8537975422563
52862	28.8537975422561
52874	28.8537975422561
52902	28.8537975422561
52906	28.853797542256
52912	28.8537975422559
52916	28.8537975422559
52922	28.8537975422556
52926	28.8537975422556
52932	28.8537975422555
52950	28.8537975422554
52968	28.8537975422554
52970	28.853797542255
53004	28.853797542255
53018	28.8537975422549
53032	28.8537975422548
53036	28.8537975422547
53056	28.8537975422547
53074	28.8537975422547
53082	28.8537975422546
53094	28.8537975422545
53134	28.8537975422545
53144	28.8537975422545
53158	28.8537975422544
53164	28.8537975422543
53170	28.8537975422542
53184	28.8537975422542
53190	28.8537975422541
53198	28.8537975422541
53220	28.8537975422541
53236	28.8537975422537
53270	28.8537975422537
53272	28.8537975422536
53298	28.8537975422535
53324	28.8537975422535
53326	28.8537975422534
53370	28.8537975422534
53372	28.8537975422533
53380	28.8537975422533
53414	28.8537975422532
53434	28.8537975422532
53462	28.8537975422531
53480	28.853797542253
53496	28.853797542253
53516	28.853797542253
53540	28.8537975422530
53546	28.8537975422529
53566	28.8537975422529
53568	28.8537975422529
53592	28.8537975422529
53594	28.8537975422529
53604	28.8537975422529
53608	28.8537975422529
53620	28.8537975422528
53624	28.8537975422528
53626	28.8537975422528
53632	28.8537975422528
53636	28.8537975422528
53640	28.8537975422527
53652	28.8537975422527
53656	28.8537975422527
53668	28.8537975422526
53672	28.8537975422526
53676	28.8537975422526
53684	28.8537975422526
53686	28.8537975422526
53688	28.8537975422525
53690	28.8537975422525
53706	28.8537975422525
53720	28.8537975422525
53722	28.8537975422523
53724	28.8537975422523
53726	28.8537975422522
53748	28.8537975422522
53762	28.8537975422521
53764	28.8537975422521
53782	28.853797542252
53790	28.853797542252
53792	28.853797542252
53798	28.8537975422520
53812	28.8537975422519
53818	28.8537975422519
53830	28.8537975422519
53846	28.8537975422517
53890	28.8537975422517
53894	28.8537975422517
53912	28.8537975422516
53932	28.8537975422516
53964	28.8537975422515
53976	28.8537975422513
53994	28.8537975422512
54004	28.8537975422512
54024	28.8537975422511
54054	28.8537975422511
54058	28.8537975422511
54070	28.8537975422510
54102	28.853797542251
54108	28.8537975422510
54118	28.8537975422509
54138	28.8537975422508
54162	28.8537975422508
54166	28.8537975422508
54168	28.8537975422508
54172	28.8537975422507
54190	28.8537975422506
54208	28.8537975422506
54214	28.8537975422505
54220	28.8537975422505
54234	28.8537975422504
54240	28.8537975422504
54264	28.8537975422504
54280	28.8537975422504
54292	28.8537975422503
54300	28.8537975422503
54304	28.8537975422503
54316	28.8537975422502
54334	28.8537975422502
54344	28.8537975422502
54354	28.8537975422501
54392	28.85379754225
54402	28.8537975422499
54410	28.8537975422499
54420	28.8537975422499
54446	28.8537975422498
54464	28.8537975422498
54480	28.8537975422498
54484	28.8537975422498
54492	28.8537975422498
54504	28.8537975422498
54510	28.8537975422497
54514	28.8537975422497
54536	28.8537975422496
54582	28.8537975422496
54586	28.8537975422496
54612	28.8537975422496
54616	28.8537975422495
54642	28.8537975422495
54664	28.8537975422495
54674	28.8537975422495
54682	28.8537975422494
54688	28.8537975422494
54712	28.8537975422494
54718	28.8537975422494
54770	28.8537975422493
54778	28.8537975422493
54810	28.8537975422493
54830	28.8537975422493
54840	28.8537975422493
54846	28.8537975422493
54866	28.8537975422493
54874	28.8537975422493
54878	28.8537975422492
54930	28.8537975422492
54940	28.8537975422492
54946	28.8537975422492
54974	28.8537975422491
55002	28.8537975422491
55016	28.8537975422491
55022	28.8537975422491
55036	28.8537975422491
55072	28.8537975422491
55094	28.8537975422491
55096	28.8537975422490
55102	28.853797542249
55106	28.853797542249
55120	28.853797542249
55142	28.853797542249
55156	28.853797542249
55178	28.853797542249
55198	28.8537975422490
55218	28.8537975422490
55230	28.8537975422490
55314	28.8537975422490
55320	28.8537975422489
55418	28.8537975422489
55468	28.8537975422489
55478	28.8537975422489
55486	28.8537975422489
55502	28.8537975422489
55522	28.8537975422489
55536	28.8537975422489
55558	28.8537975422489
55594	28.8537975422489
55600	28.8537975422489
55634	28.8537975422489
55686	28.8537975422489
55706	28.8537975422489
55726	28.8537975422489
55750	28.8537975422488
55768	28.8537975422488
55770	28.8537975422488
55792	28.8537975422488
55806	28.8537975422488
55814	28.8537975422488
55838	28.8537975422488
55884	28.8537975422488
55916	28.8537975422488
55950	28.8537975422488
55958	28.8537975422488
56038	28.8537975422488
56052	28.8537975422488
56058	28.8537975422488
56060	28.8537975422488
56074	28.8537975422487
56102	28.8537975422487
56116	28.8537975422487
56140	28.8537975422487
56174	28.8537975422487
56194	28.8537975422487
56216	28.8537975422487
56234	28.8537975422487
56236	28.8537975422487
56274	28.8537975422486
56290	28.8537975422486
56308	28.8537975422486
56328	28.8537975422486
56348	28.8537975422486
56394	28.8537975422486
56476	28.8537975422486
56500	28.8537975422486
56526	28.8537975422485
56548	28.8537975422485
56562	28.8537975422485
56578	28.8537975422485
56588	28.8537975422485
56614	28.8537975422485
56668	28.8537975422485
56676	28.8537975422485
56748	28.8537975422485
56766	28.8537975422485
56788	28.8537975422485
56822	28.8537975422485
56826	28.8537975422485
56894	28.8537975422485
56900	28.8537975422485
56922	28.8537975422485
56950	28.8537975422485
56952	28.8537975422485
56960	28.8537975422485
57056	28.8537975422484
57106	28.8537975422484
57140	28.8537975422484
57156	28.8537975422484
57192	28.8537975422484
57210	28.8537975422484
57268	28.8537975422484
57348	28.8537975422484
57356	28.8537975422484
57394	28.8537975422484
57422	28.8537975422484
57526	28.8537975422484
57592	28.8537975422484
57634	28.8537975422484
57908	28.8537975422484
57998	28.8537975422484
59400	28.8537975422484
62912	28.8537975422484
68130	28.8537975422483
71034	28.8537975422483
72320	28.8537975422483
73304	28.8537975422483
73630	28.8537975422483
73762	28.8537975422483
73822	28.8537975422483
74320	28.8537975422483
74728	28.8537975422483
75902	28.8537975422483
76270	28.8537975422483
76546	28.8537975422483
76592	28.8537975422483
76696	28.8537975422483
76758	28.8537975422483
76972	28.8537975422483
77540	28.8537975422483
78930	28.8537975422483
79370	28.8537975422483
82504	28.8537975422483
85350	28.8537975422483
87648	28.8537975422483
89590	28.8537975422483
96686	28.8537975422483
96898	28.8537975422483
99656	28.8537975422482
108160	28.8537975422482
170350	28.8537975422482
186702	28.8537975422482
220296	28.8537975422482
233914	28.8537975422482
267092	28.8537975422482
300000	28.8537975422482
