52	406.947295688931
104	388.285699597739
168	384.605394521281
174	365.642182932095
192	336.721744412425
260	286.873611764567
364	274.631805375227
386	259.371312344518
646	232.816167988051
1372	192.044389225423
8912	191.917990508805
15050	176.945023411677
15506	171.903839793215
15648	170.158441949345
15890	169.714774575366
15908	134.810699052523
16002	128.852898929554
16030	117.190863918618
16062	114.827600979998
16086	110.949087956786
16094	93.2885334598699
16178	88.6598149536713
16184	83.1702505153897
16232	81.4025334469241
16300	78.3819514379353
16306	75.8422821818253
16384	75.7302162341613
16386	75.3289521399867
16402	74.8314954635568
16410	74.4558463128003
16416	73.815946910511
16424	73.7566026284692
16450	73.6351346796261
16464	72.0468448590109
16472	71.8515205429581
16492	71.3244445627536
16512	71.0551818071234
16524	70.6268971415049
16542	69.8771733197897
16564	69.5638031442026
16590	69.390928150051
16594	69.09400637621
16600	68.9459706877688
16614	67.99104491354
16630	67.5661868614732
16644	67.5208748715652
16650	67.336997501606
16670	66.4855372714393
16710	66.477307953694
16732	66.2648492901358
16734	66.0949810885246
16746	66.0450803984375
16750	65.6353627137103
16758	65.4682753843927
16776	65.4161936418973
16786	65.2950570040739
16794	64.7024804186769
16810	64.286209332042
16814	64.2259958703251
16820	64.190662265247
16836	64.1164123174938
16848	63.9097657696412
16858	63.8581665453669
16868	63.5378839417013
16870	62.9741663608258
16872	62.9396850309633
16916	62.7378295009203
16918	62.6346172742947
16930	62.6319802111882
16938	62.3311103938116
16948	61.6948995392496
16978	61.6759673627885
16992	61.4726927236691
17000	61.37089410911
17002	60.7242579630446
17024	60.7007381779306
17048	60.6705954097235
17050	60.483263057441
17052	60.4665801265721
17056	60.3371404609917
17082	60.3038516254394
17086	60.2553584346349
17094	60.1419494797446
17124	60.1000181732947
17126	60.0760166175961
17128	60.0401020809157
17136	59.9917763979728
17146	59.8584721630074
17162	59.7505409221957
17174	59.6996462481518
17180	59.6227835973839
17190	59.4923318758472
17196	59.4775897290519
17206	59.4713381561178
17210	59.4464226301994
17218	59.0949595474472
17248	59.035320041426
17274	58.7569803620929
17278	58.676742044176
17280	58.3991945183861
17318	58.3460378610015
17324	58.2785169212689
17336	58.1224386490948
17342	58.0721516028457
17368	57.978572196385
17380	57.7242610374241
17424	57.5131494268826
17446	57.421691901865
17448	57.2641461874671
17454	57.1258890969056
17468	56.9494807982573
17478	56.7069840973094
17484	56.6685405653862
17494	56.5242082369826
17496	56.4764710998467
17500	56.4237540237163
17508	56.3060013304335
17510	56.2281993348027
17526	56.1022598374564
17540	55.9230992143286
17544	55.9227558776701
17550	55.7270938276314
17560	55.5341209072424
17566	55.3214222150748
17594	55.3165248960411
17602	55.2120207736629
17612	55.0646726759758
17628	54.971818561226
17636	54.705725423283
17648	54.4647156096566
17652	54.3052880663165
17668	54.0849653661106
17694	54.0766260896407
17700	53.7988873831286
17732	53.7654678926237
17742	53.624927566199
17766	53.5780897495126
17790	53.5524281590113
17792	53.343695824557
17814	53.217759602159
17820	53.1143729894104
17832	53.0397919193329
17848	53.0192513306196
17856	53.0034431543623
17866	52.9720622613744
17872	52.9356252279865
17878	52.8377734716578
17892	52.6042048181766
17898	52.5322777402974
17912	52.5056992099334
17914	52.4632155323796
17916	52.4015064735432
17920	52.3945096390399
17934	52.2687038893838
17958	52.1988748963367
17970	52.0554519005366
17976	52.0553055711524
17980	51.9859456749976
17994	51.8831586598273
18040	51.8582258689464
18042	51.7763584168000
18060	51.732164787991
18100	51.6594813525251
18132	51.6308467518788
18154	51.6062218425034
18180	51.5600703988487
18242	51.5438503657291
18246	51.5272457972172
18262	51.5263786754634
18272	51.4854099771337
18296	51.4789870236406
18298	51.4515327594264
18316	51.3798245506061
18356	51.3611574052101
18358	51.2873198149127
18374	51.2460728037716
18378	51.1308485983671
18416	51.1274558262445
18418	51.1152402139587
18424	51.0897875135365
18446	51.0529847633617
18452	51.0415022062623
18458	51.0041349666224
18492	50.9916806180847
18516	50.9639209419582
18540	50.8791913525445
18560	50.8652008825503
18574	50.8556227333627
18582	50.82955658804
18588	50.7762196627456
18604	50.7667767075634
18608	50.7482946178951
18620	50.6890773592181
18622	50.6587343799474
18626	50.6332852008835
18640	50.6258622284176
18664	50.5452007294001
18688	50.5347684211619
18702	50.5243793722155
18704	50.4784077684341
18708	50.4480716627814
18718	50.3983860166889
18736	50.3694184390992
18748	50.364972172454
18750	50.3645205604737
18752	50.3034424488808
18762	50.200687338132
18774	50.1748095066691
18792	50.1262655587483
18796	50.1088939562272
18804	50.0254687360342
18806	50.0016559960441
18812	50.0009795234771
18840	49.960800722659
18842	49.8418824365595
18868	49.7493426712608
18874	49.738299695326
18884	49.7115752858822
18906	49.6472344424656
18908	49.6350882123428
18914	49.626236263278
18920	49.6164546614443
18928	49.6091162200194
18964	49.5185515015459
18978	49.4587974767374
18992	49.4207385660632
18994	49.383927605471
19010	49.3344734956368
19028	49.286176612444
19034	49.2849750821511
19046	49.2295925206296
19048	49.2109923509857
19054	49.1573662779821
19072	49.1523784073049
19074	49.0745553737218
19086	49.0715332556119
19090	48.9950356610352
19102	48.9785077189405
19106	48.9530378615864
19116	48.8837257467671
19130	48.7996585007305
19142	48.7664831422516
19146	48.724207194062
19198	48.6688770456542
19204	48.5392123721947
19226	48.5227732970084
19246	48.4403464702605
19258	48.3630373359952
19286	48.3281808165754
19308	48.2953045512665
19310	48.2160922790636
19330	48.1682955011993
19350	48.14196867499
19352	48.1410421758247
19362	48.0573575456926
19366	48.0262667762275
19374	47.9594333456339
19382	47.8834856832735
19422	47.8549331115196
19430	47.8482392396856
19438	47.8098224174782
19464	47.7899919380196
19492	47.7452108931174
19498	47.7428751626505
19516	47.7055646279162
19520	47.7020750627695
19536	47.6548219735083
19546	47.6045743583361
19576	47.5753803184847
19582	47.5464830544122
19596	47.5434367931933
19606	47.5408444504606
19612	47.5057197861326
19628	47.4865959227717
19638	47.4427908667493
19658	47.3832238456306
19680	47.3817305523288
19682	47.3419702944411
19704	47.3261903299916
19710	47.3083581418211
19718	47.2061711999287
19760	47.178656387372
19780	47.1422343827143
19786	47.1415299525613
19796	47.1170768573079
19820	47.0542330400658
19832	47.031032545795
19834	47.0183938755778
19854	46.9806400352387
19872	46.9199048484122
19892	46.8682900118936
19904	46.8388291451357
19918	46.8150890615039
19970	46.8145407042039
19982	46.8037156026915
19984	46.7616978977753
20000	46.7591281492825
20002	46.7541651763245
20008	46.7501668413526
20010	46.7450104233253
20022	46.7201113716342
20030	46.7040938021863
20034	46.6878160636678
20036	46.6646379230514
20038	46.6296807314598
20044	46.618941743232
20052	46.586150874155
20080	46.5419951664846
20082	46.5186269054386
20104	46.4903247325818
20106	46.4884423989178
20124	46.4843066991847
20142	46.4561633054382
20150	46.4521606866291
20152	46.4308132693025
20170	46.430280325657
20192	46.4239871766989
20198	46.393219524491
20220	46.3755856154634
20230	46.3647293981677
20234	46.3621738289582
20258	46.3334933464844
20276	46.3269769938967
20282	46.3138744263579
20286	46.3102786402805
20308	46.2998907919309
20320	46.2974799793885
20336	46.2903042091957
20344	46.2754721715511
20350	46.2620514034761
20358	46.2356720881832
20384	46.2137945824378
20394	46.2114133591634
20402	46.2016578698716
20404	46.1925329919089
20412	46.1857458924099
20414	46.1454029927129
20434	46.1073246609350
20442	46.1004944230121
20454	46.0936613584082
20470	46.0722002222849
20500	46.0402616700503
20504	46.0307259188139
20516	46.02415346127
20520	46.0113962651695
20546	45.9892658219099
20574	45.9854587503885
20584	45.9727839508284
20618	45.9597322390252
20624	45.9165130218032
20650	45.8998444847336
20680	45.8700875649999
20688	45.8690969846135
20694	45.8611756843907
20706	45.8437108133113
20714	45.8385408219761
20738	45.8063305841223
20748	45.7832654610944
20792	45.7782348024642
20794	45.7664363124105
20796	45.7600871222013
20840	45.7458302406352
20848	45.739870626084
20856	45.7203539063935
20868	45.716806645039
20872	45.695443941906
20876	45.6907731202613
20924	45.6883410578765
20946	45.6693055434991
20950	45.6675498056845
20954	45.6544336358577
20968	45.6532749602629
20974	45.6475560948111
20980	45.6420688776177
20992	45.6323097118438
20996	45.6242966584575
21016	45.6220561723125
21026	45.6188734130195
21030	45.6111687878518
21046	45.6106665255347
21054	45.601418600631
21072	45.5977529303769
21080	45.5949974752508
21082	45.5770995689091
21120	45.5770369531762
21124	45.5731517068644
21126	45.5519757156913
21142	45.5465353530457
21148	45.5431830902826
21160	45.5126934051633
21186	45.50948035008
21190	45.505822816915
21196	45.4958380717453
21200	45.4887341451032
21202	45.4801277734243
21204	45.4721176921575
21220	45.4663008566830
21232	45.4511208593018
21234	45.4069146557029
21244	45.4010598223313
21278	45.3815619149134
21294	45.3794883345733
21296	45.3625127217286
21300	45.318370485455
21316	45.3058935020560
21342	45.2687233358737
21366	45.2407668852803
21372	45.2246173326185
21432	45.2155248834889
21436	45.1990021913012
21452	45.1902866844464
21478	45.1855948677624
21486	45.1685364679666
21492	45.1610739254206
21518	45.1515644366059
21524	45.1455578671109
21550	45.1345679668555
21554	45.1332673518671
21558	45.1275796759871
21570	45.1267028405785
21580	45.1236547025776
21582	45.101500737128
21588	45.0963473563218
21590	45.0934856219889
21598	45.0873103280857
21610	45.0801247385940
21626	45.0605788495143
21628	45.054488173697
21634	45.0417531260144
21640	45.0257694569482
21684	45.0195918334245
21694	45.0083794374238
21698	45.003484645123
21714	45.001188593055
21722	44.9950141382437
21730	44.9852964542061
21752	44.9754076804539
21754	44.9718988223068
21766	44.9475589654791
21782	44.9169666595133
21788	44.9101303469313
21812	44.8993293362305
21818	44.8953641442201
21824	44.8862929589238
21828	44.8779309346778
21848	44.8722252942016
21864	44.8693786776304
21866	44.8595856463846
21872	44.8376267030664
21890	44.8276736147708
21902	44.806848941846
21934	44.7927943444702
21968	44.7880575636218
21976	44.7858478747297
21984	44.7826523514823
22026	44.7798389572966
22030	44.7766230763462
22042	44.7765923957063
22050	44.7738065848438
22052	44.7619726827505
22068	44.7555707472313
22092	44.7553397059891
22096	44.7544777871043
22108	44.7443221133797
22110	44.726154972035
22128	44.7173570045266
22130	44.7160814366391
22160	44.7041651010406
22218	44.7011869290881
22222	44.6995539217459
22230	44.6976678495168
22244	44.6961206257601
22254	44.6948502529914
22264	44.6886835294083
22278	44.6883868872089
22280	44.6803734450268
22322	44.6791863576122
22352	44.6773929967376
22354	44.6707841403449
22378	44.6683688781894
22390	44.66112207732
22392	44.6605585783343
22410	44.6589965928661
22418	44.6536040809583
22422	44.6527703558164
22438	44.6458333358631
22450	44.6436752024201
22452	44.6428232292545
22462	44.6407877431649
22488	44.6379135011252
22496	44.6315679044624
22502	44.6305380651492
22512	44.626652683644
22524	44.6188494264866
22536	44.6106912602804
22544	44.6103156313361
22548	44.6081447599476
22560	44.6040215679511
22580	44.6033299526385
22582	44.6004539519776
22586	44.5981180391007
22606	44.5939157340698
22620	44.5925564338431
22628	44.5918405557353
22666	44.5903533866327
22676	44.5856733548482
22702	44.5773849763978
22730	44.577019003383
22732	44.5730559873429
22754	44.5726833120842
22768	44.5704934635625
22772	44.5679374541383
22778	44.5676258623502
22780	44.5652110662756
22798	44.5648791810939
22802	44.5640319499782
22804	44.5609474807382
22816	44.5605470822917
22834	44.5584811813609
22838	44.5581865149164
22874	44.5573708574932
22876	44.5567449207267
22894	44.5566656136343
22912	44.5557343910153
22916	44.5544657895987
22922	44.5536109949532
22934	44.5519190617684
22948	44.5508824879495
22960	44.5490297444225
22966	44.5472226895884
22974	44.5453537472792
22988	44.5444614536111
23000	44.5444078454095
23008	44.5433757739878
23026	44.5428028773985
23034	44.5409426834768
23038	44.5399175060324
23048	44.5395882069105
23052	44.5377780408656
23070	44.5349661231693
23082	44.5342337702358
23102	44.5333246246798
23116	44.531837711208
23120	44.5310551058146
23124	44.5302873351602
23126	44.528804673713
23132	44.5275055082096
23138	44.5271700646966
23156	44.5220384958515
23168	44.5208771329440
23176	44.5204948547267
23180	44.5175286678424
23188	44.5110408781858
23196	44.5067713664079
23202	44.5061493526035
23230	44.5036974356878
23260	44.5024744247594
23266	44.5011702892843
23268	44.49856362091
23278	44.493956652254
23286	44.4928456399753
23290	44.4927451160889
23296	44.4920867446376
23300	44.4875433580016
23322	44.4851820543018
23340	44.4796081518707
23342	44.4745122238135
23362	44.4710852600728
23378	44.4660118737422
23380	44.4629377049593
23384	44.4578641750469
23392	44.4528408364166
23404	44.4499139488471
23434	44.4445943388357
23440	44.4407236761402
23456	44.4250665361589
23490	44.4225593623091
23510	44.4205935366153
23518	44.4182327733884
23548	44.4160397275587
23552	44.4148155960529
23556	44.4073331903693
23572	44.398880642182
23598	44.3986181901686
23600	44.3970642029319
23606	44.389711452226
23638	44.3884854772896
23664	44.386686094515
23672	44.3841927626589
23674	44.3835264972259
23676	44.3807568844842
23678	44.3746625155875
23700	44.3713500027263
23720	44.3691546507023
23732	44.3688802853495
23740	44.3672130082091
23742	44.3565866526324
23770	44.3553308722423
23774	44.3539446455627
23780	44.3529118127202
23804	44.3431937137592
23814	44.3421434171461
23838	44.3404901954168
23842	44.3366286309826
23884	44.3356359302248
23894	44.3347721842477
23924	44.3337204117169
23928	44.3292262821716
23936	44.329132134913
23950	44.3275263854414
23952	44.3272400803312
23956	44.32288129789
23984	44.3226196768942
23994	44.3184203121275
24034	44.3119658830775
24036	44.3118425109994
24038	44.3095728873033
24040	44.3070764545620
24054	44.3040935841123
24056	44.302059808629
24058	44.3009591226799
24074	44.2983258112532
24084	44.2960324676700
24092	44.274690766255
24098	44.2713617929683
24102	44.2676658759369
24112	44.2599173205821
24136	44.2559628775114
24146	44.2532365477884
24156	44.2468209130432
24164	44.2349984684209
24178	44.2347485998892
24200	44.2338809788654
24202	44.2291681627873
24218	44.2237873285139
24234	44.221131379601
24242	44.215241046511
24260	44.2133946498297
24276	44.2067027173765
24310	44.2055680649361
24326	44.1987055931908
24336	44.1985079463741
24340	44.1952512776066
24362	44.193627882757
24364	44.1932286808878
24370	44.1916364870817
24374	44.1913095601998
24376	44.1820372595924
24408	44.180793224195
24412	44.1807531390572
24428	44.1787226516628
24440	44.1777609919163
24450	44.1759896350288
24470	44.1739610351432
24472	44.1707936535283
24486	44.163572719405
24524	44.1589321102175
24528	44.1566486221644
24542	44.1548472788110
24544	44.1523983608258
24558	44.1504915504094
24576	44.1484886876610
24586	44.1471180286575
24596	44.1438342861403
24600	44.1376923702140
24634	44.1354077801707
24658	44.1236456394098
24690	44.1194263098558
24700	44.115412215291
24702	44.1139564051644
24718	44.112731166094
24722	44.1094500557914
24736	44.1032540372234
24744	44.1032297507619
24752	44.1022072364513
24754	44.1012198080645
24758	44.099490095575
24764	44.0972324279052
24798	44.0957429269435
24802	44.0953476342092
24810	44.0924887144576
24814	44.0895458658966
24818	44.0844988509102
24862	44.0821500444045
24882	44.0797168984954
24890	44.074933442919
24898	44.0654488901482
24918	44.0526987891052
24928	44.0491017153045
24952	44.047147404796
24958	44.0465781259712
24974	44.0461916079324
24980	44.0455402509006
24984	44.0450625939396
24994	44.0386475894403
25020	44.0369382985123
25022	44.0350207960426
25028	44.0342746413025
25030	44.0340125152837
25032	44.0309032652179
25046	44.0267382539658
25052	44.0264449237609
25056	44.0255609305568
25066	44.0193393439387
25082	44.0172614926037
25098	44.0164775401822
25112	44.0138307746765
25130	44.0100852432617
25144	44.0083165202804
25184	44.0027689662228
25192	43.9978880088089
25202	43.9973058501325
25208	43.995497375126
25210	43.9939850525125
25212	43.9878006136732
25230	43.9867649303999
25238	43.9836855046777
25250	43.9821559381659
25260	43.9810439335995
25288	43.9797926287625
25290	43.9742882433108
25326	43.9721830404290
25328	43.9718047277203
25332	43.9716470938490
25336	43.9691280860367
25342	43.9684552589469
25356	43.968402981063
25378	43.9664905428848
25394	43.9661789278321
25400	43.9628353838091
25420	43.9616920321412
25426	43.9607029295788
25428	43.9603839164618
25436	43.9582639942541
25446	43.9568033791012
25466	43.955896967939
25470	43.9547837999246
25478	43.9533654030434
25488	43.9516024742841
25494	43.9495404487379
25540	43.9484758810101
25542	43.945220300218
25576	43.9440466095313
25584	43.9434673770069
25596	43.9400029864785
25622	43.9385194789672
25638	43.9315985611783
25640	43.9305186488947
25646	43.9291645211699
25684	43.9283624090266
25690	43.9265832688637
25702	43.9254991760394
25742	43.9250350906444
25762	43.9246852729534
25768	43.9243702915054
25776	43.9239672450838
25778	43.9214647763087
25780	43.9213356129263
25802	43.9203690639655
25810	43.9203186764182
25812	43.9197360267343
25826	43.918899594298
25830	43.9154984236479
25836	43.9148146183289
25848	43.9143081652061
25856	43.912904487609
25888	43.9127598409231
25898	43.9111994677084
25916	43.9107203353944
25938	43.9090465363084
25946	43.9072936960074
25952	43.9072200009661
25966	43.9068803828915
25982	43.9064593774681
26002	43.9057807707973
26016	43.9053888538646
26048	43.9053477299657
26050	43.9050387608951
26070	43.9047595033654
26086	43.9040830824047
26092	43.9035718960814
26094	43.9035419294535
26106	43.9030841915883
26132	43.901986431066
26142	43.9019086840351
26150	43.9016668983424
26168	43.9012602042734
26180	43.9011174864409
26194	43.8997160941182
26208	43.8991469535926
26210	43.8990722116883
26216	43.8984083252885
26222	43.8979863526049
26230	43.8972722977802
26242	43.8960483517187
26262	43.8949495795187
26276	43.8945748602993
26286	43.8945038554946
26292	43.8943183555854
26294	43.8939849044064
26300	43.8933372549353
26302	43.8930495981276
26306	43.8928795946953
26314	43.8927624043545
26318	43.891684031868
26324	43.8913428455097
26328	43.8907880792027
26338	43.8899603974261
26344	43.8889787422146
26370	43.8889711296048
26388	43.8886643933727
26412	43.8880049413075
26416	43.886825624239
26428	43.8865155382347
26432	43.8862204929869
26450	43.8861259067161
26456	43.8858574663144
26460	43.8857476784558
26464	43.8832399857049
26466	43.8805905446273
26468	43.8792022921328
26474	43.8782447146215
26482	43.8773195011871
26488	43.8760986299566
26494	43.8752613572245
26502	43.8746390576733
26504	43.8731309871232
26516	43.8720037277952
26518	43.8716661711185
26534	43.8701390764987
26550	43.868972176231
26554	43.8687485908602
26572	43.8682892275126
26578	43.8643610175400
26580	43.864201494752
26588	43.8619980994178
26620	43.861891140132
26622	43.8617584839357
26634	43.8593814421349
26646	43.8567819294542
26688	43.8551269028423
26690	43.8538140267792
26706	43.8528650471015
26718	43.8524748676893
26728	43.8504491478508
26748	43.8499237389143
26752	43.8497692281231
26766	43.8478341193526
26768	43.8474682185865
26772	43.8437695214663
26794	43.8433563498542
26796	43.8419964868788
26808	43.841934634643
26812	43.8410579418008
26832	43.8407851033655
26838	43.8404719879724
26840	43.8390379248849
26860	43.8382677388982
26878	43.8377143361506
26906	43.8369392889587
26914	43.8355837353491
26922	43.8349947564678
26940	43.8347341935471
26944	43.8330101511948
26956	43.8323697370153
26978	43.8312424195289
26994	43.8300472266583
26996	43.8294447862558
27002	43.8285422450624
27028	43.8278630181672
27036	43.8266366754923
27056	43.8260100680362
27064	43.8256485807108
27066	43.8247711956796
27084	43.8244203454051
27088	43.8238552900881
27098	43.8225529545711
27104	43.8221802467184
27120	43.8205103706707
27140	43.8203963275464
27150	43.818626327224
27182	43.8168233998239
27222	43.8166807850374
27226	43.8162468538356
27228	43.815508809639
27234	43.8141428340587
27236	43.8138914082884
27274	43.813780874036
27292	43.8134885905549
27308	43.8123486538984
27338	43.8118143013515
27370	43.8117194251967
27378	43.8116746502627
27384	43.8112743166659
27410	43.8109655798043
27412	43.8106755199167
27430	43.8102883683792
27458	43.8101592861879
27468	43.8098958443822
27474	43.8097338080073
27498	43.8094817880672
27534	43.8094673524724
27540	43.809272696434
27566	43.8090332488467
27570	43.8090035260567
27578	43.8087334521211
27584	43.8086223208539
27586	43.8085860281187
27594	43.8079569622018
27608	43.8079007661062
27610	43.8077149353058
27618	43.8075295759241
27620	43.8072564869039
27624	43.8066449337517
27638	43.806583283609
27640	43.8061079688482
27678	43.8059298152094
27684	43.8058882998749
27686	43.8057730246090
27696	43.8057622912463
27706	43.8057358600325
27708	43.8055490189584
27714	43.8055405651462
27730	43.8055033656446
27740	43.8049722154167
27746	43.8046808159947
27760	43.8046765712729
27774	43.8046151390476
27788	43.8045728781999
27798	43.8043340715068
27818	43.8037252704377
27838	43.8035578691772
27850	43.8029325532973
27864	43.8028106763203
27868	43.8027491523436
27888	43.8022606067862
27894	43.8020363288279
27912	43.8019531779618
27936	43.8018753333423
27940	43.8015295987937
27966	43.8014297135536
27984	43.8009849888723
28030	43.8009178669928
28072	43.8008061246348
28082	43.8006125896885
28084	43.8005854657667
28112	43.8005604143065
28114	43.8004352834181
28128	43.8003273124420
28150	43.8002163223001
28164	43.8001750738136
28188	43.7998408797651
28214	43.7998177108007
28224	43.799809298323
28230	43.7996480050864
28240	43.7994868097792
28262	43.799377356513
28284	43.7992957491644
28300	43.7992946662998
28308	43.7992886869584
28310	43.7991490340995
28316	43.7989982336972
28326	43.7988254327376
28342	43.7987957214442
28354	43.7985169384491
28358	43.7983624729564
28366	43.7982527509077
28370	43.7979882575322
28404	43.7979558155426
28408	43.7979370756885
28424	43.7973699330605
28430	43.7971140864861
28434	43.797058182786
28440	43.7964798994831
28462	43.7963122249297
28472	43.7961122227803
28480	43.796097110069
28482	43.7960822772092
28486	43.7958715694645
28492	43.7956795732508
28514	43.7952998925698
28516	43.7952846704714
28518	43.7949609565452
28524	43.7947865061897
28538	43.7946144018902
28570	43.7945970389504
28576	43.7943519398760
28588	43.7942509087624
28592	43.7940402354718
28616	43.7937705767014
28618	43.793580280043
28620	43.7933616394744
28640	43.793330876812
28642	43.7932194874771
28652	43.7929750701238
28676	43.7928345350632
28692	43.7928324402937
28694	43.7926063214367
28700	43.7925170820346
28704	43.7923142232017
28716	43.7919737560099
28730	43.7919215367398
28732	43.7918325284314
28738	43.7916868267339
28742	43.7915146882475
28744	43.7914626281959
28762	43.791316133029
28774	43.7910598172013
28792	43.7909654378686
28798	43.7907849467761
28810	43.7907663237293
28814	43.7906265538531
28832	43.7904446383351
28852	43.7904212169374
28860	43.7903804075962
28864	43.7901947547031
28880	43.789863781965
28892	43.7898367999538
28896	43.7896074862711
28916	43.7895746743279
28918	43.789566890569
28926	43.7892797937695
28966	43.7891716433265
28974	43.7891068001975
28978	43.78900805216
28994	43.7889677429913
28998	43.7887491948009
29042	43.7884911506966
29066	43.7884437655395
29072	43.7884194258840
29074	43.7883775837854
29082	43.7883617327266
29088	43.7883609601987
29090	43.788250096752
29106	43.7881712820151
29112	43.7881373619385
29132	43.7881158434621
29144	43.7880539016168
29150	43.7879932767087
29156	43.7879547836256
29172	43.7877515419796
29194	43.7876045220779
29212	43.7875295822209
29216	43.7875293154957
29218	43.7874956567353
29224	43.7872842855222
29228	43.7871798367597
29244	43.7871582243865
29256	43.787039280105
29264	43.7870311445977
29266	43.7869528576515
29274	43.7868530616303
29284	43.7865575182044
29294	43.7865094152479
29308	43.7864838609164
29314	43.7864624256994
29324	43.7864313128311
29328	43.7863140304156
29342	43.7862447924821
29346	43.786209624749
29354	43.786156017713
29358	43.7859699733361
29380	43.7859593064336
29394	43.7858521046189
29400	43.7858367753272
29410	43.7857570500375
29420	43.7856837820082
29440	43.7854657768468
29444	43.7853421304989
29454	43.7853264949813
29460	43.7852674861377
29474	43.7851189961309
29516	43.7850751396996
29550	43.7850459026878
29558	43.7849871704614
29566	43.7849088776503
29580	43.7849088571802
29588	43.7848949189993
29610	43.7848864742185
29618	43.7848630319681
29620	43.7848391291811
29622	43.7848129943917
29632	43.7846363346385
29636	43.7844103343535
29658	43.7843560821025
29676	43.7842940265059
29684	43.7842925495608
29690	43.7842547522630
29698	43.7842142289652
29700	43.7841620446608
29736	43.7841006655534
29740	43.7840141893329
29772	43.7838177918421
29786	43.7837774016186
29796	43.7837050163922
29808	43.7835840420289
29810	43.7835798309981
29816	43.7833542355827
29858	43.7832582411036
29876	43.7831147636217
29900	43.7830841098755
29936	43.7830102916904
29940	43.7829006094694
29948	43.7828620945885
29966	43.78277114513
29990	43.7827517681546
29998	43.7827453649368
30006	43.7827042628422
30016	43.7825497331567
30038	43.782548422508
30048	43.7824907752691
30076	43.7824849623901
30084	43.7824679308159
30088	43.7824147194217
30114	43.782403812006
30118	43.782399628309
30128	43.7823810474382
30138	43.7822267662902
30140	43.782170472865
30172	43.7821579013311
30176	43.782116322202
30180	43.7820430924817
30194	43.7820429333528
30196	43.7820235252296
30202	43.7820202344226
30210	43.7819768892241
30244	43.7819759791896
30250	43.7819224621144
30262	43.7819195953772
30284	43.7818748061799
30294	43.7818669483444
30298	43.7818108888617
30332	43.7817969802738
30336	43.781779900766
30340	43.7817542494851
30346	43.7817508318307
30354	43.7817349926339
30362	43.7817113153581
30366	43.7816508547893
30370	43.7816381205781
30376	43.7816363070834
30390	43.7816117181752
30398	43.7816074424675
30402	43.7815659764444
30420	43.7815640959967
30430	43.7815503776419
30440	43.7814946177096
30458	43.7814900349170
30478	43.7814878581331
30482	43.7814577026233
30492	43.7814486250644
30504	43.7814476038023
30526	43.7814037940683
30532	43.7813742979371
30542	43.7812979488102
30568	43.781296940722
30574	43.7812743804807
30584	43.781248208184
30608	43.7812384735132
30616	43.7811992634153
30628	43.7811789461957
30658	43.7811468162384
30686	43.7811462865579
30692	43.7811304914941
30704	43.7811005366524
30716	43.7810898514378
30742	43.7810865620037
30762	43.7810782524132
30776	43.781074333398
30788	43.7810678119975
30792	43.7810662003791
30794	43.7810640024985
30800	43.7810611721821
30810	43.7810472945479
30818	43.7810335375983
30828	43.7810226240039
30832	43.7810224612917
30842	43.7810195258135
30848	43.7810137871372
30854	43.7810020348272
30860	43.7809789807122
30880	43.7809449003884
30930	43.7809288923219
30940	43.7809038047686
30966	43.780894071579
30984	43.7808775370926
31016	43.7808688294728
31018	43.7808519590853
31032	43.7808487693076
31052	43.7808402389275
31058	43.7808304434
31060	43.7808007698204
31066	43.7807924693057
31082	43.7807669445379
31084	43.7807582025584
31106	43.7807368117796
31108	43.7807141979874
31110	43.7807116596985
31130	43.7806887227707
31158	43.7806812580661
31178	43.7806747660072
31184	43.780649050918
31214	43.7806459408953
31216	43.7806417785298
31224	43.7806337995946
31250	43.7806315962248
31272	43.7806282636979
31274	43.7806232542715
31292	43.7806189153612
31294	43.7806117314309
31300	43.7806110165317
31308	43.7805878471888
31326	43.7805867529924
31336	43.7805855678437
31340	43.7805812566534
31352	43.7805735406697
31372	43.780570775989
31390	43.7805700840546
31392	43.7805690043264
31396	43.7805646623418
31408	43.7805635106416
31410	43.7805523059613
31412	43.7805482923199
31414	43.7805391327693
31422	43.7805313548686
31430	43.7805187894297
31438	43.7805179950674
31440	43.7805122149813
31442	43.7805119759543
31444	43.7805044009861
31448	43.7804999841644
31458	43.7804849840657
31472	43.7804754917149
31508	43.7804744946629
31516	43.7804725997098
31530	43.7804602870103
31534	43.7804532876984
31544	43.780446449541
31546	43.7804418785022
31564	43.780416974742
31572	43.78041696004
31574	43.7804060397047
31582	43.7803943365144
31584	43.7803697323834
31596	43.7803493532833
31606	43.7803335314094
31642	43.7802777245059
31666	43.7802452821207
31684	43.7802316452156
31686	43.7802249452149
31692	43.7802232836222
31698	43.7802032708396
31706	43.7802009370209
31708	43.7801781585263
31716	43.7801678747971
31736	43.7801612294958
31754	43.7801598692539
31756	43.7801447957284
31762	43.7801364724662
31764	43.7801269487939
31774	43.780118468191
31780	43.7801011982391
31808	43.7800972285658
31810	43.7800875240039
31816	43.7800716078547
31848	43.7800570937986
31850	43.7800528150118
31858	43.7800482439994
31860	43.7800234866604
31880	43.7800228591091
31898	43.7800205022586
31914	43.7800051918141
31924	43.7799997112413
31960	43.7799984809904
31988	43.7799787424729
32074	43.7799767053008
32078	43.7799757707948
32080	43.7799735342567
32084	43.7799673044813
32106	43.7799600203933
32118	43.7799583788285
32128	43.7799528427994
32134	43.7799459339638
32140	43.7799421824955
32150	43.7799412155878
32170	43.7799329308361
32198	43.7799245343972
32208	43.7799161528998
32218	43.7799057643207
32220	43.7798944604416
32236	43.7798731548924
32278	43.7798653078548
32282	43.7798624405608
32284	43.7798525893955
32298	43.7798502717427
32306	43.7798456772653
32334	43.7798290685359
32342	43.7798264772755
32346	43.7798121283853
32352	43.7798047640134
32358	43.7797979226756
32368	43.7797918010236
32378	43.7797852861517
32388	43.7797590474084
32394	43.7797363754031
32438	43.7797325782116
32446	43.779732310896
32454	43.7797124061073
32456	43.7797046372781
32490	43.7797003891339
32498	43.7796912627726
32526	43.7796884985423
32530	43.7796824247945
32536	43.7796811544953
32540	43.7796736916721
32556	43.7796731757374
32560	43.7796625850682
32568	43.7796552756242
32572	43.779632127195
32584	43.7796268440768
32616	43.7796235731134
32622	43.7796159079187
32638	43.7796035896925
32650	43.7796018623134
32656	43.7795953708879
32660	43.7795838213749
32670	43.7795724758015
32676	43.7795692647121
32706	43.7795606788152
32708	43.7795569081949
32726	43.779544874501
32728	43.7795437668704
32738	43.7795398370334
32746	43.7795369125555
32760	43.7795291902638
32766	43.779527809396
32784	43.779518706043
32788	43.7795010484196
32800	43.779497172979
32814	43.7794868463463
32820	43.7794827151591
32832	43.7794816695537
32840	43.7794778803031
32862	43.7794735660043
32866	43.7794730505247
32868	43.7794702626674
32870	43.779469237915
32872	43.7794662555937
32874	43.7794575150154
32886	43.7794546434456
32908	43.7794517099206
32912	43.779442558274
32928	43.7794401691755
32962	43.7794385723592
32972	43.7794339324074
32976	43.7794252085556
33014	43.7794216342352
33032	43.7794209505375
33038	43.7794170397705
33040	43.7794163896563
33048	43.7794122874348
33072	43.7794080174523
33116	43.779403878789
33138	43.7794036886586
33142	43.779403400349
33150	43.7794010571857
33152	43.7793999914071
33160	43.7793955196801
33180	43.7793937271294
33184	43.7793881232175
33192	43.779385526945
33198	43.7793827004539
33200	43.7793804797327
33214	43.7793767861025
33226	43.7793717807597
33230	43.7793701244429
33254	43.7793696101435
33262	43.7793640588358
33272	43.7793616740792
33284	43.7793614474453
33290	43.77935938414
33306	43.7793566013549
33322	43.7793497434708
33334	43.7793491033206
33348	43.7793453085239
33366	43.7793404034606
33368	43.7793357996233
33382	43.7793349805536
33386	43.77932730153
33394	43.7793228108429
33400	43.7793225444026
33406	43.7793173816277
33412	43.7793173167471
33430	43.7793116082254
33438	43.7793077824197
33460	43.7793058643905
33496	43.7793017658024
33506	43.7793016297198
33508	43.7793002047761
33522	43.7792976632791
33528	43.7792960635056
33538	43.779291893509
33556	43.7792871280226
33564	43.7792853694556
33568	43.7792818614205
33584	43.7792813733192
33586	43.7792795802452
33588	43.7792744957750
33590	43.7792719331378
33614	43.7792622112697
33620	43.7792619931875
33648	43.7792616077742
33656	43.7792579686236
33658	43.7792562131810
33664	43.7792509795741
33674	43.7792484369842
33684	43.779247745081
33686	43.7792471660108
33706	43.779240305275
33712	43.7792390889014
33736	43.7792358856457
33744	43.779232849807
33750	43.7792311053093
33760	43.7792307978322
33762	43.7792294092975
33784	43.7792246678217
33790	43.7792035976895
33798	43.7792004518755
33872	43.7791952958183
33876	43.7791950143817
33888	43.7791867373746
33904	43.7791839653765
33926	43.7791809028235
33938	43.7791775948751
33944	43.7791763011244
33946	43.7791740946535
33970	43.7791736891308
33972	43.7791725498357
33988	43.7791697410574
34002	43.7791662150244
34006	43.7791618900999
34018	43.7791617636266
34030	43.7791559627795
34050	43.7791548110074
34054	43.7791480014586
34070	43.7791397918972
34126	43.7791389123993
34128	43.7791372088891
34144	43.7791366561211
34150	43.7791296665549
34160	43.7791246957933
34212	43.7791200943316
34216	43.7791190155552
34220	43.7791161089514
34232	43.7791138907444
34238	43.779110213225
34258	43.7791094429752
34276	43.7791048609461
34282	43.7791040373105
34304	43.7791030878821
34306	43.779100200275
34308	43.7790977843613
34334	43.7790900165751
34364	43.7790879841421
34390	43.7790833608816
34400	43.7790734059457
34412	43.7790720535706
34420	43.7790719088863
34424	43.7790710930491
34440	43.7790692218903
34442	43.779068277942
34448	43.7790660074686
34466	43.7790646249427
34468	43.7790632822211
34480	43.779061506751
34490	43.7790587339311
34516	43.7790583808284
34526	43.779054763862
34530	43.7790510589630
34544	43.7790498141199
34560	43.7790460117024
34568	43.7790433787132
34580	43.7790388171593
34602	43.7790317037942
34606	43.7790312161245
34614	43.7790307401101
34618	43.7790301674381
34622	43.7790262359081
34632	43.7790250993547
34644	43.7790243214572
34650	43.7790202478499
34676	43.7790168320448
34690	43.7789976015189
34708	43.7789913678507
34710	43.7789758741579
34714	43.7789744002845
34720	43.7789658428101
34722	43.7789596045243
34726	43.7789479620523
34732	43.7789324274585
34740	43.7788995047611
34744	43.7788985706307
34770	43.7788768707012
34784	43.778870545113
34786	43.7788652528117
34814	43.7788616098408
34816	43.7788446233416
34828	43.7788443807579
34876	43.7788423811734
34878	43.7788316392449
34918	43.778831334607
34928	43.7788209163213
34934	43.7788109411407
34948	43.7788102350969
34952	43.7788003984905
34978	43.7787944640955
34998	43.7787925353656
35032	43.7787922253856
35044	43.7787919129102
35048	43.7787768744642
35058	43.7787693117922
35090	43.7787618010721
35106	43.778760733606
35118	43.7787374359103
35136	43.778737074111
35140	43.7787310041676
35146	43.7787249026572
35162	43.7787227384796
35164	43.7787165291429
35176	43.7787007679736
35208	43.7786938993664
35220	43.7786924770143
35238	43.7786825353695
35270	43.778674755597
35274	43.7786742491968
35278	43.7786720651485
35282	43.7786648418723
35296	43.7786622557536
35306	43.7786604448277
35316	43.7786538291284
35332	43.7786525679346
35346	43.7786510835952
35360	43.7786393014935
35374	43.7786319555286
35388	43.7786283391285
35416	43.7786249161455
35422	43.7786188275686
35444	43.7786183197578
35452	43.7786091576429
35462	43.778606647229
35464	43.7785987564364
35490	43.7785974080353
35496	43.778590956374
35514	43.7785859177933
35536	43.7785783925138
35538	43.7785725197161
35542	43.7785518944604
35552	43.7785448038811
35560	43.778539704823
35582	43.7785315832926
35604	43.7785275191215
35606	43.7785265624204
35634	43.7785225986927
35646	43.7785221982222
35648	43.778519039953
35658	43.7785187154411
35664	43.778515110183
35680	43.7785147163258
35708	43.7785090093047
35710	43.778506070216
35732	43.7784938442057
35748	43.7784930904819
35752	43.7784927871621
35762	43.7784838897553
35782	43.7784829176261
35798	43.7784794958103
35804	43.7784748543467
35812	43.7784667725354
35858	43.7784642417291
35864	43.778462239031
35866	43.7784620523417
35874	43.7784617793186
35894	43.7784601167604
35900	43.7784576949258
35914	43.7784552694394
35948	43.7784541158115
35952	43.7784529050439
35972	43.7784464354461
35990	43.7784425793509
36004	43.7784411020932
36016	43.7784331045803
36068	43.7784330476609
36074	43.7784323130750
36078	43.7784314250327
36082	43.7784314103448
36102	43.7784310640496
36114	43.7784300798706
36130	43.7784266584523
36144	43.7784264279253
36152	43.7784257807398
36156	43.7784237981845
36170	43.778420519964
36184	43.77841700675
36194	43.77841679243
36204	43.7784155284884
36206	43.7784155148819
36228	43.7784152329145
36232	43.7784133427968
36242	43.7784129267586
36256	43.778411867372
36258	43.7784111890596
36270	43.7784076232707
36274	43.7784059643523
36288	43.7784037565731
36294	43.7784002057413
36324	43.7783967975702
36342	43.7783957930304
36346	43.7783935876665
36354	43.7783929717561
36356	43.7783918841686
36360	43.7783911967208
36364	43.7783887545691
36374	43.7783870502511
36384	43.7783858722216
36398	43.7783819270395
36406	43.7783818135942
36412	43.7783803027443
36416	43.7783793802197
36434	43.778377838432
36440	43.7783760768505
36454	43.7783759271918
36456	43.7783723725579
36460	43.7783699539922
36468	43.7783686221609
36500	43.7783673961523
36516	43.7783664492326
36518	43.7783652081213
36534	43.7783643958648
36554	43.7783634238460
36568	43.7783623165334
36588	43.778360439291
36620	43.7783588693762
36660	43.7783584140684
36678	43.7783560154024
36700	43.7783559056219
36714	43.7783556350393
36728	43.7783554648006
36734	43.7783550092953
36758	43.7783548906132
36760	43.7783541464501
36770	43.7783537657171
36774	43.7783529989399
36782	43.7783507160644
36788	43.7783480376998
36792	43.7783445573846
36810	43.7783393406489
36812	43.7783390257307
36822	43.7783334350971
36836	43.7783321119064
36846	43.778326288033
36912	43.778324421307
36928	43.7783228139353
36940	43.7783226947169
36966	43.7783224157699
36970	43.778316297835
36982	43.7783159179489
36988	43.7783156212645
36990	43.7783099424901
37024	43.7783071417976
37026	43.7783053734249
37028	43.7783044569951
37034	43.7783027876261
37058	43.7783011831523
37064	43.7783007126308
37078	43.778300618919
37080	43.7783005823183
37088	43.7782986492172
37104	43.7782964240537
37126	43.7782963605798
37132	43.7782962439333
37134	43.7782958083950
37138	43.7782950405918
37144	43.7782945903513
37146	43.7782935210338
37150	43.7782930808634
37166	43.7782913328870
37168	43.7782884677727
37202	43.7782879450988
37208	43.7782874820292
37212	43.7782854848317
37238	43.7782790808865
37250	43.7782773477612
37278	43.778276565102
37282	43.7782736964765
37292	43.7782706964629
37338	43.7782702185180
37342	43.7782696778895
37344	43.7782695763539
37356	43.778268764736
37358	43.7782676900628
37372	43.7782675022761
37380	43.7782660537928
37386	43.7782659463106
37396	43.7782658394445
37406	43.7782647808176
37414	43.7782641744686
37420	43.7782640618418
37436	43.7782634523978
37440	43.7782624723773
37448	43.7782610943929
37462	43.7782592763863
37482	43.7782591794319
37488	43.7782590311726
37498	43.7782589377059
37502	43.7782580565593
37546	43.7782558957633
37552	43.7782556851331
37554	43.7782550723777
37570	43.7782540142241
37572	43.7782539600573
37592	43.7782535837993
37594	43.7782520021169
37598	43.7782514766838
37624	43.7782501452962
37634	43.7782498662808
37660	43.7782493477099
37664	43.778249057648
37666	43.7782471462737
37704	43.7782457787181
37726	43.7782448086931
37730	43.7782436514530
37742	43.7782431049145
37750	43.7782425021066
37762	43.7782412647575
37766	43.7782402311726
37768	43.7782386299157
37772	43.7782377388384
37784	43.7782365452707
37822	43.7782363374153
37824	43.7782361686455
37832	43.7782337416848
37860	43.7782322636702
37880	43.7782311988616
37882	43.7782307510931
37910	43.7782307288423
37914	43.7782301844678
37930	43.7782289894799
37938	43.778227744741
37952	43.7782261303377
37960	43.7782254745469
37966	43.7782253922056
37974	43.7782244322036
37996	43.7782242998952
38000	43.7782237911780
38006	43.7782225793553
38014	43.7782225576029
38042	43.7782222772248
38046	43.778222150332
38060	43.7782213639813
38072	43.778221294915
38078	43.7782203831744
38090	43.7782201152412
38112	43.7782194581499
38134	43.7782184828967
38154	43.778218234919
38156	43.7782167147462
38214	43.7782164767663
38218	43.7782163103997
38228	43.7782156122903
38284	43.7782155289215
38290	43.7782154907136
38296	43.7782154199674
38304	43.7782147949511
38314	43.7782147780349
38322	43.778214669422
38332	43.778213586162
38352	43.7782135088189
38364	43.7782134110468
38368	43.7782129732791
38374	43.7782124884709
38396	43.778211110542
38448	43.7782108532273
38456	43.7782099830827
38466	43.7782098239352
38492	43.7782097268845
38494	43.7782095184847
38500	43.7782090878432
38510	43.7782089711023
38536	43.7782082424776
38566	43.7782077377933
38568	43.7782070373702
38590	43.7782066826263
38592	43.7782064652132
38596	43.7782064011829
38604	43.7782061330316
38616	43.7782055883906
38618	43.778205324456
38630	43.7782051755518
38636	43.7782049779424
38638	43.7782047026733
38652	43.77820435573
38654	43.7782034572259
38672	43.7782029615352
38676	43.778202409953
38686	43.7782011839014
38718	43.7782006472693
38720	43.778200256519
38726	43.7781996489256
38744	43.7781994092983
38752	43.7781988947499
38758	43.7781988436534
38780	43.7781988317144
38782	43.7781984449849
38788	43.7781978605563
38790	43.7781977734972
38794	43.7781976701521
38800	43.77819691805
38802	43.7781968018931
38812	43.7781963195296
38816	43.7781953575559
38860	43.7781948418966
38872	43.7781948362172
38874	43.7781942820148
38878	43.778194271946
38888	43.7781938616042
38894	43.7781936091642
38916	43.7781934479110
38924	43.7781932315009
38930	43.7781924033944
38966	43.7781921315853
38982	43.7781920544613
38986	43.7781919019834
38992	43.7781913239689
39020	43.7781911842793
39030	43.7781911474308
39034	43.7781908529690
39048	43.7781906374223
39050	43.7781906366920
39056	43.7781904175066
39060	43.7781904038543
39062	43.7781902403997
39066	43.7781902332815
39070	43.7781898374417
39072	43.7781898305372
39074	43.7781896468403
39086	43.778189216596
39116	43.778188158963
39140	43.7781877161142
39178	43.7781874184178
39212	43.7781871435326
39218	43.7781869857447
39234	43.7781867879825
39242	43.7781866311182
39254	43.7781860884806
39262	43.7781853807212
39266	43.7781851709642
39280	43.7781851350311
39298	43.7781848211412
39314	43.7781847217596
39336	43.778184526507
39352	43.7781843690819
39370	43.7781843235078
39374	43.7781841181935
39382	43.7781840520456
39396	43.7781839823235
39400	43.7781837656131
39412	43.7781832641642
39444	43.7781832357631
39454	43.7781831679824
39456	43.7781831627412
39460	43.7781831130672
39464	43.7781830310991
39470	43.7781828644369
39474	43.7781827618690
39478	43.7781825085966
39496	43.7781822917773
39510	43.7781821584374
39530	43.7781820679118
39544	43.7781814435695
39562	43.7781814358276
39568	43.7781813375853
39570	43.7781812525451
39594	43.7781812203964
39596	43.7781806499686
39600	43.778180639866
39628	43.778180371914
39632	43.7781803200594
39648	43.7781802590265
39652	43.7781801049119
39664	43.778179799679
39666	43.778179587634
39680	43.7781793796302
39682	43.7781792057584
39694	43.7781791564417
39702	43.7781789857649
39714	43.7781788792486
39724	43.7781783553881
39740	43.7781781393499
39752	43.7781774021077
39756	43.7781771885084
39768	43.7781771797588
39772	43.7781771474186
39776	43.7781769456344
39786	43.7781767169371
39820	43.7781760720271
39832	43.7781760473613
39836	43.7781758231691
39844	43.7781758214932
39850	43.7781752489019
39856	43.778174805388
39866	43.7781747179326
39870	43.7781743938345
39882	43.7781740532910
39920	43.7781739814238
39924	43.7781737236851
39932	43.7781733828657
39954	43.7781731633927
39960	43.7781727228225
39980	43.7781726815816
39996	43.7781724798674
40002	43.7781723336358
40014	43.7781721776234
40026	43.7781721023777
40036	43.7781719344549
40040	43.7781717731339
40046	43.7781713394706
40066	43.7781712820969
40068	43.7781711650784
40080	43.7781710047024
40106	43.77817058633
40128	43.7781701763649
40154	43.7781698324490
40156	43.7781693672982
40194	43.7781692483429
40202	43.7781690661156
40210	43.7781687216656
40226	43.7781682159735
40238	43.7781679036921
40272	43.7781674278804
40304	43.7781665897965
40330	43.7781658325234
40340	43.7781654620171
40354	43.7781652085829
40376	43.7781649720519
40380	43.7781649383848
40390	43.7781645839268
40410	43.7781645070677
40434	43.7781644574753
40446	43.7781642953175
40452	43.7781641616898
40456	43.7781640389060
40470	43.7781638970704
40472	43.7781637953308
40474	43.7781636731037
40478	43.7781636300298
40482	43.7781636033161
40492	43.7781635044675
40494	43.7781634891265
40500	43.7781634348297
40502	43.7781630280826
40536	43.7781630245232
40548	43.7781629830054
40554	43.7781627962097
40560	43.7781627207132
40568	43.7781627038597
40580	43.7781625472887
40582	43.7781624142531
40614	43.7781623513919
40618	43.778162270988
40630	43.7781621954611
40638	43.7781621421494
40640	43.7781620888114
40658	43.7781618309848
40680	43.7781616883836
40694	43.7781616119094
40696	43.7781615765738
40702	43.778161433672
40722	43.7781612884155
40730	43.7781611605654
40740	43.7781610604890
40744	43.7781609847726
40778	43.7781609566964
40782	43.7781608588529
40784	43.7781608537204
40788	43.7781607597319
40790	43.778160694592
40800	43.7781605252701
40824	43.7781603857767
40844	43.7781603183534
40850	43.7781601827098
40852	43.7781601526626
40896	43.7781600307007
40898	43.7781599867727
40900	43.7781599501816
40910	43.7781598906864
40912	43.7781598255537
40936	43.7781597082366
40952	43.7781595698543
40968	43.7781595549568
40978	43.7781594705323
40980	43.7781594294367
41004	43.7781593219863
41024	43.7781591373370
41030	43.7781591229895
41036	43.7781590908611
41042	43.7781589327277
41076	43.7781588577711
41098	43.7781587913641
41100	43.7781586734867
41114	43.7781585615051
41122	43.7781584649547
41138	43.7781584036441
41160	43.778158228259
41172	43.778158182747
41188	43.7781580661127
41196	43.7781580216391
41224	43.7781580052147
41242	43.7781579803287
41270	43.778157910058
41298	43.7781578402846
41342	43.7781578170035
41346	43.77815765741
41352	43.7781575351859
41358	43.7781575050941
41364	43.7781574898994
41390	43.7781574359982
41396	43.7781573730088
41410	43.7781573472163
41412	43.7781572725811
41430	43.7781572646558
41438	43.7781572593044
41462	43.7781571367306
41472	43.7781570639022
41494	43.7781570515036
41496	43.7781570372892
41502	43.7781569726179
41506	43.7781568893584
41510	43.7781568742038
41524	43.7781567736978
41544	43.7781567496879
41548	43.7781566831828
41568	43.7781566283863
41584	43.77815652673
41592	43.7781564105045
41600	43.7781563393589
41630	43.7781561729882
41638	43.7781561696662
41662	43.7781561167499
41684	43.7781560923007
41686	43.7781560809346
41688	43.778156034629
41700	43.7781560201454
41702	43.7781559803829
41714	43.7781559237155
41722	43.7781559024924
41738	43.7781558729177
41766	43.7781558033515
41772	43.7781557915767
41774	43.7781557690654
41790	43.7781557500166
41804	43.7781557047665
41840	43.7781556636061
41854	43.7781556550226
41868	43.7781556322578
41878	43.7781556234373
41880	43.7781556207579
41886	43.7781556184319
41892	43.7781555887148
41898	43.7781555625945
41900	43.7781555008691
41904	43.7781554249363
41940	43.7781553921778
41946	43.7781553752437
41952	43.7781553556122
41954	43.778155313903
41956	43.7781551831976
41962	43.7781551209386
41978	43.778155090247
42000	43.7781550233757
42034	43.7781549778882
42068	43.778154971228
42072	43.7781549669081
42080	43.7781549621182
42082	43.7781549464845
42084	43.7781547929713
42102	43.7781546813999
42108	43.778154636974
42120	43.7781546342737
42124	43.7781545410517
42126	43.7781545269852
42130	43.7781544803321
42162	43.7781544573857
42172	43.7781543521792
42184	43.7781543488784
42190	43.7781542950784
42202	43.7781542814688
42210	43.7781542327419
42212	43.7781541513278
42220	43.7781541029445
42230	43.7781540248588
42236	43.7781540076145
42260	43.778153963018
42274	43.7781538397049
42298	43.7781538141077
42300	43.7781537607439
42302	43.7781537132256
42322	43.7781537088258
42348	43.7781534370674
42360	43.7781533577002
42372	43.7781530835067
42386	43.7781530702578
42406	43.7781528707049
42426	43.7781528299256
42430	43.778152805898
42438	43.778152768331
42444	43.7781527585227
42460	43.778152744769
42466	43.7781527030072
42472	43.7781526871007
42482	43.778152605783
42484	43.7781524485171
42494	43.7781523430418
42512	43.7781523325443
42552	43.7781523188927
42554	43.7781522398888
42576	43.7781521985533
42578	43.7781521636083
42596	43.7781521529146
42610	43.7781520628231
42626	43.7781519118083
42646	43.7781519086362
42654	43.7781518753585
42666	43.7781517561349
42692	43.7781517285115
42696	43.7781516880541
42702	43.7781516358534
42710	43.778151579561
42724	43.7781515554263
42734	43.7781515135654
42738	43.7781514762235
42740	43.7781514377868
42766	43.7781514299549
42774	43.7781514029609
42788	43.7781513691663
42792	43.7781513046118
42798	43.7781512691566
42802	43.7781512594213
42804	43.7781512476848
42816	43.7781512302906
42820	43.7781511949081
42824	43.7781511597706
42828	43.7781511000268
42840	43.7781510419862
42846	43.7781509683064
42858	43.7781509416238
42880	43.7781509285985
42888	43.7781508154529
42906	43.7781507753216
42920	43.7781507735786
42926	43.7781506901124
42948	43.778150648015
42970	43.7781506224971
42974	43.7781505943303
42998	43.778150577414
43006	43.7781505604271
43012	43.7781505286588
43056	43.7781504985763
43060	43.7781504337048
43120	43.7781503823311
43132	43.7781503717252
43136	43.7781503539091
43142	43.7781503087971
43144	43.7781502839246
43186	43.7781502678389
43198	43.7781502627466
43202	43.7781502619758
43206	43.7781502161982
43218	43.7781501973652
43222	43.7781501857222
43230	43.7781501477585
43262	43.7781501358565
43272	43.7781501299011
43278	43.7781501037543
43328	43.7781501033702
43340	43.7781500934175
43354	43.7781500863833
43358	43.7781500654433
43370	43.7781500315539
43374	43.778150026554
43382	43.7781500048513
43410	43.7781499832855
43428	43.7781499817159
43432	43.7781499365517
43478	43.7781499174576
43492	43.7781498861233
43494	43.7781498842413
43498	43.7781498756108
43502	43.778149872034
43518	43.7781498295706
43564	43.7781498016975
43576	43.7781497985756
43578	43.7781497802398
43580	43.778149763592
43584	43.7781497521594
43592	43.7781497367807
43600	43.7781497014907
43622	43.7781496683787
43672	43.7781496543058
43680	43.7781496415173
43688	43.778149609265
43696	43.7781495752306
43706	43.7781495535573
43718	43.7781495464252
43720	43.7781495414740
43722	43.7781495003912
43750	43.778149478896
43774	43.7781494601858
43776	43.7781494434406
43788	43.7781494393315
43800	43.7781494262223
43802	43.7781493953947
43812	43.7781493873833
43846	43.778149355429
43870	43.7781493256456
43872	43.7781493106721
43882	43.7781493036282
43900	43.7781493018452
43936	43.7781492870771
43940	43.7781492820254
43948	43.778149281874
43950	43.7781492645207
43964	43.7781492603889
43970	43.7781492303177
43972	43.7781492151611
44014	43.7781492135063
44018	43.7781491962856
44034	43.7781491890968
44036	43.7781491790355
44040	43.7781491749575
44052	43.7781491710146
44056	43.7781491692795
44064	43.77814916189
44066	43.7781491536735
44068	43.7781491495389
44084	43.7781491493129
44090	43.7781491404898
44092	43.7781491368549
44100	43.7781491333935
44108	43.7781491076364
44116	43.7781491023452
44142	43.7781490968277
44156	43.7781490926263
44164	43.7781490804276
44172	43.778149076557
44174	43.7781490725935
44178	43.7781490720777
44184	43.7781490474894
44188	43.7781490287811
44226	43.778149020668
44244	43.778149019827
44248	43.7781490186380
44254	43.7781490185642
44260	43.7781490097824
44276	43.7781490001797
44304	43.7781489976015
44320	43.7781489934041
44332	43.7781489782701
44350	43.7781489779792
44356	43.7781489730238
44366	43.7781489694348
44374	43.7781489594615
44392	43.7781489567754
44404	43.7781489485098
44420	43.7781489456783
44428	43.7781489418792
44434	43.7781489414078
44438	43.7781489317637
44454	43.7781489271736
44494	43.7781489235136
44510	43.7781489212617
44524	43.7781489191711
44528	43.7781489104445
44532	43.7781489094646
44540	43.7781488949291
44550	43.7781488937203
44558	43.7781488879733
44582	43.7781488812352
44598	43.7781488745248
44632	43.7781488714159
44640	43.7781488676089
44654	43.7781488670432
44666	43.7781488630453
44680	43.7781488447265
44726	43.7781488436341
44728	43.7781488367824
44742	43.7781488122646
44748	43.778148789281
44768	43.7781487555451
44800	43.778148736432
44806	43.7781487306221
44838	43.7781487302254
44858	43.7781487240104
44862	43.7781487203445
44884	43.7781487190992
44900	43.7781487170402
44920	43.7781487151622
44924	43.7781487097177
44930	43.7781487044589
44944	43.7781487023458
44964	43.7781487004679
44974	43.7781486981963
44980	43.7781486935055
44984	43.7781486874174
45032	43.7781486859419
45048	43.7781486842584
45050	43.7781486816589
45062	43.7781486786218
45066	43.7781486737598
45094	43.7781486725875
45100	43.7781486685057
45118	43.7781486645532
45132	43.7781486614841
45138	43.7781486612503
45156	43.7781486606677
45158	43.7781486590989
45162	43.7781486545684
45190	43.7781486514144
45220	43.778148649357
45222	43.7781486476524
45226	43.7781486470926
45230	43.7781486452819
45234	43.7781486429534
45254	43.7781486419835
45262	43.778148640354
45264	43.7781486363797
45286	43.7781486317958
45318	43.7781486317064
45328	43.7781486303687
45330	43.7781486247684
45336	43.7781486247289
45368	43.7781486185234
45396	43.7781486164652
45400	43.7781486142223
45412	43.778148613829
45414	43.7781486116959
45416	43.7781486113760
45424	43.7781486109667
45434	43.7781486051258
45464	43.778148604139
45466	43.7781486021558
45478	43.7781485991901
45486	43.7781485988449
45488	43.7781485958751
45492	43.7781485952253
45526	43.7781485948295
45534	43.7781485916506
45552	43.778148591428
45560	43.7781485900441
45578	43.7781485874408
45582	43.7781485846383
45602	43.7781485791082
45606	43.7781485750991
45616	43.7781485719509
45636	43.7781485664909
45642	43.7781485634884
45658	43.77814855888
45660	43.7781485570025
45680	43.7781485569676
45698	43.7781485551849
45700	43.778148555085
45704	43.7781485535329
45714	43.7781485513512
45722	43.77814854713
45748	43.7781485427483
45756	43.778148540427
45758	43.7781485381199
45766	43.7781485360845
45768	43.7781485350321
45770	43.7781485294586
45776	43.7781485283511
45786	43.7781485262418
45798	43.7781485238423
45804	43.7781485217324
45812	43.7781485172381
45834	43.7781485151611
45848	43.7781485143124
45850	43.7781485135275
45860	43.7781485114759
45870	43.7781485091448
45882	43.7781485029585
45910	43.7781485006564
45922	43.7781485001691
45928	43.7781484994971
45930	43.7781484988971
45932	43.7781484890433
45942	43.7781484871784
45948	43.7781484829472
45952	43.7781484826494
45964	43.778148479301
45988	43.7781484787568
45992	43.7781484783446
45994	43.7781484771873
46000	43.7781484756444
46012	43.7781484725472
46026	43.7781484723344
46034	43.7781484694594
46036	43.7781484641655
46046	43.778148461394
46060	43.7781484586641
46084	43.7781484571622
46098	43.7781484559564
46114	43.7781484517690
46120	43.7781484504119
46134	43.7781484485801
46148	43.7781484474623
46154	43.7781484440218
46188	43.7781484439008
46196	43.7781484417449
46206	43.7781484387037
46208	43.7781484369501
46210	43.7781484361673
46218	43.7781484358495
46222	43.7781484331018
46236	43.7781484329832
46246	43.7781484263512
46250	43.7781484258328
46276	43.7781484226644
46280	43.7781484226466
46290	43.7781484208309
46330	43.7781484148462
46342	43.7781484120116
46344	43.7781484102932
46370	43.7781484082473
46378	43.778148407634
46388	43.7781484071923
46402	43.7781484048045
46428	43.7781484018139
46442	43.7781483992735
46460	43.7781483981463
46474	43.7781483971267
46480	43.7781483966233
46504	43.7781483897266
46534	43.778148388972
46552	43.7781483868221
46556	43.7781483844762
46566	43.7781483817232
46570	43.7781483816847
46574	43.7781483812231
46580	43.7781483773802
46586	43.7781483770748
46588	43.7781483733562
46604	43.778148371758
46616	43.7781483708433
46634	43.778148369357
46648	43.7781483692609
46656	43.7781483676163
46662	43.7781483625118
46672	43.7781483612494
46678	43.7781483568240
46690	43.7781483546501
46720	43.7781483532942
46726	43.7781483529664
46736	43.77814834933
46748	43.7781483490699
46758	43.7781483475287
46764	43.7781483461379
46794	43.7781483446633
46796	43.7781483428178
46850	43.7781483412388
46862	43.7781483407781
46870	43.7781483401611
46878	43.7781483398053
46886	43.7781483395612
46888	43.7781483371221
46890	43.7781483353804
46908	43.7781483351514
46922	43.7781483345095
46936	43.7781483343515
46942	43.7781483297895
46964	43.7781483279515
46968	43.7781483265438
46976	43.7781483248765
46984	43.7781483223889
46996	43.7781483215147
47012	43.7781483198968
47016	43.7781483175897
47032	43.7781483169739
47036	43.7781483160134
47062	43.7781483117525
47076	43.7781483113788
47086	43.7781483077657
47094	43.7781483068751
47096	43.7781483030793
47104	43.778148300082
47130	43.778148297195
47146	43.7781482970995
47148	43.7781482955714
47156	43.7781482950409
47166	43.7781482950138
47174	43.778148292453
47178	43.7781482913653
47190	43.7781482904622
47196	43.7781482838552
47204	43.778148278399
47214	43.7781482765096
47236	43.7781482757641
47244	43.7781482752213
47254	43.7781482744627
47262	43.778148273744
47272	43.7781482695515
47316	43.7781482681419
47320	43.7781482658111
47336	43.7781482654412
47344	43.7781482647518
47352	43.7781482621389
47360	43.7781482616221
47366	43.7781482584804
47382	43.7781482576327
47392	43.778148256535
47394	43.7781482537909
47408	43.7781482524315
47422	43.778148252406
47426	43.7781482496884
47440	43.7781482488476
47444	43.7781482440845
47468	43.7781482413751
47516	43.7781482409959
47524	43.7781482398705
47534	43.7781482390545
47546	43.7781482385850
47560	43.7781482385616
47572	43.7781482381362
47592	43.7781482379054
47610	43.7781482350766
47644	43.7781482342233
47648	43.7781482341761
47654	43.7781482333279
47666	43.7781482325182
47684	43.7781482304849
47700	43.7781482292072
47702	43.7781482285431
47746	43.7781482283953
47752	43.7781482276474
47754	43.7781482271415
47762	43.7781482259366
47766	43.7781482254678
47778	43.7781482245112
47798	43.7781482229569
47840	43.7781482225396
47842	43.7781482222305
47852	43.7781482219587
47860	43.7781482214440
47870	43.778148220234
47874	43.7781482194232
47880	43.7781482184616
47892	43.7781482180461
47912	43.7781482179948
47920	43.7781482176393
47936	43.7781482175866
47944	43.7781482174687
47950	43.7781482174351
47952	43.7781482165407
47958	43.7781482162211
47968	43.778148215928
47972	43.7781482155693
47988	43.7781482148783
47992	43.7781482145916
48002	43.7781482138272
48036	43.7781482134489
48038	43.7781482134469
48042	43.7781482133884
48070	43.7781482132977
48074	43.7781482131226
48076	43.7781482130782
48086	43.7781482130288
48094	43.7781482128614
48100	43.7781482123967
48114	43.7781482123097
48126	43.7781482122007
48134	43.7781482120435
48136	43.7781482119619
48144	43.7781482114634
48148	43.7781482113166
48154	43.7781482110848
48168	43.7781482108732
48178	43.7781482107646
48180	43.7781482107469
48182	43.7781482106597
48186	43.7781482100997
48200	43.7781482099157
48202	43.7781482099036
48214	43.77814820949
48226	43.7781482091813
48238	43.7781482088778
48254	43.7781482086852
48262	43.7781482085101
48274	43.7781482084746
48278	43.7781482083305
48280	43.7781482082532
48282	43.7781482077389
48286	43.7781482076826
48306	43.7781482076597
48308	43.7781482074359
48312	43.7781482067818
48318	43.7781482067481
48320	43.7781482067059
48322	43.7781482058061
48342	43.7781482052707
48348	43.7781482050189
48380	43.778148204762
48384	43.778148204608
48388	43.7781482045967
48390	43.7781482042471
48392	43.7781482036761
48416	43.778148203447
48426	43.7781482031365
48428	43.7781482027591
48438	43.7781482023088
48442	43.7781482014104
48460	43.7781482009915
48462	43.7781482007478
48470	43.7781482003962
48476	43.7781481998310
48486	43.7781481986681
48528	43.7781481980538
48534	43.7781481977107
48540	43.7781481976575
48542	43.7781481972148
48544	43.7781481969151
48554	43.7781481968785
48566	43.7781481963766
48570	43.7781481956717
48586	43.7781481949997
48604	43.7781481946149
48608	43.7781481937131
48614	43.7781481935984
48640	43.7781481932176
48654	43.7781481924677
48662	43.7781481903609
48668	43.7781481881128
48692	43.7781481880719
48710	43.7781481879944
48718	43.7781481876256
48720	43.7781481858968
48754	43.7781481852489
48800	43.7781481838909
48816	43.7781481838896
48818	43.7781481834314
48822	43.7781481824165
48856	43.7781481822436
48872	43.7781481818833
48894	43.77814818173
48902	43.7781481810392
48904	43.7781481809473
48918	43.7781481805745
48928	43.7781481796061
48932	43.7781481778267
48950	43.7781481764511
48984	43.7781481760553
48994	43.7781481760382
49004	43.7781481760221
49010	43.778148175156
49012	43.7781481736842
49024	43.778148173134
49028	43.7781481728135
49040	43.7781481705971
49050	43.7781481703076
49080	43.7781481701719
49082	43.7781481681393
49116	43.7781481681374
49120	43.778148167098
49128	43.7781481660184
49146	43.7781481657521
49150	43.7781481657217
49156	43.7781481648968
49170	43.7781481635162
49180	43.7781481626529
49194	43.7781481608614
49214	43.7781481601314
49230	43.7781481596869
49232	43.77814815916
49236	43.7781481586772
49246	43.7781481581428
49256	43.7781481574783
49272	43.7781481564833
49276	43.778148156422
49302	43.7781481537568
49310	43.7781481507963
49354	43.7781481506427
49374	43.7781481501698
49380	43.7781481493896
49382	43.7781481485869
49384	43.7781481477276
49410	43.7781481471253
49416	43.7781481467718
49458	43.7781481464982
49462	43.778148146381
49474	43.7781481450314
49486	43.7781481448613
49488	43.7781481436837
49504	43.7781481435745
49524	43.7781481434079
49528	43.7781481426903
49544	43.7781481426892
49548	43.7781481420495
49554	43.7781481419409
49560	43.7781481418376
49590	43.7781481412593
49594	43.7781481408924
49620	43.7781481407414
49628	43.7781481404481
49638	43.7781481400808
49642	43.7781481398108
49644	43.7781481397549
49650	43.7781481390316
49654	43.7781481389364
49662	43.7781481386672
49670	43.7781481381409
49674	43.7781481374941
49680	43.7781481365811
49696	43.7781481364497
49700	43.7781481359831
49702	43.7781481356528
49708	43.7781481354387
49720	43.7781481352802
49722	43.7781481338192
49724	43.7781481333256
49732	43.7781481328276
49740	43.7781481318442
49744	43.7781481312962
49804	43.7781481308344
49826	43.7781481305264
49830	43.7781481295274
49864	43.7781481292023
49878	43.7781481284256
49894	43.7781481280432
49900	43.7781481277127
49902	43.7781481275556
49910	43.778148127443
49916	43.7781481269543
49918	43.7781481269068
49920	43.7781481267791
49924	43.7781481265994
49926	43.7781481258821
49932	43.7781481256607
49944	43.7781481255723
49952	43.7781481253721
49954	43.7781481253435
49974	43.7781481248031
49976	43.7781481246443
49982	43.7781481244248
49986	43.7781481243491
49996	43.7781481236941
50014	43.7781481234165
50026	43.7781481233678
50032	43.7781481223382
50084	43.7781481223273
50086	43.7781481220786
50096	43.7781481219535
50110	43.7781481211866
50144	43.7781481209334
50188	43.7781481206688
50228	43.7781481206238
50236	43.7781481201303
50248	43.7781481197929
50260	43.7781481197159
50270	43.7781481196758
50280	43.7781481195136
50292	43.778148119465
50294	43.7781481194459
50316	43.778148119114
50328	43.7781481189232
50336	43.7781481188916
50340	43.7781481187417
50348	43.778148118672
50362	43.7781481184101
50364	43.7781481183803
50372	43.7781481183664
50384	43.7781481180941
50386	43.7781481175918
50398	43.7781481172511
50408	43.7781481171454
50418	43.7781481167591
50440	43.7781481166829
50466	43.7781481166685
50468	43.7781481165874
50470	43.778148116538
50482	43.7781481165326
50484	43.7781481164518
50500	43.7781481157961
50536	43.7781481157783
50542	43.7781481155945
50550	43.7781481155461
50552	43.7781481155109
50554	43.7781481154331
50560	43.7781481154233
50566	43.7781481153389
50572	43.7781481151672
50594	43.7781481151114
50596	43.7781481150122
50598	43.7781481149153
50600	43.778148114729
50614	43.778148114656
50616	43.7781481145354
50620	43.7781481144247
50626	43.7781481141045
50642	43.7781481139958
50670	43.7781481135797
50704	43.7781481130146
50732	43.7781481129489
50736	43.778148112881
50752	43.7781481128775
50784	43.7781481127967
50808	43.7781481125553
50814	43.7781481125326
50822	43.7781481124966
50832	43.7781481124914
50840	43.7781481124836
50852	43.7781481124708
50854	43.7781481121631
50862	43.7781481121188
50888	43.7781481119706
50892	43.7781481119384
50896	43.7781481117602
50898	43.7781481116794
50914	43.7781481116765
50920	43.7781481116634
50928	43.7781481115968
50930	43.7781481115665
50946	43.77814811149
50960	43.7781481114036
50964	43.7781481113282
51004	43.7781481111007
51014	43.7781481110837
51018	43.7781481108731
51030	43.7781481108077
51036	43.7781481106858
51050	43.778148110604
51070	43.7781481105547
51076	43.7781481105262
51094	43.7781481104673
51100	43.7781481104330
51102	43.7781481103833
51110	43.7781481103425
51122	43.7781481102511
51130	43.7781481101543
51138	43.7781481099068
51164	43.7781481098787
51172	43.7781481097737
51182	43.7781481094403
51214	43.7781481091513
51220	43.7781481091464
51250	43.7781481091128
51260	43.7781481090826
51262	43.7781481087609
51274	43.7781481086974
51290	43.7781481083521
51312	43.7781481082615
51318	43.7781481078377
51350	43.778148107782
51354	43.7781481077506
51358	43.7781481074186
51368	43.77814810698
51382	43.77814810693
51384	43.778148106815
51386	43.7781481066826
51402	43.7781481065574
51408	43.7781481059749
51448	43.7781481055807
51454	43.7781481052148
51478	43.7781481050855
51484	43.7781481050396
51490	43.7781481048865
51498	43.7781481045522
51500	43.7781481045001
51502	43.7781481044913
51504	43.7781481041671
51532	43.7781481040861
51538	43.7781481037607
51540	43.7781481036232
51558	43.7781481036108
51560	43.7781481034785
51576	43.7781481032132
51596	43.7781481032112
51602	43.7781481030313
51632	43.7781481024018
51664	43.778148102389
51682	43.7781481023329
51686	43.7781481021004
51708	43.7781481019092
51722	43.7781481013212
51738	43.778148101085
51742	43.7781481004090
51764	43.7781481002853
51800	43.7781481002567
51802	43.7781481000161
51822	43.7781480997721
51828	43.7781480997557
51844	43.7781480994266
51870	43.7781480993131
51894	43.7781480992318
51914	43.7781480991206
51948	43.7781480989316
51988	43.7781480988762
51992	43.7781480988201
52014	43.7781480986775
52026	43.7781480986314
52040	43.778148098596
52042	43.7781480985082
52066	43.778148098467
52082	43.7781480984641
52086	43.7781480983551
52090	43.7781480982383
52096	43.7781480980586
52114	43.7781480980577
52128	43.7781480980296
52134	43.7781480979524
52146	43.7781480979238
52154	43.7781480978201
52168	43.7781480977933
52172	43.778148097713
52178	43.7781480976105
52184	43.7781480976058
52218	43.7781480975497
52220	43.7781480975325
52232	43.7781480974126
52236	43.778148097303
52254	43.7781480971788
52276	43.7781480970317
52278	43.7781480970096
52290	43.7781480968113
52302	43.7781480968056
52306	43.7781480967039
52328	43.7781480966845
52332	43.7781480966315
52342	43.7781480966298
52358	43.7781480965933
52372	43.7781480965917
52376	43.7781480965645
52384	43.7781480964165
52386	43.778148096401
52390	43.7781480963334
52398	43.7781480963001
52414	43.7781480962685
52416	43.7781480962409
52440	43.7781480962103
52442	43.7781480961514
52450	43.7781480960714
52454	43.7781480960002
52460	43.778148095772
52488	43.7781480955092
52496	43.7781480954167
52520	43.7781480953893
52530	43.7781480952565
52536	43.7781480952415
52542	43.7781480951768
52554	43.7781480951182
52560	43.7781480951034
52598	43.7781480950582
52618	43.7781480950547
52620	43.7781480950545
52626	43.7781480950176
52646	43.7781480950044
52650	43.7781480949802
52660	43.7781480949087
52670	43.7781480949059
52674	43.778148094877
52678	43.7781480948181
52690	43.7781480948151
52702	43.778148094797
52712	43.778148094751
52730	43.7781480946641
52762	43.7781480946124
52782	43.7781480945501
52802	43.7781480945223
52806	43.7781480945085
52824	43.7781480944734
52836	43.7781480944677
52838	43.7781480944648
52852	43.7781480944305
52854	43.7781480943667
52880	43.7781480943648
52882	43.7781480942911
52888	43.7781480942283
52900	43.7781480942072
52916	43.7781480941381
52924	43.7781480941245
52932	43.7781480940735
52936	43.7781480940448
52938	43.7781480939454
52946	43.7781480938364
52974	43.7781480937962
52982	43.7781480936404
53024	43.7781480935497
53058	43.7781480934757
53064	43.7781480934557
53066	43.7781480934548
53076	43.7781480934281
53078	43.7781480934277
53088	43.7781480934152
53092	43.7781480932466
53122	43.7781480932073
53124	43.7781480931726
53142	43.7781480930089
53166	43.7781480929853
53194	43.7781480929842
53198	43.7781480929391
53206	43.7781480928243
53216	43.7781480928212
53220	43.7781480928191
53232	43.7781480926206
53234	43.7781480925997
53254	43.7781480925075
53266	43.7781480924012
53276	43.7781480923224
53322	43.7781480922591
53348	43.7781480922038
53370	43.7781480921777
53380	43.7781480921111
53384	43.7781480920597
53388	43.7781480920548
53408	43.7781480920513
53412	43.7781480920194
53414	43.7781480919643
53446	43.7781480919455
53450	43.7781480918922
53474	43.7781480918456
53488	43.7781480916803
53516	43.7781480916529
53554	43.7781480916263
53556	43.778148091597
53594	43.7781480915238
53606	43.778148091483
53612	43.7781480914690
53622	43.7781480914573
53632	43.7781480914215
53646	43.7781480914135
53648	43.7781480913816
53662	43.7781480913426
53678	43.7781480913391
53684	43.7781480913307
53688	43.7781480913254
53704	43.7781480913109
53714	43.7781480912435
53740	43.7781480912237
53746	43.7781480912086
53788	43.778148091202
53794	43.7781480911995
53822	43.7781480911784
53832	43.7781480911448
53844	43.7781480911374
53848	43.7781480911263
53868	43.7781480910912
53882	43.7781480910852
53898	43.77814809106
53904	43.7781480910525
53930	43.7781480910139
53936	43.7781480909696
53940	43.7781480909532
53958	43.778148090944
53970	43.7781480909412
53986	43.7781480909356
53990	43.7781480909282
54008	43.7781480909198
54012	43.7781480909124
54026	43.7781480909082
54030	43.7781480908983
54048	43.7781480908966
54050	43.7781480908781
54054	43.7781480908706
54070	43.7781480908576
54072	43.7781480908486
54102	43.7781480907946
54122	43.7781480907875
54144	43.7781480907791
54154	43.7781480907192
54168	43.7781480907063
54180	43.7781480906984
54194	43.7781480906893
54196	43.7781480906464
54216	43.778148090644
54220	43.7781480906387
54236	43.7781480906057
54240	43.7781480905737
54276	43.7781480905325
54292	43.7781480905248
54294	43.7781480905013
54300	43.7781480904745
54304	43.7781480904651
54308	43.7781480904292
54318	43.7781480903314
54344	43.7781480903254
54348	43.7781480903136
54366	43.7781480902757
54376	43.7781480902688
54390	43.7781480902471
54430	43.7781480902373
54432	43.7781480902368
54448	43.7781480902139
54456	43.7781480901645
54468	43.7781480901603
54490	43.7781480901589
54502	43.7781480901377
54524	43.7781480901355
54530	43.7781480901351
54538	43.7781480901337
54542	43.7781480901137
54544	43.7781480901105
54558	43.7781480901098
54560	43.7781480901092
54564	43.7781480901037
54566	43.778148090099
54576	43.7781480900969
54586	43.7781480900885
54596	43.7781480900673
54624	43.7781480900500
54642	43.7781480900382
54644	43.7781480900297
54646	43.7781480900288
54648	43.7781480900025
54670	43.7781480900023
54674	43.778148089993
54676	43.7781480899893
54682	43.7781480899705
54700	43.7781480899567
54726	43.7781480899396
54742	43.7781480899336
54752	43.7781480899145
54786	43.7781480899111
54822	43.7781480899059
54836	43.778148089904
54854	43.7781480898867
54880	43.7781480898801
54888	43.7781480898677
54908	43.7781480898447
54926	43.7781480898215
54938	43.7781480898188
54940	43.7781480897677
54966	43.778148089747
54972	43.7781480897348
54976	43.7781480897295
54990	43.7781480897282
55004	43.7781480897198
55008	43.7781480897104
55028	43.7781480896955
55040	43.7781480896749
55074	43.7781480896735
55076	43.7781480896627
55108	43.7781480896438
55124	43.7781480896415
55140	43.7781480896372
55170	43.7781480896333
55172	43.7781480896326
55182	43.778148089618
55188	43.7781480896163
55204	43.7781480896121
55210	43.7781480896057
55216	43.7781480895984
55232	43.7781480895962
55244	43.7781480895821
55254	43.7781480895814
55260	43.7781480895712
55278	43.7781480895699
55292	43.7781480895675
55300	43.7781480895553
55302	43.7781480895548
55312	43.778148089544
55324	43.778148089543
55328	43.7781480895371
55340	43.7781480895335
55344	43.7781480895246
55352	43.7781480895174
55358	43.7781480895072
55376	43.7781480894967
55396	43.7781480894909
55426	43.7781480894903
55434	43.7781480894858
55444	43.7781480894786
55458	43.7781480894753
55470	43.7781480894683
55492	43.7781480894662
55504	43.7781480894661
55514	43.7781480894657
55536	43.7781480894618
55538	43.7781480894602
55550	43.7781480894589
55564	43.7781480894499
55578	43.7781480894454
55580	43.7781480894425
55584	43.7781480894408
55590	43.7781480894337
55598	43.7781480894188
55622	43.7781480894155
55626	43.7781480894089
55630	43.7781480894075
55646	43.7781480894014
55662	43.7781480893917
55678	43.7781480893781
55696	43.7781480893765
55702	43.7781480893604
55762	43.7781480893563
55764	43.7781480893509
55766	43.7781480893385
55774	43.7781480893353
55790	43.778148089324
55812	43.7781480893192
55814	43.7781480893155
55816	43.7781480893146
55840	43.7781480893138
55842	43.7781480893002
55844	43.7781480892922
55854	43.7781480892852
55872	43.7781480892654
55876	43.7781480892515
55910	43.7781480892503
55924	43.7781480892479
55932	43.7781480892413
55936	43.7781480892354
55952	43.7781480892277
55966	43.7781480892257
55968	43.7781480892174
55970	43.778148089205
55978	43.7781480892042
56006	43.7781480891789
56022	43.7781480891661
56028	43.7781480891591
56034	43.7781480891551
56058	43.7781480891444
56092	43.7781480891392
56098	43.7781480891344
56116	43.7781480891285
56118	43.7781480891235
56130	43.7781480891149
56132	43.7781480891082
56148	43.7781480891021
56156	43.7781480890996
56200	43.7781480890698
56246	43.7781480890608
56254	43.7781480890597
56258	43.7781480890575
56260	43.7781480890573
56266	43.778148089055
56274	43.7781480890501
56282	43.7781480890471
56324	43.7781480890423
56340	43.7781480890402
56346	43.7781480890351
56350	43.7781480890339
56364	43.7781480890253
56370	43.7781480890249
56380	43.7781480890246
56388	43.7781480890239
56394	43.7781480890231
56400	43.7781480890202
56412	43.7781480890194
56420	43.7781480890159
56436	43.7781480890141
56438	43.7781480890141
56454	43.7781480890134
56456	43.7781480890118
56468	43.7781480890104
56474	43.7781480890053
56482	43.7781480890031
56490	43.7781480890016
56496	43.7781480890009
56504	43.7781480889915
56512	43.7781480889903
56544	43.7781480889869
56568	43.7781480889852
56570	43.7781480889794
56574	43.7781480889749
56582	43.7781480889717
56590	43.7781480889697
56598	43.7781480889676
56604	43.7781480889632
56624	43.778148088962
56626	43.7781480889616
56630	43.7781480889593
56648	43.7781480889578
56654	43.7781480889574
56670	43.7781480889559
56672	43.7781480889554
56678	43.7781480889523
56688	43.7781480889521
56700	43.7781480889503
56708	43.7781480889484
56714	43.778148088945
56728	43.7781480889449
56738	43.7781480889442
56740	43.7781480889433
56752	43.7781480889401
56758	43.7781480889387
56768	43.7781480889366
56776	43.7781480889331
56780	43.7781480889286
56798	43.7781480889274
56802	43.7781480889267
56810	43.7781480889256
56826	43.7781480889242
56830	43.7781480889238
56838	43.7781480889225
56852	43.7781480889199
56864	43.7781480889190
56870	43.778148088917
56880	43.7781480889132
56886	43.7781480889128
56888	43.7781480889093
56908	43.7781480889068
56936	43.7781480889067
56944	43.7781480889054
56956	43.7781480889045
56964	43.7781480889014
56974	43.7781480888983
56976	43.778148088898
56978	43.778148088895
56980	43.778148088891
56990	43.7781480888883
57000	43.7781480888849
57022	43.7781480888816
57032	43.7781480888784
57036	43.7781480888776
57066	43.7781480888710
57072	43.7781480888700
57078	43.7781480888654
57088	43.7781480888613
57144	43.7781480888575
57162	43.7781480888562
57166	43.7781480888547
57196	43.7781480888535
57198	43.7781480888511
57212	43.7781480888499
57218	43.7781480888488
57230	43.7781480888482
57238	43.7781480888475
57240	43.778148088842
57242	43.7781480888410
57250	43.7781480888382
57260	43.7781480888375
57266	43.7781480888342
57272	43.7781480888336
57276	43.7781480888285
57280	43.7781480888228
57312	43.7781480888214
57320	43.77814808881
57322	43.7781480888021
57336	43.7781480887972
57342	43.7781480887962
57344	43.7781480887893
57348	43.7781480887805
57360	43.7781480887747
57372	43.7781480887741
57374	43.7781480887699
57380	43.7781480887633
57384	43.7781480887626
57388	43.7781480887546
57390	43.778148088751
57394	43.7781480887471
57438	43.7781480887443
57450	43.7781480887431
57452	43.7781480887373
57458	43.7781480887345
57486	43.7781480887327
57516	43.7781480887324
57526	43.7781480887315
57534	43.7781480887266
57564	43.7781480887256
57584	43.7781480887238
57606	43.7781480887229
57614	43.7781480887208
57634	43.7781480887188
57640	43.7781480887158
57672	43.7781480887139
57676	43.7781480887135
57678	43.778148088712
57682	43.7781480887115
57686	43.7781480887098
57690	43.7781480887071
57696	43.778148088706
57710	43.7781480887056
57724	43.7781480887042
57742	43.7781480887028
57746	43.7781480887027
57750	43.7781480887015
57764	43.7781480886993
57768	43.778148088699
57772	43.7781480886985
57774	43.7781480886955
57782	43.778148088695
57792	43.7781480886932
57808	43.7781480886919
57818	43.7781480886917
57826	43.7781480886915
57830	43.7781480886899
57852	43.7781480886886
57868	43.7781480886886
57870	43.7781480886882
57882	43.778148088686
57884	43.7781480886857
57892	43.7781480886843
57924	43.7781480886837
57946	43.778148088681
57948	43.7781480886793
57952	43.7781480886793
57966	43.7781480886783
57972	43.7781480886765
57988	43.778148088675
57996	43.7781480886729
58006	43.7781480886706
58030	43.77814808867
58032	43.7781480886697
58056	43.7781480886692
58060	43.7781480886681
58072	43.778148088668
58074	43.778148088668
58090	43.7781480886676
58094	43.7781480886674
58102	43.7781480886663
58104	43.7781480886648
58134	43.7781480886635
58140	43.778148088662
58160	43.778148088661
58194	43.77814808866
58206	43.7781480886599
58224	43.7781480886592
58236	43.7781480886592
58244	43.7781480886583
58252	43.778148088658
58260	43.7781480886579
58262	43.7781480886569
58264	43.7781480886568
58266	43.7781480886559
58286	43.7781480886551
58292	43.7781480886542
58298	43.7781480886532
58302	43.7781480886524
58312	43.778148088651
58316	43.7781480886505
58342	43.7781480886498
58344	43.7781480886473
58350	43.7781480886462
58362	43.778148088646
58366	43.7781480886431
58378	43.7781480886424
58380	43.7781480886402
58382	43.778148088639
58386	43.7781480886373
58390	43.7781480886368
58408	43.7781480886333
58446	43.7781480886294
58462	43.7781480886282
58468	43.7781480886277
58514	43.7781480886232
58532	43.7781480886224
58538	43.7781480886217
58544	43.7781480886211
58550	43.7781480886209
58554	43.7781480886177
58562	43.7781480886162
58566	43.7781480886154
58586	43.7781480886153
58590	43.7781480886144
58620	43.7781480886138
58624	43.7781480886137
58630	43.7781480886121
58640	43.77814808861
58656	43.7781480886098
58664	43.7781480886089
58694	43.778148088608
58704	43.7781480886077
58706	43.7781480886069
58710	43.7781480886049
58730	43.7781480886034
58734	43.7781480886028
58742	43.7781480886027
58756	43.7781480886
58770	43.7781480885992
58784	43.7781480885984
58788	43.7781480885963
58848	43.7781480885961
58858	43.7781480885957
58874	43.7781480885955
58876	43.7781480885934
58904	43.7781480885932
58908	43.7781480885931
58920	43.7781480885928
58922	43.7781480885925
58926	43.7781480885920
58932	43.7781480885913
58942	43.7781480885909
58948	43.7781480885904
58970	43.7781480885897
58972	43.7781480885895
58980	43.7781480885894
58998	43.7781480885889
59010	43.7781480885884
59022	43.7781480885881
59032	43.778148088587
59046	43.7781480885865
59062	43.7781480885864
59064	43.7781480885857
59072	43.7781480885853
59084	43.7781480885852
59094	43.7781480885849
59098	43.7781480885841
59112	43.7781480885838
59114	43.778148088583
59116	43.7781480885827
59138	43.7781480885817
59146	43.7781480885813
59162	43.7781480885796
59214	43.7781480885782
59222	43.7781480885777
59224	43.7781480885775
59242	43.7781480885768
59260	43.7781480885767
59268	43.7781480885764
59270	43.7781480885752
59272	43.7781480885750
59280	43.7781480885745
59308	43.7781480885745
59320	43.7781480885743
59330	43.7781480885741
59332	43.7781480885739
59364	43.7781480885736
59398	43.7781480885731
59418	43.7781480885727
59436	43.7781480885723
59440	43.7781480885723
59458	43.7781480885721
59472	43.778148088572
59478	43.7781480885719
59492	43.7781480885716
59496	43.7781480885716
59524	43.7781480885714
59530	43.7781480885714
59538	43.7781480885713
59542	43.7781480885711
59556	43.7781480885711
59564	43.7781480885708
59582	43.7781480885706
59596	43.7781480885704
59600	43.7781480885703
59622	43.7781480885696
59626	43.7781480885693
59654	43.778148088569
59656	43.7781480885689
59688	43.7781480885687
59700	43.7781480885686
59720	43.7781480885683
59726	43.7781480885682
59736	43.7781480885678
59764	43.7781480885674
59786	43.7781480885672
59808	43.7781480885667
59834	43.7781480885666
59848	43.7781480885665
59850	43.7781480885663
59854	43.7781480885662
59856	43.7781480885657
59872	43.7781480885654
59896	43.7781480885654
59906	43.7781480885654
59912	43.7781480885651
59922	43.7781480885646
59938	43.7781480885645
59944	43.7781480885638
59948	43.7781480885633
59976	43.7781480885629
59990	43.7781480885628
59992	43.7781480885627
59994	43.7781480885626
59996	43.7781480885622
60022	43.7781480885621
60024	43.7781480885619
60026	43.7781480885617
60034	43.7781480885617
60036	43.7781480885616
60054	43.7781480885616
60058	43.7781480885614
60062	43.7781480885612
60070	43.7781480885611
60082	43.778148088561
60092	43.7781480885608
60108	43.7781480885607
60110	43.7781480885605
60120	43.7781480885603
60130	43.7781480885590
60142	43.7781480885589
60156	43.7781480885584
60180	43.7781480885584
60190	43.7781480885581
60194	43.7781480885579
60202	43.7781480885575
60224	43.7781480885574
60228	43.7781480885571
60234	43.7781480885566
60244	43.778148088556
60268	43.7781480885559
60270	43.7781480885557
60272	43.7781480885556
60280	43.778148088555
60284	43.7781480885549
60292	43.7781480885548
60310	43.7781480885542
60344	43.778148088554
60358	43.7781480885536
60380	43.7781480885527
60386	43.7781480885522
60410	43.7781480885521
60414	43.778148088552
60418	43.7781480885516
60436	43.7781480885514
60440	43.7781480885513
60448	43.7781480885511
60460	43.7781480885508
60468	43.7781480885505
60494	43.7781480885503
60504	43.7781480885502
60520	43.7781480885502
60524	43.7781480885499
60532	43.7781480885499
60540	43.7781480885497
60556	43.7781480885493
60568	43.7781480885493
60572	43.7781480885491
60602	43.7781480885487
60610	43.7781480885484
60614	43.7781480885476
60630	43.7781480885475
60636	43.7781480885466
60654	43.7781480885466
60658	43.7781480885466
60660	43.7781480885461
60672	43.7781480885459
60704	43.7781480885455
60708	43.7781480885453
60712	43.7781480885453
60734	43.7781480885451
60744	43.7781480885446
60778	43.7781480885441
60796	43.7781480885441
60804	43.7781480885438
60810	43.7781480885436
60816	43.7781480885433
60824	43.7781480885432
60832	43.778148088543
60840	43.778148088543
60860	43.7781480885423
60896	43.778148088542
60916	43.7781480885419
60926	43.7781480885418
60934	43.7781480885417
60938	43.7781480885413
60942	43.778148088541
60948	43.7781480885408
60962	43.7781480885408
60968	43.7781480885405
60976	43.7781480885404
60982	43.7781480885401
60984	43.7781480885401
60986	43.7781480885396
60996	43.7781480885394
61008	43.7781480885393
61012	43.7781480885389
61014	43.7781480885387
61024	43.7781480885386
61032	43.7781480885382
61042	43.7781480885377
61060	43.7781480885366
61082	43.7781480885361
61094	43.7781480885356
61106	43.7781480885348
61108	43.7781480885342
61114	43.7781480885336
61120	43.7781480885332
61124	43.7781480885318
61138	43.7781480885316
61140	43.7781480885314
61152	43.7781480885311
61164	43.7781480885305
61170	43.7781480885294
61176	43.7781480885291
61178	43.7781480885287
61198	43.7781480885275
61202	43.7781480885264
61228	43.7781480885254
61230	43.7781480885249
61232	43.7781480885245
61238	43.7781480885243
61244	43.7781480885219
61252	43.7781480885211
61266	43.7781480885211
61270	43.7781480885195
61276	43.7781480885193
61286	43.7781480885187
61292	43.7781480885178
61296	43.7781480885165
61338	43.7781480885162
61364	43.7781480885156
61404	43.7781480885155
61408	43.7781480885151
61412	43.778148088515
61414	43.778148088515
61420	43.7781480885149
61440	43.7781480885147
61442	43.7781480885136
61464	43.7781480885125
61468	43.7781480885121
61500	43.7781480885119
61504	43.7781480885118
61516	43.7781480885117
61520	43.7781480885116
61522	43.7781480885104
61540	43.77814808851
61546	43.77814808851
61552	43.7781480885097
61554	43.7781480885096
61558	43.7781480885081
61566	43.7781480885072
61582	43.7781480885071
61616	43.7781480885069
61620	43.7781480885068
61634	43.7781480885067
61638	43.7781480885053
61648	43.7781480885049
61670	43.7781480885045
61682	43.7781480885045
61698	43.7781480885044
61718	43.7781480885037
61740	43.7781480885033
61760	43.7781480885028
61788	43.7781480885025
61814	43.7781480885022
61826	43.778148088502
61860	43.7781480885020
61894	43.7781480885019
61902	43.7781480885016
61914	43.7781480885016
61932	43.7781480885015
61976	43.7781480885014
61996	43.7781480885014
62012	43.7781480885012
62018	43.7781480885012
62020	43.7781480885012
62032	43.778148088501
62036	43.778148088501
62044	43.7781480885009
62048	43.7781480885008
62066	43.7781480885008
62068	43.7781480885007
62072	43.7781480885003
62096	43.7781480885001
62112	43.7781480885
62126	43.7781480884996
62178	43.7781480884995
62194	43.7781480884994
62202	43.7781480884994
62208	43.7781480884993
62210	43.7781480884991
62230	43.7781480884991
62232	43.778148088499
62234	43.778148088499
62246	43.7781480884989
62258	43.7781480884989
62278	43.7781480884988
62284	43.7781480884987
62288	43.7781480884983
62292	43.7781480884982
62294	43.7781480884978
62296	43.7781480884974
62306	43.7781480884974
62326	43.7781480884964
62396	43.7781480884961
62416	43.7781480884958
62424	43.7781480884956
62430	43.7781480884955
62440	43.7781480884952
62446	43.7781480884948
62466	43.7781480884948
62468	43.7781480884947
62476	43.7781480884945
62492	43.7781480884945
62496	43.7781480884944
62526	43.7781480884941
62534	43.7781480884940
62550	43.7781480884940
62554	43.7781480884938
62556	43.7781480884938
62564	43.7781480884937
62568	43.7781480884936
62572	43.7781480884931
62580	43.7781480884929
62582	43.7781480884927
62588	43.7781480884926
62646	43.7781480884925
62662	43.7781480884924
62686	43.7781480884924
62690	43.7781480884923
62692	43.7781480884922
62694	43.7781480884922
62704	43.7781480884922
62718	43.7781480884921
62722	43.778148088492
62724	43.7781480884917
62766	43.7781480884914
62786	43.7781480884913
62796	43.7781480884913
62808	43.7781480884911
62814	43.7781480884911
62822	43.778148088491
62832	43.7781480884909
62840	43.7781480884909
62854	43.7781480884907
62884	43.7781480884907
62890	43.7781480884906
62898	43.7781480884906
62902	43.7781480884905
62906	43.7781480884903
62908	43.7781480884902
62912	43.7781480884902
62924	43.7781480884901
62930	43.7781480884901
62934	43.77814808849
62948	43.77814808849
62952	43.7781480884899
62954	43.7781480884898
62976	43.7781480884895
62984	43.7781480884894
62990	43.7781480884894
62998	43.7781480884893
63010	43.7781480884891
63036	43.7781480884891
63050	43.7781480884890
63052	43.7781480884888
63080	43.7781480884887
63098	43.7781480884887
63102	43.7781480884884
63138	43.7781480884883
63140	43.7781480884882
63144	43.7781480884881
63162	43.7781480884881
63164	43.7781480884881
63172	43.778148088488
63178	43.7781480884879
63184	43.7781480884878
63186	43.7781480884878
63196	43.7781480884875
63240	43.7781480884872
63270	43.7781480884871
63294	43.7781480884871
63296	43.778148088487
63308	43.778148088487
63310	43.7781480884868
63326	43.7781480884867
63334	43.7781480884865
63344	43.7781480884863
63364	43.7781480884862
63372	43.7781480884861
63390	43.7781480884861
63394	43.778148088486
63414	43.778148088486
63416	43.7781480884859
63426	43.7781480884858
63444	43.7781480884857
63458	43.7781480884855
63460	43.7781480884854
63484	43.7781480884854
63494	43.7781480884853
63498	43.7781480884853
63506	43.7781480884852
63520	43.7781480884852
63522	43.7781480884851
63534	43.778148088485
63550	43.7781480884849
63560	43.7781480884848
63568	43.7781480884847
63586	43.7781480884846
63590	43.7781480884843
63598	43.7781480884841
63606	43.7781480884841
63634	43.7781480884841
63652	43.7781480884841
63656	43.7781480884840
63682	43.7781480884838
63708	43.7781480884838
63710	43.7781480884837
63724	43.7781480884837
63738	43.7781480884836
63742	43.7781480884836
63748	43.7781480884836
63766	43.7781480884836
63776	43.7781480884834
63780	43.7781480884833
63798	43.7781480884833
63822	43.7781480884832
63824	43.7781480884832
63842	43.7781480884831
63852	43.7781480884831
63888	43.778148088483
63890	43.778148088483
63898	43.778148088483
63910	43.7781480884829
63920	43.7781480884828
63924	43.7781480884828
63934	43.7781480884827
63938	43.7781480884827
63944	43.7781480884826
63958	43.7781480884826
63968	43.7781480884826
63986	43.7781480884826
64004	43.7781480884826
64008	43.7781480884825
64018	43.7781480884825
64022	43.7781480884825
64024	43.7781480884825
64056	43.7781480884824
64072	43.7781480884824
64076	43.7781480884823
64080	43.7781480884822
64098	43.7781480884822
64116	43.7781480884821
64126	43.7781480884821
64138	43.7781480884821
64144	43.778148088482
64180	43.778148088482
64186	43.7781480884819
64208	43.7781480884819
64224	43.7781480884818
64242	43.7781480884817
64266	43.7781480884816
64276	43.7781480884816
64286	43.7781480884816
64290	43.7781480884815
64314	43.7781480884815
64318	43.7781480884815
64348	43.7781480884814
64358	43.7781480884814
64364	43.7781480884814
64386	43.7781480884813
64410	43.7781480884813
64416	43.7781480884813
64424	43.7781480884813
64430	43.7781480884812
64450	43.7781480884812
64470	43.7781480884812
64482	43.7781480884812
64550	43.7781480884811
64556	43.7781480884811
64568	43.7781480884811
64578	43.7781480884811
64628	43.7781480884811
64656	43.7781480884811
64662	43.778148088481
64670	43.778148088481
64684	43.778148088481
64694	43.7781480884810
64708	43.7781480884809
64722	43.7781480884809
64726	43.7781480884809
64738	43.7781480884809
64742	43.7781480884809
64744	43.7781480884808
64752	43.7781480884807
64762	43.7781480884807
64764	43.7781480884807
64780	43.7781480884807
64800	43.7781480884806
64808	43.7781480884806
64864	43.7781480884805
64886	43.7781480884805
64930	43.7781480884805
64950	43.7781480884804
64962	43.7781480884804
65010	43.7781480884804
65018	43.7781480884804
65028	43.7781480884803
65034	43.7781480884803
65050	43.7781480884803
65078	43.7781480884803
65092	43.7781480884802
65104	43.7781480884802
65120	43.7781480884801
65152	43.7781480884801
65200	43.7781480884800
65226	43.77814808848
65244	43.77814808848
65258	43.77814808848
65274	43.77814808848
65302	43.7781480884799
65328	43.7781480884799
65362	43.7781480884799
65382	43.7781480884799
65394	43.7781480884798
65446	43.7781480884798
65464	43.7781480884798
65478	43.7781480884798
65482	43.7781480884798
65488	43.7781480884798
65494	43.7781480884797
65516	43.7781480884797
65550	43.7781480884797
65572	43.7781480884797
65582	43.7781480884796
65590	43.7781480884796
65594	43.7781480884796
65604	43.7781480884796
65608	43.7781480884796
65610	43.7781480884795
65612	43.7781480884795
65624	43.7781480884795
65634	43.7781480884795
65670	43.7781480884794
65672	43.7781480884794
65690	43.7781480884794
65696	43.7781480884794
65706	43.7781480884793
65738	43.7781480884793
65746	43.7781480884793
65756	43.7781480884793
65770	43.7781480884793
65786	43.7781480884793
65800	43.7781480884792
65806	43.7781480884791
65812	43.7781480884791
65848	43.7781480884791
65850	43.7781480884791
65856	43.7781480884791
65860	43.7781480884791
65866	43.7781480884790
65878	43.7781480884790
65880	43.778148088479
65892	43.778148088479
65904	43.778148088479
65920	43.7781480884789
65936	43.7781480884789
65946	43.7781480884789
65956	43.7781480884789
65990	43.7781480884788
66040	43.7781480884788
66050	43.7781480884788
66080	43.7781480884788
66086	43.7781480884788
66102	43.7781480884788
66130	43.7781480884788
66136	43.7781480884788
66168	43.7781480884788
66178	43.7781480884788
66202	43.7781480884787
66236	43.7781480884787
66256	43.7781480884787
66260	43.7781480884787
66274	43.7781480884787
66284	43.7781480884787
66314	43.7781480884787
66320	43.7781480884787
66346	43.7781480884786
66348	43.7781480884786
66366	43.7781480884786
66376	43.7781480884785
66378	43.7781480884785
66384	43.7781480884785
66390	43.7781480884784
66402	43.7781480884784
66426	43.7781480884784
66446	43.7781480884783
66468	43.7781480884783
66472	43.7781480884783
66484	43.7781480884781
66524	43.7781480884781
66552	43.7781480884781
66554	43.778148088478
66576	43.778148088478
66582	43.7781480884779
66594	43.7781480884779
66612	43.7781480884778
66642	43.7781480884777
66680	43.7781480884777
66682	43.7781480884777
66764	43.7781480884776
66784	43.7781480884776
66796	43.7781480884776
66816	43.7781480884776
66818	43.7781480884776
66842	43.7781480884776
66846	43.7781480884775
66858	43.7781480884775
66894	43.7781480884774
66898	43.7781480884774
66912	43.7781480884774
66940	43.7781480884774
66958	43.7781480884773
66962	43.7781480884773
66970	43.7781480884773
67026	43.7781480884773
67046	43.7781480884773
67082	43.7781480884773
67116	43.7781480884772
67132	43.7781480884772
67164	43.7781480884772
67166	43.7781480884772
67180	43.7781480884772
67194	43.7781480884772
67222	43.7781480884772
67232	43.7781480884771
67258	43.7781480884771
67280	43.7781480884771
67298	43.7781480884771
67328	43.7781480884771
67378	43.7781480884771
67380	43.7781480884771
67474	43.7781480884771
67486	43.7781480884771
67516	43.778148088477
67570	43.778148088477
67644	43.778148088477
67670	43.778148088477
67692	43.778148088477
67744	43.778148088477
67768	43.778148088477
67770	43.778148088477
67812	43.7781480884769
67858	43.7781480884769
67866	43.7781480884769
67908	43.7781480884769
67962	43.7781480884769
67972	43.7781480884769
67982	43.7781480884769
68000	43.7781480884768
68002	43.7781480884768
68038	43.7781480884768
68076	43.7781480884768
68080	43.7781480884768
68092	43.7781480884768
68130	43.7781480884768
68170	43.7781480884768
68198	43.7781480884767
68260	43.7781480884767
68278	43.7781480884767
68282	43.7781480884767
68292	43.7781480884767
68300	43.7781480884767
68332	43.7781480884767
68348	43.7781480884767
68364	43.7781480884767
68372	43.7781480884766
68392	43.7781480884766
68408	43.7781480884766
68434	43.7781480884766
68440	43.7781480884766
68452	43.7781480884766
68464	43.7781480884766
68478	43.7781480884766
68624	43.7781480884765
68654	43.7781480884765
68734	43.7781480884765
68736	43.7781480884765
68772	43.7781480884765
68806	43.7781480884765
68816	43.7781480884765
68826	43.7781480884764
68888	43.7781480884764
68912	43.7781480884764
68930	43.7781480884764
68978	43.7781480884764
69042	43.7781480884764
69060	43.7781480884764
69074	43.7781480884764
69078	43.7781480884764
69082	43.7781480884764
69146	43.7781480884764
69188	43.7781480884764
69294	43.7781480884763
69324	43.7781480884763
69344	43.7781480884763
69432	43.7781480884763
69438	43.7781480884763
69446	43.7781480884763
69468	43.7781480884763
69540	43.7781480884763
69624	43.7781480884763
69652	43.7781480884763
69700	43.7781480884763
69712	43.7781480884762
69880	43.7781480884762
69894	43.7781480884762
69922	43.7781480884762
70130	43.7781480884762
70190	43.7781480884762
70198	43.7781480884762
70246	43.7781480884762
70448	43.7781480884762
70454	43.7781480884762
70554	43.7781480884762
70682	43.7781480884762
70718	43.7781480884761
71428	43.7781480884761
71472	43.7781480884761
71474	43.7781480884761
71494	43.7781480884761
71528	43.7781480884761
71560	43.7781480884761
71590	43.7781480884761
71638	43.7781480884761
71746	43.7781480884761
71768	43.7781480884761
71958	43.7781480884761
72030	43.7781480884760
72068	43.7781480884760
72226	43.778148088476
72332	43.778148088476
72372	43.778148088476
72584	43.778148088476
72940	43.778148088476
73242	43.778148088476
74906	43.778148088476
75982	43.778148088476
78004	43.778148088476
79306	43.7781480884760
79432	43.7781480884759
79602	43.7781480884759
79618	43.7781480884759
79950	43.7781480884759
80492	43.7781480884759
82278	43.7781480884759
84296	43.7781480884759
86170	43.7781480884759
96404	43.7781480884759
97234	43.7781480884759
131678	43.7781480884759
300000	43.7781480884759
