52	399.988139238745
66	373.111349557068
90	344.889957835581
104	339.95417162708
126	338.126764047361
140	321.863298450609
170	292.27848156579
182	291.507627989423
228	258.526797865033
344	204.46667259648
792	200.440119663935
2394	198.623098178809
9112	176.871670574580
10482	175.012971707215
12236	161.940388347181
12330	151.627433226227
12514	149.475410226419
12522	144.093561769782
12536	131.024090717840
12610	127.805224461433
12620	125.969591377321
12624	125.084925262472
12644	109.390955549414
12700	107.715609995661
12702	101.483733474478
12728	98.858492381731
12740	93.9150224017044
12760	92.427069749866
12796	90.9823472742443
12818	90.261636328842
12832	86.493399256421
12838	85.179988417595
12848	84.2789046046344
12850	83.685634189376
12870	83.530571556496
12872	82.2691898907584
12874	80.9678291853097
12884	80.5916608662253
12906	79.7601921933002
12922	79.571670882318
12930	78.1485402048288
12938	77.755127305454
12950	76.2638472046863
12972	75.6218273911104
12976	75.431873537708
12986	75.1025221657104
12998	73.3970312155031
13014	73.364872641992
13028	73.1552088624448
13044	72.0632108807406
13062	71.9984662721474
13076	71.2671669922503
13092	70.4436994248424
13148	69.6287281470062
13162	69.127010632257
13178	68.3292183615348
13198	68.1839574706195
13222	66.8561486262156
13236	66.3080783674217
13250	66.3034072540337
13270	66.1831947945825
13278	65.4299389410761
13298	65.2045849824331
13306	65.1332664391363
13308	65.0535658413645
13314	64.6243850814287
13320	64.0449640416694
13322	63.8680276466984
13328	63.4843949224713
13334	63.3202132355968
13358	63.2873116160427
13364	62.5934921479419
13372	62.4708976736007
13382	62.1194247582232
13394	61.8709363576257
13414	61.7135083231781
13428	61.4212096792733
13436	61.2417652739049
13478	60.9641680616291
13492	60.2486901862132
13500	59.8261696307612
13516	59.7785180140588
13518	59.7394598256547
13522	59.7043523751034
13534	59.4808285855518
13548	59.1761844616181
13560	59.1672382333514
13578	59.1269797197857
13584	59.0297621003632
13592	58.8085675888408
13594	58.7544399340431
13602	58.5904779437147
13604	58.5067240244114
13606	58.2822521259865
13628	58.2684856236545
13648	57.7841794771495
13660	57.6006558780799
13664	57.2139793196723
13666	56.7286430660238
13672	56.631520009034
13676	56.5471847585461
13694	55.9425948336524
13722	55.6870934203097
13742	55.5774388337879
13756	55.5201495234885
13758	55.3786646632959
13760	55.3152256576989
13772	55.2540831172852
13780	55.0929332179804
13782	54.8771111471907
13784	54.5709881089911
13794	54.4570249606726
13812	53.6456356269288
13840	53.4271778762230
13852	53.0306620668536
13894	52.4047088735142
13934	52.3036153750559
13938	52.2432619291817
13946	52.1724122865627
13948	52.0401881471743
13952	51.8509167733808
13964	51.694997717816
13976	51.6554579370396
13982	51.3961984690153
13984	51.3855247813737
13994	51.2115895179077
14002	50.6245902622589
14026	50.4843001915239
14042	50.1944646781655
14062	50.1586206090655
14068	50.1125369151027
14072	50.0325117980386
14082	49.8940591328832
14086	49.7997446197479
14096	49.7192903346609
14106	49.5168271478098
14122	49.4444326430622
14132	49.2397578910251
14134	49.2004202789132
14138	49.0244291819594
14166	48.9359634979272
14174	48.8746667329833
14176	48.785513192956
14178	48.7602884741642
14190	48.4397189640653
14192	48.4242579427156
14200	48.3350022323646
14204	48.0097572062796
14206	47.9841241205998
14232	47.7573028590141
14236	47.4800900947724
14252	47.368928589228
14256	47.2006812914395
14270	47.1798181423882
14276	47.0279805541141
14294	46.9505844001411
14300	46.6175553658315
14306	46.2244474310714
14308	46.1234428639293
14318	45.9265287124664
14322	45.8953560536039
14326	45.5746884894702
14346	45.2136710758735
14350	45.1353615343075
14400	44.8514323115704
14428	44.4822429264755
14446	44.2639131721382
14448	44.073941687559
14450	44.0127550154277
14460	43.9261085704008
14490	43.8076186285578
14502	43.7686776444692
14504	43.7342621254028
14520	43.5869672586346
14522	43.3510955179613
14532	43.1021804089079
14546	43.0680561433831
14564	42.9526495130023
14568	42.9100027467442
14570	42.8912297181604
14572	42.6539641371256
14584	42.3773421069701
14604	42.1696535669058
14616	42.1172798887591
14628	41.9647835836396
14672	41.8615929912525
14674	41.8474721024998
14690	41.844783973187
14712	41.6746972379579
14746	41.6705955435315
14748	41.5859424662771
14762	41.5797848496637
14764	41.572200730701
14766	41.5338417808749
14790	41.5045373158999
14798	41.3493815793935
14806	41.2347574890617
14814	41.1415842188861
14822	41.0226404602146
14826	40.9671921820269
14834	40.942367418373
14852	40.8284921046294
14854	40.8094409188492
14870	40.7851886838793
14874	40.7178678354245
14884	40.5048718350917
14900	40.4124002139778
14914	40.3291904878528
14920	40.2125052022916
14954	40.1581490569168
14958	40.1190827824381
14964	40.0028108724366
14966	39.9240989138369
14976	39.8875390016011
14986	39.8167528297622
15002	39.8030286508402
15014	39.6467038284369
15030	39.5532447080864
15046	39.3328157190573
15060	39.2396985567202
15084	39.1509260228137
15092	39.0993188255403
15102	39.0087649746561
15116	38.9842492233185
15132	38.9148187186477
15136	38.8803541597309
15142	38.8538793219871
15154	38.7255515625927
15164	38.6106615504586
15182	38.4629042753165
15194	38.3694464966679
15214	38.3304587686564
15252	38.319647120477
15266	38.2728708904679
15274	38.1786504383535
15308	38.1641683168321
15324	38.0909827495085
15328	38.0706620362041
15334	38.0629077268253
15340	37.9458812638921
15342	37.811999392689
15354	37.7871050618560
15368	37.7849853415767
15370	37.7750755354337
15390	37.6495334107429
15392	37.6338571624432
15400	37.5692192452105
15414	37.4912809433914
15432	37.4164776458618
15440	37.3373905510709
15452	37.2561393209934
15492	37.0860238809432
15508	36.9325455998892
15538	36.9277460674337
15552	36.8763727244646
15554	36.7395612024772
15560	36.6955629956695
15568	36.6735549897885
15588	36.4930895922068
15596	36.4420467256161
15608	36.1356475831838
15622	36.0118183172301
15632	35.8932861115018
15644	35.7217474443294
15656	35.6328834449838
15678	35.5604878471734
15682	35.4581553789198
15690	35.454438910037
15694	35.4434817663293
15698	35.3961944097396
15702	35.2551491131508
15726	35.0546004146644
15732	35.0503778174408
15734	35.0426373872813
15738	34.9672962209691
15740	34.7782489183235
15742	34.7375086694724
15748	34.4959989622332
15784	34.4005197520309
15852	34.3809292391512
15858	34.3690260982784
15862	34.318939983236
15870	34.2639695992591
15892	34.2267877625911
15904	34.2101846583208
15916	34.1686864279091
15928	34.0822537732291
15946	34.0368722986959
15950	33.9406955050644
15954	33.8595390065475
16014	33.7918438177258
16026	33.7791125406265
16030	33.7582817289185
16032	33.6987041256769
16046	33.6823120682864
16062	33.6430009832676
16076	33.6290350911347
16088	33.6203530447612
16098	33.5977873626328
16122	33.5267210981199
16136	33.5092906947301
16138	33.4805661585132
16150	33.4480391882185
16156	33.3620384131995
16178	33.3025459753601
16186	33.2986609707660
16200	33.2273066406654
16212	33.2267744926318
16216	33.2186459497150
16240	33.1693521740529
16254	33.1271811484975
16266	33.0987115145294
16278	33.0980533633850
16290	33.064919989178
16292	33.0521013255912
16296	33.0384579571955
16330	33.0259504568602
16350	32.9950795152612
16352	32.9722748841207
16392	32.9563143566002
16400	32.9499728482068
16414	32.9401538341153
16418	32.9391577885832
16420	32.9092156850765
16426	32.8874364322111
16436	32.8592999678339
16452	32.8131377409709
16470	32.80856426422
16472	32.7255681768896
16482	32.7212047024768
16488	32.7205451778408
16494	32.7035682381053
16496	32.6527989320626
16498	32.6295656738723
16510	32.6283899016938
16528	32.6166061145883
16534	32.6149047601247
16540	32.5953697041772
16552	32.5723983662032
16558	32.5710546823067
16572	32.5225464023341
16578	32.4877599450129
16596	32.4875398147391
16600	32.4813969814613
16616	32.4638577302863
16626	32.4629549892715
16640	32.4546354039343
16654	32.4324497204707
16664	32.3691802559306
16688	32.3687695801968
16690	32.3013943940296
16704	32.2593510780643
16726	32.2526065809634
16728	32.2414349236856
16736	32.1924129795727
16744	32.1617384422457
16756	32.1500124337532
16770	32.128121621299
16774	32.0930823764956
16778	32.0873809778461
16790	32.06751851781
16792	32.0512624794051
16844	32.0391722442430
16848	32.0252511257828
16854	32.0036015014499
16880	31.9880477895626
16882	31.9856564264594
16888	31.9611515522218
16902	31.9379882357359
16914	31.9319538857787
16930	31.9229879712666
16944	31.9138144389851
16952	31.9088721158901
16958	31.8958638659898
16962	31.8833130575498
16966	31.8648123941015
16982	31.8631283369124
16986	31.844840191958
16996	31.8409703005813
17000	31.8013189871255
17014	31.7979345230747
17026	31.7808977283332
17046	31.7169347245335
17048	31.715582134939
17050	31.6801972249034
17066	31.6644905613165
17080	31.6578070397086
17084	31.6457532883916
17086	31.641773777667
17090	31.6251358705063
17096	31.5446046872392
17112	31.5099409438889
17140	31.4994354129946
17158	31.4752973207805
17170	31.4105455372649
17176	31.4036689515065
17190	31.3727314623311
17210	31.3271396745265
17214	31.243795480888
17254	31.2371637076365
17258	31.2155010058675
17266	31.1744893163078
17288	31.1450926507773
17292	31.1257944932009
17294	31.0936789704623
17302	31.0454744611991
17314	31.0319452685015
17316	30.9965196432859
17330	30.9950988562616
17344	30.9029951490723
17348	30.8666521638737
17364	30.8214171241844
17366	30.7586660840278
17418	30.7380665007741
17428	30.7379486153939
17432	30.7052844042023
17440	30.6784915671624
17474	30.67281821303
17492	30.6313090617903
17502	30.6205522540700
17512	30.6134607014016
17514	30.5911094552599
17524	30.5798364263360
17528	30.5794534253213
17534	30.5756403998546
17538	30.5626954407611
17550	30.5594282307279
17558	30.5428891794310
17568	30.5274414416025
17572	30.5105479312523
17578	30.5069213418746
17584	30.4949085265054
17590	30.4821820069755
17606	30.460435269497
17628	30.4100458805394
17670	30.3807214645448
17676	30.3776086529771
17678	30.3586071169787
17694	30.3177026172763
17710	30.3041733089528
17732	30.2929881317623
17748	30.2676685947518
17752	30.2533541058139
17754	30.2511020599682
17766	30.2435230695908
17784	30.2355721956613
17792	30.2205430100496
17794	30.2173973928131
17800	30.2017049104304
17804	30.1935609027359
17826	30.1450519537776
17832	30.1210172699397
17844	30.0805424940122
17858	30.0721326029124
17866	30.0319583465491
17886	30.0060191781823
17892	29.9324244861734
17898	29.9284315609961
17900	29.9008595638868
17902	29.8678175396033
17918	29.8667615576959
17924	29.8187406103776
17932	29.7001226678639
17952	29.6909206589634
17976	29.6286399528057
17984	29.5769745945263
18006	29.5635514643117
18026	29.5196226193631
18030	29.5102001424169
18054	29.4746385897505
18064	29.4064441127922
18070	29.3821398851132
18082	29.3277800104624
18084	29.2975787780022
18106	29.2703768512825
18114	29.2689674309624
18118	29.2187485284873
18132	29.1999581758789
18144	29.0919483865827
18170	29.08381413952
18184	29.074679879774
18196	29.0549369937182
18204	29.0218791537860
18212	29.0149979888759
18224	28.945711300344
18240	28.9015426495422
18252	28.8440531468943
18266	28.8192384895602
18272	28.7919706899957
18284	28.7693535289135
18296	28.7555944195635
18332	28.7475222821507
18336	28.6997963491679
18344	28.6659355730053
18346	28.6083177438370
18358	28.5876625296934
18362	28.5398913174362
18368	28.5316922631053
18378	28.5235189078541
18382	28.5107815602316
18386	28.4599617961283
18410	28.4184109215313
18416	28.4063764429057
18422	28.3996829032382
18424	28.3723412903238
18434	28.3533957040894
18444	28.2883356681123
18458	28.1699071777958
18468	28.1378561262761
18476	28.0994176569211
18492	28.0620403466880
18510	28.056125401309
18528	28.0218791470990
18542	27.9682134810684
18560	27.9395522423821
18566	27.9131958443117
18574	27.9124839221987
18580	27.886276044161
18588	27.8480341539443
18604	27.7962784243721
18616	27.7917906625134
18618	27.7250531623172
18620	27.6682209942743
18638	27.6367518301125
18650	27.619207423783
18660	27.5787026774098
18690	27.5344217292952
18702	27.5097708888029
18704	27.4965082339633
18730	27.4012821830821
18784	27.3838607547935
18810	27.3623480957918
18822	27.2904198524211
18826	27.2866797826085
18830	27.2559645936161
18836	27.2317454880213
18878	27.2307721610061
18900	27.1673848443357
18916	27.1543377184660
18928	27.1540831656331
18930	27.1439928608124
18936	27.1385819005837
18938	27.1336008146834
18940	27.1004010235354
18986	27.0997542745421
18990	27.0802604292427
19000	27.0710759329044
19002	27.0632906161573
19018	27.059829912454
19022	27.0535183881422
19034	27.0517402901757
19040	27.0453958189126
19044	27.0141745407785
19054	27.0127048353354
19056	26.9748895770772
19086	26.9702036122005
19106	26.9594335666565
19128	26.9281512276727
19130	26.9100383316771
19136	26.8685895870177
19162	26.8298391866977
19178	26.7753410496072
19222	26.7723937324543
19224	26.7682471217674
19250	26.7092615957729
19272	26.6919041050784
19298	26.6783865414209
19302	26.6584075751802
19322	26.6482668778925
19336	26.6409191050289
19338	26.6388051343743
19362	26.6231211382761
19364	26.6221797153126
19376	26.6172016455651
19394	26.6132158756166
19396	26.6090215529777
19398	26.5893723331460
19406	26.5818248760671
19412	26.5793231110500
19420	26.5773550969328
19428	26.5595655704171
19434	26.5517251025724
19448	26.5497164608989
19464	26.5392297651201
19468	26.5153496797745
19512	26.5119171828516
19516	26.5100213493304
19532	26.5039619319271
19538	26.4903441594031
19540	26.4798026827160
19548	26.4688417585906
19560	26.4544865145997
19572	26.4482950472331
19582	26.445379688505
19584	26.4239577926542
19586	26.4232469185175
19596	26.4224029779519
19598	26.4064692047074
19622	26.4036326228643
19628	26.3961914237060
19630	26.3874289701631
19634	26.3794182872022
19644	26.3674901892972
19658	26.3645761367089
19660	26.3618413916287
19674	26.3541546543002
19678	26.3234874349244
19686	26.3218095602024
19688	26.3204452060687
19704	26.2830607455268
19712	26.2806545160245
19722	26.2663218141833
19732	26.2623533211148
19738	26.2335678146149
19758	26.2299305182205
19768	26.2067421412760
19776	26.1902921754951
19828	26.1875509783946
19844	26.1838280953127
19852	26.1522630919443
19868	26.1139745854604
19876	26.0791619856509
19908	26.0784847423850
19914	26.0608670968271
19918	26.0502154206475
19926	26.0457935370844
19930	26.0340132129284
19964	26.0203508407782
19984	26.019761110901
19992	25.9943854110457
20008	25.9820687088335
20028	25.9800509101513
20032	25.9785517368328
20042	25.9703852281331
20052	25.9543237040492
20060	25.9389124865976
20072	25.9284375124378
20086	25.9200939937091
20112	25.9115678408155
20116	25.882075127711
20144	25.8655553493527
20168	25.8642360971604
20174	25.8564766057261
20184	25.8396667083737
20190	25.8215910231073
20194	25.8211054908144
20218	25.7974773808189
20222	25.7804323562238
20238	25.7728874458527
20246	25.7648588028440
20272	25.7601821300558
20290	25.7506524459469
20296	25.7322630004243
20328	25.7159853978899
20342	25.6935071441918
20354	25.6917827236329
20356	25.6603638749940
20362	25.6413343948023
20372	25.6383207255667
20386	25.6377458613346
20400	25.62768036007
20410	25.6048348443565
20426	25.6011507693072
20428	25.5981155009911
20432	25.5944980552384
20438	25.5924749882629
20442	25.5899512730497
20480	25.5892435929661
20482	25.5814876470308
20484	25.5808010899046
20496	25.5764753030365
20500	25.5665931707169
20516	25.5610939653506
20536	25.5560572673689
20552	25.5507936168621
20568	25.5352888430978
20570	25.5345958032378
20582	25.5300947247703
20586	25.5295436780399
20600	25.5177132020058
20610	25.5040252732082
20644	25.4877248794054
20654	25.4822099241555
20690	25.4809299561441
20700	25.4702745685150
20716	25.4686780376529
20720	25.4641244132378
20726	25.4418405351988
20734	25.4408871914792
20740	25.4354455273194
20746	25.4269637185004
20754	25.4243506582461
20770	25.4183437006793
20772	25.4076334760159
20774	25.3982706929583
20796	25.3863610287432
20798	25.3846836838724
20802	25.3789067928378
20814	25.3684251807477
20826	25.367809245389
20832	25.3664549534758
20838	25.362597793219
20844	25.3545755306817
20848	25.3511448246810
20854	25.3506597611803
20870	25.3502597247019
20874	25.3319556157069
20912	25.3315260469588
20918	25.3312292840288
20924	25.3309750605222
20930	25.3195757813809
20962	25.3113495792497
21000	25.3073531959695
21012	25.3039645129108
21060	25.3010537888248
21078	25.2950850711259
21084	25.2921849075269
21106	25.2876859301834
21128	25.2858937170112
21142	25.2812797511757
21160	25.2793545086812
21170	25.2790381372737
21184	25.2779829386211
21188	25.2757186559495
21212	25.2745000065056
21214	25.2728682507100
21220	25.2725233757221
21222	25.2634148149182
21240	25.2615254793871
21254	25.2535024424266
21270	25.2515641686595
21272	25.2513160841786
21282	25.2508914069318
21284	25.2412999395682
21290	25.2412738979672
21292	25.2353922116736
21294	25.234752403777
21308	25.2346791048343
21310	25.2251077210638
21316	25.2238307878838
21318	25.2161455939634
21322	25.2147839722270
21356	25.2139307262134
21372	25.2098589458657
21378	25.2081315391404
21412	25.2073190151053
21420	25.2059542835545
21470	25.2050185300830
21500	25.2021282142169
21510	25.2011156651741
21516	25.2002826866474
21538	25.200279531106
21554	25.1998134053603
21556	25.1995633977087
21558	25.1954422471614
21594	25.1948765184383
21610	25.1937709589487
21612	25.1920309908944
21618	25.1919408133522
21622	25.1913238048265
21634	25.1885429914240
21660	25.1878242293328
21682	25.1875619664287
21686	25.1874239950872
21692	25.1864790791125
21706	25.18487606148
21720	25.1833360383286
21732	25.1815901067269
21776	25.1805669786364
21782	25.1805544164399
21806	25.1781138738834
21832	25.1777531908627
21844	25.1776269946256
21848	25.1753417967421
21860	25.1746450184597
21864	25.1706878861208
21896	25.1693701334557
21900	25.1688230934579
21902	25.1686506161100
21926	25.1670204483331
21938	25.1665009937781
21946	25.1661634275341
21948	25.1581078705084
21956	25.1556582910945
21962	25.1548746813821
21966	25.1526566019771
22000	25.1494779021077
22024	25.1475995213355
22034	25.1472967991108
22036	25.1454137990754
22042	25.1427241052317
22056	25.1418777755029
22070	25.1408544819921
22074	25.1394783352289
22084	25.1381990660951
22090	25.1348315770464
22100	25.1334604058740
22114	25.1315279806070
22134	25.1311496218463
22144	25.130840381261
22146	25.1307137796862
22150	25.1303105894246
22158	25.1295014815689
22164	25.1284692305792
22174	25.127386410288
22178	25.1248772840988
22180	25.1246826371240
22182	25.1244497780003
22208	25.1242251462303
22214	25.1235747734801
22242	25.1226736971144
22248	25.1223531279192
22252	25.1221581473586
22266	25.1202833984699
22278	25.1177198672507
22300	25.1168966749414
22302	25.1163890868284
22322	25.1139655001145
22332	25.1124869258042
22342	25.1122553259503
22370	25.1116714637890
22386	25.1106324667841
22388	25.1079998700934
22398	25.107897778271
22412	25.1069779314044
22420	25.1062092641792
22438	25.105329719514
22446	25.1037654803272
22460	25.1015004833806
22466	25.1001009339183
22478	25.0994288911161
22488	25.0929428730161
22512	25.0925240146091
22518	25.0899561461740
22520	25.0840466523804
22556	25.0835049285364
22572	25.0833375256663
22590	25.0819023436642
22596	25.0814774119984
22648	25.0809994951642
22650	25.0802858754660
22658	25.0799106476898
22668	25.0798429484750
22674	25.0794779282623
22686	25.0786373382318
22692	25.0767172459727
22694	25.0759315471744
22696	25.0748186476820
22740	25.0747628418526
22744	25.0743167566606
22760	25.0740045394603
22766	25.0724191570459
22776	25.0718655165694
22790	25.070529306209
22794	25.0704325449130
22802	25.0702524245678
22806	25.068632777702
22824	25.0681639536883
22832	25.0679672320833
22844	25.0678110421495
22848	25.0655196994935
22870	25.0641746239141
22882	25.0627729090245
22886	25.0624963265266
22892	25.0608037268257
22912	25.0599331180315
22924	25.0587416039001
22942	25.0585111094220
22946	25.0539918748315
22970	25.0525595199987
22972	25.0524157675013
22982	25.0513065668816
22990	25.0509820563727
22992	25.0495812965244
22994	25.0479679458631
23028	25.0468847093594
23034	25.0465212778828
23040	25.0456784478307
23070	25.0448978116354
23078	25.043961140364
23080	25.040779323049
23088	25.040467364332
23098	25.0401508685067
23104	25.0394469564488
23106	25.0369584830138
23112	25.0351964968746
23142	25.0327227841359
23148	25.0317878238678
23168	25.0290560773577
23188	25.0276079076645
23194	25.0270829534596
23208	25.0268288657692
23218	25.0252966146474
23228	25.0234997109865
23244	25.023054416815
23258	25.0227372925971
23264	25.0224475876059
23280	25.0219934961691
23294	25.0218416147213
23298	25.0206685994199
23306	25.0204467206188
23318	25.0194329701425
23334	25.0170972882278
23338	25.0163436730203
23348	25.0153730167476
23350	25.0149513672765
23364	25.0145811220281
23382	25.0134291238571
23408	25.0128580488559
23412	25.0084196117508
23436	25.0071183965778
23446	25.0062953475766
23462	25.0048221774320
23466	25.0025446357951
23506	25.0015144282192
23518	25.0002521915141
23530	24.9995925943045
23532	24.9989765420143
23540	24.9973556061762
23546	24.9970481027164
23548	24.9968190950132
23558	24.9967618339523
23560	24.9958415448981
23564	24.9956439899422
23570	24.9946010321381
23586	24.9914059335293
23608	24.9910334064278
23612	24.9907997628283
23642	24.9907963660888
23644	24.9906556510130
23650	24.99014133667
23658	24.9883549336232
23668	24.9870411452292
23688	24.9865583799038
23706	24.9846356065801
23714	24.9844130779409
23754	24.9840804044220
23776	24.9827123818813
23790	24.9812913119562
23812	24.9812787160203
23838	24.9801935783743
23856	24.9801364306864
23862	24.9797722960109
23870	24.9790605652458
23882	24.9789672779067
23886	24.9778185705255
23892	24.9771409521126
23904	24.9767738747344
23912	24.9764271527288
23936	24.9757549462626
23938	24.9756420978989
23944	24.9744270675381
23956	24.9742350970399
23972	24.9740911149576
23982	24.9733193461138
23986	24.9731792084192
24004	24.9730747245616
24006	24.9721082158394
24016	24.9709706063972
24022	24.9709591444858
24026	24.9705332487049
24028	24.9693173462191
24050	24.9684002821260
24056	24.9680131402585
24062	24.9679082703333
24064	24.96708314799
24078	24.9670647375219
24082	24.9670249913154
24084	24.9669706813004
24090	24.9664309195497
24094	24.9663052637070
24114	24.9661662053475
24116	24.96536877684
24124	24.9645956061079
24130	24.9643128734578
24140	24.9642007815788
24146	24.963973840141
24150	24.9630349738509
24156	24.9622026449870
24176	24.9607779002843
24186	24.9597363511357
24198	24.9596283057297
24216	24.9588368100054
24244	24.9581638988062
24252	24.9580946247642
24256	24.9577880412555
24262	24.9562586475626
24266	24.9560934190101
24268	24.9560001318554
24296	24.9538449627924
24310	24.9536447085788
24348	24.9531016479900
24350	24.9513142433647
24366	24.9498375103568
24404	24.949096535563
24430	24.94837614616
24434	24.9481219762022
24454	24.9480783745027
24470	24.9473170438956
24474	24.9471985243989
24486	24.9458293769763
24488	24.94546969645
24494	24.9450584623439
24512	24.9437176630445
24516	24.9428033381645
24522	24.9418657761356
24550	24.9409406309346
24588	24.9408310755970
24590	24.9391425816318
24596	24.9390507621384
24610	24.9390256566095
24618	24.9388433841159
24636	24.9379994525314
24642	24.9378383672984
24650	24.9376153472552
24652	24.936958769217
24656	24.9369027497406
24672	24.9359791023147
24686	24.934763509757
24690	24.9344577210844
24706	24.9332005221496
24708	24.9331613598424
24714	24.9322818388209
24716	24.9312106241385
24748	24.9308389143549
24764	24.929890419786
24768	24.9293537822947
24782	24.9291970180283
24786	24.9290341179475
24802	24.9276798982338
24816	24.9274256828188
24842	24.9262283780802
24858	24.9262254564459
24862	24.9256091734432
24876	24.9251361734455
24880	24.9240256645006
24904	24.923430151125
24906	24.9228238618437
24924	24.9224506963618
24934	24.9210283918453
24964	24.9205511398121
24990	24.9200862880619
25006	24.9197980808871
25024	24.9191860725889
25026	24.9185400274116
25032	24.9174555035615
25058	24.9167584775827
25076	24.9158069062322
25094	24.9149713904026
25124	24.9141898245435
25136	24.914042833081
25148	24.9134246913204
25156	24.9134134968315
25160	24.9124174361800
25176	24.9121273443882
25180	24.9118501403664
25184	24.9114436628006
25192	24.9105477611712
25202	24.9097169530976
25222	24.9094196124672
25256	24.9091031427583
25300	24.9083915474518
25306	24.9082532401933
25322	24.9077815866899
25326	24.9077396637301
25330	24.9074306554491
25332	24.9072027929978
25360	24.9070422339045
25374	24.9065924934957
25382	24.9065435231386
25388	24.9061124960916
25390	24.9055379809827
25412	24.9048935419342
25434	24.9047461375756
25436	24.9043276315639
25474	24.9042747668943
25478	24.9041218929206
25502	24.9040886543524
25522	24.9038819679281
25530	24.9038146921406
25534	24.9030570188075
25540	24.9026814643493
25542	24.9025764991893
25562	24.902251942322
25564	24.9020236520877
25566	24.9014350353335
25594	24.900269513798
25602	24.8995758375359
25606	24.8980897561811
25610	24.8978289408213
25620	24.8969601896533
25648	24.8969371076860
25656	24.8961514730011
25700	24.8961400137433
25702	24.8960900129412
25708	24.8957457141881
25736	24.8954546289998
25740	24.8947289204233
25746	24.8944692509425
25750	24.8943486198854
25758	24.8939703798278
25760	24.8939034761662
25766	24.8932049867126
25802	24.8931812351709
25820	24.8926889571425
25826	24.8923937751109
25830	24.8922085324597
25846	24.8917096956033
25850	24.8914760098074
25858	24.8914078704072
25866	24.8913379668390
25872	24.8909216663072
25882	24.8905180841700
25920	24.8904757075460
25938	24.8900079011019
25946	24.8899335118375
25956	24.8896148735996
25964	24.8895006175247
25968	24.8894979692006
25980	24.8889511368747
25984	24.8889456100790
25990	24.8883643484826
25992	24.8883262470327
25994	24.8883116120231
25998	24.8883010571301
26004	24.888301046461
26008	24.8881657773503
26010	24.8877834432091
26016	24.8876267666126
26046	24.8873305651703
26054	24.8872232620219
26068	24.8867207486171
26090	24.8862807677552
26112	24.8862534839899
26130	24.8862059493936
26150	24.8857988955967
26154	24.8856521888174
26166	24.8856249412836
26178	24.8854565003382
26186	24.8854538446491
26190	24.8854453379243
26208	24.8853448261912
26212	24.8850014577651
26226	24.8849505563598
26242	24.8846102928500
26248	24.8845230080692
26264	24.8845218667613
26274	24.8843097962712
26312	24.8843067543252
26314	24.8842577729551
26334	24.8842198602924
26352	24.8841649214347
26354	24.8841637237267
26358	24.884160433441
26364	24.8840223531751
26412	24.8839559344446
26422	24.8839399626606
26434	24.8839078008672
26454	24.8838572811682
26464	24.8837781017117
26466	24.8836946314356
26486	24.8836125249879
26496	24.8835726997
26502	24.8835597727883
26510	24.8834854342291
26512	24.8834734139062
26526	24.8834681877015
26540	24.8833743101097
26542	24.883337515845
26544	24.8832367573397
26570	24.8832105505436
26572	24.8831047951054
26584	24.8830959651858
26590	24.8830810523441
26602	24.8829956332762
26606	24.8828640418543
26626	24.8828179957842
26630	24.8828130849943
26634	24.8828004561134
26638	24.8826324544350
26662	24.8826269998800
26674	24.8826008594756
26682	24.8825296580900
26690	24.8825032496952
26698	24.8824732625223
26706	24.8824367604971
26726	24.8824061801735
26734	24.8823860771779
26762	24.8823197318578
26778	24.8823013756577
26802	24.8822877944252
26808	24.8822803712088
26814	24.8822771141532
26824	24.8822742493768
26828	24.8822653837159
26842	24.8822286365010
26844	24.8822143293970
26848	24.8822041331585
26852	24.8822020337438
26854	24.8821241449404
26890	24.8821223205944
26892	24.8820499493219
26912	24.8820379092067
26930	24.8820322893552
26944	24.8820319161594
26956	24.8820274956248
26962	24.8820144598008
26970	24.8820067981116
26986	24.8819851534208
26988	24.8819689994889
26994	24.8819393395033
27016	24.8819378310968
27034	24.8819318410968
27056	24.8819211220341
27060	24.8819208297957
27070	24.8819126116298
27074	24.8819045886086
27076	24.881900489883
27082	24.8818948993366
27084	24.8818943734686
27096	24.8818843486258
27106	24.8818622986704
27148	24.8818352956703
27168	24.8818215555621
27186	24.8818132115196
27190	24.8818108391312
27196	24.881798499532
27210	24.8817883788606
27230	24.8817717464079
27232	24.8817651092334
27242	24.8817545307834
27256	24.8817518673016
27264	24.8817454728651
27266	24.8817184852185
27282	24.8817035853073
27316	24.8817033452046
27320	24.8816968401461
27322	24.8816956500856
27324	24.8816927638297
27330	24.881691003802
27332	24.8816804633459
27334	24.881644792198
27354	24.88162714206
27382	24.8816251460041
27384	24.8815964391355
27390	24.8815904116439
27400	24.8814996761136
27426	24.8814523000711
27434	24.8814510592285
27446	24.8814413055262
27454	24.8813679576461
27464	24.8813534676362
27466	24.8813321226805
27472	24.8813260041018
27478	24.8812902457679
27480	24.8812850558335
27484	24.8812819898514
27492	24.8812684622412
27496	24.8812659840469
27498	24.8812564819819
27500	24.8811257442927
27506	24.8810729657003
27536	24.8809317221862
27568	24.8809153017844
27570	24.8808526475536
27596	24.8808280426273
27600	24.8808164101298
27616	24.8808112326915
27620	24.8807867138289
27640	24.8807658298434
27642	24.8807504373717
27656	24.8807352457059
27660	24.8806331341153
27672	24.8806306365622
27682	24.8804993219793
27692	24.8804633246104
27712	24.8804544791416
27724	24.880405918327
27728	24.8803880240844
27734	24.8803138120019
27764	24.8803044512166
27766	24.880276949695
27772	24.8802364967840
27774	24.8801698832241
27778	24.8801524780018
27780	24.8799884564015
27782	24.8797649757372
27786	24.8797208780215
27800	24.8796848753419
27804	24.8796212870825
27820	24.8796191643112
27830	24.8795987373313
27832	24.8795053665259
27852	24.8794820044508
27856	24.8794493722249
27890	24.8794028909156
27892	24.8793755872012
27926	24.8793507929388
27934	24.8791121152084
27942	24.879098562216
27950	24.8790515321541
27958	24.8790446743007
27960	24.8789467160786
27978	24.8787464607402
28024	24.8787433390587
28026	24.8786361252420
28040	24.8784960684689
28080	24.8784918902828
28082	24.8784819596065
28098	24.8784702578963
28108	24.8784292096073
28128	24.8784100672207
28166	24.8783942890176
28174	24.8783942699670
28178	24.8783504245858
28198	24.8783357141851
28210	24.8783297263741
28214	24.8783013934403
28218	24.8782668403413
28254	24.8782628459435
28274	24.8782342853192
28318	24.8782214291177
28330	24.8782142708405
28334	24.8782129513095
28350	24.8782010696040
28368	24.8781525697884
28398	24.8781332252655
28408	24.8781226813388
28410	24.8781191703734
28420	24.8780841556226
28438	24.8779662803538
28476	24.8779644912247
28478	24.8779239081091
28484	24.8779135687988
28490	24.8779092078616
28502	24.8778827541456
28514	24.877873341302
28516	24.8778669827473
28522	24.877859267114
28552	24.8777925468964
28566	24.8777392429751
28592	24.8777095443493
28614	24.8776466320581
28626	24.877644763084
28640	24.8776387810748
28646	24.8776300272981
28658	24.8775786376400
28660	24.8775414221439
28676	24.8775182468001
28684	24.8774841329164
28726	24.8774248396903
28750	24.8773800254875
28756	24.8773504011350
28768	24.8773400268976
28782	24.8772668603236
28794	24.8772480301404
28806	24.8772426067347
28828	24.877210277073
28870	24.8772081245174
28876	24.8771925280882
28880	24.8771852255355
28884	24.8771735028820
28886	24.8771376407993
28900	24.8771348606362
28916	24.8771326224410
28928	24.8771038830804
28940	24.8770633390911
28942	24.877061659094
28946	24.8770314324604
28950	24.8770216961758
28962	24.8769646169602
28978	24.8769203277259
29028	24.8769019307726
29044	24.8768835710331
29058	24.8768624474736
29062	24.876853927116
29074	24.8768381650948
29076	24.8767962648329
29092	24.8767957440023
29094	24.8767561894297
29108	24.8767422873629
29114	24.8767224468143
29136	24.8766856408345
29142	24.8766830031524
29150	24.8766314249137
29168	24.876631419203
29174	24.8765964019104
29200	24.8765765258146
29222	24.8765667160117
29228	24.8765516827775
29230	24.8765442365643
29234	24.876535682696
29240	24.876521938532
29244	24.8765119339967
29256	24.8765065596030
29266	24.8764966572875
29292	24.8764956813185
29298	24.8764897617189
29306	24.8764838410183
29320	24.8764835092931
29340	24.8764596962076
29366	24.8764449698493
29372	24.8764429556232
29380	24.8764154803642
29384	24.8764144917559
29402	24.8764103817556
29414	24.8764074922178
29424	24.8763820191585
29436	24.8763754450717
29444	24.8763727545036
29450	24.8763595253390
29466	24.8763562446299
29468	24.876335143587
29478	24.8763208042673
29488	24.87631031682
29528	24.8763001591431
29558	24.8762990406075
29562	24.876289964432
29574	24.8762840896920
29576	24.8762809775625
29578	24.8762693012085
29592	24.8762611945053
29620	24.8762475941589
29624	24.8762432684732
29658	24.876239724559
29682	24.8762379336059
29684	24.8762260316239
29698	24.8762233707101
29708	24.8762201857974
29710	24.8762172705652
29718	24.8762125808135
29742	24.8762098238702
29766	24.8761872836382
29774	24.8761811940390
29782	24.8761762103416
29808	24.8761656581312
29810	24.8761615214531
29824	24.8761581166214
29828	24.8761504915
29846	24.8761461016083
29856	24.8761416453873
29870	24.8761386975803
29886	24.8761339974276
29902	24.8761334542256
29908	24.8761311344698
29910	24.876128263731
29922	24.8761125624550
29926	24.8761117570514
29948	24.8761090388729
29958	24.8760938648926
29974	24.8760920167671
29980	24.8760906847451
29992	24.8760691937360
29996	24.8760684142686
29998	24.8760569618299
30008	24.8760513297243
30012	24.8760398814513
30020	24.8760367810751
30024	24.8760273831218
30032	24.8760213121837
30040	24.8760043872706
30048	24.8759982222199
30052	24.875992324836
30054	24.8759770019724
30060	24.8759591340465
30076	24.8759447254112
30082	24.8759372006636
30088	24.8759323539022
30090	24.8759126723275
30106	24.8758841800803
30112	24.8758718555767
30116	24.8758525629339
30128	24.8758473763487
30136	24.8758288071589
30144	24.8758108371724
30148	24.8757998454131
30156	24.8757988618395
30158	24.8757851696126
30160	24.8757709683177
30162	24.8757269614618
30176	24.8757190851255
30186	24.8756987812936
30196	24.8756940429515
30210	24.8756880222569
30216	24.8756876161828
30224	24.8756456010717
30226	24.8755337139676
30258	24.8755133370042
30276	24.8755125743506
30280	24.8754686451973
30288	24.8754533640390
30292	24.8754415441063
30314	24.8753985670018
30320	24.8753677558288
30332	24.8753660378632
30340	24.8753541252577
30346	24.8753151602378
30356	24.8753048952498
30362	24.8752898543145
30364	24.8752665823429
30370	24.8752527670314
30374	24.8752427560092
30388	24.8752393394786
30390	24.8752288844985
30402	24.8752234413356
30414	24.8752107736235
30418	24.8752065554691
30426	24.8751863589888
30466	24.8751859760538
30468	24.8751826362940
30478	24.8751698182791
30482	24.8751516330763
30506	24.8751489252070
30516	24.8751361330455
30536	24.8751346786419
30544	24.875124796988
30560	24.8751016763763
30574	24.8750955191541
30590	24.8750941968270
30594	24.8750845996800
30616	24.8750782429636
30620	24.8750707421967
30628	24.8750638686907
30648	24.8750558372065
30652	24.8750492557250
30668	24.8750192282613
30682	24.8749945077969
30696	24.8749803286340
30724	24.8749757912050
30726	24.8749737170992
30736	24.8749731275891
30742	24.874960564519
30756	24.8749518170349
30784	24.8749512649230
30802	24.8749438512387
30830	24.8749425162877
30836	24.8749367398911
30846	24.8749162765503
30852	24.8749060228173
30876	24.8748884090404
30892	24.8748791174748
30924	24.8748787006828
30978	24.8748718809871
30990	24.8748717691325
30996	24.8748635253457
31010	24.8748629146440
31012	24.8748583575615
31020	24.8748482306392
31048	24.8748435466115
31052	24.8748410694161
31054	24.8748386390886
31066	24.8748218785182
31084	24.8748203540379
31086	24.8748174799072
31102	24.8748070611485
31104	24.8748043024043
31122	24.8747965911474
31124	24.874782831989
31138	24.8747773160722
31152	24.8747645592327
31168	24.8747466355221
31170	24.8747257407569
31196	24.8747230017268
31200	24.8747170587199
31206	24.8747017521461
31214	24.8747015180739
31218	24.8746985678999
31222	24.8746845396392
31244	24.8746826008547
31246	24.8746794416619
31258	24.8746783653771
31262	24.8746666333159
31268	24.8746578273799
31282	24.8746500896226
31286	24.8746434613330
31306	24.8746393656849
31320	24.8746330425830
31330	24.8746267673453
31332	24.8746259105840
31342	24.8746140078937
31364	24.8746105332781
31368	24.8746088910693
31384	24.8746006626472
31410	24.8745979168261
31412	24.8745924439471
31448	24.8745880657669
31478	24.8745879405811
31480	24.8745846434722
31488	24.8745815725154
31490	24.874580742484
31492	24.8745746352244
31516	24.8745732458493
31530	24.8745701449722
31536	24.8745640027919
31540	24.8745637974002
31546	24.8745611956514
31562	24.8745550021914
31576	24.8745547785598
31590	24.8745494932955
31594	24.8745460160436
31614	24.8745459702736
31626	24.8745432744957
31628	24.8745383383511
31640	24.8745380132846
31656	24.8745378668697
31662	24.8745314639401
31664	24.8745297483688
31666	24.8745267710261
31672	24.8745178621537
31690	24.8745125951421
31724	24.8745114899732
31734	24.8745092854675
31742	24.8745073734885
31748	24.8745061452445
31762	24.8745047851375
31772	24.8744968789508
31796	24.8744944667103
31812	24.874493733836
31814	24.8744860999554
31822	24.8744783850493
31846	24.8744754179027
31848	24.8744710090592
31866	24.8744689510202
31872	24.8744686572926
31878	24.87446624232
31884	24.8744662239086
31888	24.8744611915741
31904	24.8744564721705
31906	24.8744541878045
31926	24.8744499699493
31938	24.8744472720960
31950	24.8744449796805
31964	24.8744446968954
31966	24.8744426849933
31974	24.8744421386886
31978	24.8744399466167
31994	24.8744365423377
32000	24.8744358548858
32034	24.8744341404918
32036	24.8744316720487
32040	24.8744217245752
32056	24.8744169116772
32084	24.8744147147502
32090	24.8744142009253
32098	24.8744123634454
32102	24.8744113646117
32110	24.874411296521
32134	24.8744110325968
32146	24.8744003265982
32160	24.8743992266687
32188	24.8743964864620
32196	24.8743921345342
32244	24.8743901252166
32246	24.8743860460757
32262	24.8743825789291
32264	24.8743825466150
32270	24.8743816975092
32272	24.8743807258259
32280	24.8743776038128
32294	24.8743743843465
32306	24.8743706571451
32316	24.8743676231936
32318	24.8743656775242
32326	24.8743578504854
32336	24.8743570341803
32360	24.8743553465699
32380	24.8743549037594
32384	24.8743525963005
32392	24.8743523929821
32394	24.8743473971009
32404	24.8743445543165
32408	24.8743440024619
32412	24.8743437865827
32416	24.8743326138302
32428	24.8743315377801
32440	24.8743307572439
32444	24.8743298655769
32450	24.8743264527149
32464	24.874325495409
32466	24.8743221023121
32468	24.8743210497319
32470	24.8743168635344
32472	24.8743143245533
32484	24.8743064045249
32522	24.8743041025692
32524	24.874300268787
32526	24.874293119643
32548	24.8742918363385
32550	24.8742862933598
32564	24.8742832757012
32576	24.8742809115438
32578	24.8742795696488
32582	24.8742709812381
32598	24.8742607938736
32636	24.8742607525443
32658	24.8742604645066
32660	24.8742557744623
32678	24.8742544895946
32692	24.8742490778323
32698	24.8742487532231
32704	24.8742455846723
32706	24.8742449871380
32714	24.8742447599154
32724	24.8742442850438
32732	24.8742439172770
32742	24.8742430437918
32752	24.8742343304464
32768	24.8742314048816
32806	24.8742278553782
32810	24.8742277052965
32830	24.8742272943859
32842	24.8742271257997
32848	24.8742240794914
32860	24.8742213986666
32888	24.8742198831624
32892	24.8742174003884
32900	24.8742156470475
32902	24.8742123382143
32918	24.8742093056598
32934	24.8742040220788
32940	24.8742034960805
32946	24.874200846196
32958	24.87419874351
32966	24.8741981600164
32972	24.8741976081227
33006	24.8741963162711
33008	24.8741913354851
33052	24.8741906026929
33060	24.8741891512313
33080	24.8741882134962
33086	24.8741840216119
33090	24.8741817459654
33116	24.8741769047674
33120	24.874175993279
33126	24.8741747418582
33136	24.8741734347550
33148	24.8741719599695
33174	24.8741708732527
33178	24.8741702550366
33202	24.8741688393520
33208	24.8741667081685
33210	24.874165762728
33230	24.8741619556091
33238	24.8741604684116
33250	24.8741597058050
33276	24.8741579860840
33308	24.8741572904417
33312	24.8741560865984
33324	24.8741556465092
33328	24.8741546515776
33330	24.8741541272600
33338	24.8741538183394
33344	24.8741499794105
33348	24.8741451521641
33390	24.8741421653488
33408	24.8741405769079
33414	24.8741405757634
33426	24.8741401510149
33430	24.8741399931167
33432	24.8741393248566
33434	24.8741376431359
33444	24.8741358908502
33450	24.8741355492458
33456	24.8741347608544
33466	24.8741302127632
33468	24.8741300216105
33472	24.8741246693499
33504	24.8741232122239
33518	24.8741197144812
33530	24.8741191368659
33542	24.8741189786262
33552	24.8741181044126
33562	24.8741161400295
33570	24.8741145788354
33576	24.8741126238159
33582	24.8741116573968
33584	24.8741103881712
33588	24.8741083872807
33590	24.8741035913430
33614	24.874102850763
33628	24.8741018533227
33642	24.8740974823583
33678	24.8740952136597
33700	24.8740947670301
33720	24.8740946724276
33724	24.8740945904479
33734	24.8740925628661
33766	24.8740911444871
33776	24.8740907191112
33796	24.8740880971148
33808	24.8740854285875
33834	24.8740826771416
33842	24.874080180902
33862	24.8740777326809
33866	24.8740749296494
33896	24.8740740159766
33906	24.8740706240305
33916	24.8740686682562
33936	24.8740667553968
33938	24.8740658944666
33944	24.8740653911606
33948	24.8740653463446
33950	24.8740641446820
33954	24.874064077305
33956	24.8740625006455
33972	24.8740614345348
33982	24.8740612204831
33984	24.8740605197645
33992	24.8740604326025
34024	24.8740590851323
34036	24.8740574383283
34040	24.8740573792462
34044	24.8740564360546
34052	24.8740563183517
34054	24.8740548904983
34072	24.8740541163758
34078	24.8740538305311
34080	24.8740536318357
34102	24.8740525161144
34104	24.8740523772694
34112	24.8740521886897
34128	24.8740517482795
34138	24.8740515186689
34140	24.8740502756167
34148	24.8740499679413
34152	24.8740497253367
34160	24.8740490351933
34166	24.8740483153228
34174	24.8740482982151
34188	24.8740477374337
34210	24.8740472024351
34222	24.8740468000296
34234	24.8740464301441
34244	24.8740463960288
34246	24.8740449847227
34260	24.8740447597735
34266	24.8740445782722
34268	24.8740440406461
34272	24.8740432709682
34282	24.8740428621342
34294	24.8740426946806
34296	24.87404254694
34308	24.8740419650718
34310	24.87404148639
34318	24.8740411302545
34348	24.8740411199685
34350	24.8740397298379
34366	24.8740396438239
34374	24.874039519316
34376	24.8740390734530
34380	24.8740385308996
34384	24.8740379434116
34394	24.874036958649
34410	24.8740367085133
34416	24.8740366566720
34430	24.8740366491660
34432	24.8740364851327
34434	24.8740360874064
34436	24.8740358075114
34438	24.8740353309184
34450	24.8740349961327
34456	24.8740340077819
34458	24.8740339002518
34462	24.8740335623191
34472	24.874032166946
34490	24.8740311295963
34506	24.8740311265352
34516	24.8740308794923
34520	24.8740305522688
34522	24.8740300653894
34544	24.8740294672465
34556	24.8740279181503
34558	24.8740260166228
34576	24.8740251887793
34610	24.874024547289
34618	24.8740244186103
34636	24.8740239983419
34638	24.8740232693598
34658	24.8740229687596
34662	24.8740228393594
34670	24.8740223010825
34686	24.8740222881662
34692	24.8740218953356
34700	24.8740214227692
34722	24.8740210437311
34730	24.874020555681
34776	24.8740194076274
34804	24.8740193037747
34826	24.8740192078137
34836	24.8740187993664
34838	24.8740187347534
34852	24.8740184006054
34866	24.8740177133618
34870	24.8740175515502
34886	24.8740170339395
34892	24.8740167347887
34896	24.8740161801171
34918	24.8740160128941
34926	24.8740147378590
34962	24.8740146252979
34974	24.8740139002189
34994	24.8740137262578
34996	24.8740136953378
34998	24.8740136917109
35000	24.8740133833498
35014	24.8740131190845
35016	24.874012939144
35018	24.8740129089881
35032	24.8740121904938
35054	24.8740115889074
35080	24.8740107465831
35098	24.8740104371724
35128	24.8740102310268
35148	24.874010080493
35158	24.8740098249684
35166	24.8740097587474
35168	24.8740097523719
35174	24.8740095304936
35178	24.874009520801
35200	24.8740094428129
35214	24.8740091918294
35228	24.8740091867980
35230	24.8740085860477
35232	24.8740085138594
35236	24.8740085016197
35238	24.8740083717332
35240	24.8740081466658
35244	24.8740076185197
35246	24.8740073993024
35264	24.8740072512030
35270	24.8740069895515
35276	24.8740058031582
35306	24.8740053944764
35312	24.874005318449
35322	24.8740048559016
35330	24.8740040578210
35340	24.8740037231159
35376	24.8740034288723
35384	24.8740031391499
35406	24.8740030355908
35420	24.8740028045027
35424	24.8740027815510
35452	24.8740021636256
35466	24.8740015169624
35468	24.8740014706946
35470	24.8740012317538
35484	24.8740011556847
35510	24.8740008431569
35520	24.8740003912808
35530	24.8740001425484
35540	24.8739998913618
35548	24.8739997237368
35574	24.8739995123587
35582	24.8739992358519
35584	24.8739991244113
35604	24.8739986907573
35622	24.8739980634591
35656	24.8739979573759
35678	24.8739979168056
35684	24.8739978021798
35686	24.873997788474
35692	24.8739975071296
35696	24.8739974835464
35720	24.8739974574187
35730	24.8739974414945
35734	24.873997317018
35748	24.8739967243751
35758	24.8739964140770
35760	24.8739959857272
35768	24.873995621703
35784	24.8739954751448
35786	24.8739953967722
35798	24.8739953775496
35800	24.8739950796420
35808	24.8739950586658
35832	24.8739950488379
35846	24.8739946408849
35852	24.8739944406863
35860	24.8739942830720
35866	24.8739942616446
35870	24.8739936750807
35902	24.8739936616915
35906	24.8739934561565
35910	24.8739931360189
35946	24.8739929361769
35964	24.8739928468524
35976	24.8739921033505
35984	24.8739918182289
36036	24.8739915303595
36060	24.8739914629392
36100	24.8739914375578
36116	24.8739911754528
36138	24.8739911508812
36144	24.8739910827795
36150	24.8739910708224
36168	24.8739910290427
36170	24.8739909379656
36176	24.8739908124603
36228	24.8739906960521
36232	24.8739905221739
36234	24.8739903478129
36264	24.8739900385912
36276	24.8739898535364
36314	24.8739898499366
36316	24.8739898033602
36320	24.8739897810464
36328	24.8739896983443
36342	24.8739894777753
36356	24.8739894165213
36366	24.8739893105128
36372	24.8739890840594
36402	24.8739889091243
36422	24.8739887162732
36434	24.8739882811419
36444	24.8739881953926
36484	24.8739881014148
36490	24.8739880282025
36492	24.8739879770463
36498	24.8739879543478
36514	24.8739877691664
36524	24.873987751099
36526	24.8739877032554
36530	24.8739875787701
36546	24.8739871427992
36560	24.8739869596143
36562	24.8739869069777
36568	24.8739868217785
36578	24.8739865695735
36594	24.8739865453537
36598	24.8739864214782
36600	24.8739863289991
36612	24.8739863129480
36620	24.8739863099663
36622	24.8739860704539
36630	24.8739859708644
36642	24.8739857490199
36660	24.8739856487037
36684	24.8739855057562
36690	24.8739854726437
36694	24.8739853570893
36704	24.8739853497739
36720	24.8739853146615
36736	24.873985166362
36752	24.8739850905464
36758	24.8739849424899
36772	24.8739848652090
36782	24.8739846621984
36808	24.873984515393
36844	24.8739843994907
36848	24.8739842976652
36878	24.8739842611474
36890	24.8739842387488
36896	24.8739842192736
36910	24.8739841268741
36920	24.8739840905766
36926	24.8739840176989
36944	24.8739840043248
36946	24.8739839394762
36954	24.8739839374118
36958	24.8739839075986
36962	24.8739838623692
36968	24.8739838311752
36974	24.8739838144377
36994	24.8739836345959
37006	24.8739835569267
37014	24.8739834465718
37016	24.8739834357200
37046	24.8739834328667
37054	24.8739833719616
37062	24.8739832078332
37064	24.8739831237752
37082	24.8739830491713
37096	24.8739829305679
37120	24.8739828832707
37146	24.8739826050708
37178	24.8739825667641
37186	24.873982409092
37194	24.8739822611304
37202	24.8739822004437
37208	24.8739819482032
37238	24.8739819215344
37244	24.8739817998602
37278	24.8739817357655
37284	24.8739817246921
37296	24.8739814357566
37298	24.8739813306227
37300	24.8739811307122
37302	24.8739809668687
37330	24.8739808942221
37336	24.8739807923371
37342	24.8739805949719
37354	24.8739805390073
37364	24.87398042813
37366	24.8739801005098
37384	24.8739799509486
37400	24.8739798494624
37414	24.8739795128008
37418	24.8739794999322
37440	24.8739794841316
37450	24.8739794583964
37464	24.8739793526017
37468	24.873979303826
37496	24.8739791046599
37498	24.8739790817144
37512	24.8739788879617
37520	24.8739788650742
37528	24.8739786383227
37540	24.8739784488250
37568	24.8739783873019
37576	24.8739782170914
37580	24.8739780065877
37582	24.8739779615687
37600	24.8739778872239
37624	24.8739775818322
37660	24.8739775140003
37700	24.8739773359213
37728	24.8739772583531
37758	24.8739771351319
37764	24.8739768671624
37798	24.8739768460634
37812	24.8739767508739
37824	24.8739766488729
37834	24.8739766373759
37860	24.8739765959266
37864	24.8739763714053
37876	24.873976338575
37894	24.8739762541703
37898	24.8739762398055
37900	24.8739761548021
37932	24.8739761017595
37942	24.8739760324185
37952	24.8739759668552
37964	24.873975774272
37968	24.8739757034698
37970	24.8739755472079
37974	24.8739753436643
37984	24.87397479334
38018	24.8739745955089
38060	24.8739743496668
38070	24.8739743236116
38078	24.8739743211995
38084	24.8739741406087
38108	24.873974120469
38120	24.8739737847965
38132	24.8739737507321
38144	24.8739737290614
38146	24.8739736543413
38158	24.8739731800371
38166	24.8739730837446
38180	24.8739730466397
38182	24.8739729896862
38200	24.8739728794543
38218	24.8739727293344
38228	24.8739726168069
38230	24.8739726001258
38260	24.8739725606934
38264	24.8739724543418
38304	24.8739723996108
38314	24.8739723488348
38332	24.8739723104185
38338	24.8739721877786
38356	24.8739721612792
38360	24.8739720594766
38380	24.8739720499527
38394	24.8739719978385
38398	24.8739719715187
38408	24.8739718571518
38416	24.873971817474
38430	24.8739717897088
38450	24.8739715853067
38476	24.8739715656854
38484	24.8739715474791
38498	24.8739713700723
38524	24.8739713654259
38526	24.873971309049
38536	24.8739712836480
38546	24.8739712539599
38552	24.8739712505193
38554	24.8739711912084
38576	24.8739711367707
38602	24.8739711311321
38612	24.8739709825686
38642	24.8739708939193
38650	24.8739708510444
38666	24.8739707994344
38674	24.8739707082615
38692	24.8739705958779
38694	24.8739705788439
38700	24.8739704410462
38708	24.8739703674447
38724	24.8739703501082
38726	24.8739703328671
38730	24.873970299478
38738	24.8739702823796
38746	24.8739701661706
38762	24.8739701299766
38770	24.8739700762184
38784	24.8739700636613
38790	24.8739699496078
38808	24.8739698958655
38814	24.8739697388491
38838	24.8739697159982
38840	24.8739697033261
38842	24.8739696007919
38844	24.8739695940784
38854	24.8739694186918
38856	24.8739693645244
38868	24.8739692199106
38878	24.8739691700867
38886	24.8739691415551
38896	24.8739691409745
38902	24.8739690713572
38916	24.8739689779516
38922	24.8739688158098
38938	24.8739687911625
38940	24.8739686921635
38954	24.873968510841
38964	24.8739682745992
38984	24.8739681722784
39006	24.8739681251137
39020	24.8739680348772
39030	24.8739680054901
39040	24.873967856831
39062	24.8739676876108
39076	24.8739676718439
39102	24.8739675377231
39130	24.8739674739408
39132	24.8739674354489
39136	24.8739673829218
39182	24.8739673382923
39214	24.8739672437474
39230	24.8739672386534
39236	24.8739672363157
39260	24.8739670574958
39264	24.8739669757283
39276	24.8739669648672
39278	24.8739668912001
39296	24.8739668026710
39300	24.8739667335525
39304	24.8739665819708
39314	24.8739664594012
39316	24.8739663453100
39326	24.8739662931510
39328	24.8739662888136
39358	24.8739662055117
39372	24.8739661923908
39378	24.8739661918061
39382	24.8739661532412
39386	24.8739661297165
39402	24.8739661047228
39414	24.8739660585962
39416	24.8739659040261
39420	24.8739657055331
39442	24.8739657052407
39448	24.8739655999124
39450	24.8739655665924
39458	24.8739654278606
39472	24.8739653465855
39484	24.8739653242565
39490	24.8739652466154
39494	24.873965229273
39506	24.8739651536340
39522	24.873965105056
39532	24.873965017028
39534	24.8739650060182
39542	24.8739649721592
39548	24.8739649181088
39554	24.8739647044867
39568	24.8739646472417
39576	24.8739645355145
39616	24.8739645184090
39620	24.8739645138965
39634	24.8739644679531
39640	24.8739644514769
39666	24.8739643823848
39682	24.8739643771826
39684	24.8739643722267
39694	24.8739643319232
39716	24.8739643073238
39726	24.8739642492552
39754	24.8739641805222
39756	24.8739641564114
39770	24.8739641387669
39786	24.8739641253236
39794	24.8739639513211
39826	24.8739639368325
39836	24.8739638911003
39842	24.8739638420839
39880	24.8739638205398
39888	24.8739637307039
39898	24.8739636866623
39924	24.8739636777521
39928	24.8739635333915
39956	24.8739634558025
39958	24.8739634173208
39992	24.8739634132823
39994	24.8739633732159
40000	24.8739633725296
40008	24.8739632872107
40010	24.8739632168404
40030	24.8739632145136
40054	24.8739631964266
40058	24.8739631527746
40060	24.8739631512061
40074	24.8739631239471
40076	24.8739631119064
40092	24.8739630756126
40112	24.8739630690839
40118	24.8739630244945
40154	24.8739630201981
40172	24.8739629987567
40176	24.8739629913728
40178	24.8739629681517
40188	24.8739629659163
40224	24.8739629625087
40232	24.8739629582404
40244	24.8739629045776
40276	24.8739628904620
40300	24.8739628883117
40304	24.8739628644895
40312	24.8739628541105
40320	24.8739628503041
40322	24.8739628175809
40352	24.8739628017334
40372	24.8739627836818
40392	24.8739627823756
40398	24.8739627666723
40402	24.8739627638095
40406	24.8739627456904
40422	24.8739627380421
40430	24.8739627307128
40436	24.873962723244
40442	24.8739627064253
40450	24.873962691148
40452	24.8739626897902
40454	24.8739626811248
40464	24.8739626543611
40472	24.8739626540021
40488	24.8739626311735
40492	24.8739625914316
40554	24.8739625743802
40586	24.873962572689
40590	24.8739625523404
40614	24.8739625439400
40626	24.8739625367715
40638	24.8739625243768
40644	24.8739625202694
40646	24.8739625096641
40690	24.8739625024447
40694	24.8739625021648
40700	24.8739624927752
40712	24.8739624914587
40720	24.873962473947
40722	24.87396245938
40730	24.8739624591895
40732	24.8739624561189
40756	24.8739624445257
40782	24.8739624402679
40790	24.8739624306326
40826	24.8739624190457
40864	24.8739624149520
40872	24.8739624079153
40874	24.8739623942462
40894	24.8739623929249
40896	24.8739623798253
40910	24.8739623495598
40916	24.8739623376164
40932	24.8739623286188
40936	24.8739623143934
40942	24.8739623050940
40948	24.8739622931975
40968	24.8739622636718
40984	24.8739622500155
40998	24.8739622490685
41010	24.8739622387737
41022	24.8739622061867
41050	24.8739622035756
41062	24.8739621806632
41086	24.8739621718142
41088	24.8739621570897
41112	24.8739621450114
41126	24.8739621440208
41130	24.87396212992
41144	24.8739621172528
41160	24.8739621127730
41168	24.8739621070594
41176	24.8739620917655
41182	24.8739620786671
41202	24.8739620551135
41236	24.8739620458440
41246	24.8739620431281
41256	24.8739620228937
41298	24.8739620167597
41314	24.8739620072499
41334	24.8739620064291
41342	24.8739620060787
41344	24.8739620014695
41352	24.8739619987773
41358	24.8739619980057
41386	24.8739619959461
41398	24.8739619908687
41412	24.8739619887562
41420	24.8739619875626
41448	24.8739619873426
41476	24.8739619849433
41486	24.8739619840148
41496	24.8739619836223
41524	24.8739619817047
41530	24.8739619746892
41556	24.8739619732769
41574	24.8739619711039
41578	24.8739619681884
41598	24.8739619664013
41610	24.8739619661955
41618	24.8739619643309
41628	24.8739619638000
41632	24.8739619632945
41638	24.8739619629235
41644	24.8739619615826
41646	24.8739619611619
41652	24.8739619597617
41672	24.8739619565429
41692	24.8739619542596
41696	24.8739619519273
41734	24.8739619517098
41750	24.8739619491630
41758	24.8739619479349
41772	24.873961946527
41774	24.8739619460155
41782	24.8739619399469
41794	24.8739619393257
41804	24.8739619375706
41822	24.8739619365904
41840	24.8739619311782
41842	24.8739619291465
41848	24.8739619275214
41850	24.8739619255638
41856	24.8739619201246
41870	24.8739619171512
41872	24.873961915424
41876	24.8739619125485
41884	24.8739619108127
41886	24.8739619029474
41916	24.8739618915752
41928	24.8739618881459
41934	24.8739618799808
41944	24.8739618766547
41946	24.8739618716800
41976	24.8739618704777
42006	24.8739618606985
42026	24.8739618566261
42070	24.8739618556279
42076	24.8739618510322
42112	24.8739618473873
42132	24.8739618452090
42142	24.8739618403285
42144	24.8739618320953
42164	24.8739618299072
42168	24.8739618266977
42172	24.8739618249530
42180	24.8739618237524
42206	24.8739618237119
42214	24.8739618233067
42216	24.8739618206537
42220	24.8739618197710
42230	24.8739618159119
42248	24.8739618145031
42262	24.8739618107270
42280	24.8739618101718
42282	24.8739618096994
42294	24.8739618078537
42300	24.8739618039738
42326	24.8739618023208
42336	24.8739618015624
42344	24.8739618002078
42346	24.8739617984892
42354	24.8739617984016
42356	24.8739617979411
42358	24.8739617954153
42374	24.8739617951149
42384	24.8739617945157
42392	24.873961792585
42414	24.8739617892427
42442	24.8739617882751
42450	24.8739617881597
42470	24.8739617860925
42486	24.8739617856901
42488	24.873961783765
42492	24.8739617836749
42508	24.8739617822837
42518	24.8739617817604
42540	24.8739617796563
42542	24.8739617795657
42544	24.8739617790979
42560	24.8739617790729
42568	24.8739617780841
42582	24.8739617768075
42586	24.8739617765713
42588	24.8739617752938
42610	24.8739617731477
42632	24.8739617720557
42642	24.8739617711429
42644	24.8739617700918
42648	24.8739617700458
42656	24.8739617698352
42658	24.8739617682174
42680	24.8739617672835
42716	24.8739617669832
42718	24.8739617658091
42724	24.8739617649121
42730	24.8739617644417
42772	24.8739617636592
42778	24.8739617627476
42822	24.8739617621434
42834	24.8739617615494
42838	24.8739617615267
42844	24.8739617607425
42848	24.8739617605751
42854	24.8739617605035
42858	24.8739617585462
42876	24.8739617583231
42878	24.8739617552771
42886	24.8739617550028
42906	24.8739617549877
42918	24.8739617516598
42922	24.8739617502098
42926	24.8739617500722
42940	24.8739617493482
42946	24.8739617478114
42966	24.8739617463737
42982	24.8739617411604
42996	24.8739617409961
43000	24.8739617405759
43018	24.8739617397694
43022	24.8739617378386
43038	24.8739617374013
43044	24.8739617367277
43054	24.87396173587
43056	24.8739617319806
43064	24.8739617292812
43078	24.8739617282211
43084	24.8739617264815
43092	24.8739617250013
43094	24.8739617179452
43134	24.8739617140207
43146	24.8739617139236
43156	24.8739617083283
43166	24.8739617080555
43168	24.8739617076834
43178	24.8739617071411
43180	24.8739617070471
43194	24.8739617023106
43196	24.8739616983049
43198	24.8739616981781
43210	24.8739616973237
43220	24.8739616944393
43242	24.8739616879824
43260	24.8739616868089
43286	24.8739616830301
43288	24.8739616746908
43308	24.8739616678366
43334	24.8739616651251
43338	24.8739616622595
43342	24.8739616594242
43352	24.8739616588275
43356	24.8739616581271
43360	24.8739616568493
43366	24.8739616560275
43392	24.8739616539947
43406	24.8739616489700
43426	24.8739616461664
43434	24.8739616448152
43444	24.8739616445687
43446	24.873961643358
43450	24.8739616335113
43456	24.8739616306461
43460	24.8739616281947
43468	24.8739616276437
43488	24.8739616253450
43494	24.8739616230899
43496	24.8739616227912
43514	24.8739616168382
43524	24.8739616136168
43548	24.8739616111567
43566	24.8739616102907
43576	24.8739616079364
43590	24.8739616054612
43610	24.8739616041168
43618	24.8739616022506
43624	24.873961595333
43632	24.8739615944001
43656	24.8739615918957
43658	24.8739615907254
43668	24.8739615894460
43676	24.8739615819801
43698	24.8739615818822
43708	24.8739615748572
43730	24.8739615679982
43762	24.8739615676945
43766	24.8739615675187
43768	24.8739615620037
43786	24.8739615594335
43802	24.8739615570094
43828	24.8739615564360
43830	24.8739615547449
43832	24.8739615542171
43842	24.8739615528844
43844	24.8739615479066
43850	24.8739615433072
43870	24.87396153889
43882	24.8739615378083
43884	24.8739615359395
43886	24.8739615321930
43906	24.8739615292832
43934	24.8739615265721
43950	24.8739615259899
43954	24.8739615250584
43956	24.8739615241821
43958	24.8739615221411
43960	24.8739615201031
43966	24.8739615183756
43976	24.8739615175469
43984	24.8739615128916
44018	24.8739615125191
44042	24.8739615112241
44054	24.8739615070264
44088	24.8739615063229
44094	24.8739615043689
44102	24.8739615035623
44110	24.8739614974730
44122	24.8739614959321
44128	24.8739614957581
44136	24.8739614935606
44164	24.8739614860295
44174	24.8739614848834
44184	24.8739614831336
44186	24.8739614783211
44214	24.8739614782518
44216	24.8739614760114
44218	24.8739614735424
44234	24.8739614717364
44254	24.8739614708856
44268	24.8739614681714
44276	24.8739614655387
44292	24.8739614619857
44294	24.8739614610081
44300	24.8739614608869
44316	24.8739614558925
44342	24.8739614542172
44344	24.8739614522393
44352	24.8739614502212
44378	24.8739614498998
44388	24.8739614491199
44394	24.8739614465243
44410	24.8739614446273
44424	24.8739614427679
44454	24.8739614423372
44468	24.8739614416373
44472	24.8739614411408
44474	24.8739614391373
44478	24.8739614388762
44488	24.8739614382459
44502	24.8739614378612
44510	24.8739614373562
44520	24.8739614360117
44542	24.8739614330965
44548	24.8739614319508
44554	24.8739614295801
44566	24.8739614268534
44582	24.8739614254700
44600	24.8739614248646
44614	24.8739614233157
44628	24.8739614231764
44640	24.8739614208421
44648	24.8739614207874
44654	24.8739614186377
44668	24.8739614173569
44684	24.8739614164887
44688	24.8739614153451
44700	24.8739614138147
44702	24.873961413394
44704	24.8739614068210
44722	24.8739614039761
44728	24.8739614030216
44738	24.8739614011617
44748	24.8739613960894
44768	24.8739613952408
44786	24.8739613937499
44790	24.8739613930225
44812	24.8739613903474
44832	24.8739613892288
44858	24.8739613892234
44870	24.8739613862052
44908	24.8739613842913
44942	24.8739613842744
44952	24.8739613838168
44954	24.873961383713
44972	24.8739613828957
45008	24.8739613809674
45016	24.8739613773159
45038	24.8739613766173
45052	24.8739613754686
45062	24.873961374181
45066	24.8739613739446
45084	24.8739613738660
45092	24.8739613736578
45096	24.873961372589
45122	24.8739613711218
45128	24.8739613704501
45154	24.8739613701898
45160	24.8739613694563
45172	24.8739613671376
45202	24.8739613666637
45208	24.8739613664142
45226	24.8739613654834
45232	24.8739613650937
45268	24.8739613648592
45280	24.8739613648537
45282	24.8739613636154
45296	24.8739613631908
45312	24.8739613625815
45338	24.8739613623592
45360	24.8739613622831
45366	24.8739613622438
45368	24.8739613617326
45392	24.8739613613517
45396	24.8739613611143
45412	24.8739613605495
45418	24.8739613600153
45432	24.8739613593354
45464	24.873961358979
45474	24.8739613589527
45482	24.8739613588969
45494	24.8739613576026
45498	24.8739613564680
45546	24.8739613557477
45574	24.8739613556334
45576	24.8739613547800
45602	24.8739613539443
45612	24.8739613525632
45616	24.8739613519158
45636	24.8739613517314
45646	24.8739613515431
45656	24.8739613508000
45668	24.8739613505678
45672	24.8739613501075
45692	24.8739613489109
45718	24.8739613487827
45726	24.8739613484449
45736	24.8739613481091
45742	24.8739613473803
45772	24.8739613469093
45778	24.8739613464001
45782	24.8739613463316
45790	24.8739613461038
45802	24.8739613456688
45810	24.8739613455193
45816	24.8739613453978
45818	24.8739613440542
45828	24.8739613433904
45830	24.8739613428726
45844	24.873961342659
45858	24.8739613422985
45866	24.8739613409688
45876	24.8739613406462
45904	24.8739613403988
45914	24.8739613399580
45918	24.8739613395546
45924	24.8739613393363
45952	24.8739613390736
45958	24.8739613384135
45970	24.8739613378658
45988	24.8739613377399
46028	24.8739613375477
46036	24.8739613373829
46038	24.8739613366094
46076	24.8739613365141
46104	24.873961336168
46140	24.8739613359394
46154	24.8739613356697
46156	24.8739613356034
46162	24.8739613355697
46164	24.8739613351261
46170	24.8739613351118
46178	24.8739613350201
46180	24.8739613348353
46190	24.873961334825
46194	24.8739613340593
46200	24.8739613337830
46210	24.8739613334118
46224	24.8739613333603
46248	24.873961332868
46262	24.8739613328483
46268	24.8739613327603
46286	24.8739613326739
46290	24.8739613324105
46300	24.8739613321438
46302	24.8739613321372
46340	24.8739613319449
46364	24.8739613318109
46372	24.8739613317462
46374	24.8739613316953
46384	24.8739613315238
46416	24.8739613314175
46420	24.8739613314157
46422	24.873961331287
46434	24.8739613310301
46464	24.8739613303058
46504	24.8739613301375
46506	24.8739613300205
46516	24.8739613298848
46520	24.8739613296082
46528	24.8739613295896
46534	24.8739613295161
46536	24.8739613292365
46540	24.8739613287563
46558	24.8739613276859
46596	24.873961326958
46610	24.8739613268116
46638	24.8739613267706
46646	24.8739613266495
46648	24.8739613262776
46670	24.8739613257936
46684	24.8739613253918
46696	24.8739613252894
46698	24.8739613252365
46700	24.8739613250695
46708	24.8739613247968
46714	24.8739613246582
46728	24.8739613245795
46740	24.8739613244587
46746	24.8739613242402
46772	24.8739613242106
46774	24.8739613240280
46780	24.8739613238919
46782	24.8739613236062
46784	24.8739613231942
46816	24.8739613231061
46828	24.8739613228041
46850	24.8739613226920
46858	24.8739613226365
46872	24.8739613224091
46880	24.8739613223019
46904	24.8739613219121
46930	24.8739613218518
46948	24.8739613217414
46950	24.8739613217207
46954	24.8739613216538
46976	24.8739613216213
46978	24.8739613214791
46992	24.8739613214592
47000	24.8739613213922
47012	24.8739613213058
47026	24.8739613212927
47040	24.8739613212646
47052	24.8739613212326
47058	24.8739613211596
47066	24.8739613211439
47086	24.8739613210148
47096	24.8739613209618
47116	24.8739613209434
47118	24.8739613208807
47122	24.8739613208414
47130	24.8739613208197
47134	24.8739613207609
47148	24.8739613206027
47154	24.8739613205194
47162	24.8739613203893
47164	24.8739613200824
47176	24.873961319978
47178	24.8739613198531
47222	24.8739613197245
47242	24.8739613196865
47266	24.8739613196264
47268	24.8739613196141
47270	24.8739613192996
47300	24.8739613192181
47318	24.8739613190448
47332	24.8739613190433
47338	24.8739613187319
47358	24.8739613187024
47364	24.8739613186598
47390	24.8739613184699
47414	24.8739613184243
47452	24.8739613182757
47460	24.8739613182356
47468	24.873961318232
47472	24.8739613181519
47484	24.8739613180892
47490	24.8739613180712
47506	24.8739613180044
47518	24.873961317899
47582	24.8739613178763
47584	24.8739613178562
47590	24.8739613177703
47610	24.8739613177527
47634	24.8739613175907
47648	24.8739613175331
47660	24.8739613175269
47664	24.8739613175039
47674	24.8739613174675
47682	24.8739613174365
47698	24.8739613173821
47710	24.8739613173599
47726	24.8739613173352
47746	24.8739613173057
47760	24.8739613173045
47762	24.8739613172777
47770	24.873961317269
47786	24.8739613172526
47796	24.8739613171829
47798	24.8739613171739
47842	24.8739613171677
47864	24.8739613171547
47872	24.8739613171444
47876	24.8739613171347
47882	24.8739613171235
47886	24.8739613170883
47922	24.8739613170830
47936	24.8739613170558
47950	24.8739613170481
47960	24.8739613170469
47972	24.8739613170158
47986	24.8739613169907
48014	24.8739613169849
48030	24.8739613169541
48036	24.8739613169363
48040	24.8739613169248
48046	24.8739613169071
48064	24.8739613169035
48066	24.8739613168989
48070	24.8739613168751
48088	24.8739613168453
48098	24.8739613168404
48100	24.8739613168250
48104	24.8739613168245
48106	24.8739613168150
48114	24.8739613168122
48116	24.8739613167914
48130	24.8739613166849
48152	24.8739613166132
48162	24.8739613165747
48172	24.8739613165337
48192	24.8739613164980
48218	24.8739613164588
48252	24.8739613164268
48262	24.8739613164169
48276	24.8739613163928
48286	24.8739613163651
48296	24.8739613163428
48308	24.8739613163234
48322	24.8739613162993
48326	24.8739613162818
48338	24.8739613162119
48356	24.8739613162057
48374	24.8739613161784
48378	24.8739613161483
48386	24.8739613160900
48406	24.8739613160727
48422	24.8739613160061
48430	24.8739613159311
48440	24.8739613158976
48442	24.8739613158226
48460	24.8739613158223
48462	24.8739613157829
48486	24.8739613157660
48504	24.8739613155917
48514	24.8739613155742
48528	24.8739613155670
48532	24.8739613155340
48534	24.8739613154689
48542	24.8739613154649
48576	24.8739613153725
48606	24.8739613153705
48620	24.8739613153486
48626	24.8739613153398
48638	24.8739613153387
48664	24.8739613153356
48674	24.8739613153327
48682	24.8739613153154
48684	24.8739613153079
48692	24.8739613153058
48702	24.8739613153026
48720	24.8739613152699
48754	24.8739613152583
48758	24.8739613152445
48774	24.8739613152352
48780	24.8739613152059
48784	24.8739613151991
48804	24.8739613151904
48810	24.8739613151715
48820	24.8739613151605
48842	24.8739613151566
48866	24.8739613151272
48882	24.8739613150957
48912	24.8739613150882
48928	24.8739613150814
48934	24.8739613150728
48942	24.8739613150632
48944	24.8739613150395
48946	24.8739613150281
48954	24.8739613150055
48960	24.873961314996
48970	24.8739613149916
48980	24.8739613149424
49002	24.8739613149391
49006	24.8739613149368
49012	24.8739613149361
49042	24.8739613149325
49054	24.8739613149280
49058	24.8739613149138
49074	24.8739613149061
49108	24.8739613149059
49116	24.8739613149024
49128	24.8739613148931
49142	24.8739613148854
49148	24.873961314884
49156	24.8739613148709
49174	24.8739613148706
49176	24.8739613148704
49180	24.8739613148689
49200	24.8739613148661
49210	24.8739613148508
49228	24.8739613148444
49238	24.8739613148369
49248	24.8739613148303
49258	24.8739613148283
49262	24.8739613148136
49264	24.8739613148064
49280	24.8739613148021
49290	24.8739613148004
49298	24.8739613147915
49312	24.8739613147865
49346	24.8739613147817
49360	24.8739613147789
49366	24.8739613147666
49390	24.8739613147518
49408	24.8739613147428
49420	24.8739613147317
49436	24.8739613147277
49446	24.8739613147219
49458	24.8739613147196
49464	24.8739613147088
49468	24.8739613146958
49480	24.8739613146936
49490	24.8739613146836
49506	24.8739613146828
49508	24.8739613146788
49518	24.8739613146725
49528	24.8739613146710
49532	24.8739613146643
49542	24.8739613146636
49550	24.8739613146541
49552	24.8739613146500
49566	24.8739613146473
49572	24.8739613146458
49592	24.8739613146308
49602	24.8739613146302
49614	24.8739613146289
49616	24.8739613146281
49618	24.8739613146226
49626	24.8739613146223
49648	24.8739613146208
49662	24.8739613146197
49664	24.8739613146084
49676	24.873961314603
49692	24.8739613145958
49722	24.8739613145885
49724	24.8739613145842
49730	24.8739613145766
49764	24.8739613145638
49766	24.8739613145577
49782	24.8739613145471
49806	24.8739613145452
49828	24.8739613145426
49834	24.8739613145367
49836	24.8739613145356
49846	24.8739613145308
49848	24.8739613145306
49850	24.8739613145254
49870	24.8739613145188
49880	24.8739613145148
49884	24.8739613145125
49892	24.8739613145055
49908	24.8739613145023
49910	24.8739613144978
49926	24.8739613144846
49930	24.8739613144806
49934	24.8739613144755
49942	24.8739613144730
49954	24.8739613144718
50006	24.8739613144454
50040	24.8739613144425
50042	24.8739613144328
50070	24.8739613144314
50080	24.8739613144258
50084	24.8739613144109
50094	24.8739613144001
50140	24.8739613143980
50150	24.8739613143922
50170	24.8739613143898
50172	24.8739613143824
50180	24.8739613143633
50184	24.873961314363
50190	24.8739613143512
50226	24.8739613143357
50238	24.8739613143340
50252	24.8739613143298
50272	24.8739613143116
50284	24.8739613143061
50296	24.8739613143060
50298	24.8739613143047
50338	24.8739613142948
50376	24.873961314289
50378	24.8739613142885
50386	24.8739613142860
50388	24.8739613142828
50396	24.8739613142824
50408	24.8739613142817
50414	24.8739613142769
50428	24.8739613142638
50434	24.8739613142602
50446	24.8739613142530
50458	24.8739613142433
50482	24.8739613142425
50486	24.8739613142324
50496	24.8739613142192
50500	24.8739613142183
50516	24.8739613142129
50524	24.8739613142102
50540	24.8739613142080
50568	24.8739613142075
50584	24.8739613142051
50602	24.8739613142034
50606	24.8739613142031
50616	24.8739613142018
50620	24.8739613141989
50626	24.8739613141986
50632	24.8739613141972
50640	24.8739613141965
50648	24.8739613141954
50652	24.8739613141946
50666	24.8739613141910
50680	24.8739613141888
50690	24.8739613141886
50692	24.8739613141834
50712	24.8739613141823
50732	24.8739613141801
50738	24.8739613141795
50760	24.8739613141742
50780	24.8739613141728
50804	24.8739613141699
50828	24.8739613141692
50836	24.8739613141677
50840	24.8739613141672
50852	24.8739613141665
50854	24.8739613141640
50860	24.8739613141594
50868	24.8739613141588
50872	24.8739613141575
50886	24.8739613141572
50888	24.8739613141559
50908	24.8739613141487
50920	24.8739613141469
50928	24.8739613141446
50960	24.8739613141444
50962	24.8739613141388
50982	24.8739613141364
50990	24.8739613141313
51002	24.8739613141283
51006	24.8739613141274
51022	24.8739613141251
51034	24.8739613141250
51060	24.8739613141242
51066	24.8739613141215
51074	24.8739613141191
51088	24.8739613141168
51104	24.8739613141167
51108	24.8739613141163
51112	24.8739613141127
51130	24.8739613141106
51150	24.8739613141106
51172	24.8739613141077
51202	24.8739613141069
51204	24.8739613141067
51212	24.8739613141047
51224	24.8739613141036
51266	24.8739613141032
51268	24.8739613141
51322	24.8739613141
51324	24.8739613140968
51346	24.8739613140967
51350	24.8739613140957
51366	24.8739613140917
51396	24.8739613140887
51412	24.8739613140879
51434	24.8739613140856
51436	24.8739613140853
51444	24.8739613140828
51454	24.8739613140820
51478	24.8739613140818
51484	24.8739613140818
51502	24.873961314081
51518	24.8739613140802
51540	24.8739613140789
51548	24.8739613140781
51562	24.8739613140766
51570	24.8739613140761
51578	24.8739613140757
51592	24.8739613140745
51612	24.8739613140738
51624	24.8739613140728
51626	24.8739613140675
51634	24.8739613140656
51648	24.8739613140618
51654	24.8739613140597
51660	24.8739613140571
51676	24.8739613140566
51690	24.8739613140552
51692	24.8739613140507
51716	24.873961314046
51728	24.8739613140448
51736	24.8739613140442
51738	24.8739613140435
51740	24.8739613140419
51752	24.8739613140414
51762	24.8739613140398
51780	24.8739613140387
51790	24.8739613140381
51792	24.8739613140360
51804	24.8739613140353
51812	24.8739613140342
51832	24.8739613140332
51844	24.8739613140329
51858	24.8739613140306
51892	24.8739613140293
51924	24.8739613140287
51940	24.8739613140283
51952	24.8739613140279
51954	24.8739613140276
51964	24.8739613140267
51980	24.8739613140253
51990	24.8739613140251
51992	24.8739613140248
52000	24.8739613140245
52004	24.8739613140231
52008	24.8739613140215
52024	24.8739613140203
52046	24.8739613140187
52068	24.8739613140176
52076	24.8739613140167
52078	24.873961314016
52098	24.8739613140155
52102	24.8739613140147
52112	24.8739613140147
52118	24.8739613140139
52120	24.8739613140134
52122	24.873961314013
52124	24.8739613140120
52144	24.8739613140109
52148	24.8739613140087
52160	24.8739613140074
52174	24.8739613140066
52184	24.8739613140062
52198	24.8739613140057
52206	24.873961314005
52210	24.8739613140029
52220	24.873961313999
52232	24.8739613139988
52238	24.873961313996
52240	24.8739613139957
52248	24.8739613139957
52260	24.8739613139948
52270	24.8739613139928
52314	24.8739613139926
52318	24.8739613139901
52328	24.8739613139894
52346	24.8739613139887
52348	24.8739613139885
52356	24.8739613139882
52362	24.8739613139874
52396	24.8739613139874
52398	24.8739613139868
52414	24.8739613139866
52416	24.8739613139866
52418	24.8739613139856
52456	24.8739613139853
52486	24.8739613139849
52490	24.8739613139840
52494	24.8739613139837
52510	24.8739613139823
52528	24.8739613139816
52546	24.8739613139816
52550	24.8739613139807
52592	24.8739613139805
52598	24.8739613139803
52600	24.873961313979
52612	24.8739613139775
52622	24.8739613139768
52624	24.8739613139766
52640	24.8739613139755
52646	24.8739613139734
52652	24.8739613139726
52658	24.8739613139724
52662	24.8739613139703
52684	24.8739613139697
52692	24.8739613139655
52714	24.8739613139652
52716	24.8739613139652
52720	24.8739613139634
52744	24.8739613139622
52768	24.8739613139615
52776	24.8739613139606
52794	24.8739613139601
52800	24.8739613139592
52806	24.8739613139587
52808	24.873961313958
52814	24.8739613139571
52816	24.8739613139569
52840	24.8739613139566
52850	24.8739613139553
52874	24.8739613139552
52880	24.8739613139544
52908	24.873961313954
52920	24.8739613139534
52926	24.8739613139533
52944	24.8739613139532
52954	24.8739613139523
52960	24.8739613139518
52970	24.8739613139513
52988	24.873961313951
52994	24.8739613139509
52998	24.8739613139503
53006	24.8739613139497
53016	24.8739613139489
53026	24.8739613139482
53054	24.8739613139479
53058	24.873961313947
53068	24.8739613139468
53080	24.8739613139455
53082	24.8739613139455
53096	24.873961313945
53104	24.8739613139449
53116	24.8739613139437
53134	24.873961313943
53136	24.8739613139419
53146	24.8739613139418
53148	24.8739613139416
53156	24.8739613139414
53164	24.8739613139410
53184	24.8739613139402
53194	24.8739613139402
53204	24.8739613139394
53206	24.8739613139385
53220	24.8739613139379
53224	24.8739613139375
53228	24.8739613139374
53230	24.8739613139370
53232	24.8739613139370
53252	24.8739613139343
53260	24.8739613139323
53278	24.873961313931
53294	24.8739613139307
53322	24.8739613139301
53330	24.8739613139298
53342	24.8739613139295
53348	24.8739613139283
53354	24.8739613139280
53362	24.8739613139268
53382	24.8739613139262
53390	24.8739613139261
53392	24.8739613139253
53398	24.873961313925
53408	24.8739613139247
53418	24.8739613139241
53426	24.8739613139239
53442	24.8739613139229
53466	24.8739613139222
53498	24.8739613139214
53510	24.8739613139213
53514	24.8739613139212
53516	24.8739613139205
53522	24.8739613139202
53524	24.8739613139199
53544	24.8739613139184
53546	24.8739613139178
53566	24.8739613139178
53570	24.8739613139177
53592	24.8739613139174
53606	24.8739613139171
53642	24.873961313917
53656	24.8739613139157
53664	24.8739613139143
53670	24.8739613139138
53704	24.8739613139135
53712	24.8739613139132
53726	24.8739613139131
53742	24.8739613139129
53744	24.8739613139128
53746	24.8739613139128
53756	24.8739613139127
53762	24.8739613139125
53764	24.8739613139124
53774	24.8739613139121
53780	24.8739613139118
53800	24.8739613139118
53802	24.8739613139116
53816	24.8739613139113
53834	24.8739613139112
53852	24.8739613139111
53886	24.8739613139107
53892	24.8739613139107
53896	24.8739613139104
53906	24.8739613139101
53950	24.8739613139099
53958	24.8739613139097
53962	24.8739613139094
53966	24.8739613139091
53978	24.873961313909
53996	24.8739613139087
54016	24.8739613139085
54048	24.8739613139085
54066	24.8739613139081
54074	24.8739613139081
54086	24.8739613139079
54090	24.8739613139079
54108	24.8739613139075
54120	24.8739613139075
54136	24.8739613139075
54142	24.8739613139073
54154	24.873961313907
54162	24.8739613139069
54180	24.8739613139066
54182	24.8739613139066
54192	24.8739613139065
54200	24.8739613139064
54208	24.8739613139063
54214	24.8739613139062
54228	24.8739613139061
54232	24.8739613139060
54242	24.8739613139059
54246	24.8739613139059
54256	24.8739613139059
54262	24.8739613139058
54272	24.8739613139056
54282	24.8739613139056
54286	24.8739613139055
54288	24.8739613139052
54304	24.8739613139049
54320	24.8739613139048
54326	24.8739613139047
54338	24.8739613139045
54342	24.8739613139044
54362	24.8739613139044
54388	24.8739613139039
54396	24.8739613139037
54400	24.8739613139036
54424	24.8739613139036
54428	24.8739613139034
54452	24.8739613139032
54460	24.8739613139031
54468	24.873961313903
54476	24.8739613139029
54504	24.8739613139027
54536	24.8739613139026
54542	24.8739613139024
54560	24.8739613139022
54574	24.8739613139022
54580	24.8739613139018
54634	24.8739613139015
54652	24.8739613139015
54674	24.8739613139015
54676	24.8739613139014
54682	24.8739613139013
54698	24.8739613139013
54702	24.8739613139012
54704	24.8739613139012
54716	24.8739613139011
54722	24.8739613139011
54740	24.8739613139009
54756	24.8739613139008
54784	24.8739613139007
54792	24.8739613139007
54798	24.8739613139005
54802	24.8739613139003
54826	24.8739613139002
54850	24.8739613139002
54860	24.8739613139000
54876	24.8739613139000
54880	24.8739613138998
54904	24.8739613138996
54936	24.8739613138995
54946	24.8739613138994
54948	24.8739613138990
54954	24.8739613138990
54970	24.8739613138986
54974	24.8739613138985
54994	24.8739613138984
55008	24.8739613138981
55010	24.8739613138980
55020	24.8739613138975
55026	24.8739613138975
55028	24.8739613138971
55046	24.8739613138965
55050	24.8739613138964
55052	24.8739613138964
55058	24.8739613138962
55080	24.8739613138962
55082	24.8739613138960
55102	24.8739613138959
55148	24.8739613138958
55160	24.8739613138957
55170	24.8739613138956
55178	24.8739613138956
55216	24.8739613138954
55226	24.8739613138953
55248	24.8739613138951
55264	24.873961313895
55280	24.8739613138949
55298	24.8739613138947
55340	24.8739613138946
55342	24.8739613138944
55358	24.8739613138944
55362	24.8739613138942
55388	24.8739613138941
55390	24.8739613138941
55396	24.8739613138939
55430	24.8739613138936
55436	24.8739613138935
55444	24.8739613138934
55468	24.8739613138934
55482	24.8739613138934
55488	24.8739613138933
55496	24.8739613138931
55498	24.873961313893
55504	24.8739613138928
55522	24.8739613138924
55542	24.8739613138922
55558	24.8739613138922
55572	24.8739613138918
55606	24.8739613138917
55630	24.8739613138917
55636	24.8739613138914
55638	24.8739613138913
55642	24.8739613138912
55644	24.8739613138912
55676	24.8739613138911
55692	24.873961313891
55696	24.8739613138910
55702	24.8739613138909
55706	24.8739613138909
55708	24.8739613138907
55722	24.8739613138906
55726	24.8739613138906
55734	24.8739613138905
55770	24.8739613138903
55798	24.8739613138901
55804	24.8739613138899
55812	24.8739613138899
55816	24.8739613138898
55826	24.8739613138896
55830	24.8739613138895
55844	24.8739613138892
55856	24.8739613138892
55860	24.8739613138892
55874	24.873961313889
55886	24.8739613138889
55908	24.8739613138889
55918	24.8739613138887
55926	24.8739613138887
55938	24.8739613138885
55950	24.8739613138883
55982	24.8739613138882
55984	24.8739613138882
55996	24.873961313888
56022	24.8739613138879
56030	24.8739613138878
56044	24.8739613138873
56058	24.8739613138869
56068	24.8739613138867
56076	24.8739613138865
56104	24.8739613138864
56132	24.8739613138863
56170	24.8739613138863
56176	24.8739613138862
56184	24.8739613138861
56232	24.8739613138861
56238	24.8739613138861
56242	24.8739613138859
56264	24.8739613138858
56276	24.8739613138857
56298	24.8739613138856
56302	24.8739613138854
56318	24.8739613138853
56322	24.8739613138853
56324	24.8739613138851
56348	24.8739613138851
56350	24.8739613138851
56404	24.873961313885
56414	24.8739613138849
56420	24.8739613138849
56430	24.8739613138849
56436	24.8739613138849
56452	24.8739613138848
56458	24.8739613138848
56470	24.8739613138848
56490	24.8739613138847
56494	24.8739613138847
56498	24.8739613138847
56502	24.8739613138846
56506	24.8739613138846
56534	24.8739613138845
56544	24.8739613138845
56554	24.8739613138845
56568	24.8739613138845
56570	24.8739613138845
56590	24.8739613138845
56614	24.8739613138844
56626	24.8739613138844
56650	24.8739613138843
56654	24.8739613138843
56674	24.8739613138842
56684	24.8739613138842
56686	24.8739613138841
56692	24.8739613138841
56706	24.8739613138840
56708	24.873961313884
56736	24.8739613138839
56746	24.8739613138839
56748	24.8739613138838
56760	24.8739613138838
56762	24.8739613138837
56796	24.8739613138837
56828	24.8739613138836
56834	24.8739613138836
56836	24.8739613138835
56840	24.8739613138834
56868	24.8739613138833
56890	24.8739613138831
56922	24.8739613138831
56930	24.8739613138831
56968	24.8739613138830
56978	24.873961313883
56988	24.8739613138829
57004	24.8739613138829
57030	24.8739613138829
57034	24.8739613138828
57058	24.8739613138827
57060	24.8739613138827
57064	24.8739613138826
57074	24.8739613138826
57098	24.8739613138825
57116	24.8739613138825
57118	24.8739613138825
57128	24.8739613138825
57146	24.8739613138825
57152	24.8739613138824
57170	24.8739613138824
57178	24.8739613138824
57188	24.8739613138824
57190	24.8739613138823
57200	24.8739613138823
57228	24.8739613138822
57234	24.8739613138821
57252	24.8739613138821
57256	24.8739613138820
57282	24.873961313882
57290	24.873961313882
57296	24.8739613138819
57310	24.8739613138818
57322	24.8739613138817
57328	24.8739613138816
57336	24.8739613138815
57364	24.8739613138814
57414	24.8739613138814
57424	24.8739613138814
57434	24.8739613138813
57444	24.8739613138813
57470	24.8739613138813
57476	24.8739613138812
57478	24.8739613138812
57498	24.8739613138811
57500	24.8739613138811
57510	24.8739613138810
57520	24.873961313881
57522	24.873961313881
57550	24.8739613138810
57564	24.8739613138809
57570	24.8739613138808
57586	24.8739613138807
57594	24.8739613138807
57596	24.8739613138806
57600	24.8739613138806
57612	24.8739613138806
57632	24.8739613138805
57634	24.8739613138804
57642	24.8739613138804
57656	24.8739613138802
57668	24.8739613138802
57680	24.8739613138802
57682	24.8739613138801
57684	24.8739613138801
57686	24.8739613138799
57688	24.8739613138797
57698	24.8739613138795
57712	24.8739613138795
57736	24.8739613138794
57750	24.8739613138793
57782	24.8739613138793
57786	24.8739613138792
57798	24.8739613138790
57808	24.8739613138790
57822	24.873961313879
57836	24.873961313879
57840	24.8739613138790
57860	24.8739613138789
57886	24.8739613138789
57888	24.8739613138789
57896	24.8739613138789
57910	24.8739613138789
57920	24.8739613138788
57924	24.8739613138788
57942	24.8739613138788
57948	24.8739613138788
57996	24.8739613138786
58008	24.8739613138786
58012	24.8739613138785
58036	24.8739613138785
58054	24.8739613138784
58072	24.8739613138784
58112	24.8739613138783
58124	24.8739613138782
58138	24.8739613138781
58146	24.8739613138781
58148	24.8739613138781
58154	24.8739613138781
58160	24.8739613138780
58162	24.8739613138779
58178	24.8739613138779
58182	24.8739613138777
58200	24.8739613138776
58214	24.8739613138775
58222	24.8739613138775
58224	24.8739613138774
58232	24.8739613138774
58248	24.8739613138774
58252	24.8739613138774
58256	24.8739613138773
58258	24.8739613138772
58260	24.8739613138772
58268	24.8739613138772
58278	24.8739613138771
58294	24.8739613138770
58314	24.873961313877
58316	24.873961313877
58324	24.8739613138769
58328	24.8739613138769
58340	24.8739613138769
58344	24.8739613138769
58352	24.8739613138768
58354	24.8739613138768
58386	24.8739613138767
58396	24.8739613138767
58404	24.8739613138767
58412	24.8739613138766
58424	24.8739613138766
58450	24.8739613138766
58508	24.8739613138765
58510	24.8739613138765
58534	24.8739613138765
58540	24.8739613138765
58542	24.8739613138765
58544	24.8739613138764
58562	24.8739613138764
58572	24.8739613138764
58576	24.8739613138764
58578	24.8739613138764
58592	24.8739613138763
58594	24.8739613138763
58596	24.8739613138763
58598	24.8739613138763
58602	24.8739613138762
58646	24.8739613138762
58648	24.8739613138762
58678	24.8739613138762
58694	24.8739613138762
58696	24.8739613138762
58714	24.8739613138761
58738	24.8739613138761
58820	24.8739613138761
58824	24.8739613138761
58838	24.8739613138761
58844	24.873961313876
58898	24.873961313876
58902	24.8739613138760
58914	24.8739613138760
58924	24.8739613138759
58932	24.8739613138759
58964	24.8739613138759
58976	24.8739613138759
59032	24.8739613138759
59056	24.8739613138758
59062	24.8739613138758
59072	24.8739613138758
59074	24.8739613138758
59120	24.8739613138758
59172	24.8739613138758
59190	24.8739613138758
59196	24.8739613138758
59242	24.8739613138758
59250	24.8739613138758
59256	24.8739613138758
59270	24.8739613138757
59294	24.8739613138757
59296	24.8739613138757
59320	24.8739613138757
59328	24.8739613138757
59352	24.8739613138757
59404	24.8739613138757
59448	24.8739613138757
59464	24.8739613138757
59468	24.8739613138757
59494	24.8739613138757
59500	24.8739613138757
59546	24.8739613138757
59552	24.8739613138757
59558	24.8739613138757
59584	24.8739613138756
59624	24.8739613138756
59674	24.8739613138756
59722	24.8739613138756
59732	24.8739613138756
59742	24.8739613138756
59818	24.8739613138756
59840	24.8739613138756
59896	24.8739613138756
59978	24.8739613138756
59982	24.8739613138756
60020	24.8739613138756
60070	24.8739613138756
60116	24.8739613138756
60132	24.8739613138755
60184	24.8739613138755
60208	24.8739613138755
60228	24.8739613138755
60322	24.8739613138755
60590	24.8739613138755
60624	24.8739613138755
60718	24.8739613138755
60758	24.8739613138755
60900	24.8739613138755
61002	24.8739613138755
61046	24.8739613138755
61074	24.8739613138755
61098	24.8739613138755
61114	24.8739613138755
61118	24.8739613138755
61132	24.8739613138755
61202	24.8739613138755
61210	24.8739613138755
61216	24.8739613138755
61284	24.8739613138754
61420	24.8739613138754
61532	24.8739613138754
61736	24.8739613138754
61876	24.8739613138754
62132	24.8739613138754
62166	24.8739613138754
62192	24.8739613138754
62398	24.8739613138754
62436	24.8739613138754
62514	24.8739613138754
63260	24.8739613138754
63446	24.8739613138754
63506	24.8739613138754
63554	24.8739613138754
63630	24.8739613138754
63776	24.8739613138754
63810	24.8739613138754
64086	24.8739613138754
64242	24.8739613138754
64432	24.8739613138754
64620	24.8739613138754
64708	24.8739613138753
64776	24.8739613138753
64826	24.8739613138753
64964	24.8739613138753
64970	24.8739613138753
65022	24.8739613138753
65038	24.8739613138753
65140	24.8739613138753
65246	24.8739613138753
65432	24.8739613138753
65962	24.8739613138753
66012	24.8739613138753
66076	24.8739613138753
66232	24.8739613138753
66396	24.8739613138753
66402	24.8739613138753
66610	24.8739613138753
66640	24.8739613138753
66682	24.8739613138753
66978	24.8739613138752
67306	24.8739613138752
67640	24.8739613138752
67994	24.8739613138752
68150	24.8739613138752
68180	24.8739613138752
68228	24.8739613138752
68330	24.8739613138752
68418	24.8739613138752
68886	24.8739613138752
69320	24.8739613138752
69800	24.8739613138752
69872	24.8739613138752
70348	24.8739613138752
70672	24.8739613138752
70792	24.8739613138752
70830	24.8739613138752
70860	24.8739613138752
70970	24.8739613138752
71088	24.8739613138752
71322	24.8739613138752
71498	24.8739613138751
71614	24.8739613138751
71646	24.8739613138751
71858	24.8739613138751
71884	24.8739613138751
71894	24.8739613138751
72462	24.8739613138751
73022	24.8739613138751
73108	24.8739613138751
74970	24.8739613138751
76614	24.8739613138751
78110	24.8739613138751
78512	24.8739613138751
78654	24.8739613138751
78988	24.8739613138751
79062	24.8739613138751
79110	24.8739613138751
80152	24.8739613138751
81082	24.8739613138751
84432	24.8739613138751
85548	24.8739613138751
85808	24.8739613138751
87100	24.8739613138751
95002	24.8739613138750
236896	24.8739613138750
285564	24.8739613138750
300000	24.8739613138750
