52	617.665082111447
54	485.756419445297
84	485.40781136266
90	421.633456728954
98	381.213753760756
148	356.430378277563
158	326.853192172371
256	324.732177391169
282	291.533867178911
318	289.335320575172
418	280.789361553166
430	276.902855757741
510	257.595494657957
518	250.89515902332
684	235.75118827041
794	223.851319449933
1002	217.509466617288
2112	213.92630687338
3218	213.613621145408
3340	207.751331531612
3358	194.150722847896
3360	173.281512228768
4224	156.883875754454
4340	132.329841356521
4474	116.565338302473
4590	107.610112111743
4592	106.115010651452
4638	103.825871846358
4646	103.370362262945
4666	100.967360528264
4682	97.301594144457
4686	97.1951647908613
4688	94.9264124893794
4712	86.4045015932599
4758	85.9802425588377
4768	83.839953282749
4800	83.4782275948745
4842	81.8147325825414
4852	80.8639798300995
4880	80.7244352611978
4894	79.8116772864404
4926	79.7360191283966
4948	79.1041867850831
4992	78.744160233626
5002	78.4853778812745
5004	77.8617982841044
5012	77.7380631835713
5024	77.6072956271181
5034	77.1742117725745
5042	77.0747041867983
5076	77.0027665389402
5086	76.9716893586795
5088	76.6151919132412
5098	76.3720784265182
5102	76.3397085040192
5112	76.3352955115211
5142	76.315343701097
5146	74.6219245810207
5148	74.056037823181
5150	73.7362230042927
5174	73.594577125839
5180	73.493524091036
5184	73.4412911816073
5186	73.0544056696627
5210	71.8085945781655
5232	71.7640937521388
5240	71.7474561286057
5256	71.5672660899134
5260	71.3310988408262
5266	70.9156328495509
5280	70.5912105472233
5284	70.4854501875288
5296	70.0728572735562
5308	69.8919767606991
5310	69.4782297721345
5326	69.0729343687112
5344	68.3282820328515
5354	68.2043276381938
5358	68.1488966091939
5362	67.080862820892
5378	66.9447161986972
5380	66.7101870421813
5382	66.5170298335532
5390	65.4857466590894
5416	65.4305521281499
5418	64.3646440235902
5420	63.665262887897
5426	61.6872180929996
5452	61.653047068216
5458	61.1501472321824
5460	60.5815424872431
5474	59.4467170128811
5496	58.6315413497384
5530	58.3851434117011
5534	56.0311190220995
5536	55.5394203849075
5558	55.0794766630086
5578	54.9786541260606
5584	54.6241706685116
5594	54.286339418425
5600	54.0143658623523
5602	53.8641273267588
5610	52.9207500276555
5666	52.2039645134322
5676	51.9129392448397
5706	51.4928836621213
5710	51.3275339381824
5728	50.8049114680032
5740	50.7400539695106
5756	50.3648519985296
5758	50.0036611888407
5768	49.5224817277154
5782	48.6376675807934
5790	48.3230509889691
5810	48.14491330504
5828	47.8107299766284
5854	47.6372416276052
5876	47.3774989019042
5880	47.1255521616766
5886	47.0419051789757
5894	47.0128379075702
5900	46.9519582321913
5902	46.7654961400999
5904	45.7184703527374
5922	45.5863245909702
5938	45.5037749804977
5980	45.2638015389341
5984	45.1777879671676
5994	45.151789217649
6000	45.0875103862682
6026	44.9939243088145
6030	44.9862795882064
6034	44.9252702125514
6038	44.8501755954224
6048	44.6972213639108
6064	44.640382446697
6066	44.6213035638436
6074	44.4405373023827
6088	44.2629109629105
6090	44.185208538722
6110	44.1044878831725
6130	44.005876875361
6142	43.6312182853729
6164	43.5471505760687
6172	43.2994391455642
6188	43.1694900390446
6196	43.1082214242227
6198	42.7992231751451
6200	42.6825004189188
6214	42.5976633318662
6238	42.5269211231233
6258	42.3252800931941
6270	42.2802053928724
6274	42.1319938800129
6292	42.1146348132284
6302	42.1135913879414
6308	42.0049447823098
6310	41.9807723791265
6318	41.9030929135281
6324	41.8198734633112
6330	41.6455343305788
6344	41.6130959819691
6364	41.5846511932682
6382	41.5033004317827
6384	41.3671079960394
6388	40.8686720870383
6394	40.8112351262706
6396	40.7032306107950
6404	40.4301927372115
6408	40.321551706241
6416	40.3111387257974
6428	40.1427692186821
6446	39.9907104098274
6456	39.7608317139451
6478	39.7420481003923
6486	39.6409437275461
6490	39.5702767086757
6492	39.5313341216289
6502	39.4889870614929
6516	39.3993272496062
6528	39.3872334337922
6538	39.1840077296501
6548	39.178600183329
6556	39.0611050798517
6566	38.9986351470274
6604	38.9407168363167
6618	38.9322723427651
6620	38.9179160492969
6630	38.9026603817945
6642	38.8428043839313
6648	38.7830733345666
6656	38.5975735412603
6678	38.512490766209
6680	38.1226490217929
6704	38.0530651211559
6710	37.8708109098957
6720	37.8168064217779
6722	37.7586553217956
6730	37.7281577021573
6738	37.3573500699479
6740	37.0330113244836
6748	36.8062065726167
6754	36.7172770823875
6760	36.6328788456677
6776	36.6197595342473
6778	36.3490325520874
6788	36.0953623833786
6792	36.0498968623662
6796	35.5007999750701
6816	35.2686609857059
6856	34.8645255560799
6894	34.6311189399171
6902	34.5999284204937
6910	34.5970773359439
6924	34.5436932709474
6932	34.3498244726008
6944	34.0658429355071
6968	33.8076220385250
6980	33.7770103462711
6982	33.5500403615152
7002	33.3888508695127
7036	33.3300389806542
7048	33.2963737229412
7052	33.2700085564629
7058	33.2476512360541
7072	33.1438519432047
7080	33.0052950061048
7082	32.9454597012214
7098	32.9369187926011
7106	32.7705545827605
7112	32.7343958321384
7116	32.6847709555197
7136	32.6468940912008
7150	32.6076292985554
7156	32.5692464593943
7158	32.5244831062925
7182	32.4970142917837
7192	32.4685163687297
7198	32.3270664412212
7200	32.2114795156089
7210	32.162229162421
7216	32.1617668481093
7222	32.117096042453
7236	31.9686001150157
7266	31.9572931406994
7272	31.9053759034465
7278	31.7535387566086
7280	31.4982756683858
7290	31.4909475732858
7298	31.3833117580995
7310	31.3340640046215
7328	31.2876293300933
7340	31.2480938781939
7376	31.2290657877617
7390	31.2251318789828
7412	31.1271306058116
7422	31.1131285761214
7424	31.0582134564869
7430	31.0051284037696
7444	30.9016354487797
7482	30.8829623420731
7488	30.826235510843
7490	30.7467481516430
7516	30.7133129389917
7520	30.6803983518570
7536	30.6719006015573
7544	30.5465026864503
7552	30.4874053403356
7562	30.4659689856277
7568	30.4202008426470
7572	30.3959997860996
7584	30.2132554258097
7594	30.2062335559353
7606	30.1675704861554
7626	30.0999312355576
7642	30.0655361477505
7662	29.9810625479277
7670	29.9161505687411
7674	29.911681322679
7688	29.8941017751882
7694	29.8827493328867
7704	29.8624311832539
7706	29.8527915049869
7714	29.7604599753838
7716	29.7357481756850
7718	29.7244608904952
7730	29.7032006583594
7762	29.6511721100706
7780	29.5463331404543
7796	29.5311651926768
7800	29.5053301615357
7808	29.452097735109
7810	29.4449700676362
7834	29.4395336456822
7846	29.4155673878607
7848	29.3693219982743
7864	29.3660102508424
7916	29.2892319623546
7950	29.2703606863989
7970	29.2648993717868
7976	29.2144619299771
7986	29.2065602084644
8000	29.1819220663207
8014	29.1788408493647
8018	29.1731365389542
8024	29.1608929297229
8030	29.1542599923489
8034	29.1470069811255
8044	29.1266680481952
8046	29.1185097474023
8068	29.0976455289280
8078	29.0973603916898
8080	29.0912145533713
8082	29.0859636821311
8088	29.0790994499810
8106	29.0743785821760
8108	29.0665851440571
8114	29.0285831941543
8116	29.0150796770999
8128	28.9897309870626
8170	28.9659185921322
8180	28.9508308311692
8190	28.9258353730782
8194	28.8970551966371
8210	28.8872350122942
8222	28.8684733124256
8224	28.8514824049116
8234	28.827627388181
8236	28.7937044957282
8250	28.7767308733647
8270	28.7696845235094
8282	28.7321968271368
8288	28.6822728915543
8308	28.6422256373179
8312	28.6386062489619
8314	28.6163618962361
8318	28.6160177725516
8342	28.6138799471966
8350	28.5992968350449
8352	28.5747545329411
8362	28.5594286383966
8380	28.5541320276313
8384	28.5539540351667
8388	28.5429560409241
8394	28.5240938990558
8400	28.5214529325488
8404	28.5129917571340
8418	28.5071065339521
8422	28.4897397285325
8438	28.4697015015842
8462	28.4439236482222
8466	28.392766890375
8482	28.3793460200438
8488	28.3507890389888
8512	28.2873156347968
8514	28.2793878791491
8520	28.2635349194261
8540	28.2109763151259
8574	28.1771581668563
8592	28.1034485728352
8596	27.9882042902162
8618	27.8700025133089
8628	27.8528878014969
8640	27.8370339949039
8646	27.8186548872067
8652	27.7910510596426
8656	27.7283269826815
8662	27.7057130502570
8674	27.7038128742282
8676	27.6830806558276
8678	27.6654921962396
8680	27.5387353574279
8698	27.391064364073
8724	27.3793157391866
8732	27.3744064696838
8740	27.3463222339817
8748	27.2782160955985
8752	27.2695126451640
8786	27.2693642254027
8790	27.1852812296049
8808	27.0975764550533
8822	27.0020721979590
8830	26.9811181029748
8862	26.9779161843348
8872	26.9246966898316
8884	26.8956258044138
8888	26.828882184185
8898	26.7698112862674
8920	26.7330304165091
8924	26.7074866696702
8926	26.6917139692137
8936	26.5858468889968
8952	26.4689025249792
8962	26.4485022384878
8970	26.4076589750711
8994	26.3578730195267
9028	26.3028270293855
9054	26.2822601886638
9070	26.2427643289928
9074	26.2340531626229
9084	26.2230451777498
9094	26.1991507359451
9100	26.1914655205595
9112	26.1313950314639
9124	26.117030347494
9128	26.0298723697669
9140	25.9924435104898
9144	25.9882630310517
9156	25.9717725741778
9172	25.9251837093142
9190	25.9227053996355
9192	25.8828258804888
9198	25.8815766860413
9200	25.8151795594618
9212	25.7851737530736
9216	25.7772842068615
9228	25.6476265951746
9258	25.6407066074087
9260	25.6158371630346
9270	25.5939303343436
9284	25.5397611835039
9288	25.3278001734629
9296	25.2469073879221
9300	25.0625708961414
9306	25.0111091906851
9322	24.9092788113519
9356	24.901736027461
9362	24.8967755332765
9368	24.8628271048234
9382	24.8366161551523
9390	24.8260755949338
9392	24.7696882433053
9394	24.7651402006859
9404	24.6450901263133
9452	24.6396041062757
9464	24.6373560240752
9472	24.6168614442189
9476	24.5825345785757
9482	24.5487268374564
9492	24.404886150021
9498	24.3755949859607
9516	24.3255585773913
9526	24.3200020869080
9534	24.2924436821907
9544	24.2259715547036
9562	24.1736229150727
9568	24.1250545047055
9574	24.0603584165263
9584	23.9907103246376
9590	23.9597286203315
9594	23.9360037451394
9596	23.8798602490222
9600	23.8727025090497
9610	23.8675249705337
9614	23.7722110053385
9616	23.7349834553472
9618	23.6103433555779
9620	23.5883223590290
9662	23.4918921381454
9668	23.4065751065398
9690	23.3823514403061
9692	23.3659455778349
9726	23.2824568689622
9732	23.2582799769052
9742	23.2524162770814
9752	23.1237159503776
9794	23.0836871262051
9812	23.0747778192998
9826	23.055372656619
9846	23.0141499652827
9854	22.9396539379195
9860	22.8031929298534
9906	22.7592108130911
9926	22.6770407704026
9946	22.6689266540725
9948	22.6507176620642
9960	22.5990906472178
9976	22.5691642126078
9988	22.4920844187025
10002	22.2914660227348
10006	22.2873324262478
10010	22.1567401957924
10034	22.1338736725920
10042	22.0608548179573
10050	21.9611204576800
10058	21.8820357048280
10064	21.7514370410405
10084	21.5992212640409
10096	21.5455866082452
10112	21.5336417361696
10122	21.4237062814432
10138	21.3804303912473
10142	21.3285451937562
10172	21.3052231238777
10184	21.1513856158893
10190	21.1457436420483
10206	21.0845589484924
10230	21.0773024817254
10234	21.0398680534636
10240	21.0265326689221
10244	20.9833236753106
10250	20.9190099100544
10270	20.8884788179040
10272	20.8094497881311
10274	20.7910340435542
10310	20.7721430472678
10334	20.6603026612511
10348	20.6286254673931
10360	20.622873142117
10378	20.6127338827695
10382	20.5805893910453
10410	20.5605700855887
10412	20.5004068120604
10422	20.486174208656
10434	20.4194319064378
10448	20.3737026565880
10464	20.2924938355510
10488	20.2687264360213
10492	20.2614140926132
10506	20.2124078892378
10532	20.1476716449062
10540	20.1389673947550
10552	20.1382224247103
10566	20.1337854691514
10578	20.0997418450906
10582	20.0809794279652
10610	20.0209925455965
10642	19.9895381908708
10652	19.9333908150280
10656	19.8708161358721
10680	19.8686790947222
10682	19.84489592373
10684	19.7924472935324
10688	19.771528466942
10702	19.7333894344973
10716	19.7273825581486
10718	19.6933681428955
10734	19.6840271736261
10746	19.6181951809775
10772	19.6161440865840
10776	19.4795019897281
10812	19.4621244282353
10822	19.4498546711702
10848	19.3743148526521
10854	19.3479857049416
10880	19.3278479987065
10896	19.2233051802007
10910	19.2112233504524
10922	19.1929512598350
10934	19.1869921568991
10942	19.1797926976332
10944	19.1401417660148
10952	19.0974386737964
10976	19.0669878935778
11006	19.0286299041174
11008	19.0280234364090
11010	19.0276256945651
11018	18.9843003272914
11034	18.9142761860801
11048	18.9008727181517
11056	18.8964143480531
11060	18.8938204486703
11068	18.7886719766204
11074	18.6964314516886
11094	18.6423735674498
11104	18.6331629598537
11130	18.5778598150596
11156	18.5493696006735
11162	18.5439780253998
11164	18.5077645426589
11178	18.4089175316169
11192	18.3854436210431
11194	18.3652698069814
11198	18.3289513600891
11250	18.3140856908780
11256	18.2872611124344
11258	18.2688481116896
11262	18.2575199655220
11282	18.2427502638988
11292	18.2038802955592
11310	18.1608892010757
11334	18.1441254946340
11352	18.1050028857344
11388	18.0726800304288
11392	18.0545686840617
11410	18.0172637882802
11444	18.0070619710541
11462	17.9981043997441
11466	17.9906769222453
11474	17.9875148083168
11476	17.9853371799749
11478	17.9657868511616
11482	17.9566239381460
11490	17.9480170004012
11492	17.9173272627090
11504	17.9020485906614
11520	17.8954709688687
11544	17.8885640780756
11556	17.8809522353860
11564	17.8552155012225
11578	17.8324384132377
11606	17.8272573917643
11614	17.8160331330070
11628	17.8088487165171
11648	17.8025571403636
11650	17.8013057256691
11656	17.7977699469886
11666	17.7967301399174
11674	17.7928118744701
11686	17.7925881791088
11688	17.7886059847685
11700	17.7841260758253
11702	17.7764933401504
11706	17.7715246627409
11710	17.7713841229085
11722	17.7668456564794
11724	17.7649501078435
11730	17.7640252571373
11756	17.7640078001392
11760	17.7548996830479
11766	17.7548682752408
11790	17.7537781506623
11796	17.7508011524500
11804	17.7472580477693
11806	17.7471045100912
11808	17.7424271883917
11824	17.7406714849923
11834	17.7390880133915
11838	17.7375253806103
11850	17.7367993940599
11858	17.7323660955215
11868	17.7267021506515
11892	17.7247955023228
11894	17.7239961185629
11898	17.7206177635965
11920	17.7169765954521
11926	17.7150074378944
11932	17.7129434617886
11944	17.7119809536469
11958	17.7072398744149
11982	17.6993642504968
11996	17.6944390282793
12004	17.6893871185172
12012	17.6879780494377
12018	17.6877338401253
12020	17.6865617874345
12026	17.6850798780369
12028	17.6802333645142
12032	17.6699898785771
12036	17.6649020225082
12054	17.6643818181876
12056	17.6634618023996
12062	17.6598564399137
12074	17.6565998098826
12080	17.6562455546141
12088	17.6557688790596
12094	17.6553817473279
12106	17.6552643583552
12108	17.6536951116911
12110	17.6526353577302
12112	17.6511548567528
12126	17.6497081528988
12136	17.6401385435265
12144	17.6365587681718
12160	17.6333951289280
12178	17.6302923832089
12188	17.6281451065214
12194	17.6273476728868
12196	17.6256710296164
12216	17.6252647873602
12234	17.6242594930096
12242	17.6188437841867
12256	17.6180535704824
12276	17.6170725305417
12280	17.6149851690416
12304	17.6147625397600
12312	17.6132204084856
12338	17.6118055397353
12340	17.6108262857432
12344	17.610690635498
12354	17.6085755556557
12362	17.6080366155795
12372	17.6079547433899
12392	17.6067392347122
12394	17.6040084437563
12418	17.6024344017040
12438	17.6006854914664
12440	17.5993923232221
12464	17.5973845704343
12472	17.5959134249149
12490	17.5930079050894
12502	17.5900370200904
12506	17.585295296379
12508	17.5844932150726
12520	17.5813755790378
12540	17.5797943580156
12570	17.5787844306941
12596	17.5727689160695
12620	17.5715944919002
12632	17.570356937002
12646	17.5681428484532
12674	17.5667875582107
12680	17.5656895986065
12682	17.5620060065879
12694	17.5598571609511
12704	17.5596102732260
12716	17.5586627977218
12720	17.5571208707229
12728	17.5562482748619
12732	17.55531893269
12736	17.5550287678474
12738	17.5466842363522
12764	17.5397435045619
12786	17.5319057934516
12802	17.5271588974524
12814	17.5259951838805
12856	17.5232874783281
12862	17.5196478083494
12866	17.5189954397508
12900	17.5181401830665
12902	17.5172229421362
12908	17.5152014131409
12920	17.5134037785441
12922	17.5104017176195
12938	17.50664400964
12952	17.5016083530148
12964	17.4952089254739
12982	17.4950030996252
12986	17.4867252842882
13006	17.4854746077979
13030	17.4850182573327
13044	17.4810965912807
13054	17.4791392195847
13062	17.4760286641035
13074	17.471589992943
13080	17.4670773214349
13084	17.4550430987385
13092	17.4549941752599
13110	17.4543995460425
13112	17.4439536956841
13132	17.4374787412534
13136	17.4346950128685
13140	17.4292372204869
13154	17.4285840510204
13158	17.4265278232282
13168	17.4193144597017
13176	17.4172336615442
13178	17.415906683149
13200	17.4104499639492
13214	17.3995417600396
13230	17.3802861230113
13276	17.3742763871807
13280	17.3740565772911
13288	17.3628355388489
13304	17.3580273278038
13326	17.3434072956240
13356	17.3295331070151
13404	17.3248580428604
13414	17.3160761111108
13422	17.3048960221116
13428	17.2991241010647
13448	17.297840683935
13450	17.2913518100065
13460	17.2901767541707
13468	17.2861136775395
13470	17.2816719316383
13478	17.2766484998135
13502	17.253302018637
13516	17.2452459172317
13518	17.2442691484730
13526	17.2422419946035
13538	17.2342439866850
13540	17.2277199570261
13550	17.2272890015983
13560	17.2158020817546
13566	17.2147773391800
13576	17.2143505045954
13580	17.2110155949791
13608	17.2026730541565
13616	17.1901676237991
13628	17.1893455963011
13642	17.1817870748524
13654	17.1801353031660
13662	17.1745350048160
13668	17.1693614671128
13684	17.1648336701127
13692	17.1583241397183
13694	17.1580144959262
13708	17.1450837257024
13738	17.1346141257670
13758	17.1282569001880
13790	17.1263623132635
13812	17.1259315861514
13816	17.1239606965279
13824	17.1227153028866
13858	17.1206457396842
13874	17.1195323488406
13878	17.1174849318019
13888	17.1160073196362
13902	17.1157452535414
13916	17.1157424509250
13918	17.1155760413671
13922	17.1147318780048
13932	17.1142630512417
13938	17.1122967682816
13954	17.1102943445962
13958	17.1084630992308
13978	17.1057091089041
13982	17.1051769464349
13994	17.1028685138696
13998	17.1024898349234
14008	17.100955566443
14018	17.10071982727
14026	17.0997462919831
14046	17.0980629358741
14052	17.0967189597074
14054	17.0956062826447
14058	17.0948875284033
14078	17.0938563354433
14084	17.0920617684243
14096	17.0909910201336
14112	17.0884190837503
14138	17.0879284051839
14142	17.0872653893397
14144	17.0847835855989
14166	17.0829924846763
14184	17.0819187248067
14186	17.0800992163643
14198	17.0773494021262
14210	17.0760324001229
14212	17.0741144080666
14232	17.0738919680844
14242	17.0736455873092
14244	17.0734465401137
14246	17.0720131807120
14262	17.0714738854665
14306	17.0703839855212
14334	17.0697324443152
14340	17.0695475919166
14354	17.0688352092357
14356	17.0671862200032
14382	17.0666437080552
14392	17.0662107072529
14394	17.0650999895668
14402	17.0647859566496
14410	17.0633393641291
14426	17.0623433913739
14448	17.0601549217611
14454	17.0588348473783
14476	17.0574274004170
14484	17.0568274861179
14498	17.0564730638268
14512	17.0548913296343
14520	17.0540526984609
14540	17.0530816443039
14554	17.0528351121638
14558	17.0524098404478
14568	17.0519447713465
14578	17.0503868178938
14594	17.0493997910245
14618	17.0483713839413
14640	17.0480349024353
14642	17.0472156165272
14658	17.0444811047752
14680	17.0443257542492
14696	17.0443020903779
14704	17.0439224024104
14708	17.0407021530542
14724	17.0396489276190
14732	17.0390445670003
14746	17.0383283734295
14754	17.0381785926882
14772	17.0381396941218
14774	17.0379012339864
14798	17.0354616924381
14800	17.0341577788802
14808	17.0338692027600
14812	17.0331564399435
14816	17.0321702852668
14832	17.0318136207182
14836	17.031721761251
14838	17.0313935857234
14844	17.0296416873487
14890	17.0269481874456
14902	17.0262072711667
14908	17.0259163317701
14922	17.0256951781689
14944	17.0254987892481
14946	17.0254156972867
14950	17.0238782426642
14952	17.0234191418338
14968	17.0222911303694
14976	17.0195902360714
14978	17.0181864587159
15016	17.0180804248286
15020	17.0168930802228
15034	17.016046250344
15048	17.0152208328953
15064	17.0147668165344
15066	17.0141745356377
15072	17.0119219557818
15078	17.0084488594902
15094	17.0054753626739
15106	17.0039734101755
15160	17.0026816248034
15188	17.0019645609123
15192	16.9994730036019
15212	16.9993665166578
15218	16.9989712350131
15224	16.9986948904932
15230	16.9960814541155
15232	16.9954552733214
15266	16.9944182978230
15284	16.9934839305127
15288	16.9934257973018
15292	16.9929600152551
15330	16.9917769264407
15334	16.9898108467398
15352	16.9878236298178
15388	16.9876836753641
15404	16.9863801478321
15410	16.9840923510971
15424	16.9840436258809
15432	16.9840002088423
15436	16.9837842757622
15454	16.9828828137749
15458	16.9818384138607
15484	16.9815360290763
15486	16.9807675797440
15492	16.9802557483967
15506	16.9792920344262
15512	16.9791761225851
15524	16.9776590898283
15536	16.9755467661236
15546	16.9751992487117
15554	16.9741340920376
15560	16.9740967717109
15584	16.9722247549159
15590	16.9714276599652
15610	16.9695508402331
15616	16.9691291406879
15656	16.9678082531612
15660	16.9675714984821
15668	16.9672638033861
15692	16.9668041971095
15702	16.9661571168116
15712	16.9659065313373
15718	16.9649712585283
15722	16.9644628752487
15728	16.9643121266492
15744	16.9642772424397
15750	16.9641212014328
15756	16.9637246901064
15762	16.9631447386647
15786	16.9625982734365
15802	16.9613741513415
15816	16.9608450734863
15818	16.9606820306314
15820	16.9606705477597
15846	16.9603776248664
15856	16.9600148684766
15858	16.9595362451646
15864	16.9585219100109
15884	16.9573787362529
15894	16.9565550274595
15910	16.9563211874385
15920	16.9562993683860
15928	16.9562440324437
15932	16.9550234228829
15946	16.9541393165213
15950	16.9527060683471
15958	16.9520383805474
15968	16.9513421014237
15992	16.9508161814548
16008	16.9507077599941
16030	16.9506155577650
16032	16.9497026465207
16038	16.9493610621861
16044	16.9490436149731
16050	16.9489642899146
16054	16.9488577425851
16076	16.9488386521556
16078	16.9483652630942
16086	16.9481191618869
16100	16.9475095913615
16132	16.9467718954743
16136	16.9462208490912
16156	16.9460286882140
16168	16.9457218087759
16212	16.9454181352288
16214	16.9448953515576
16260	16.9439258363675
16294	16.9427092303218
16326	16.9426405874500
16358	16.9426328669732
16360	16.9422727484182
16362	16.9416382658831
16382	16.9414147319975
16394	16.9407613878690
16398	16.9403318570545
16414	16.9401946741294
16420	16.9399381969833
16432	16.9397130554641
16454	16.9394289815096
16472	16.9386499306720
16484	16.9384374313282
16488	16.9378739672260
16524	16.9374654504398
16528	16.9372865224815
16548	16.9370441551396
16554	16.9368490478124
16556	16.9366856029355
16568	16.9362946592001
16582	16.9361068907116
16592	16.9358514283027
16604	16.9357921569235
16610	16.9350800787199
16652	16.9349181665501
16676	16.9348881180316
16680	16.9346997493175
16690	16.9344562622399
16696	16.9343109167808
16698	16.9339523068133
16708	16.9337601215617
16732	16.9335778969671
16740	16.933436979089
16760	16.9328518610706
16778	16.9328376719428
16788	16.9324370381534
16816	16.9324176904654
16828	16.9322776194387
16832	16.9319432767272
16834	16.9313526316465
16836	16.9313172549156
16850	16.9302258318140
16854	16.9301325855704
16888	16.929908136222
16892	16.9297212564188
16898	16.9292895976272
16910	16.9284707692227
16916	16.9278814791747
16940	16.9273677886823
16972	16.9272942678956
16984	16.9271009899416
16986	16.9268236619097
16996	16.9268198315088
17002	16.9267263665116
17008	16.9264833145692
17016	16.9264333004132
17020	16.9261555488778
17046	16.9261539459804
17056	16.9256609406042
17096	16.9256040980026
17156	16.9253972916201
17168	16.9253655355491
17188	16.9252836127899
17200	16.9252267164161
17202	16.9251865947978
17204	16.9250552203055
17228	16.9250257618614
17238	16.9249887842515
17242	16.9249686631573
17250	16.9248335026348
17276	16.9247471005442
17298	16.9245997166749
17306	16.9245869398836
17340	16.9245290376878
17346	16.9243303198318
17378	16.9243010456175
17382	16.9241144412595
17410	16.9240695760765
17414	16.9239554588198
17434	16.9239244612849
17440	16.9238491024558
17444	16.9238272107572
17460	16.9237119741989
17480	16.923662539983
17486	16.9236575827799
17488	16.9236023509580
17490	16.9235932694750
17500	16.9235711096509
17510	16.9235632974956
17518	16.9235480647059
17524	16.9234132633095
17538	16.9233173665824
17560	16.9231864563621
17564	16.9231435735233
17570	16.9230354071661
17582	16.9229952593108
17588	16.9229467530195
17590	16.9229419783899
17608	16.9228068404457
17628	16.9227940946506
17642	16.9226977533660
17650	16.9224682223113
17664	16.9224396421915
17698	16.9223967510300
17706	16.9223899616221
17728	16.9221736725208
17750	16.9221288588126
17756	16.9220936935374
17758	16.9220288239102
17776	16.9218654063480
17784	16.9217702551773
17786	16.9217674271997
17792	16.9216636564700
17806	16.9216462636599
17834	16.9216331522970
17850	16.9215497763218
17856	16.9215138670966
17880	16.9214814561185
17892	16.9214586291517
17894	16.9213430148338
17900	16.9213150324951
17922	16.9213125131451
17926	16.9213121769170
17928	16.9212193644978
17936	16.9212045483265
17944	16.9211951500425
17950	16.9211041342743
17956	16.9210486147056
17982	16.9209840167257
17986	16.9209487100758
18008	16.9207431279479
18038	16.9207274628701
18050	16.9206018705187
18068	16.9205827178488
18070	16.9205657468462
18082	16.9205141589007
18090	16.9204541286997
18108	16.9204350294415
18124	16.9203808925112
18136	16.9203733623528
18142	16.9203199915575
18154	16.9202810752838
18166	16.9202090683724
18186	16.9202037297305
18212	16.9200913737217
18226	16.9200735512806
18230	16.9200174472732
18236	16.9200094524683
18248	16.9200009804593
18264	16.9199800113519
18266	16.9198848274658
18278	16.9198759408528
18298	16.9198532933214
18302	16.9198343959251
18312	16.9197993753748
18318	16.9197797856290
18334	16.9197503912447
18338	16.9196978745565
18344	16.9196468616278
18348	16.919643113615
18356	16.9195632075918
18368	16.9195150536688
18382	16.9193216260039
18402	16.9192642921957
18442	16.9192600824360
18452	16.9192404050489
18456	16.9192053699545
18468	16.9192031048013
18476	16.9191535785472
18478	16.9191501758343
18480	16.9190564067884
18496	16.9190562583057
18500	16.9190474469293
18506	16.9190167321975
18516	16.9189947476232
18524	16.9189548241242
18532	16.9189510686324
18534	16.9189187676958
18540	16.9188378336461
18558	16.9187451887627
18570	16.9187416743301
18574	16.9187027701084
18580	16.9186803773618
18582	16.9186735616013
18588	16.9186576371073
18594	16.9186562354205
18606	16.9186438576114
18612	16.9185976552811
18628	16.9185157940505
18678	16.9184744573695
18698	16.9183912270797
18702	16.9183662681897
18718	16.918337499454
18720	16.9182862135426
18724	16.9182766484230
18728	16.9182648194476
18734	16.9182613237591
18738	16.9181160225933
18740	16.918048838803
18762	16.9180283826547
18774	16.9179893057699
18788	16.9179785230073
18792	16.9179722011389
18802	16.9179706993886
18806	16.9179047757586
18812	16.9178478702002
18818	16.9178132265425
18834	16.9177960655340
18846	16.9177500623542
18848	16.9176638307904
18868	16.9176264753686
18886	16.9176055854648
18900	16.9175548978123
18920	16.9175364689100
18928	16.9174932332576
18932	16.9174116629825
18956	16.9173981016503
18962	16.9173716333409
18994	16.917309010035
19010	16.9172863799229
19034	16.9172325598771
19046	16.9172153760726
19066	16.9172137276712
19076	16.9172019081588
19090	16.9171752268773
19094	16.9171562379517
19096	16.9171445799621
19100	16.9170908711187
19116	16.917083724372
19132	16.9170382698174
19184	16.9170096612441
19194	16.9170039522719
19202	16.9169900813927
19216	16.9169754919266
19218	16.9169527080768
19240	16.9169295715175
19254	16.9169043268863
19278	16.9168804979319
19282	16.9168744547180
19306	16.9168655521190
19310	16.9168484875562
19338	16.9168239714941
19344	16.9168100789420
19350	16.9168051492154
19358	16.9168014636441
19376	16.9167634242218
19382	16.9167467323191
19388	16.9167181966097
19398	16.9167148244871
19400	16.9166819692543
19418	16.9166775970521
19424	16.9166774306204
19432	16.9166374064418
19436	16.9166275813136
19454	16.9165965804517
19464	16.9165848613215
19466	16.9165781047942
19474	16.9165700508778
19476	16.9165186952705
19492	16.9164968051024
19498	16.9164480819014
19518	16.9164368096287
19528	16.9163944774341
19552	16.9163741218886
19566	16.9163683816756
19570	16.9163070314389
19592	16.9162987049018
19598	16.9162944675048
19612	16.9162627119534
19618	16.9162191036871
19712	16.9162005631956
19732	16.9161788998185
19752	16.9161768031751
19754	16.9161359437733
19756	16.9161189458069
19760	16.9161145537088
19776	16.9160568880266
19788	16.9160561847847
19802	16.9160410495591
19810	16.9160195640012
19836	16.9159711599031
19840	16.9159682732506
19884	16.9159623003142
19888	16.9159533311836
19892	16.9159124714947
19914	16.9158965851797
19930	16.9158375746523
19936	16.9158346583259
19958	16.915805384737
19972	16.9157818265791
19994	16.9157764871843
20000	16.9157606326556
20020	16.9157398592910
20026	16.9157209123775
20050	16.9156871568029
20076	16.9156847990951
20090	16.9156823906962
20106	16.9156731061464
20116	16.9156479144404
20140	16.9156467426750
20146	16.9156360622366
20160	16.9156280792404
20164	16.9156265151148
20172	16.9155926656306
20194	16.9155878909032
20202	16.9155832337572
20212	16.9155784948098
20240	16.9155777517639
20250	16.9155733369591
20252	16.9155725816254
20264	16.9155561004182
20282	16.9155478998342
20294	16.9155472009774
20298	16.915537183853
20308	16.9155343665946
20320	16.9155247682866
20338	16.915516534125
20368	16.9155057829007
20386	16.9155029214047
20406	16.9154790003071
20434	16.9154749424435
20438	16.9154579706310
20476	16.9154476962435
20498	16.9154393885615
20500	16.9154393083767
20506	16.9154378836671
20508	16.9154347967096
20522	16.9154330475096
20534	16.9154274341004
20538	16.9154265165457
20546	16.9154244754432
20550	16.9154189255260
20564	16.9154120632644
20576	16.9153998193434
20604	16.9153909727867
20618	16.915388131837
20622	16.9153793014668
20646	16.9153781078989
20656	16.9153780503333
20662	16.9153618450498
20664	16.915358638535
20674	16.9153532580463
20676	16.9153171756414
20716	16.9153049602360
20718	16.9152934574751
20720	16.9152813888895
20722	16.9152757647725
20738	16.9152630135611
20748	16.9152613654522
20756	16.91525618522
20788	16.9152455431081
20790	16.9152347446289
20802	16.9152269054478
20814	16.9152156640465
20824	16.915188079355
20830	16.9151525149282
20846	16.9151430770573
20868	16.9151290520101
20892	16.9151193814703
20898	16.9151142715940
20900	16.9151134530831
20918	16.9151016607144
20936	16.9150770591367
20950	16.9150721444500
20958	16.9150608360068
20972	16.9150600806121
20988	16.9150593183801
21024	16.9150539604323
21028	16.9150492621126
21050	16.9150463374405
21052	16.9150326257737
21056	16.9150316329791
21058	16.9150303465050
21062	16.9150288567658
21066	16.9150168975920
21094	16.9150006074462
21144	16.9149925924258
21148	16.9149924706693
21170	16.9149846372024
21184	16.9149836229976
21194	16.9149820386697
21200	16.9149790144060
21202	16.9149771942891
21206	16.9149758736592
21216	16.9149758488332
21218	16.9149661523052
21232	16.9149515617196
21234	16.9149457824360
21236	16.9149401589816
21246	16.9149332588624
21256	16.9149221952822
21276	16.9148961056081
21278	16.9148928392713
21296	16.9148880427867
21354	16.9148842502623
21374	16.9148839342349
21380	16.9148776572763
21384	16.9148737437624
21410	16.9148719566872
21420	16.9148686000044
21436	16.9148651311039
21442	16.9148607733896
21468	16.9148502377748
21470	16.9148480409677
21494	16.9148469758990
21496	16.9148309808154
21542	16.9148302705162
21554	16.9148237136006
21568	16.9148209564493
21574	16.9148176503383
21586	16.9148096763462
21610	16.9148075260183
21612	16.9147981481613
21648	16.9147894716745
21672	16.9147873653263
21674	16.9147841605059
21702	16.9147804369281
21716	16.9147764044257
21718	16.9147746174697
21724	16.9147744078382
21726	16.9147730053309
21730	16.9147696020746
21736	16.9147674803256
21738	16.9147631096314
21744	16.9147502829296
21766	16.9147486566030
21782	16.9147418817212
21792	16.9147356812685
21808	16.9147264441244
21840	16.9147225472367
21846	16.9147148898740
21866	16.9147143751370
21868	16.9147003364076
21878	16.9146999481247
21884	16.9146962337226
21918	16.9146934275176
21932	16.9146916989855
21942	16.9146890333298
21950	16.9146871126994
21960	16.9146860402445
21962	16.9146848485608
21964	16.9146824351025
22000	16.9146788362972
22004	16.9146753723090
22006	16.9146752423658
22008	16.9146731099359
22010	16.9146723053178
22012	16.9146693550498
22044	16.9146656259462
22048	16.9146625448317
22050	16.9146542140626
22058	16.9146532905232
22068	16.9146530113931
22070	16.9146511382419
22082	16.9146345950918
22112	16.9146317306634
22128	16.9146260540379
22146	16.9146226968295
22162	16.9146198717931
22188	16.9146191424941
22194	16.9146172549619
22214	16.9146112093290
22256	16.9146076601432
22262	16.9146064794804
22264	16.9146058353822
22278	16.9146044106445
22296	16.9146031105010
22298	16.9145991792676
22300	16.9145987454631
22310	16.9145959355045
22316	16.9145950639744
22320	16.9145912923011
22336	16.9145900938658
22344	16.9145847814742
22354	16.9145798477201
22356	16.9145761311459
22372	16.9145730723883
22380	16.9145727322124
22384	16.9145695296091
22390	16.9145669697441
22418	16.9145653821310
22420	16.9145625538200
22422	16.9145610426607
22426	16.9145580336630
22428	16.9145526250484
22440	16.9145522103899
22450	16.9145486932418
22490	16.9145477866684
22492	16.9145424747460
22522	16.9145380617404
22536	16.9145358073009
22542	16.9145302169989
22572	16.9145277818079
22588	16.9145260266211
22594	16.9145239914579
22616	16.9145218886711
22626	16.9145192642229
22630	16.9145150413348
22644	16.9145115640265
22656	16.9145108373040
22658	16.9145078901773
22670	16.9145072719937
22672	16.914506147954
22688	16.9145058431044
22692	16.9145053859767
22718	16.9145017563110
22728	16.9145013879433
22730	16.9144964989405
22740	16.9144944975056
22760	16.9144922620052
22782	16.9144913381924
22786	16.9144895246824
22790	16.9144888164996
22792	16.9144881224225
22814	16.9144833910329
22824	16.9144778040484
22826	16.9144763333688
22840	16.9144750796432
22850	16.9144747017365
22852	16.9144737549934
22856	16.9144727211431
22860	16.9144725798758
22862	16.9144710268492
22868	16.9144696476012
22872	16.9144640032737
22878	16.9144636702051
22890	16.9144630093052
22896	16.9144595215318
22902	16.9144588277011
22904	16.9144558365042
22920	16.9144547140894
22932	16.9144544523339
22936	16.9144537970876
22940	16.9144516046587
22948	16.9144475234340
22980	16.9144426391676
22998	16.9144408262386
23000	16.9144398287476
23020	16.9144387949220
23022	16.9144366419196
23050	16.9144362098521
23060	16.914435627886
23062	16.9144317327319
23082	16.9144304969184
23086	16.9144275142553
23120	16.9144250287429
23122	16.9144228864908
23176	16.9144188439357
23202	16.9144180895487
23212	16.9144160136546
23238	16.9144139419189
23240	16.9144128865274
23288	16.9144119766175
23302	16.9144119240013
23312	16.914411653119
23316	16.9144114724844
23318	16.9144108466021
23342	16.9144102091071
23352	16.9144096085160
23358	16.9144095534434
23370	16.9144092565999
23376	16.9144090599121
23382	16.9144075001092
23384	16.914406568028
23386	16.9144054309897
23400	16.9144050699741
23410	16.9144037767495
23426	16.9144036598595
23436	16.9144034286288
23442	16.9144031077208
23444	16.9144028192617
23454	16.9144025834261
23464	16.9144016002777
23468	16.9143988306783
23474	16.9143983559784
23480	16.9143972268705
23488	16.9143956479613
23502	16.9143955172512
23526	16.9143935064325
23554	16.9143929003617
23572	16.9143904564464
23624	16.9143903559371
23628	16.9143901752277
23630	16.9143893975165
23632	16.91438904254
23652	16.9143888883535
23658	16.9143883234129
23660	16.9143882039568
23670	16.9143881042078
23684	16.9143873659896
23692	16.9143864508315
23708	16.9143864021751
23710	16.9143861897846
23714	16.9143861136301
23716	16.9143859492621
23730	16.9143856478599
23736	16.9143842056103
23758	16.9143838550697
23772	16.9143836347551
23774	16.9143834881087
23776	16.9143832196072
23778	16.9143819058960
23782	16.9143817128711
23786	16.9143807642049
23798	16.914380123069
23802	16.9143790836151
23808	16.9143789880586
23816	16.9143779780067
23840	16.9143755425208
23860	16.9143753704210
23866	16.9143747232439
23886	16.9143743908870
23890	16.9143737414921
23910	16.9143717416839
23934	16.9143702739488
23956	16.914370267557
23968	16.9143700534136
23988	16.9143684400115
23998	16.9143676746061
24002	16.9143672628972
24006	16.9143672042408
24014	16.9143670963606
24018	16.9143670169053
24024	16.9143663651520
24040	16.9143657690994
24042	16.9143649337407
24054	16.9143648461984
24076	16.9143636891874
24098	16.9143630001618
24114	16.91436268653
24136	16.9143616710001
24168	16.9143610311935
24186	16.9143606403645
24188	16.9143598038851
24222	16.9143587192654
24226	16.9143572286228
24266	16.9143570666618
24278	16.9143562717028
24298	16.9143562362306
24302	16.9143561461606
24304	16.9143557365873
24340	16.9143554628751
24356	16.9143545916775
24368	16.9143542823736
24370	16.9143542044834
24380	16.9143539535238
24384	16.9143532586644
24398	16.9143521151328
24410	16.9143520055978
24418	16.9143511968288
24456	16.9143511020500
24464	16.9143510350568
24470	16.9143505560928
24492	16.9143502477346
24504	16.9143498370075
24508	16.9143494848772
24520	16.9143492534035
24528	16.9143492226214
24530	16.9143490738759
24544	16.9143481916021
24556	16.9143480827858
24558	16.9143478652262
24564	16.9143473217458
24584	16.9143470971641
24588	16.9143470841753
24594	16.9143469580375
24598	16.9143464712601
24614	16.9143461704105
24620	16.9143456525950
24634	16.9143455096736
24636	16.9143452924684
24646	16.9143443799509
24662	16.9143434994948
24702	16.9143427933081
24740	16.9143419065440
24766	16.9143418099025
24770	16.9143410513725
24782	16.9143407109447
24792	16.9143405357876
24798	16.9143399169843
24808	16.9143397854213
24818	16.9143390279010
24844	16.9143385487269
24856	16.9143384329959
24860	16.9143379382117
24904	16.9143377582616
24920	16.9143377168815
24940	16.9143373107670
24958	16.9143372732871
24970	16.9143372641371
24972	16.9143365945942
24988	16.9143365201155
25002	16.9143364152995
25010	16.9143362920460
25016	16.9143361799110
25020	16.9143356477805
25022	16.9143356093354
25024	16.9143355792434
25038	16.9143354744411
25056	16.9143350972231
25074	16.9143346915207
25080	16.9143344684634
25082	16.9143344145963
25094	16.9143341332403
25098	16.9143339074427
25110	16.9143337886082
25114	16.9143337756767
25118	16.9143332652005
25126	16.9143331098178
25150	16.9143330615572
25156	16.9143329970131
25158	16.9143327987437
25170	16.9143323010783
25180	16.9143319805247
25188	16.9143314466293
25210	16.9143313171705
25224	16.9143311722449
25226	16.9143310014605
25234	16.9143308492299
25238	16.9143304729304
25246	16.9143302558871
25250	16.9143302532814
25254	16.9143294425395
25264	16.9143288820473
25296	16.9143287505517
25300	16.9143285754303
25302	16.9143283047984
25310	16.9143279433239
25314	16.9143275677455
25336	16.9143269180696
25346	16.9143267919200
25350	16.9143266232422
25356	16.914326233318
25358	16.9143259939935
25380	16.9143254400530
25386	16.9143254295209
25390	16.9143249967302
25420	16.9143243516755
25436	16.9143242567724
25462	16.9143237381467
25476	16.9143235031839
25532	16.9143232978123
25558	16.9143232683351
25568	16.9143229666036
25590	16.9143227971503
25616	16.9143223715341
25644	16.9143223291394
25670	16.9143222467722
25686	16.9143220049701
25690	16.9143219361220
25700	16.9143219006948
25712	16.9143216838708
25724	16.9143212705730
25730	16.9143210329229
25742	16.9143209442164
25748	16.9143208115707
25756	16.9143206986923
25766	16.9143205333626
25780	16.9143203964795
25792	16.9143203089217
25816	16.9143202820233
25822	16.9143201768441
25824	16.9143201529140
25830	16.9143201452500
25838	16.9143198260126
25880	16.9143197030817
25882	16.9143196472675
25884	16.9143196370586
25888	16.9143193422614
25894	16.9143190056319
25914	16.9143185679730
25922	16.9143183251519
25950	16.9143180350773
25960	16.9143179323744
25972	16.9143179103962
25978	16.9143176731785
25998	16.9143173966142
26006	16.9143168565197
26040	16.9143165292201
26056	16.9143165264265
26080	16.9143164555138
26088	16.9143162400909
26116	16.9143161924189
26118	16.9143157986319
26120	16.9143157316493
26130	16.9143154811783
26146	16.9143151023756
26186	16.9143150470746
26194	16.9143149804651
26196	16.9143146722395
26220	16.9143144225801
26236	16.9143143981339
26246	16.9143142916792
26252	16.914314075587
26286	16.9143138206760
26290	16.9143136593242
26296	16.9143136452191
26300	16.9143134198306
26302	16.9143134143824
26320	16.9143133672496
26322	16.9143132416926
26332	16.9143132108909
26344	16.914313184376
26350	16.9143130536491
26356	16.9143130473681
26364	16.9143129058027
26376	16.9143127981389
26380	16.9143127012646
26420	16.9143124522313
26424	16.9143122481022
26440	16.9143120069079
26442	16.9143117869733
26456	16.9143116213161
26480	16.9143111042533
26482	16.9143109435466
26494	16.9143105763227
26502	16.9143101460386
26516	16.9143101094351
26544	16.9143100821286
26548	16.9143099210639
26556	16.9143098322802
26568	16.9143096407959
26590	16.9143090529104
26596	16.9143089610322
26608	16.9143088935347
26616	16.9143088506668
26622	16.9143086073973
26656	16.9143085419166
26658	16.9143084231159
26680	16.9143082537533
26688	16.9143081311429
26716	16.9143081150377
26720	16.9143080079822
26722	16.9143079153218
26732	16.9143078990164
26744	16.9143077412907
26768	16.9143077353596
26774	16.9143075627295
26778	16.9143073578761
26780	16.9143073559221
26788	16.9143073533993
26798	16.9143072175353
26808	16.9143069758506
26836	16.914306943546
26842	16.9143069083677
26854	16.9143068978730
26860	16.9143067810958
26868	16.9143067288195
26872	16.9143064782744
26880	16.9143064754272
26888	16.9143064184681
26896	16.9143063806796
26898	16.9143061362189
26950	16.9143060986522
26952	16.9143060607169
26968	16.9143058058806
27000	16.9143057946302
27012	16.9143057739568
27026	16.9143057154625
27034	16.9143055659006
27038	16.9143054494634
27054	16.9143054230159
27056	16.9143053695286
27058	16.9143052173398
27074	16.9143051716570
27086	16.9143051672440
27092	16.9143050094716
27098	16.9143049384627
27102	16.9143048123455
27110	16.9143046616755
27120	16.9143045835025
27136	16.9143044508851
27144	16.9143044269674
27146	16.9143041094649
27148	16.9143038722014
27192	16.9143037679585
27196	16.9143034737678
27212	16.9143034471478
27216	16.9143032212933
27252	16.9143031604141
27260	16.9143030925278
27264	16.914303083892
27276	16.9143030385921
27280	16.9143028876314
27288	16.9143027127159
27290	16.9143026285874
27318	16.9143025952833
27320	16.9143025920745
27334	16.9143025025978
27352	16.9143024391621
27354	16.9143024353534
27372	16.9143023651392
27376	16.9143023616060
27382	16.9143023250636
27384	16.9143022053261
27390	16.9143021636382
27400	16.9143021139142
27410	16.9143020893621
27422	16.9143020858388
27424	16.9143020851486
27430	16.9143020377705
27432	16.9143019433791
27446	16.9143019079282
27482	16.9143018432181
27484	16.9143017996747
27494	16.9143017809048
27538	16.914301730257
27542	16.9143016982915
27544	16.9143016620830
27552	16.9143016335072
27572	16.9143015454978
27584	16.9143014674387
27594	16.9143014163621
27614	16.9143013581917
27634	16.9143012698084
27648	16.9143012533542
27650	16.9143011901400
27680	16.9143011594589
27688	16.9143011388837
27690	16.9143011218425
27700	16.9143011183562
27722	16.9143010580171
27732	16.9143010452827
27738	16.9143010305865
27746	16.9143010300879
27780	16.9143010206552
27784	16.9143010022741
27792	16.9143009746457
27806	16.9143009709533
27808	16.9143009453079
27816	16.9143008844429
27826	16.9143008145022
27828	16.9143007398484
27874	16.9143006937325
27878	16.9143006605037
27898	16.9143005766348
27932	16.914300548164
27958	16.9143005478633
27964	16.9143004969931
27966	16.9143004761022
27970	16.9143004369657
28000	16.9143004263683
28012	16.9143003972875
28034	16.9143003609136
28042	16.9143003047301
28072	16.9143002923448
28102	16.9143002834173
28106	16.9143002765252
28122	16.9143002731264
28132	16.9143002677428
28146	16.9143002554611
28150	16.9143002542131
28152	16.9143002535264
28154	16.9143002369093
28184	16.9143002247838
28188	16.9143002208970
28198	16.9143002187617
28204	16.9143002097762
28210	16.9143001991343
28234	16.914300188555
28236	16.9143001877972
28240	16.9143001748148
28250	16.9143001669988
28264	16.9143001423688
28282	16.9143001340696
28298	16.9143001004277
28322	16.9143000825938
28326	16.9143000606235
28338	16.9143000455258
28344	16.9143000383043
28370	16.9143000214720
28372	16.9143000139591
28382	16.9143000115095
28388	16.9143000035190
28430	16.9143000015319
28432	16.9142999984198
28442	16.9142999984158
28446	16.9142999968391
28450	16.9142999919915
28458	16.9142999902447
28462	16.9142999840923
28472	16.9142999716734
28492	16.9142999663891
28500	16.9142999656857
28508	16.9142999546174
28512	16.9142999456290
28518	16.9142999430246
28524	16.9142999353935
28534	16.9142999307335
28544	16.9142999242903
28554	16.9142999149785
28558	16.9142999081468
28572	16.9142999070046
28582	16.914299893359
28608	16.9142998912021
28620	16.9142998899619
28634	16.9142998883606
28638	16.9142998648065
28676	16.9142998646891
28696	16.9142998641959
28702	16.9142998597675
28704	16.9142998433618
28724	16.9142998390797
28730	16.9142998334359
28732	16.9142998317673
28746	16.9142998286446
28748	16.9142998259531
28766	16.9142998135206
28792	16.9142998126824
28794	16.9142998121802
28802	16.9142998118420
28804	16.9142997985701
28822	16.9142997917991
28828	16.9142997912395
28830	16.9142997843759
28838	16.9142997747490
28846	16.9142997730087
28862	16.9142997592739
28864	16.9142997514835
28872	16.9142997411453
28908	16.9142997409841
28924	16.9142997400100
28930	16.9142997300881
28938	16.9142997286627
28940	16.9142997256183
28944	16.9142997250943
28948	16.9142997204348
28972	16.9142997203270
28984	16.9142997137657
28992	16.9142997121540
29000	16.9142997096365
29010	16.9142997076112
29014	16.9142997033974
29026	16.9142997021956
29030	16.9142997011310
29032	16.9142996988405
29048	16.9142996969589
29068	16.9142996903612
29080	16.9142996877477
29088	16.9142996861005
29126	16.9142996713473
29138	16.9142996690441
29140	16.9142996654020
29154	16.9142996643848
29156	16.9142996641045
29160	16.9142996527716
29182	16.9142996437044
29188	16.9142996413831
29194	16.9142996407577
29216	16.9142996362825
29218	16.9142996355308
29244	16.9142996328567
29248	16.9142996270717
29250	16.9142996249797
29256	16.9142996214645
29264	16.914299618286
29266	16.9142996166461
29278	16.9142996137723
29284	16.9142996118377
29296	16.9142996092497
29300	16.9142996053138
29304	16.9142995972141
29314	16.9142995926975
29352	16.9142995923692
29374	16.9142995783401
29376	16.9142995776129
29408	16.9142995765288
29414	16.9142995735371
29440	16.9142995682858
29450	16.9142995680154
29462	16.9142995643832
29480	16.9142995599577
29490	16.9142995597148
29502	16.9142995563983
29524	16.9142995489681
29544	16.9142995429808
29548	16.9142995427586
29556	16.9142995388718
29564	16.9142995379913
29578	16.9142995263596
29590	16.9142995233617
29604	16.9142995205423
29622	16.9142995159054
29628	16.9142995076120
29644	16.9142994933739
29654	16.9142994869859
29664	16.9142994822073
29678	16.9142994792453
29690	16.9142994735678
29704	16.9142994657527
29728	16.9142994608188
29730	16.9142994525680
29756	16.9142994513867
29774	16.9142994463804
29788	16.9142994454318
29794	16.9142994335622
29802	16.9142994332231
29806	16.9142994268942
29814	16.9142994265644
29820	16.9142994241038
29822	16.9142994224730
29830	16.9142994192523
29856	16.9142994184107
29864	16.9142994139435
29882	16.9142994032557
29898	16.9142994030555
29904	16.9142994013930
29912	16.9142993996917
29916	16.9142993962812
29928	16.9142993873551
29936	16.9142993859724
29980	16.9142993809132
29986	16.9142993787082
30000	16.9142993769583
30012	16.9142993749523
30032	16.9142993721353
30034	16.9142993699569
30038	16.9142993690223
30042	16.9142993682462
30044	16.914299367137
30050	16.9142993661507
30052	16.9142993569004
30066	16.9142993531603
30110	16.9142993516099
30112	16.9142993498856
30114	16.9142993445169
30116	16.9142993430550
30118	16.9142993400241
30166	16.9142993384301
30172	16.9142993379737
30186	16.9142993362853
30188	16.9142993351479
30192	16.9142993350985
30196	16.9142993333975
30208	16.9142993328102
30212	16.9142993272272
30230	16.9142993266339
30242	16.9142993261927
30264	16.9142993191154
30274	16.9142993177877
30286	16.9142993175479
30288	16.9142993166362
30292	16.9142993163763
30298	16.9142993137292
30300	16.9142993128524
30306	16.9142993108789
30308	16.9142993102878
30316	16.9142992962123
30326	16.9142992945034
30336	16.9142992854072
30342	16.9142992839962
30354	16.9142992832391
30372	16.9142992760548
30384	16.9142992754505
30396	16.9142992725675
30406	16.9142992679058
30424	16.9142992637338
30432	16.9142992613342
30438	16.9142992580153
30440	16.9142992514228
30450	16.9142992434023
30456	16.9142992345653
30496	16.9142992314294
30502	16.9142992265102
30506	16.9142992152629
30510	16.9142992138566
30526	16.9142992080186
30532	16.9142992016889
30564	16.9142992015673
30568	16.9142992013199
30570	16.9142991955528
30576	16.9142991949624
30594	16.9142991921584
30614	16.9142991860784
30626	16.9142991860324
30630	16.9142991795718
30636	16.9142991786006
30638	16.9142991739409
30680	16.9142991699777
30694	16.9142991644924
30702	16.9142991621500
30716	16.9142991611279
30726	16.9142991585129
30748	16.9142991567663
30754	16.9142991560025
30770	16.9142991554625
30786	16.9142991546303
30798	16.9142991539127
30808	16.9142991488388
30816	16.9142991440054
30856	16.9142991436031
30866	16.9142991429328
30868	16.9142991393187
30882	16.9142991340716
30898	16.9142991328643
30914	16.9142991311501
30922	16.9142991308441
30932	16.9142991303778
30936	16.9142991285088
30956	16.9142991252602
30962	16.9142991227485
30966	16.9142991176747
30976	16.9142991139032
30994	16.9142991133307
30996	16.9142991071018
31024	16.9142991042704
31056	16.9142991040498
31070	16.9142991023527
31100	16.9142991006907
31108	16.9142990979339
31152	16.9142990963007
31160	16.914299095357
31188	16.9142990923713
31200	16.9142990908018
31224	16.9142990905892
31234	16.9142990904592
31236	16.9142990846945
31270	16.9142990835055
31282	16.9142990791979
31306	16.9142990789617
31348	16.9142990779904
31356	16.9142990766783
31374	16.9142990738270
31378	16.9142990728016
31402	16.9142990715596
31408	16.9142990714962
31410	16.9142990711790
31414	16.9142990710723
31416	16.9142990707001
31426	16.9142990704111
31434	16.9142990682127
31438	16.9142990665826
31440	16.9142990658047
31458	16.9142990649562
31466	16.9142990619779
31488	16.9142990610259
31504	16.9142990599565
31508	16.9142990587671
31516	16.9142990580501
31528	16.9142990566702
31540	16.914299055032
31564	16.9142990531194
31588	16.9142990526294
31604	16.9142990524725
31606	16.9142990511876
31628	16.9142990489803
31656	16.9142990473263
31674	16.9142990460803
31678	16.9142990459482
31694	16.9142990448070
31700	16.914299044249
31706	16.9142990433819
31714	16.9142990428327
31724	16.9142990411919
31748	16.9142990406619
31766	16.9142990398594
31772	16.9142990391058
31784	16.9142990382732
31818	16.9142990372353
31830	16.9142990354207
31834	16.9142990350761
31852	16.9142990338334
31858	16.9142990327743
31874	16.9142990324104
31880	16.9142990321324
31882	16.9142990315735
31888	16.9142990301749
31900	16.9142990294805
31906	16.9142990287127
31922	16.9142990279254
31924	16.9142990277295
31926	16.9142990272353
31948	16.9142990266545
31950	16.9142990265227
31954	16.9142990258902
31966	16.9142990245595
31984	16.9142990243144
31994	16.9142990234217
32004	16.9142990229970
32026	16.9142990227596
32028	16.9142990227225
32042	16.9142990216761
32044	16.9142990214297
32050	16.9142990208507
32054	16.9142990207501
32056	16.9142990200256
32064	16.9142990190386
32070	16.9142990164267
32108	16.9142990162713
32116	16.9142990154793
32162	16.9142990141794
32180	16.9142990135050
32192	16.9142990133271
32194	16.9142990132171
32200	16.9142990126227
32204	16.9142990121688
32216	16.9142990119271
32232	16.9142990115948
32240	16.9142990115292
32248	16.9142990108815
32256	16.9142990100136
32268	16.9142990086863
32274	16.9142990081522
32288	16.9142990080999
32290	16.9142990077096
32298	16.9142990074999
32300	16.9142990074821
32304	16.9142990059423
32306	16.9142990049691
32314	16.9142990048284
32316	16.9142990047505
32320	16.9142990038979
32332	16.9142990034811
32380	16.9142990022759
32382	16.9142990020260
32392	16.9142990001012
32412	16.9142989997279
32416	16.9142989996056
32434	16.9142989995410
32446	16.9142989991005
32456	16.9142989988352
32466	16.9142989988062
32470	16.9142989980205
32486	16.9142989973820
32490	16.9142989972455
32494	16.9142989968555
32498	16.9142989951331
32500	16.9142989947755
32518	16.9142989941395
32530	16.9142989925130
32564	16.9142989924386
32582	16.9142989916588
32584	16.9142989911195
32588	16.9142989910617
32596	16.9142989909366
32604	16.9142989899104
32610	16.9142989899090
32612	16.9142989897835
32614	16.9142989895848
32638	16.9142989895027
32644	16.9142989890849
32666	16.9142989885271
32686	16.9142989873813
32694	16.9142989865707
32704	16.9142989863150
32720	16.9142989861890
32742	16.9142989856156
32746	16.9142989853758
32762	16.9142989850585
32766	16.9142989847371
32774	16.9142989846184
32778	16.9142989838308
32794	16.9142989829674
32820	16.9142989821895
32842	16.9142989821103
32848	16.9142989817727
32858	16.9142989813441
32860	16.9142989811163
32866	16.9142989803483
32872	16.9142989799756
32882	16.9142989786022
32916	16.9142989772318
32948	16.9142989765782
32968	16.9142989755741
32976	16.9142989742982
32994	16.9142989734740
32998	16.9142989726905
33002	16.9142989726412
33004	16.9142989724217
33008	16.9142989709728
33014	16.9142989704556
33022	16.9142989704321
33036	16.9142989688544
33066	16.9142989680054
33110	16.9142989676885
33112	16.9142989670325
33134	16.9142989669202
33138	16.9142989650353
33150	16.9142989643287
33152	16.9142989637906
33168	16.9142989635826
33170	16.9142989633339
33180	16.9142989621953
33190	16.9142989615138
33204	16.9142989596843
33222	16.9142989592356
33230	16.914298958122
33256	16.9142989578265
33268	16.9142989572689
33272	16.9142989567901
33322	16.9142989559098
33356	16.9142989555068
33370	16.9142989546434
33378	16.9142989545397
33388	16.9142989543428
33394	16.9142989540170
33426	16.9142989533335
33434	16.9142989532989
33440	16.9142989528182
33454	16.9142989522616
33488	16.9142989519480
33506	16.9142989517587
33522	16.9142989516009
33538	16.9142989513317
33542	16.9142989511766
33552	16.9142989511326
33562	16.9142989505654
33568	16.9142989504012
33582	16.9142989502651
33600	16.9142989500019
33602	16.9142989498637
33604	16.9142989495062
33618	16.9142989490592
33634	16.914298948939
33646	16.9142989488826
33654	16.9142989481692
33656	16.9142989480950
33658	16.9142989478788
33670	16.9142989477215
33674	16.9142989476568
33680	16.9142989474637
33682	16.9142989474367
33694	16.9142989473662
33700	16.9142989471427
33710	16.9142989466965
33750	16.9142989463772
33794	16.9142989460459
33796	16.9142989455422
33798	16.9142989453483
33822	16.9142989451765
33836	16.9142989451198
33844	16.9142989450875
33846	16.9142989447266
33860	16.9142989441933
33892	16.9142989440794
33916	16.9142989437052
33920	16.9142989433321
33930	16.9142989432282
33950	16.9142989429762
33964	16.9142989429713
33966	16.9142989428535
33980	16.9142989426465
34006	16.9142989426313
34012	16.9142989425488
34024	16.9142989424768
34040	16.9142989423528
34048	16.9142989423464
34072	16.9142989423382
34078	16.9142989422325
34082	16.9142989421440
34086	16.9142989421199
34110	16.9142989421163
34112	16.9142989419785
34122	16.9142989418655
34126	16.9142989417767
34134	16.9142989416297
34146	16.9142989415502
34164	16.9142989415272
34192	16.9142989413808
34208	16.9142989413417
34226	16.9142989413088
34230	16.9142989412092
34272	16.9142989411511
34276	16.9142989411284
34288	16.9142989411094
34310	16.9142989410688
34312	16.9142989409704
34326	16.9142989409257
34348	16.9142989408322
34370	16.9142989407922
34378	16.9142989407632
34392	16.9142989407186
34404	16.9142989406494
34432	16.9142989405799
34454	16.9142989405628
34462	16.9142989405615
34468	16.9142989405426
34470	16.9142989404992
34496	16.9142989404966
34498	16.9142989403951
34528	16.9142989403564
34530	16.9142989402734
34548	16.9142989402523
34570	16.9142989402359
34576	16.9142989401658
34578	16.9142989401039
34584	16.9142989400671
34588	16.9142989400665
34600	16.9142989400399
34602	16.9142989400104
34604	16.9142989398438
34616	16.9142989398179
34624	16.9142989397594
34638	16.914298939758
34650	16.914298939494
34658	16.9142989394744
34666	16.9142989394200
34688	16.9142989393917
34696	16.9142989393008
34708	16.9142989392834
34714	16.9142989392201
34728	16.9142989392173
34740	16.9142989391436
34766	16.9142989390989
34780	16.9142989390696
34782	16.9142989390353
34788	16.9142989390219
34796	16.9142989389552
34806	16.9142989388969
34820	16.9142989388139
34850	16.9142989387807
34852	16.9142989387594
34860	16.9142989387229
34866	16.9142989386752
34876	16.9142989386248
34894	16.9142989385941
34902	16.9142989385589
34948	16.9142989385251
34956	16.9142989384947
34960	16.9142989384911
34966	16.9142989384560
34970	16.9142989384324
35004	16.9142989384229
35016	16.9142989384152
35020	16.9142989384022
35030	16.9142989383697
35038	16.9142989383070
35050	16.9142989382835
35054	16.9142989382832
35056	16.9142989382668
35060	16.9142989382646
35070	16.9142989382639
35076	16.9142989381995
35078	16.9142989381476
35116	16.9142989381114
35140	16.9142989380898
35152	16.9142989380537
35184	16.9142989380297
35196	16.9142989380026
35206	16.9142989379974
35240	16.9142989379845
35246	16.9142989379737
35260	16.9142989379586
35280	16.9142989379521
35294	16.9142989379411
35298	16.9142989379104
35306	16.9142989379052
35308	16.9142989378770
35320	16.9142989378742
35332	16.9142989378246
35334	16.9142989378028
35344	16.9142989378005
35348	16.9142989377970
35354	16.9142989377900
35362	16.9142989377819
35364	16.9142989377742
35374	16.9142989377741
35378	16.9142989377582
35384	16.9142989377184
35418	16.9142989376936
35420	16.9142989376656
35422	16.9142989376596
35426	16.9142989376594
35442	16.9142989376022
35454	16.9142989375808
35460	16.9142989375759
35472	16.9142989375617
35476	16.9142989375539
35508	16.9142989375091
35524	16.9142989374715
35528	16.9142989374328
35536	16.9142989374077
35554	16.9142989373741
35562	16.9142989373366
35566	16.9142989373317
35588	16.9142989372683
35606	16.9142989372586
35614	16.9142989372359
35618	16.9142989372327
35624	16.9142989372150
35644	16.9142989372034
35656	16.9142989371872
35670	16.9142989371719
35678	16.9142989371478
35684	16.9142989371440
35686	16.9142989371369
35690	16.9142989371261
35716	16.9142989371071
35726	16.9142989371066
35736	16.9142989370525
35738	16.9142989370364
35750	16.9142989370323
35754	16.9142989369839
35760	16.9142989369493
35772	16.9142989369357
35774	16.9142989369197
35778	16.9142989368942
35788	16.9142989368884
35806	16.9142989368754
35818	16.9142989367927
35824	16.9142989367822
35854	16.9142989367687
35856	16.9142989367459
35860	16.9142989366917
35882	16.9142989366183
35900	16.914298936568
35906	16.9142989365678
35926	16.9142989365247
35952	16.9142989364742
35980	16.9142989364650
35988	16.9142989364360
36020	16.9142989364219
36036	16.9142989363816
36062	16.9142989363751
36066	16.9142989363705
36072	16.9142989363497
36074	16.9142989363474
36076	16.9142989363261
36116	16.9142989363157
36132	16.9142989363107
36168	16.9142989363047
36170	16.9142989362864
36176	16.9142989362817
36188	16.9142989362676
36200	16.9142989362475
36238	16.9142989362183
36244	16.9142989362176
36256	16.9142989361999
36262	16.9142989361896
36284	16.91429893618
36292	16.9142989361666
36330	16.9142989361541
36352	16.9142989361435
36382	16.9142989361273
36396	16.9142989361268
36408	16.9142989361221
36426	16.9142989361152
36436	16.9142989361100
36446	16.9142989361022
36454	16.9142989361007
36460	16.9142989360981
36480	16.9142989360852
36506	16.9142989360806
36508	16.9142989360781
36510	16.914298936057
36516	16.9142989360365
36546	16.9142989360357
36550	16.9142989360234
36562	16.9142989360109
36564	16.9142989359996
36592	16.9142989359965
36598	16.9142989359938
36626	16.9142989359853
36630	16.9142989359754
36658	16.9142989359742
36666	16.9142989359688
36674	16.9142989359646
36692	16.9142989359633
36696	16.9142989359610
36704	16.9142989359497
36708	16.9142989359440
36712	16.9142989359429
36714	16.9142989359422
36730	16.9142989359333
36744	16.9142989359311
36754	16.9142989359267
36772	16.9142989359240
36786	16.9142989359143
36800	16.9142989359132
36806	16.9142989359063
36822	16.9142989358968
36838	16.9142989358902
36860	16.9142989358878
36876	16.9142989358745
36888	16.9142989358688
36894	16.9142989358681
36898	16.9142989358629
36918	16.9142989358331
36946	16.9142989358089
36974	16.9142989358076
36980	16.9142989357949
36998	16.9142989357903
37010	16.9142989357809
37020	16.9142989357401
37030	16.9142989357352
37032	16.9142989357133
37044	16.9142989357006
37058	16.9142989357001
37076	16.9142989356897
37082	16.9142989356812
37090	16.9142989356757
37112	16.9142989356671
37118	16.9142989356578
37122	16.9142989356544
37126	16.9142989356393
37134	16.9142989356143
37140	16.9142989356015
37156	16.9142989356008
37160	16.9142989355827
37168	16.9142989355666
37192	16.9142989355625
37198	16.9142989355624
37212	16.9142989355528
37222	16.9142989355506
37228	16.9142989355468
37248	16.9142989355439
37256	16.9142989355426
37272	16.9142989355369
37274	16.914298935524
37290	16.9142989355111
37308	16.9142989355065
37310	16.9142989355049
37324	16.9142989354981
37328	16.9142989354898
37336	16.9142989354815
37356	16.9142989354699
37390	16.9142989354455
37394	16.91429893544
37408	16.9142989354306
37412	16.9142989354304
37422	16.9142989353882
37446	16.9142989353879
37458	16.9142989353770
37462	16.9142989353705
37488	16.9142989353589
37518	16.9142989353384
37522	16.9142989353077
37534	16.9142989353061
37538	16.9142989353054
37548	16.9142989353034
37556	16.9142989352999
37562	16.9142989352896
37564	16.9142989352805
37570	16.9142989352712
37586	16.9142989352707
37598	16.9142989352607
37610	16.9142989352545
37614	16.9142989352492
37616	16.9142989352438
37654	16.9142989352435
37660	16.9142989352277
37674	16.9142989352196
37676	16.9142989352081
37688	16.9142989352062
37700	16.9142989351948
37702	16.9142989351894
37708	16.9142989351888
37716	16.9142989351872
37726	16.9142989351827
37770	16.9142989351815
37782	16.9142989351811
37786	16.9142989351729
37790	16.9142989351663
37812	16.9142989351656
37814	16.9142989351632
37838	16.9142989351586
37846	16.9142989351556
37850	16.9142989351473
37876	16.9142989351426
37892	16.9142989351391
37904	16.9142989351370
37906	16.9142989351346
37910	16.9142989351299
37920	16.9142989351266
37924	16.9142989351213
37936	16.9142989351180
37948	16.9142989351123
37974	16.9142989351098
37976	16.9142989351048
37996	16.9142989351038
38016	16.9142989350937
38026	16.9142989350936
38028	16.9142989350913
38032	16.9142989350863
38044	16.9142989350824
38046	16.9142989350806
38058	16.9142989350691
38078	16.9142989350622
38100	16.9142989350609
38104	16.9142989350594
38112	16.9142989350589
38114	16.9142989350585
38124	16.9142989350475
38126	16.9142989350411
38132	16.9142989350282
38136	16.9142989350281
38140	16.9142989350176
38164	16.9142989350064
38202	16.9142989350056
38204	16.9142989350053
38214	16.9142989350029
38224	16.9142989349981
38230	16.9142989349855
38236	16.914298934982
38240	16.9142989349757
38242	16.9142989349716
38254	16.9142989349586
38260	16.9142989349395
38262	16.9142989349275
38278	16.9142989349209
38296	16.9142989349167
38304	16.9142989349095
38310	16.9142989349083
38320	16.9142989349067
38338	16.9142989349033
38344	16.914298934892
38370	16.9142989348915
38376	16.9142989348882
38394	16.9142989348821
38396	16.9142989348806
38406	16.9142989348762
38420	16.9142989348720
38434	16.9142989348686
38440	16.9142989348643
38444	16.9142989348597
38456	16.9142989348588
38458	16.9142989348533
38466	16.9142989348505
38474	16.9142989348393
38482	16.9142989348361
38490	16.9142989348361
38506	16.9142989348309
38510	16.9142989348304
38522	16.914298934825
38524	16.9142989348249
38540	16.9142989348219
38550	16.9142989348123
38556	16.9142989348030
38584	16.9142989347977
38590	16.9142989347937
38592	16.9142989347873
38604	16.9142989347871
38610	16.9142989347869
38612	16.9142989347859
38616	16.9142989347792
38622	16.9142989347723
38642	16.9142989347718
38644	16.9142989347644
38648	16.9142989347500
38654	16.9142989347457
38658	16.9142989347411
38664	16.9142989347287
38672	16.9142989347278
38674	16.9142989347275
38682	16.9142989347202
38688	16.9142989347169
38694	16.9142989347097
38704	16.9142989346923
38712	16.9142989346907
38722	16.9142989346907
38728	16.9142989346890
38740	16.9142989346820
38754	16.9142989346768
38760	16.9142989346702
38768	16.9142989346509
38802	16.914298934645
38804	16.9142989346336
38822	16.9142989346224
38824	16.9142989346087
38828	16.9142989345942
38832	16.9142989345917
38852	16.9142989345787
38870	16.9142989345743
38872	16.9142989345732
38886	16.9142989345593
38888	16.9142989345330
38898	16.9142989345156
38904	16.9142989345128
38938	16.9142989345022
38950	16.9142989344858
38986	16.9142989344696
38992	16.9142989344615
38998	16.9142989344506
39010	16.9142989344491
39026	16.9142989344455
39032	16.9142989344404
39046	16.9142989344346
39054	16.9142989344238
39062	16.9142989344222
39066	16.914298934415
39088	16.9142989344123
39090	16.9142989344121
39092	16.9142989344041
39096	16.9142989343915
39114	16.9142989343892
39124	16.9142989343798
39140	16.9142989343798
39144	16.9142989343625
39150	16.9142989343502
39154	16.9142989343441
39160	16.9142989343409
39162	16.9142989343174
39192	16.9142989343113
39212	16.9142989342916
39222	16.9142989342864
39224	16.9142989342667
39230	16.9142989342359
39264	16.9142989342184
39302	16.9142989342103
39312	16.9142989342077
39320	16.9142989341959
39330	16.9142989341905
39338	16.914298934183
39352	16.9142989341808
39372	16.9142989341668
39376	16.9142989341609
39388	16.9142989341528
39390	16.9142989341416
39408	16.9142989341199
39420	16.9142989341177
39424	16.9142989341145
39474	16.914298934105
39482	16.9142989341022
39484	16.9142989340913
39488	16.9142989340827
39534	16.9142989340821
39538	16.9142989340684
39570	16.914298934068
39572	16.9142989340589
39582	16.9142989340585
39596	16.9142989340583
39600	16.9142989340505
39620	16.9142989340374
39662	16.9142989340344
39674	16.9142989340260
39692	16.9142989340157
39710	16.9142989340154
39714	16.9142989340068
39726	16.9142989340030
39736	16.914298934001
39738	16.9142989339931
39746	16.9142989339916
39748	16.9142989339837
39758	16.9142989339835
39764	16.9142989339822
39772	16.9142989339778
39782	16.9142989339616
39790	16.9142989339580
39806	16.9142989339538
39818	16.9142989339522
39824	16.9142989339450
39826	16.9142989339411
39860	16.9142989339382
39870	16.9142989339376
39876	16.9142989339326
39878	16.9142989339220
39880	16.9142989339197
39898	16.9142989339176
39906	16.9142989339033
39954	16.9142989339028
39956	16.9142989339015
39958	16.9142989338998
39960	16.9142989338989
39962	16.9142989338912
39984	16.9142989338801
40002	16.9142989338792
40006	16.9142989338719
40076	16.9142989338684
40084	16.9142989338673
40086	16.9142989338644
40104	16.9142989338606
40116	16.9142989338574
40140	16.9142989338565
40154	16.9142989338561
40166	16.9142989338542
40170	16.9142989338528
40174	16.9142989338526
40180	16.9142989338512
40196	16.9142989338483
40210	16.9142989338453
40238	16.9142989338408
40240	16.9142989338375
40256	16.9142989338307
40302	16.9142989338284
40322	16.9142989338279
40324	16.9142989338277
40342	16.9142989338252
40348	16.9142989338208
40360	16.9142989338177
40364	16.9142989338135
40380	16.9142989338035
40384	16.9142989338018
40396	16.9142989338015
40398	16.9142989337910
40400	16.9142989337904
40402	16.9142989337856
40412	16.9142989337705
40430	16.9142989337576
40448	16.9142989337574
40468	16.9142989337502
40472	16.9142989337335
40508	16.9142989337269
40512	16.9142989337268
40516	16.9142989337262
40524	16.9142989337151
40544	16.9142989337081
40564	16.9142989337067
40570	16.9142989336994
40582	16.9142989336821
40590	16.9142989336817
40602	16.9142989336816
40604	16.9142989336707
40630	16.9142989336669
40642	16.9142989336483
40660	16.9142989336419
40668	16.9142989336342
40678	16.9142989336208
40682	16.9142989336037
40694	16.9142989335877
40698	16.9142989335833
40702	16.9142989335824
40714	16.9142989335774
40724	16.9142989335676
40732	16.9142989335554
40742	16.9142989335496
40752	16.9142989335281
40758	16.9142989335029
40762	16.9142989334887
40764	16.9142989334746
40780	16.9142989334542
40818	16.9142989334405
40862	16.9142989334136
40866	16.9142989333936
40900	16.9142989333889
40926	16.9142989333887
40928	16.9142989333854
40944	16.9142989333841
40952	16.914298933356
40978	16.9142989333504
40990	16.9142989333452
40994	16.9142989333422
41006	16.9142989333373
41012	16.9142989333347
41014	16.9142989333312
41040	16.9142989333290
41042	16.9142989333063
41062	16.9142989333039
41082	16.9142989333023
41096	16.9142989333006
41112	16.9142989332994
41114	16.9142989332902
41146	16.9142989332848
41152	16.9142989332826
41176	16.9142989332749
41184	16.9142989332631
41206	16.9142989332624
41212	16.9142989332618
41214	16.9142989332528
41226	16.9142989332459
41276	16.9142989332418
41290	16.9142989332405
41312	16.9142989332366
41320	16.9142989332345
41328	16.9142989332268
41332	16.9142989332197
41356	16.9142989332016
41382	16.9142989331918
41398	16.9142989331796
41428	16.9142989331792
41432	16.9142989331773
41446	16.9142989331769
41460	16.9142989331754
41474	16.9142989331747
41482	16.9142989331724
41488	16.9142989331717
41494	16.9142989331701
41528	16.9142989331682
41544	16.9142989331665
41554	16.9142989331651
41558	16.9142989331639
41570	16.9142989331589
41600	16.9142989331551
41602	16.9142989331512
41608	16.9142989331432
41610	16.9142989331423
41648	16.9142989331369
41672	16.9142989331328
41676	16.9142989331321
41690	16.9142989331288
41700	16.9142989331248
41732	16.9142989331241
41734	16.9142989331223
41746	16.9142989331184
41792	16.9142989331130
41808	16.9142989331130
41828	16.9142989331109
41830	16.9142989331076
41842	16.9142989331074
41844	16.9142989331034
41862	16.9142989330981
41892	16.9142989330974
41902	16.914298933094
41932	16.9142989330925
41962	16.9142989330918
41970	16.914298933088
42030	16.9142989330877
42032	16.9142989330847
42048	16.9142989330826
42054	16.9142989330817
42064	16.9142989330785
42086	16.9142989330781
42088	16.9142989330766
42094	16.9142989330726
42118	16.9142989330717
42120	16.9142989330695
42148	16.9142989330689
42166	16.9142989330684
42176	16.9142989330665
42182	16.9142989330663
42190	16.9142989330653
42204	16.9142989330644
42228	16.9142989330639
42230	16.9142989330617
42244	16.9142989330615
42260	16.9142989330601
42276	16.9142989330589
42278	16.9142989330579
42300	16.9142989330577
42310	16.9142989330571
42314	16.9142989330561
42320	16.9142989330548
42342	16.9142989330529
42360	16.9142989330518
42372	16.9142989330502
42390	16.9142989330498
42398	16.9142989330495
42408	16.9142989330494
42418	16.9142989330486
42422	16.9142989330481
42424	16.9142989330471
42434	16.9142989330449
42458	16.9142989330447
42462	16.9142989330441
42484	16.9142989330425
42498	16.9142989330424
42502	16.9142989330409
42522	16.9142989330401
42530	16.9142989330400
42536	16.9142989330393
42538	16.9142989330375
42542	16.9142989330359
42568	16.9142989330345
42570	16.9142989330320
42586	16.9142989330303
42590	16.9142989330242
42608	16.9142989330227
42614	16.9142989330218
42624	16.9142989330179
42626	16.9142989330169
42638	16.9142989330165
42642	16.9142989330110
42644	16.914298933008
42666	16.9142989330046
42674	16.9142989329991
42678	16.9142989329941
42724	16.9142989329934
42730	16.9142989329908
42742	16.9142989329874
42744	16.9142989329862
42762	16.9142989329818
42782	16.9142989329808
42798	16.9142989329793
42804	16.9142989329759
42806	16.9142989329748
42808	16.9142989329692
42820	16.9142989329675
42842	16.9142989329612
42858	16.9142989329594
42866	16.9142989329568
42886	16.9142989329563
42894	16.9142989329550
42910	16.9142989329508
42922	16.9142989329495
42952	16.9142989329489
42958	16.9142989329485
42966	16.9142989329453
42972	16.9142989329444
42990	16.9142989329443
43004	16.9142989329429
43022	16.9142989329423
43030	16.9142989329406
43032	16.9142989329403
43034	16.9142989329403
43046	16.9142989329392
43064	16.9142989329383
43074	16.9142989329380
43090	16.9142989329360
43092	16.9142989329354
43094	16.9142989329353
43096	16.9142989329347
43112	16.9142989329331
43120	16.9142989329327
43136	16.914298932931
43158	16.9142989329301
43176	16.9142989329279
43190	16.9142989329262
43212	16.9142989329257
43218	16.9142989329253
43220	16.9142989329238
43232	16.9142989329217
43276	16.9142989329212
43298	16.9142989329205
43304	16.9142989329181
43330	16.9142989329178
43334	16.9142989329177
43344	16.9142989329164
43348	16.9142989329161
43356	16.9142989329160
43358	16.9142989329149
43364	16.9142989329141
43366	16.914298932914
43376	16.9142989329134
43400	16.9142989329129
43418	16.9142989329129
43422	16.9142989329125
43424	16.9142989329121
43428	16.9142989329117
43434	16.9142989329102
43472	16.9142989329095
43480	16.9142989329083
43482	16.9142989329079
43486	16.9142989329066
43498	16.9142989329058
43524	16.9142989329053
43536	16.9142989329043
43568	16.9142989329028
43574	16.9142989329028
43578	16.9142989329024
43586	16.9142989329019
43598	16.9142989329017
43600	16.9142989329009
43618	16.9142989328999
43626	16.914298932899
43636	16.9142989328975
43640	16.9142989328954
43664	16.9142989328947
43678	16.9142989328932
43686	16.9142989328928
43702	16.9142989328927
43704	16.9142989328917
43718	16.9142989328888
43722	16.9142989328887
43732	16.9142989328868
43736	16.9142989328865
43740	16.9142989328859
43754	16.9142989328858
43760	16.9142989328850
43764	16.9142989328847
43778	16.9142989328837
43802	16.9142989328835
43808	16.9142989328818
43816	16.9142989328802
43822	16.9142989328793
43848	16.9142989328789
43856	16.9142989328763
43914	16.9142989328762
43926	16.9142989328748
43934	16.9142989328745
43942	16.9142989328742
43960	16.9142989328736
43968	16.9142989328735
43974	16.9142989328733
43982	16.9142989328727
44000	16.9142989328723
44004	16.9142989328714
44012	16.9142989328703
44028	16.9142989328695
44030	16.9142989328688
44032	16.9142989328684
44046	16.9142989328679
44060	16.9142989328673
44068	16.9142989328662
44090	16.914298932865
44098	16.9142989328625
44110	16.9142989328614
44144	16.9142989328587
44176	16.9142989328571
44178	16.9142989328571
44180	16.9142989328552
44196	16.9142989328549
44220	16.9142989328547
44222	16.9142989328547
44224	16.914298932853
44236	16.9142989328522
44238	16.9142989328502
44252	16.9142989328481
44292	16.9142989328471
44310	16.9142989328463
44316	16.9142989328452
44322	16.9142989328441
44354	16.9142989328418
44362	16.9142989328413
44378	16.9142989328384
44424	16.9142989328359
44430	16.9142989328349
44460	16.9142989328338
44468	16.9142989328335
44484	16.9142989328331
44486	16.9142989328327
44494	16.9142989328324
44496	16.9142989328315
44514	16.9142989328307
44528	16.9142989328303
44532	16.9142989328297
44536	16.9142989328295
44538	16.9142989328276
44548	16.9142989328273
44558	16.9142989328272
44562	16.9142989328269
44564	16.9142989328263
44576	16.9142989328247
44584	16.9142989328242
44586	16.9142989328230
44598	16.9142989328230
44608	16.9142989328226
44616	16.9142989328226
44618	16.9142989328217
44628	16.9142989328215
44638	16.9142989328213
44670	16.9142989328212
44678	16.9142989328211
44686	16.9142989328206
44692	16.9142989328202
44700	16.9142989328195
44708	16.9142989328187
44734	16.9142989328181
44752	16.9142989328175
44786	16.9142989328166
44796	16.9142989328166
44802	16.9142989328161
44818	16.9142989328158
44820	16.9142989328151
44830	16.9142989328145
44856	16.9142989328144
44858	16.9142989328137
44898	16.9142989328133
44906	16.9142989328131
44910	16.9142989328130
44914	16.9142989328129
44928	16.9142989328120
44932	16.9142989328119
44964	16.9142989328114
44966	16.9142989328111
44992	16.9142989328109
45012	16.9142989328108
45014	16.9142989328105
45028	16.9142989328104
45040	16.9142989328104
45056	16.9142989328102
45062	16.9142989328098
45084	16.9142989328096
45116	16.9142989328094
45120	16.9142989328092
45136	16.9142989328089
45168	16.9142989328087
45182	16.9142989328087
45184	16.9142989328085
45218	16.9142989328085
45224	16.9142989328084
45240	16.9142989328084
45242	16.9142989328081
45260	16.9142989328081
45268	16.9142989328078
45318	16.9142989328076
45328	16.9142989328074
45332	16.9142989328073
45342	16.9142989328073
45352	16.9142989328073
45358	16.9142989328072
45360	16.9142989328071
45370	16.9142989328070
45374	16.9142989328069
45394	16.9142989328067
45408	16.9142989328063
45414	16.9142989328063
45416	16.9142989328061
45434	16.9142989328060
45440	16.9142989328059
45446	16.9142989328058
45448	16.9142989328056
45486	16.9142989328056
45492	16.9142989328055
45506	16.9142989328054
45512	16.9142989328054
45536	16.9142989328052
45538	16.9142989328051
45544	16.9142989328048
45560	16.9142989328048
45580	16.9142989328047
45582	16.9142989328047
45590	16.9142989328046
45594	16.9142989328045
45602	16.9142989328045
45604	16.9142989328045
45608	16.9142989328043
45612	16.9142989328043
45624	16.9142989328040
45642	16.9142989328039
45650	16.9142989328036
45662	16.9142989328029
45674	16.9142989328028
45696	16.9142989328028
45704	16.9142989328026
45710	16.9142989328025
45716	16.9142989328024
45720	16.9142989328021
45726	16.9142989328021
45736	16.9142989328020
45744	16.9142989328019
45752	16.9142989328017
45754	16.9142989328016
45760	16.9142989328012
45768	16.9142989328011
45792	16.9142989328009
45794	16.9142989328008
45806	16.9142989328006
45842	16.9142989328005
45850	16.9142989328004
45854	16.9142989328001
45860	16.9142989327999
45888	16.9142989327996
45926	16.9142989327992
45928	16.9142989327989
45942	16.9142989327984
45950	16.9142989327984
45960	16.9142989327982
45982	16.9142989327981
45994	16.9142989327978
46002	16.9142989327974
46024	16.9142989327971
46032	16.9142989327971
46038	16.914298932797
46042	16.9142989327967
46060	16.9142989327967
46068	16.9142989327964
46080	16.9142989327960
46088	16.914298932796
46094	16.9142989327955
46104	16.9142989327952
46120	16.914298932795
46124	16.9142989327949
46138	16.9142989327942
46150	16.9142989327942
46158	16.9142989327941
46182	16.9142989327934
46210	16.9142989327934
46232	16.9142989327932
46234	16.9142989327931
46244	16.9142989327930
46260	16.9142989327929
46264	16.9142989327927
46274	16.9142989327925
46282	16.9142989327925
46294	16.9142989327922
46296	16.9142989327921
46306	16.9142989327918
46370	16.9142989327916
46372	16.9142989327915
46382	16.9142989327912
46414	16.9142989327911
46418	16.9142989327907
46420	16.9142989327906
46424	16.9142989327906
46432	16.9142989327905
46434	16.9142989327905
46436	16.9142989327904
46452	16.9142989327904
46472	16.9142989327902
46484	16.9142989327901
46486	16.9142989327897
46508	16.9142989327896
46538	16.9142989327895
46554	16.9142989327894
46558	16.9142989327894
46572	16.9142989327891
46576	16.914298932789
46584	16.9142989327889
46598	16.9142989327887
46628	16.9142989327886
46634	16.9142989327885
46642	16.9142989327883
46658	16.9142989327882
46690	16.9142989327882
46694	16.9142989327882
46698	16.914298932788
46704	16.9142989327878
46714	16.9142989327877
46738	16.9142989327876
46758	16.9142989327875
46772	16.9142989327875
46784	16.9142989327872
46810	16.9142989327870
46814	16.9142989327870
46824	16.9142989327869
46844	16.9142989327868
46858	16.9142989327867
46868	16.9142989327867
46872	16.9142989327866
46878	16.9142989327865
46900	16.9142989327864
46904	16.9142989327863
46914	16.9142989327862
46940	16.914298932786
46962	16.9142989327858
46966	16.9142989327857
46984	16.9142989327857
47000	16.9142989327857
47014	16.9142989327856
47016	16.9142989327855
47018	16.9142989327855
47030	16.9142989327855
47034	16.9142989327855
47036	16.9142989327853
47046	16.9142989327853
47048	16.9142989327853
47052	16.9142989327851
47070	16.9142989327851
47076	16.914298932785
47082	16.9142989327850
47084	16.9142989327849
47112	16.9142989327848
47116	16.9142989327848
47134	16.9142989327847
47158	16.9142989327846
47168	16.9142989327846
47180	16.9142989327845
47182	16.9142989327844
47188	16.9142989327844
47196	16.9142989327843
47204	16.9142989327842
47226	16.9142989327841
47236	16.9142989327841
47242	16.9142989327841
47246	16.9142989327841
47248	16.9142989327840
47258	16.9142989327839
47276	16.9142989327839
47282	16.9142989327838
47294	16.9142989327837
47316	16.9142989327837
47342	16.9142989327836
47370	16.9142989327836
47380	16.9142989327836
47394	16.9142989327836
47404	16.9142989327835
47414	16.9142989327835
47422	16.9142989327835
47424	16.9142989327834
47442	16.9142989327834
47444	16.9142989327833
47458	16.9142989327833
47462	16.9142989327832
47476	16.9142989327831
47494	16.9142989327831
47496	16.9142989327831
47500	16.9142989327830
47510	16.9142989327829
47516	16.9142989327829
47522	16.9142989327827
47530	16.9142989327827
47560	16.9142989327826
47576	16.9142989327825
47598	16.9142989327824
47612	16.9142989327824
47616	16.9142989327824
47618	16.9142989327824
47648	16.9142989327822
47682	16.9142989327822
47690	16.9142989327822
47692	16.9142989327821
47694	16.9142989327820
47698	16.9142989327820
47700	16.9142989327819
47710	16.9142989327819
47712	16.9142989327818
47726	16.9142989327817
47732	16.9142989327815
47758	16.9142989327815
47766	16.9142989327813
47786	16.9142989327812
47796	16.9142989327810
47810	16.9142989327809
47826	16.9142989327808
47828	16.9142989327806
47838	16.9142989327805
47860	16.9142989327804
47872	16.9142989327803
47884	16.9142989327803
47886	16.9142989327802
47902	16.9142989327799
47906	16.9142989327799
47912	16.9142989327797
47920	16.9142989327797
47938	16.9142989327794
47998	16.9142989327792
48012	16.9142989327791
48018	16.914298932779
48028	16.9142989327789
48036	16.9142989327789
48038	16.9142989327788
48042	16.9142989327785
48044	16.9142989327784
48058	16.9142989327782
48062	16.9142989327778
48076	16.9142989327777
48092	16.9142989327777
48102	16.9142989327777
48122	16.9142989327777
48124	16.9142989327775
48136	16.9142989327774
48158	16.9142989327774
48160	16.9142989327774
48162	16.9142989327771
48220	16.914298932777
48230	16.9142989327769
48278	16.9142989327769
48282	16.9142989327766
48314	16.9142989327765
48318	16.9142989327764
48322	16.9142989327762
48350	16.9142989327762
48360	16.9142989327759
48362	16.9142989327757
48374	16.9142989327755
48416	16.9142989327755
48418	16.9142989327754
48426	16.9142989327754
48430	16.9142989327754
48432	16.9142989327753
48450	16.9142989327752
48456	16.9142989327752
48474	16.9142989327751
48504	16.9142989327750
48506	16.9142989327750
48508	16.9142989327750
48510	16.9142989327750
48532	16.9142989327748
48546	16.9142989327748
48548	16.9142989327747
48568	16.9142989327747
48584	16.9142989327747
48594	16.9142989327746
48616	16.9142989327745
48628	16.9142989327743
48668	16.9142989327742
48686	16.9142989327741
48696	16.9142989327741
48704	16.9142989327739
48716	16.9142989327738
48736	16.9142989327737
48744	16.9142989327736
48760	16.9142989327736
48764	16.9142989327734
48772	16.9142989327734
48790	16.9142989327733
48804	16.9142989327733
48812	16.9142989327732
48828	16.9142989327731
48840	16.9142989327730
48848	16.9142989327730
48870	16.9142989327728
48888	16.9142989327728
48892	16.9142989327727
48902	16.9142989327726
48928	16.9142989327724
48942	16.9142989327722
48954	16.9142989327721
48992	16.9142989327721
49008	16.9142989327720
49028	16.9142989327720
49036	16.9142989327719
49040	16.9142989327719
49044	16.9142989327718
49052	16.9142989327718
49058	16.9142989327717
49070	16.9142989327716
49084	16.9142989327715
49094	16.9142989327714
49114	16.9142989327713
49140	16.9142989327713
49174	16.9142989327713
49180	16.9142989327713
49184	16.9142989327713
49186	16.9142989327712
49192	16.9142989327712
49194	16.9142989327711
49202	16.914298932771
49208	16.9142989327709
49222	16.9142989327709
49242	16.9142989327709
49244	16.9142989327708
49250	16.9142989327708
49254	16.9142989327708
49262	16.9142989327707
49284	16.9142989327707
49304	16.9142989327706
49314	16.9142989327706
49318	16.9142989327705
49320	16.9142989327705
49334	16.9142989327705
49338	16.9142989327704
49352	16.9142989327703
49368	16.9142989327703
49408	16.9142989327703
49410	16.9142989327703
49418	16.9142989327703
49420	16.9142989327702
49422	16.9142989327702
49456	16.9142989327701
49496	16.9142989327701
49512	16.9142989327701
49526	16.9142989327700
49546	16.9142989327700
49582	16.9142989327699
49592	16.9142989327699
49620	16.9142989327699
49622	16.9142989327699
49640	16.9142989327699
49658	16.9142989327699
49664	16.9142989327699
49678	16.9142989327699
49680	16.9142989327698
49682	16.9142989327698
49706	16.9142989327698
49738	16.9142989327697
49740	16.9142989327697
49744	16.9142989327697
49774	16.9142989327697
49796	16.9142989327697
49802	16.9142989327696
49806	16.9142989327696
49822	16.9142989327696
49828	16.9142989327695
49834	16.9142989327695
49846	16.9142989327694
49870	16.9142989327694
49872	16.9142989327693
49886	16.9142989327693
49920	16.9142989327692
49926	16.9142989327692
49932	16.9142989327692
49944	16.9142989327692
49948	16.9142989327692
49962	16.9142989327692
49964	16.9142989327692
49970	16.9142989327692
49996	16.9142989327691
50000	16.9142989327691
50014	16.9142989327691
50040	16.9142989327691
50052	16.9142989327691
50054	16.9142989327690
50058	16.914298932769
50062	16.914298932769
50086	16.9142989327690
50088	16.9142989327689
50108	16.9142989327689
50110	16.9142989327689
50116	16.9142989327689
50132	16.9142989327689
50148	16.9142989327688
50174	16.9142989327688
50218	16.9142989327688
50222	16.9142989327688
50232	16.9142989327688
50240	16.9142989327688
50280	16.9142989327688
50308	16.9142989327687
50316	16.9142989327687
50346	16.9142989327687
50356	16.9142989327687
50388	16.9142989327687
50406	16.9142989327687
50428	16.9142989327687
50446	16.9142989327687
50452	16.9142989327686
50480	16.9142989327686
50484	16.9142989327686
50496	16.9142989327686
50506	16.9142989327686
50512	16.9142989327686
50532	16.9142989327686
50560	16.9142989327686
50596	16.9142989327686
50612	16.9142989327685
50618	16.9142989327685
50636	16.9142989327685
50640	16.9142989327685
50656	16.9142989327685
50684	16.9142989327685
50694	16.9142989327685
50718	16.9142989327684
50740	16.9142989327684
50748	16.9142989327684
50750	16.9142989327684
50754	16.9142989327684
50758	16.9142989327684
50788	16.9142989327684
50806	16.9142989327684
50816	16.9142989327684
50822	16.9142989327684
50830	16.9142989327683
50850	16.9142989327683
50852	16.9142989327683
50860	16.9142989327683
50874	16.9142989327683
50892	16.9142989327683
50900	16.9142989327683
50906	16.9142989327683
50946	16.9142989327682
50948	16.9142989327682
50964	16.9142989327682
50974	16.9142989327682
51000	16.9142989327682
51026	16.9142989327682
51028	16.9142989327682
51044	16.9142989327682
51046	16.9142989327682
51050	16.9142989327681
51060	16.9142989327681
51062	16.9142989327681
51082	16.9142989327681
51112	16.9142989327681
51166	16.9142989327681
51168	16.9142989327681
51194	16.9142989327681
51222	16.9142989327681
51230	16.9142989327681
51254	16.9142989327681
51260	16.9142989327680
51272	16.9142989327680
51290	16.9142989327680
51292	16.914298932768
51294	16.914298932768
51366	16.914298932768
51372	16.9142989327680
51404	16.9142989327680
51410	16.9142989327680
51434	16.9142989327680
51460	16.9142989327679
51568	16.9142989327679
51634	16.9142989327679
51642	16.9142989327679
51680	16.9142989327679
51718	16.9142989327679
51752	16.9142989327679
51806	16.9142989327679
51830	16.9142989327679
51902	16.9142989327679
51920	16.9142989327679
51948	16.9142989327679
51958	16.9142989327679
51968	16.9142989327679
52008	16.9142989327679
52026	16.9142989327678
52066	16.9142989327678
52080	16.9142989327678
52108	16.9142989327678
52134	16.9142989327678
52180	16.9142989327678
52198	16.9142989327678
52202	16.9142989327678
52292	16.9142989327678
52314	16.9142989327678
52368	16.9142989327678
52410	16.9142989327678
52428	16.9142989327678
52436	16.9142989327678
52472	16.9142989327678
52502	16.9142989327678
52530	16.9142989327678
52552	16.9142989327678
52590	16.9142989327677
52656	16.9142989327677
52686	16.9142989327677
52722	16.9142989327677
52750	16.9142989327677
52770	16.9142989327677
52814	16.9142989327677
52822	16.9142989327677
52852	16.9142989327677
52876	16.9142989327677
52878	16.9142989327677
52898	16.9142989327677
52916	16.9142989327677
52918	16.9142989327677
52944	16.9142989327677
52996	16.9142989327677
53052	16.9142989327676
53126	16.9142989327676
53154	16.9142989327676
53164	16.9142989327676
53168	16.9142989327676
53190	16.9142989327676
53192	16.9142989327676
53198	16.9142989327676
53228	16.9142989327676
53236	16.9142989327676
53252	16.9142989327676
53342	16.9142989327676
53346	16.9142989327676
53372	16.9142989327676
53406	16.9142989327675
53410	16.9142989327675
53430	16.9142989327675
53446	16.9142989327675
53486	16.9142989327675
53494	16.9142989327675
53502	16.9142989327675
53528	16.9142989327675
53556	16.9142989327675
53562	16.9142989327675
53602	16.9142989327675
53614	16.9142989327674
53622	16.9142989327674
53728	16.9142989327674
53730	16.9142989327674
53754	16.9142989327674
53768	16.9142989327674
53816	16.9142989327674
53834	16.9142989327674
53836	16.9142989327674
53870	16.9142989327674
53872	16.9142989327674
53878	16.9142989327674
53882	16.9142989327674
53904	16.9142989327674
53944	16.9142989327674
53946	16.9142989327674
53986	16.9142989327674
54024	16.9142989327674
54092	16.9142989327674
54096	16.9142989327673
54112	16.9142989327673
54118	16.9142989327673
54152	16.9142989327673
54154	16.9142989327673
54166	16.9142989327673
54172	16.9142989327673
54192	16.9142989327673
54216	16.9142989327673
54230	16.9142989327673
54248	16.9142989327673
54300	16.9142989327672
54322	16.9142989327672
54330	16.9142989327672
54344	16.9142989327672
54354	16.9142989327672
54366	16.9142989327672
54372	16.9142989327672
54378	16.9142989327672
54450	16.9142989327672
54454	16.9142989327672
54472	16.9142989327672
54478	16.9142989327672
54508	16.9142989327672
54534	16.9142989327672
54544	16.9142989327672
54580	16.9142989327672
54602	16.9142989327672
54608	16.9142989327672
54626	16.9142989327672
54694	16.9142989327671
54742	16.9142989327671
54752	16.9142989327671
54798	16.9142989327671
54820	16.9142989327671
54826	16.9142989327671
54892	16.9142989327671
54898	16.9142989327671
54920	16.9142989327671
54930	16.9142989327671
54962	16.9142989327671
55048	16.9142989327671
55064	16.9142989327671
55140	16.9142989327671
55142	16.9142989327671
55232	16.9142989327671
55254	16.9142989327671
55260	16.9142989327671
55298	16.9142989327670
55514	16.9142989327670
55722	16.9142989327670
55764	16.9142989327670
55816	16.9142989327670
55878	16.9142989327670
55914	16.9142989327670
55966	16.9142989327670
56042	16.914298932767
56298	16.914298932767
56550	16.914298932767
56938	16.914298932767
57304	16.914298932767
57608	16.9142989327670
57894	16.9142989327670
58900	16.9142989327670
59266	16.9142989327670
59336	16.9142989327670
61696	16.9142989327670
63158	16.9142989327670
63460	16.9142989327670
63840	16.9142989327669
64090	16.9142989327669
64522	16.9142989327669
70392	16.9142989327669
82590	16.9142989327669
83602	16.9142989327669
83936	16.9142989327669
84066	16.9142989327669
84338	16.9142989327669
84844	16.9142989327669
85406	16.9142989327669
87924	16.9142989327669
101012	16.9142989327669
101090	16.9142989327669
104632	16.9142989327669
110928	16.9142989327669
143270	16.9142989327669
166010	16.9142989327669
300000	16.9142989327669
