52	509.326791888169
76	482.679133938679
94	419.391618213368
102	310.810218505986
228	302.780488498313
292	300.200801559325
338	280.998378811245
368	279.803748832459
466	271.088835317032
616	268.471368807615
640	244.264713849064
1054	232.721472035707
1428	226.560938620448
2284	223.781739157109
2392	205.696501419132
3620	194.621667922051
3894	176.068305445536
4014	174.218346880482
4056	152.448724578560
4086	149.052129569683
4128	147.468647095264
4148	144.058184853149
4164	142.853231709065
4170	139.779685561258
4204	134.962646030932
4206	123.303845940542
4238	120.430452855302
4256	115.644213698715
4286	114.672245411363
4290	110.488313555532
4294	108.134144838374
4304	107.131298954868
4308	105.737235590168
4314	99.965026334642
4332	99.7237309259639
4334	99.271501894916
4350	96.6822343018519
4354	96.6169009237812
4366	93.9807582560635
4368	93.3607406768346
4384	90.0236704579115
4418	85.3561159137562
4434	84.5583129141983
4470	84.1710112370988
4478	83.4114257993404
4486	83.0469108316358
4500	81.231487983311
4526	81.0036931833011
4560	80.599308817004
4566	79.404654121005
4590	79.1164921369586
4594	78.6476995762753
4614	78.3410187167773
4616	78.2515979779727
4630	77.6014237746185
4638	76.9710220932754
4698	75.963947365577
4730	75.9535846568843
4732	74.9540329665424
4738	74.1294568451374
4744	72.3155350254705
4774	71.3269272618635
4784	70.7544221440073
4818	70.2074320503766
4824	69.9566998082887
4856	69.10888202963
4896	69.0088733914245
4916	68.9370805841403
4924	68.7155768907334
4938	68.4705621544936
4946	68.1971160699056
4952	68.0530160450882
4976	67.8720516018744
4990	67.4651605255691
4996	67.4558270230185
5004	67.418877659999
5012	67.0335271836693
5026	66.8845174035928
5054	66.6961355619132
5062	66.3397450393508
5074	66.3392556092082
5098	66.1068397780602
5102	66.040998878203
5104	65.8297333531572
5110	65.5850545284664
5134	65.5445546393987
5138	65.3916941894768
5152	65.3440903579327
5166	65.229012433889
5168	65.1583757707996
5170	65.0173505205591
5178	64.9691326662957
5186	64.838445510738
5194	64.7708098567765
5200	64.728401467786
5208	64.6676425115448
5214	64.6408809793041
5222	64.5898962832538
5224	64.5407047687061
5226	64.274876421394
5234	64.2646436588251
5240	64.1043172710444
5242	64.0848657353198
5252	64.0041449811953
5254	63.9793687330948
5260	63.7552944476593
5262	63.343888459229
5274	63.2353485724616
5302	62.9516307579726
5320	62.8668810983146
5326	62.7942412704681
5358	62.7314142278807
5360	62.4003838737104
5366	62.1414320843554
5376	62.0176893220266
5386	61.9848200665923
5392	61.9747253834368
5396	61.679406276518
5424	61.3106329731271
5434	61.2345786143011
5438	61.0285093076137
5458	60.8278695222909
5464	60.7050838747194
5476	60.6849754900052
5482	60.3464422100995
5506	60.3199883200155
5534	60.0764135203106
5548	59.9901425880919
5558	59.9148088773245
5574	59.891473898728
5580	59.7880215169968
5586	59.7705856244953
5588	59.6531231297798
5594	59.598874586079
5612	59.5128585589995
5614	59.5125807138499
5632	59.5056692533829
5642	59.3874428002908
5646	59.3698144320696
5650	59.2359957812141
5656	59.2011072362671
5660	59.0562242766215
5682	58.3981099873222
5684	58.3780551013892
5692	58.2661735046117
5710	58.2406938436456
5716	57.723582553115
5732	57.6308617021566
5752	57.471508189749
5758	57.1078481208006
5770	57.0371123921989
5774	56.8690634466106
5778	56.7817487718208
5784	56.6260149447603
5806	56.5450459576896
5810	55.8963927721904
5820	55.3024482206104
5858	55.1078810762257
5898	55.0087373667974
5904	54.9604622446081
5908	54.8641190578549
5920	54.7988785847368
5924	54.7398472377796
5930	54.5445001010973
5936	54.3734277314215
5946	54.325914152868
5960	54.2459691833194
5962	54.155611055275
5972	54.1476255387805
5976	54.0994550177456
5978	54.0761991641013
5988	53.9774119327753
5990	53.8511020066873
6004	53.7643116582994
6006	53.6890064110163
6012	53.5644296718041
6034	53.4159229482782
6038	53.376275206261
6046	53.3100062773531
6056	53.2994702721045
6070	53.2486088766021
6076	53.1365684474306
6088	53.1048222123972
6096	52.8638347646064
6138	52.6791277740219
6158	52.5780189037055
6166	52.5507207165045
6168	52.4716388290768
6172	52.4220497053094
6186	52.2409209917488
6218	52.1557620578674
6220	52.1382801891989
6224	52.1113854551295
6236	52.1089450640126
6242	52.0232043125141
6254	51.8992759150138
6264	51.8421898387793
6268	51.7987599719792
6272	51.6926959243378
6282	51.6718888447915
6284	51.5804234829146
6298	51.5282631583246
6310	51.2369760436423
6332	51.1245538685246
6382	51.0028204963901
6386	50.9099432349359
6394	50.8108267989450
6404	50.684043387004
6408	50.6002259909033
6416	50.5957641083752
6426	50.4054183477561
6444	50.1720431863831
6462	50.1605852047376
6474	50.0005990252653
6494	49.9931841216951
6498	49.9859989716092
6516	49.9329859014224
6536	49.8780126885009
6540	49.8505812377992
6550	49.8493034808426
6554	49.7310233362953
6558	49.6741194983231
6578	49.6256180620197
6594	49.5217779420088
6602	49.4895906386953
6610	49.4374710870245
6632	49.3635584679613
6638	49.2840797427132
6648	49.2085191914909
6672	49.1170108351585
6674	49.0408268581605
6698	48.7264341186264
6718	48.6100454058202
6752	48.3530027034645
6762	48.2304882525782
6766	47.9525354782277
6778	47.8347751239809
6782	47.6399314146317
6784	47.5870956370534
6802	47.5815177912158
6812	47.486592861958
6824	47.3536457766036
6828	47.1959793988514
6864	47.1166605082208
6882	47.0841964856012
6884	46.8876410096102
6904	46.8690298684913
6910	46.8558940325311
6918	46.8411214631047
6920	46.838306543613
6928	46.7945816849757
6930	46.7862922118614
6942	46.7702495341908
6948	46.770188905876
6954	46.6395888599511
6962	46.6371016096529
6966	46.6227145076188
6992	46.5919493606812
7002	46.5798685964614
7010	46.5791859475358
7012	46.5219711045363
7022	46.5027707857775
7036	46.3122566642784
7044	46.265526421697
7056	46.2444172976765
7066	46.1664569196924
7078	46.1285548927173
7082	46.119507593259
7088	46.087538038863
7110	46.0537527606188
7114	46.0288492181104
7124	45.9728689441855
7152	45.9111548982304
7176	45.8710639009782
7188	45.8599924347262
7190	45.8074009096395
7198	45.7532657744015
7214	45.6691391115297
7220	45.6120852207797
7286	45.5684016252774
7302	45.5418040233511
7314	45.5416944726648
7316	45.4874616696360
7318	45.4375169587519
7328	45.4239354090305
7332	45.3970948365947
7354	45.2383825370974
7394	45.1708880594748
7398	45.1598629243323
7422	45.0451853355798
7450	45.0233309755385
7452	44.9801819889149
7462	44.9566852142258
7466	44.8818211019390
7494	44.8689437902058
7498	44.8651883701716
7512	44.8107544187492
7514	44.7345670178362
7562	44.692470654505
7570	44.636465201751
7574	44.6250856875947
7584	44.5783516199055
7588	44.5659444266634
7632	44.5424764825809
7636	44.5346935506164
7646	44.525930356325
7654	44.4955984007729
7670	44.4901989584993
7682	44.478520172683
7706	44.4725854564986
7714	44.4606745914373
7716	44.4568405585112
7720	44.4335042568444
7722	44.427166494254
7734	44.3913010221004
7736	44.3481426438894
7764	44.3176461398535
7778	44.3132483859036
7782	44.2606846614835
7800	44.2112465419934
7804	44.1465343319373
7810	44.0748489796097
7812	44.0458620103941
7816	43.9888116054426
7836	43.9856087019807
7844	43.8985017256063
7876	43.8906568126029
7898	43.873818260605
7900	43.8490498582263
7904	43.8385939786561
7906	43.8255140230645
7908	43.810582008316
7916	43.797123477069
7930	43.7948020339467
7942	43.7412306428518
7956	43.7344079756069
7960	43.724857666145
7968	43.7244330075257
7972	43.7009166167517
7984	43.6797515545808
7988	43.6439965918773
8042	43.6425512283812
8052	43.6222248794116
8072	43.6159943793024
8074	43.5870593907939
8082	43.5865827484408
8090	43.5713299673781
8098	43.5423939206485
8108	43.5399583641341
8126	43.529789547954
8138	43.497890153818
8154	43.4959864900535
8160	43.4668170207496
8164	43.4610987338538
8168	43.4532851373016
8176	43.4365009755127
8190	43.427521690589
8196	43.4111049568717
8198	43.3926479575866
8200	43.3881269120755
8202	43.383860509196
8208	43.3733283592366
8212	43.3635773051404
8214	43.3448334312762
8218	43.3364478100872
8234	43.2686109668831
8236	43.2447145895268
8262	43.2444275481876
8280	43.2039604119726
8282	43.1666306679201
8336	43.1576396193705
8340	43.1377698633679
8348	43.1353594734669
8350	43.078750043461
8356	43.0781201212156
8378	43.0489727280915
8380	43.0227540875621
8392	42.991921960772
8412	42.9686266124459
8434	42.9680823753923
8446	42.9307899403003
8452	42.9135941138659
8474	42.9109150887947
8478	42.9099120999884
8488	42.9094249068399
8490	42.8893128109520
8492	42.8742094992888
8504	42.8603507929031
8524	42.8498179892639
8556	42.8446656870956
8566	42.8226612312148
8582	42.8010796409186
8598	42.7899229575854
8608	42.7850024801167
8612	42.765949101697
8616	42.7383146241373
8626	42.728483775456
8632	42.7045013832096
8642	42.6976783767932
8650	42.6669028619759
8664	42.6562412526321
8668	42.6100351347201
8680	42.5841346020887
8694	42.5834227975575
8702	42.5534610974678
8710	42.4827751043428
8732	42.4590729409663
8752	42.4432605398321
8796	42.4430912681689
8798	42.4127372825723
8822	42.3822650181621
8828	42.3673823187987
8842	42.349236142036
8846	42.262042459355
8862	42.2455617440656
8880	42.2122543090739
8910	42.2070150062997
8912	42.1855626910358
8926	42.1492960376166
8930	42.1492304182669
8932	42.1412734822967
8938	42.1338545483758
8944	42.0873180885113
8946	42.0802379867573
8964	42.0454749824661
8968	42.0272951106841
8980	41.9849924319681
8984	41.9541930045437
9010	41.7579512534429
9038	41.7524535674624
9042	41.5852135500377
9046	41.5267266537302
9076	41.4609036310983
9088	41.4500682415981
9096	41.3646331521162
9100	41.3418633082925
9116	41.2269469030773
9142	41.2097362604031
9148	41.1373209964928
9164	41.0767865505825
9176	41.0098887676004
9198	40.9630287497138
9206	40.9490420252912
9214	40.930543401766
9234	40.8893833979476
9238	40.8533548514835
9250	40.8355871336457
9272	40.8213995782086
9274	40.8096313515965
9276	40.7822228913766
9278	40.7579200375683
9286	40.7538542605129
9290	40.6787464250447
9330	40.6779818493395
9348	40.6434645246732
9362	40.6289759236673
9368	40.6253819903435
9372	40.624060132751
9374	40.5882556499215
9378	40.5723874789048
9390	40.5307538375325
9398	40.5232506966893
9410	40.5026416408504
9422	40.4992025539358
9430	40.4880708972557
9438	40.4725218601282
9450	40.4260427116178
9474	40.3978775881394
9488	40.3909263713787
9500	40.301844142932
9504	40.2665929280569
9506	40.1807061050572
9512	40.1189322680905
9550	40.0609332071741
9572	40.0520059471582
9578	40.0253723377076
9590	39.9841687172731
9600	39.9124578761091
9606	39.8987230460446
9632	39.8628395576762
9634	39.7581862366265
9640	39.7218841663669
9658	39.6503873029091
9672	39.6466513289114
9674	39.6437504439318
9682	39.6295809104038
9690	39.6157816393531
9692	39.6145675067071
9694	39.5242692361856
9696	39.4889860602857
9720	39.4310807556269
9734	39.4261587459302
9738	39.4136625288595
9760	39.3872749875347
9766	39.3462047679568
9802	39.3409568309434
9812	39.3407375833491
9822	39.2806732637776
9858	39.2392761665544
9880	39.2249948923187
9888	39.2026632460389
9908	39.2004761279175
9924	39.1596479522935
9930	39.1586044158619
9944	39.1543875878873
9946	39.1416862444466
9952	39.1292092701200
9974	39.1070125735621
9976	39.0918584625163
9980	39.053277445978
9998	39.0473840885678
10014	39.026284925317
10024	39.0098761393537
10026	38.9941541042942
10084	38.9774245847382
10092	38.9652429137721
10126	38.9519464339065
10152	38.9436572459024
10158	38.9394515066113
10166	38.9156816208115
10170	38.9115971574324
10190	38.9112429211265
10192	38.9074777928215
10200	38.8975969541745
10224	38.8924124880071
10254	38.8816684882872
10262	38.8713538495987
10274	38.8664387076078
10316	38.8606139523937
10330	38.8505478573404
10336	38.8450423117783
10356	38.8379118064465
10364	38.8353613418115
10378	38.8307558029984
10382	38.8075457607436
10400	38.7958090751932
10412	38.7907555994159
10428	38.7829703013408
10458	38.769221111011
10520	38.7603642633534
10532	38.7567051716861
10544	38.7537527879091
10552	38.7524630756743
10574	38.7487942269141
10582	38.7472732257022
10584	38.7454715135028
10590	38.7451147582711
10592	38.7400324865399
10616	38.7367305711334
10620	38.7362700994494
10666	38.7362205900592
10678	38.7316089271666
10682	38.7315224500771
10684	38.7287193651274
10686	38.7258270831384
10688	38.7190425093636
10692	38.7151738708733
10706	38.7144227057295
10710	38.7088138363682
10718	38.7033162510798
10736	38.6976819855950
10798	38.6924575405504
10812	38.6904794321394
10822	38.6893310215624
10834	38.6862439042892
10838	38.6852707163849
10854	38.6774333013564
10884	38.6753044185143
10920	38.6732367115989
10938	38.6712092476944
10946	38.6706620140394
10952	38.6658607012523
10968	38.6635780689497
10972	38.6635063060254
10986	38.6613837665963
11006	38.6603432502767
11008	38.6578547475722
11022	38.6573505580585
11024	38.6573475474318
11030	38.6532438385284
11054	38.6502077921968
11056	38.6501936755029
11066	38.6493050176677
11072	38.6476600322924
11084	38.6469745194037
11094	38.6466156967446
11100	38.6461087646687
11104	38.6453802303076
11114	38.6437242558162
11118	38.6432325412818
11124	38.6427495091572
11134	38.6408090384208
11148	38.6399118264047
11168	38.6389588123904
11178	38.6383206838908
11190	38.6382643913187
11192	38.6350627755256
11194	38.6333393570570
11200	38.6327947865438
11214	38.6268736639399
11222	38.6265427257902
11242	38.6227694731774
11244	38.6223451407971
11250	38.6219996376956
11254	38.6214679964746
11256	38.6214323658198
11258	38.6190405422305
11262	38.6166482816104
11264	38.6166440034589
11270	38.6121880250319
11274	38.6084483438802
11280	38.6065388102577
11282	38.6009232384275
11288	38.5855072102442
11302	38.5799153740721
11322	38.5784991187888
11328	38.5752878944656
11334	38.5713932418342
11342	38.568876127543
11352	38.5529943678541
11354	38.5515568554349
11382	38.5474849930738
11412	38.5459735830782
11414	38.5437689878707
11428	38.5422143477772
11444	38.5381692165307
11454	38.531703367611
11476	38.5222752333497
11500	38.5175073055172
11530	38.5089380282275
11568	38.5062406750723
11586	38.4963887722368
11592	38.4912725624495
11594	38.4847332434881
11606	38.4841615523178
11612	38.4809458234277
11628	38.4801628952871
11632	38.4700224910596
11642	38.4635604727542
11654	38.4525706087615
11680	38.4508751466380
11692	38.4403937455527
11700	38.4403103091576
11706	38.4382645789566
11714	38.4357798260569
11718	38.4350649082192
11724	38.43057310527
11740	38.4198480053521
11770	38.4084857486273
11784	38.4078863290043
11792	38.4024399761932
11796	38.3958062604105
11822	38.3838327390001
11846	38.3798076142919
11848	38.3595857832730
11856	38.3498593742203
11858	38.3233288234192
11896	38.3201931502354
11908	38.3139650203208
11920	38.3068535595337
11926	38.2958918613444
11938	38.2936176315478
11962	38.2877447422774
11972	38.2810315747006
12012	38.2748249766694
12026	38.2674377401686
12054	38.2564956513749
12062	38.2564714774777
12072	38.2561314662139
12078	38.2544906014798
12080	38.2544701349878
12092	38.2445562010154
12114	38.24297953305
12122	38.2386484700264
12124	38.2330310861709
12138	38.2319557332056
12152	38.2307650042817
12168	38.2226633746657
12174	38.2197063350737
12182	38.2181358826026
12188	38.2084700905866
12204	38.2052166720265
12206	38.2035738486233
12214	38.202972035284
12224	38.2022989219269
12240	38.1909263927157
12252	38.1898719418339
12256	38.1894496706439
12258	38.1840346614878
12302	38.1838308763828
12308	38.1826629119209
12316	38.1808978997418
12324	38.180182564799
12346	38.179742343535
12356	38.1783854614315
12362	38.1779437950631
12372	38.176890783017
12374	38.1766357450816
12382	38.1766028051713
12386	38.1756483205581
12388	38.1727684464814
12392	38.1695412837439
12400	38.1655682992474
12408	38.1644852363268
12418	38.1614587587058
12442	38.1557997415851
12488	38.1503724377429
12510	38.1426277615393
12516	38.1423152550146
12536	38.1395721804549
12538	38.1393353500923
12544	38.1392348797744
12548	38.1374451022736
12556	38.1368883021931
12564	38.1329367274043
12580	38.1326923516930
12586	38.1322924560495
12590	38.1318231883883
12616	38.1248499659042
12624	38.1228134898225
12652	38.1222308945192
12666	38.1215618025165
12676	38.1205803425635
12678	38.120455579788
12682	38.1197462326400
12702	38.1171041662413
12722	38.1165359494455
12724	38.1152710504057
12730	38.1152393939546
12736	38.113627464084
12740	38.1123665937453
12746	38.1119484730497
12748	38.1094841507728
12754	38.1088562452457
12762	38.1068131106442
12794	38.1060585349802
12800	38.1037818524224
12830	38.1028911208268
12840	38.101079244414
12844	38.1004323589388
12862	38.1002866842684
12866	38.0990039921246
12900	38.0987358982006
12912	38.0985649978371
12936	38.0981195771794
12940	38.0974944300446
12986	38.0970762029104
12988	38.097049160596
12990	38.0968412228935
13000	38.0963644043083
13030	38.0957954944161
13034	38.0944319109881
13056	38.0935853651684
13064	38.0935019617419
13074	38.0922648550092
13076	38.0921905640593
13084	38.0910626041354
13096	38.0905085591420
13098	38.089476432988
13114	38.0881216775437
13116	38.0880307852166
13142	38.0873823598474
13144	38.0871596972242
13156	38.0865884515412
13166	38.0863019830965
13178	38.0860170238153
13194	38.0852920412002
13200	38.0851495185611
13210	38.0843068015347
13240	38.0842851581259
13246	38.0836399410086
13282	38.0833962550602
13286	38.0828943156998
13302	38.0828228335161
13320	38.0826789173958
13324	38.0811610483906
13326	38.080295912595
13332	38.0798400111440
13344	38.0778838573934
13358	38.0766370940661
13396	38.0756433839088
13404	38.075013407172
13410	38.0747527730489
13424	38.0745337040352
13428	38.0742764678107
13436	38.0739504843289
13450	38.0737905437679
13452	38.0737498126777
13464	38.0729178820246
13468	38.072078511004
13506	38.0715171144715
13518	38.0702298700816
13542	38.0698750263804
13556	38.0697945210057
13564	38.0690354404562
13570	38.0677671764495
13576	38.0669233409068
13608	38.065780626851
13612	38.0647089396513
13614	38.0637027590198
13624	38.0635478347699
13634	38.0623611804502
13650	38.0621571567907
13652	38.0621280574809
13656	38.0612274927196
13678	38.0587701544592
13684	38.0574206788569
13702	38.0567261067121
13712	38.0566679850666
13724	38.0561113683544
13726	38.0544754216151
13748	38.0486049873628
13768	38.0475976846327
13770	38.0464408792479
13782	38.0460832678904
13804	38.0457662391951
13806	38.0442015244767
13820	38.043526258967
13824	38.0382270791652
13828	38.0369534101591
13836	38.0247316697418
13844	38.0217437250416
13854	38.0154720684095
13880	38.0139849488099
13906	38.0117898840654
13942	38.0102871586352
13948	38.0083408625455
13966	38.0068850974202
14004	38.0060544297615
14010	38.0050264664381
14012	38.0047907937966
14016	38.0038613349675
14050	38.0027432971602
14058	38.0024978121494
14060	38.0007662089684
14064	37.998596129055
14074	37.9967136161212
14086	37.9954388581954
14116	37.9951296016071
14118	37.9925212148188
14130	37.9924364709897
14158	37.9918037480581
14170	37.9887819933591
14204	37.9886953665423
14224	37.9884244516635
14230	37.9883563578848
14234	37.9855315478416
14236	37.9835107876542
14254	37.9832557933287
14262	37.9816547753151
14274	37.9807744763852
14284	37.9802381551402
14292	37.9772567503485
14294	37.9757282782407
14300	37.9753521156055
14306	37.9736813952763
14318	37.9722768517897
14336	37.9715106966996
14346	37.9682262191743
14350	37.9641951988335
14370	37.9579734715213
14390	37.9578151045737
14396	37.9551929127458
14402	37.9474081773701
14426	37.9473592434602
14434	37.9434171869618
14454	37.9434008655129
14460	37.9427661916569
14468	37.9396500285118
14490	37.9386410668896
14498	37.9375253938933
14520	37.9370870006121
14522	37.9363471162113
14538	37.9361722817356
14546	37.9353496369884
14550	37.9339677928871
14562	37.9336552128471
14572	37.9324543196959
14580	37.9321972444403
14586	37.9307608700306
14624	37.9304973189637
14626	37.9296916039796
14640	37.9291205716572
14646	37.9286798822032
14670	37.9269587665112
14692	37.9266565419195
14714	37.9255629521529
14720	37.9250203512716
14726	37.9247643863622
14730	37.9237934303587
14732	37.9232299446877
14738	37.922199594422
14744	37.9213339933961
14750	37.9195847960557
14764	37.9178489043662
14772	37.9174916876701
14792	37.9172355991724
14794	37.9134459752608
14800	37.9123744982714
14812	37.9114732482811
14824	37.9107674656201
14832	37.9106699906218
14838	37.9098149123319
14844	37.9086079753712
14846	37.9083447514662
14878	37.9063210746133
14902	37.9048517311013
14934	37.9034878041038
14968	37.9022131714848
14970	37.9019301578715
14976	37.9018769642779
14978	37.9010186528235
14982	37.8988077573522
15042	37.8987973119752
15044	37.8984960263232
15050	37.8967532396796
15058	37.8956741549684
15072	37.8921415267319
15122	37.8916796895622
15126	37.8913221697655
15136	37.8903077843365
15158	37.8900907741834
15164	37.8890238136469
15172	37.8883823100096
15174	37.8875827029051
15176	37.8860213045526
15202	37.8844707007523
15210	37.8841118772722
15226	37.8840518352113
15246	37.8837940059077
15258	37.8833854343571
15266	37.8824799469209
15270	37.8821048838984
15272	37.8819590190084
15306	37.8817283821492
15312	37.8815923538452
15318	37.8815199056226
15326	37.8810542416224
15344	37.8806732152087
15358	37.8799906946287
15364	37.8796668445316
15370	37.8793648880451
15394	37.8776466484019
15408	37.8775974816056
15412	37.8771441164875
15426	37.8767240304097
15438	37.8762150089395
15450	37.8758111882441
15474	37.8754090297079
15484	37.8738205343062
15494	37.8733517058442
15502	37.8731078243423
15514	37.8713415237083
15550	37.8702854548407
15578	37.8698260915715
15588	37.8692605564804
15634	37.8686652723492
15640	37.8685233002524
15658	37.8684697867436
15668	37.8672467905609
15672	37.8670794189135
15674	37.8668542243555
15692	37.8662486636851
15694	37.8656501134682
15716	37.8653554940357
15728	37.8649936508924
15734	37.8648180881011
15738	37.8645086471907
15748	37.8638768338634
15760	37.8624349436014
15766	37.8623508470590
15778	37.8623436315139
15786	37.8616410487792
15802	37.8613206748606
15814	37.8612147908429
15820	37.8609217899163
15826	37.8607243749245
15832	37.8602505536174
15834	37.8601863819122
15844	37.8590590668364
15870	37.8589622477148
15882	37.8588095977905
15888	37.8584951039624
15910	37.8581658550104
15916	37.8576836673137
15928	37.8573035147227
15952	37.8571951175962
15954	37.8569884292008
15958	37.8567415098247
15974	37.8560862912421
15990	37.8558981457004
16024	37.8553883913659
16032	37.8552896772773
16042	37.8552034139977
16046	37.8551605924962
16052	37.8543730606284
16062	37.8542736258989
16068	37.8539873077227
16080	37.8538794625489
16130	37.8534315272501
16142	37.8531226830028
16156	37.8529146303541
16168	37.8522810638156
16198	37.8518650961606
16210	37.8513855048407
16220	37.8511496993408
16238	37.8508204066777
16282	37.8506139216161
16296	37.8505771268844
16306	37.8499750650939
16314	37.8489257140333
16320	37.8484128636586
16330	37.8481216070571
16340	37.8478836694357
16356	37.8467131679893
16388	37.8462446358391
16412	37.8459110930920
16432	37.8454711600132
16440	37.8453245673521
16442	37.8451014140097
16450	37.8449752851802
16452	37.8442628738427
16460	37.8437875239154
16472	37.843766788838
16484	37.8436990843645
16506	37.8435983544473
16510	37.8433448316149
16516	37.8432287519247
16524	37.8424605850864
16532	37.842203417175
16542	37.8419025094255
16546	37.8415329711165
16562	37.8409145390104
16576	37.840465684953
16596	37.8402330762903
16598	37.8397412354312
16600	37.8397349271472
16608	37.8394721179158
16616	37.8393908107175
16620	37.8393394767592
16632	37.8393265466414
16648	37.8388112531901
16650	37.8386995774200
16652	37.8385170191276
16658	37.8384669590087
16668	37.8383766388934
16674	37.8382190533015
16684	37.8378009587359
16686	37.8376068609713
16688	37.8375523852146
16690	37.8374165777571
16698	37.8367818199969
16720	37.8367083958540
16730	37.8364743690295
16754	37.8362691380312
16758	37.8362260559928
16760	37.8361424884707
16776	37.8359097373512
16778	37.8356044357524
16780	37.8355507809992
16784	37.8351745001681
16794	37.8345677365023
16796	37.8340305772358
16834	37.8337026535674
16848	37.8335245040079
16866	37.8333593656158
16868	37.8333496369266
16882	37.833259367278
16894	37.8331922850621
16900	37.8331680781151
16910	37.8330874204311
16912	37.8329665075728
16922	37.8328539822405
16928	37.8327458191274
16958	37.832587397834
16964	37.8325773141598
16966	37.8325113914925
16968	37.8324276824568
16996	37.8324130001522
17006	37.8322157126082
17024	37.8322007934697
17036	37.8321843344768
17042	37.8321312983014
17044	37.8319935453744
17062	37.8319633257398
17064	37.8318508350596
17066	37.8318240628244
17068	37.8317742987873
17080	37.8317503230950
17088	37.8315624241259
17102	37.8313566738657
17126	37.831136171186
17154	37.8310989950989
17170	37.8310065845048
17182	37.830819613766
17190	37.8305712515434
17210	37.8305474058308
17214	37.8305181608276
17218	37.8303159547708
17220	37.8303041644366
17226	37.8302421760150
17234	37.8302388451997
17246	37.8301667937562
17254	37.8300688160914
17264	37.8300255535279
17278	37.8298396583121
17284	37.829765293036
17302	37.8296644345714
17320	37.8296378743589
17324	37.8296369264865
17334	37.829480818624
17336	37.829368495458
17340	37.8293637256642
17350	37.8291614090920
17362	37.8290246812609
17364	37.8289743481013
17370	37.8289362447367
17406	37.8288963439708
17422	37.8287960857219
17454	37.8287420944418
17456	37.8286552635849
17482	37.8286040393843
17502	37.8284940627985
17514	37.8283343702646
17520	37.8282489627641
17540	37.8281009441734
17558	37.8278519171586
17568	37.8277947653425
17580	37.8277337354725
17586	37.8276019989703
17588	37.8275774686304
17598	37.8275749961216
17602	37.8272870736883
17604	37.8271424622832
17616	37.8271069792335
17622	37.8269260223641
17634	37.8268490611573
17638	37.8265000008568
17666	37.826368962451
17674	37.8263566661965
17684	37.8263200861305
17694	37.8262971953915
17696	37.8261825275603
17702	37.8261178052871
17706	37.8259994841199
17710	37.8258257846823
17712	37.8256885156322
17718	37.8256685011716
17728	37.8256671246873
17732	37.8256502543957
17736	37.8255523832288
17742	37.8255438386060
17744	37.8254598257284
17750	37.8252438287459
17754	37.8252352886920
17756	37.8252352826456
17776	37.8251108271217
17802	37.8248709264691
17820	37.8248694523567
17822	37.8246437141201
17844	37.8243819372821
17854	37.8242886202493
17860	37.8237727758726
17862	37.8234257922641
17874	37.8232603304167
17902	37.8232311216407
17904	37.8231293011071
17912	37.8230971548696
17918	37.8229857084
17932	37.8226142276321
17938	37.8225627876844
17948	37.8223821055259
17964	37.822342243258
17982	37.8223360826083
17986	37.8222799989353
18000	37.8222582945988
18008	37.82213748844
18014	37.8220424654145
18028	37.8220033882591
18042	37.8219001808506
18048	37.8218551004568
18050	37.8218491497116
18052	37.821655391448
18058	37.8215329276435
18086	37.8214010781959
18096	37.8211221764073
18104	37.8210320188229
18142	37.8210143612682
18148	37.820915700815
18162	37.8209027255483
18170	37.8208354020686
18172	37.8207588006249
18186	37.820612708661
18204	37.8205575429244
18224	37.8205021855117
18236	37.8204548974199
18248	37.8204397263341
18250	37.8204107643922
18256	37.8203022493177
18260	37.820131209798
18290	37.8201250956943
18294	37.8200375089462
18312	37.8199599668081
18322	37.8198650361032
18336	37.8197900508829
18364	37.8197349696299
18372	37.81967394921
18380	37.8195970674729
18408	37.8195082019947
18414	37.8194647568228
18426	37.8193773447823
18442	37.8193678760539
18446	37.8193628047096
18458	37.8193562481789
18472	37.8193420634353
18478	37.8191878132844
18480	37.8191681621939
18482	37.8191114063433
18492	37.8190898718833
18522	37.8190675915955
18524	37.8190400844656
18530	37.8189183879777
18554	37.8188921591262
18556	37.818890878587
18574	37.8188435448884
18578	37.818831772754
18582	37.8188268031922
18590	37.8187638521979
18640	37.8186041434793
18676	37.8185342730038
18728	37.8184877098997
18738	37.8184503281488
18744	37.8184325874504
18756	37.8184088484443
18764	37.8183469966687
18770	37.8183090850933
18776	37.8181760610984
18780	37.818008020099
18790	37.8179603127393
18796	37.8179092728242
18820	37.817640149751
18826	37.8176006377895
18846	37.8175997679088
18854	37.8175291085491
18856	37.8172464844394
18872	37.8167732782537
18900	37.8167183826867
18918	37.8166149589148
18954	37.8165483066207
18958	37.8163768775547
18970	37.8163708332048
18972	37.8162249125131
18988	37.8161698829779
19004	37.8160566174670
19008	37.8160167432765
19022	37.8159189895141
19034	37.8159122785375
19038	37.8158253182171
19056	37.8154477635817
19068	37.8152752585595
19076	37.815225768946
19090	37.8152119418881
19096	37.8150840775579
19098	37.8150268525117
19102	37.8150246776598
19106	37.8149836372834
19110	37.8148948525984
19114	37.8148528879757
19122	37.8148035399863
19124	37.8147802058962
19142	37.8147707702362
19164	37.8146684296235
19168	37.8146489570113
19188	37.8144946564307
19218	37.8144437929386
19234	37.8144411578207
19244	37.8143611691854
19274	37.8143380996428
19276	37.8142323488789
19308	37.8142122888758
19320	37.8142047122797
19326	37.814174025999
19344	37.8141248928747
19346	37.8141069986663
19362	37.8140675893470
19422	37.8140485722546
19424	37.8140359568165
19434	37.8140288713622
19442	37.8139899061114
19448	37.8139819718037
19450	37.8139603545495
19456	37.8139582694528
19470	37.8139433336617
19480	37.8139386961509
19496	37.8139219605985
19520	37.81392080459
19522	37.8139188915125
19524	37.8139106207378
19530	37.8139079464183
19536	37.8138892420034
19540	37.8138882719655
19556	37.8138870324047
19574	37.8138826523742
19586	37.8138744480334
19588	37.8138710327824
19592	37.8138612493617
19596	37.8138571801333
19604	37.8138386454151
19616	37.8138378318260
19618	37.8138331466406
19626	37.8138328642721
19628	37.8138232924309
19632	37.8138214966754
19634	37.8138057911537
19640	37.8137992767624
19642	37.8137976746896
19648	37.813771061514
19660	37.8137317983881
19680	37.8137113572287
19684	37.8137008095801
19698	37.8136974617544
19710	37.8136959676932
19712	37.8136952674566
19722	37.8136605489985
19724	37.8136403052881
19726	37.8136223584042
19730	37.8135920907503
19742	37.8135881952575
19760	37.8135308234490
19762	37.8135041832465
19786	37.8134840862207
19794	37.8134833400622
19806	37.8134783677998
19810	37.8134689056509
19814	37.8134158216717
19824	37.8133543736126
19840	37.8133462495223
19854	37.8133425463156
19862	37.8133109095382
19864	37.8132973500006
19876	37.8132593422483
19886	37.8132273790285
19892	37.8132112546349
19904	37.8132100764820
19906	37.8131896674098
19914	37.8130880178149
19940	37.8130499016233
19952	37.8130043728033
19980	37.8129106281002
19994	37.8128938220788
19998	37.812872887517
20024	37.8128481909907
20028	37.8128189357881
20038	37.812795121634
20046	37.8127556722993
20064	37.8127073676542
20068	37.8126476894992
20084	37.8126130552154
20102	37.8126058993297
20114	37.8125176124387
20120	37.8125035351119
20150	37.8124370905393
20168	37.812395135939
20190	37.8122986496494
20192	37.812278854534
20208	37.8122301813439
20214	37.8121596380645
20218	37.8121358084836
20228	37.8121045520725
20240	37.8120714857358
20252	37.8120599149297
20254	37.8120535809465
20262	37.8119660636438
20274	37.8119060707051
20290	37.8118862584675
20296	37.8118075718121
20300	37.8117873697319
20304	37.811782563525
20306	37.8117236412469
20314	37.8117068278631
20320	37.8116108290077
20322	37.8115453358103
20350	37.8114484764416
20388	37.8114325139049
20394	37.8113871079822
20406	37.8113857229427
20410	37.8113144874314
20438	37.8113024541304
20442	37.8112647153037
20446	37.8112501640716
20448	37.8112500663095
20454	37.8112093464717
20470	37.8112036759191
20496	37.811202048733
20500	37.8111923658204
20514	37.8111168672673
20526	37.8110774780194
20528	37.8110011231032
20560	37.8110001016874
20566	37.8109696303228
20568	37.8109595044235
20578	37.8109141875580
20602	37.8108815479150
20636	37.8108158130569
20652	37.8107511803491
20680	37.8107278736505
20706	37.8106774150179
20712	37.8106482000376
20728	37.8106198461555
20736	37.8106181262306
20752	37.8106170225649
20772	37.8105559474803
20774	37.8104939456353
20798	37.8104230988221
20826	37.8103698663205
20852	37.810364496616
20854	37.8103468005389
20860	37.8103120377339
20878	37.8102899914548
20882	37.810286650072
20910	37.8101904884916
20938	37.8101764338250
20942	37.8101637725417
20946	37.8101623121101
20954	37.8101457585829
20966	37.8101356213480
20970	37.8101291653809
20982	37.8100824021631
21008	37.8100809467146
21020	37.8100670416291
21024	37.8100232377701
21040	37.8100143956854
21046	37.8099892685598
21048	37.8099842780213
21072	37.8099787933127
21078	37.8099427446563
21108	37.809933978459
21112	37.8099252067496
21118	37.8098873501967
21128	37.8098559517252
21158	37.809853744645
21160	37.8098168648984
21176	37.8097781786839
21198	37.8097183209736
21206	37.8097118979529
21210	37.8096727785937
21224	37.8096464637188
21238	37.8096369828963
21252	37.8095778973203
21254	37.8095701418218
21270	37.8095319698494
21290	37.8095295451349
21332	37.8094555758039
21368	37.8093992177946
21396	37.8093737187815
21440	37.8093685637099
21448	37.8093613252063
21454	37.8093594569825
21466	37.8093510454235
21514	37.8093476349686
21524	37.8093469946012
21538	37.8093431331535
21544	37.8093391497132
21552	37.8093363819648
21558	37.8093232375993
21572	37.8093214063913
21576	37.809321151456
21578	37.8093162309409
21586	37.8093139529794
21592	37.8093117822569
21594	37.8092957484557
21600	37.8092866919998
21618	37.8092844435826
21620	37.8092753166214
21624	37.8092709393445
21630	37.8092502860178
21634	37.8092471109416
21646	37.8092433220187
21650	37.8092423734258
21652	37.8092369484302
21660	37.8092195951757
21668	37.8092171533822
21684	37.8092131170155
21712	37.8092055486394
21724	37.8091891079760
21734	37.8091835835463
21738	37.8091638730231
21742	37.8091565082736
21758	37.8091552886625
21764	37.8091549663467
21780	37.8091370574115
21782	37.8091206337149
21804	37.8090973072932
21834	37.8090939706344
21852	37.8090901416967
21866	37.8090833294085
21880	37.809081139443
21882	37.8090766347047
21884	37.8090740182881
21908	37.8090629652179
21922	37.8090583380481
21976	37.8090547830767
21984	37.8090503913866
21994	37.809046641109
22000	37.8090454271352
22008	37.8090371470523
22026	37.8090324016345
22028	37.8090314821846
22038	37.8090287018668
22056	37.8090283520056
22064	37.809021567572
22074	37.8090212590586
22080	37.8090194243694
22096	37.809016835815
22128	37.8090128130452
22140	37.8090095980524
22156	37.8090086356493
22170	37.8090055466882
22182	37.8090049736636
22194	37.8090041326505
22198	37.8089967237718
22202	37.8089959199315
22210	37.8089940863809
22230	37.8089928049067
22236	37.8089906172578
22266	37.8089900228517
22268	37.8089891554999
22274	37.8089883681817
22292	37.8089864122358
22302	37.8089818861157
22310	37.8089794223383
22324	37.8089754622818
22344	37.8089731649816
22352	37.808971515322
22372	37.8089704303222
22380	37.8089701095433
22384	37.8089697972885
22396	37.8089664098217
22400	37.8089645643482
22410	37.8089639150344
22430	37.8089601649835
22432	37.8089597844375
22442	37.8089590259614
22448	37.8089566767425
22452	37.8089553022833
22480	37.8089543479605
22486	37.8089474997587
22502	37.8089435731247
22516	37.8089422642314
22518	37.8089421742933
22520	37.8089410975248
22524	37.8089392160359
22552	37.808939042015
22556	37.8089362790296
22570	37.8089349880873
22576	37.8089328038648
22584	37.8089324899395
22596	37.8089320922644
22604	37.8089317405569
22606	37.8089276337657
22618	37.8089270194138
22634	37.8089231921749
22636	37.8089219405880
22640	37.8089195074361
22650	37.8089149374929
22652	37.8089077478564
22670	37.8089072000147
22676	37.8088978342816
22688	37.8088968151149
22694	37.8088931999487
22728	37.8088920998607
22732	37.8088915116231
22742	37.8088905317234
22752	37.8088903881945
22754	37.8088871094065
22764	37.8088867747376
22776	37.8088837273993
22786	37.8088793716748
22802	37.8088732114806
22830	37.8088710738587
22838	37.8088696604036
22844	37.8088641471243
22858	37.8088566371812
22862	37.8088537277698
22880	37.8088485621079
22904	37.8088464504363
22906	37.8088436076499
22918	37.8088402835057
22940	37.8088387940148
22948	37.8088363424682
22980	37.8088335594196
22998	37.8088288466649
23002	37.8088265956235
23024	37.8088218730215
23026	37.8088150736017
23034	37.8088022910701
23042	37.8088015869459
23058	37.8087989792107
23060	37.8087908266195
23082	37.8087898535284
23094	37.8087897586165
23096	37.8087866519127
23112	37.808781828753
23122	37.8087749218059
23140	37.8087717711244
23142	37.8087714573017
23146	37.808757675271
23202	37.8087513594296
23222	37.8087487362121
23232	37.8087444183831
23260	37.8087361374076
23268	37.8087304713482
23270	37.8087223661492
23276	37.8087175837808
23312	37.8087099015052
23322	37.8087073430561
23346	37.8087072975653
23348	37.8086968646806
23352	37.8086961252707
23364	37.808686400772
23366	37.8086822556391
23368	37.8086763729865
23374	37.8086732395882
23382	37.8086691150571
23408	37.8086598880223
23434	37.8086437681031
23444	37.8086309232322
23446	37.8086259324292
23458	37.8086235261024
23476	37.8086110716945
23518	37.8086083009858
23520	37.8086081398581
23532	37.8086000242701
23552	37.8085999166943
23576	37.8085987592382
23584	37.8085980663126
23592	37.8085971028777
23596	37.8085970857869
23606	37.8085948767482
23620	37.8085940427923
23632	37.8085926007545
23636	37.8085923948632
23638	37.8085895450663
23642	37.8085889404519
23650	37.8085859235445
23662	37.8085816063949
23686	37.8085762356202
23704	37.8085702695285
23708	37.8085698681142
23710	37.8085694407896
23724	37.8085641385562
23752	37.8085638977203
23762	37.8085614987575
23766	37.8085612090529
23774	37.8085592697196
23776	37.8085577581253
23796	37.8085543334446
23814	37.8085538280387
23822	37.8085517251382
23840	37.8085509657537
23842	37.8085468238732
23888	37.8085460349738
23896	37.8085459649252
23906	37.8085457111284
23910	37.8085420562491
23916	37.8085403656544
23948	37.8085395769889
23952	37.8085387938414
23964	37.8085368538603
23970	37.8085345517815
23986	37.8085322952368
24002	37.80853166195
24012	37.8085314112132
24016	37.8085312261848
24018	37.8085288687195
24028	37.8085272968789
24050	37.8085254013076
24056	37.8085250943298
24078	37.8085235371964
24082	37.8085222720313
24084	37.8085217565316
24088	37.8085213475932
24098	37.8085201263989
24122	37.8085196723827
24126	37.8085195267905
24128	37.8085186603653
24130	37.8085170139522
24140	37.8085144635724
24170	37.8085128997819
24186	37.8085127121630
24192	37.8085108482692
24246	37.8085106230005
24250	37.8085097492115
24266	37.80850949092
24270	37.8085085360854
24282	37.8085085124031
24292	37.8085066973704
24318	37.8085056101464
24342	37.8085054282397
24350	37.8085052010722
24382	37.8085046451453
24388	37.8085046131639
24394	37.8085043267333
24402	37.8085038495176
24422	37.8085036201943
24424	37.8085035708302
24434	37.8085032451485
24452	37.8085027402707
24456	37.8085021695245
24458	37.808501287989
24462	37.808500962141
24482	37.8085003169322
24514	37.8084992712648
24550	37.8084990986668
24552	37.8084985021065
24564	37.8084963210654
24586	37.8084959176465
24592	37.8084956795309
24604	37.8084952931498
24606	37.8084946243388
24630	37.8084943231711
24646	37.8084936110461
24658	37.8084931744748
24684	37.8084931219723
24694	37.8084930530209
24702	37.8084928337073
24706	37.8084928244006
24710	37.8084927926608
24716	37.8084927633577
24720	37.8084923628973
24730	37.8084922886007
24734	37.808492263868
24740	37.8084921040419
24748	37.8084919626803
24756	37.8084918042040
24764	37.808491689156
24774	37.8084911151908
24808	37.8084907146659
24812	37.8084904838801
24820	37.8084901876746
24828	37.8084901740107
24832	37.8084898970111
24836	37.8084897537966
24840	37.8084890809284
24852	37.8084872504751
24872	37.8084862161086
24878	37.8084860556252
24884	37.8084852170749
24918	37.8084847285913
24928	37.8084844958048
24956	37.8084843335381
24960	37.8084842805111
24970	37.8084838316541
24988	37.8084836619462
25002	37.8084825780866
25006	37.8084819417394
25020	37.8084814475243
25036	37.8084814402695
25052	37.8084809807956
25062	37.8084809597701
25064	37.8084796078296
25080	37.8084794488309
25092	37.8084791399302
25094	37.8084786813059
25104	37.8084778086082
25118	37.8084767951906
25126	37.8084765138091
25136	37.8084756198055
25192	37.8084753738003
25194	37.8084750828323
25202	37.8084748927194
25226	37.8084745790141
25228	37.8084743833591
25248	37.8084738911337
25260	37.8084731668427
25262	37.8084729042101
25266	37.8084728378972
25278	37.8084714377865
25282	37.808471292358
25296	37.8084710532086
25300	37.8084703142169
25318	37.8084700018268
25334	37.8084693404192
25344	37.8084679967505
25364	37.8084671830621
25382	37.8084669375185
25394	37.8084647599853
25416	37.8084647514645
25420	37.8084640191604
25436	37.8084630705555
25452	37.8084628753179
25456	37.808461891235
25472	37.808461875773
25488	37.8084610568474
25504	37.8084610091968
25510	37.8084607914431
25512	37.8084597593397
25518	37.8084587634841
25534	37.8084587543646
25552	37.8084585375401
25564	37.8084583869420
25566	37.8084577826935
25586	37.8084571775261
25588	37.8084563677403
25592	37.8084562869032
25608	37.808456173241
25610	37.8084556942515
25624	37.8084555158874
25632	37.8084549180718
25652	37.8084547240255
25654	37.8084546079616
25664	37.808454007559
25682	37.8084537094689
25684	37.8084534564152
25688	37.8084531980073
25690	37.8084531110127
25706	37.8084524592924
25708	37.808451912268
25744	37.8084513883064
25760	37.8084513255804
25766	37.808450601201
25778	37.8084505585541
25792	37.8084501949640
25814	37.8084497056697
25828	37.8084492044327
25834	37.8084490302052
25836	37.8084489799544
25838	37.8084488295488
25858	37.8084478960028
25874	37.8084475155511
25910	37.8084470632406
25924	37.8084457392637
25938	37.8084445668127
25974	37.8084431896978
25976	37.8084421848369
25986	37.8084415533073
26022	37.8084404000414
26034	37.8084399989852
26048	37.8084397044217
26050	37.8084395573768
26060	37.8084388401744
26062	37.808438105223
26082	37.808437849185
26086	37.8084372692614
26088	37.8084366055739
26116	37.8084361004407
26132	37.8084358967418
26158	37.8084351392352
26174	37.8084351290819
26182	37.8084344970403
26200	37.808434140076
26206	37.8084336696043
26234	37.8084336173315
26238	37.8084335319386
26244	37.8084334463414
26248	37.8084332948038
26270	37.8084328180314
26286	37.8084326773126
26300	37.8084323159344
26304	37.8084319508556
26314	37.808431821559
26320	37.8084316764612
26338	37.8084316082641
26356	37.8084315961911
26358	37.8084312601826
26376	37.8084311664967
26380	37.8084310754068
26382	37.8084307065204
26402	37.8084305455833
26406	37.8084303734331
26416	37.8084303119408
26432	37.8084298116982
26452	37.8084293687742
26454	37.8084290408654
26460	37.8084288591329
26464	37.8084288073463
26484	37.8084283184366
26494	37.8084281777577
26510	37.8084277608765
26516	37.8084276562252
26522	37.8084275400587
26528	37.80842742982
26532	37.8084270460210
26536	37.8084269087448
26552	37.8084263140503
26564	37.808425388675
26584	37.8084253286457
26588	37.8084250249644
26590	37.8084241980044
26612	37.8084240686704
26614	37.8084238803376
26624	37.8084238705719
26630	37.8084224350972
26654	37.8084218487271
26678	37.8084213570525
26698	37.8084207711432
26724	37.8084207505495
26742	37.808420684993
26762	37.8084196902597
26798	37.8084196588089
26800	37.8084194039469
26804	37.8084192645124
26814	37.8084191446897
26820	37.8084186052157
26860	37.8084183992496
26864	37.8084183133402
26884	37.8084182541709
26886	37.8084181799764
26906	37.8084180459128
26918	37.8084179713291
26938	37.8084179657231
26940	37.8084176864963
26942	37.8084176447949
26962	37.8084175261061
26964	37.8084173003906
26982	37.8084170351712
26994	37.8084168700857
26998	37.8084167948342
27006	37.8084164817634
27012	37.8084164354467
27020	37.8084163589855
27022	37.8084158616497
27032	37.8084157632929
27038	37.8084153720936
27056	37.8084153503832
27072	37.808415050046
27076	37.8084148557285
27078	37.8084147852789
27080	37.8084146563192
27086	37.8084144609677
27090	37.8084143613553
27092	37.8084143302691
27102	37.8084142607745
27120	37.8084142196654
27122	37.8084139692985
27128	37.8084137886972
27164	37.8084133290211
27202	37.8084131740645
27206	37.8084130784257
27226	37.8084129937736
27254	37.8084127095792
27270	37.8084125278218
27282	37.8084124630161
27294	37.8084121432365
27326	37.8084119804405
27334	37.8084119215356
27356	37.8084118819591
27372	37.8084118471157
27382	37.8084118452607
27390	37.8084118284424
27392	37.8084114935797
27396	37.8084110996506
27410	37.8084110481502
27420	37.8084108551615
27454	37.8084107340539
27476	37.8084105969047
27486	37.8084105687948
27492	37.8084105235295
27508	37.8084105083735
27512	37.8084104807817
27516	37.8084104426767
27532	37.8084103905578
27536	37.8084101792551
27544	37.8084100743768
27548	37.8084098568561
27580	37.8084097638486
27590	37.8084097312907
27594	37.8084095219901
27624	37.8084093840096
27626	37.8084092864107
27630	37.8084090671317
27696	37.8084087384758
27700	37.8084086414975
27722	37.8084083767055
27732	37.8084082840303
27748	37.8084081822882
27752	37.8084081698201
27760	37.8084080840163
27766	37.8084078164275
27772	37.8084077463767
27788	37.8084074055884
27792	37.8084073763919
27794	37.8084071726475
27802	37.8084070435548
27814	37.8084067199796
27836	37.8084066591634
27838	37.8084066516371
27842	37.8084063503406
27866	37.8084060354408
27870	37.8084057955108
27882	37.8084057348566
27886	37.8084054663654
27900	37.8084053989601
27906	37.8084053008402
27912	37.8084048511235
27950	37.8084046006331
27958	37.8084044853096
27978	37.8084041782923
28016	37.8084041639343
28020	37.8084041290083
28036	37.8084040138988
28040	37.8084039890306
28046	37.8084039425833
28062	37.8084036393667
28072	37.8084036280962
28080	37.808403469302
28102	37.8084032785201
28122	37.8084032136803
28132	37.8084031906322
28142	37.8084031831248
28154	37.8084030704971
28166	37.8084030202428
28172	37.8084029181557
28178	37.8084028380659
28182	37.8084027761384
28218	37.8084027512046
28224	37.8084027240089
28234	37.8084026991199
28242	37.8084026510064
28272	37.8084026485424
28286	37.8084025745392
28296	37.8084025029359
28324	37.8084024766182
28338	37.8084024693694
28344	37.8084023762588
28374	37.8084023571957
28386	37.8084023000781
28388	37.808402288634
28404	37.8084022792468
28420	37.8084022374744
28424	37.8084021963673
28432	37.8084021751416
28434	37.8084021702413
28464	37.8084021609450
28486	37.8084021169613
28506	37.8084020998938
28510	37.8084020165505
28528	37.8084020130861
28536	37.8084020080546
28548	37.8084020039953
28552	37.8084019827585
28554	37.8084019486614
28556	37.8084018965564
28570	37.8084018603551
28600	37.8084018514095
28614	37.8084018064413
28618	37.8084017787306
28626	37.8084017254318
28638	37.8084016908844
28642	37.8084016175437
28646	37.8084016094320
28658	37.8084015551467
28690	37.8084015438263
28704	37.8084015318265
28722	37.8084015151271
28734	37.8084014775923
28764	37.808401469995
28784	37.8084014591339
28786	37.8084014533236
28796	37.8084014523428
28804	37.8084014492262
28820	37.8084014227679
28842	37.8084014154406
28844	37.8084014005645
28848	37.8084013871516
28854	37.8084013433300
28856	37.8084013423922
28872	37.8084013010183
28886	37.8084012657833
28898	37.808401261794
28900	37.8084012438341
28906	37.8084011859919
28920	37.8084011362221
28930	37.808401092228
28942	37.8084010889034
28948	37.8084010734397
28966	37.8084010721145
28968	37.8084009986635
28978	37.8084009706144
28982	37.8084009685404
28992	37.808400912759
29000	37.8084008797639
29014	37.8084008736855
29016	37.8084008404657
29020	37.8084008395033
29024	37.8084008383694
29030	37.8084007848878
29066	37.8084007505794
29070	37.8084007052098
29114	37.8084005983321
29128	37.8084005901294
29150	37.8084005885242
29156	37.8084005488985
29160	37.8084005044815
29194	37.8084004822451
29206	37.8084004301555
29234	37.8084003701294
29264	37.8084003691445
29290	37.8084003512257
29322	37.8084003465698
29324	37.8084003175266
29334	37.8084002905606
29362	37.8084002897435
29364	37.8084002190002
29392	37.8084002053838
29410	37.808400200351
29412	37.8084001803469
29432	37.8084001750281
29434	37.8084001468715
29446	37.8084000842728
29460	37.8084000710950
29464	37.8084000635233
29490	37.8084000299713
29508	37.8084000215274
29512	37.8083999971859
29544	37.8083999706424
29582	37.8083999488485
29658	37.8083999458732
29664	37.8083999293956
29696	37.8083999275078
29710	37.8083999248767
29734	37.8083999226775
29744	37.8083999221271
29752	37.8083999214191
29754	37.8083999168405
29760	37.8083999152862
29766	37.8083999150603
29768	37.8083999090504
29778	37.8083999056187
29780	37.8083999048115
29782	37.8083999041335
29784	37.8083999038989
29788	37.8083998942614
29790	37.8083998839593
29796	37.8083998751371
29798	37.8083998706066
29804	37.8083998606065
29844	37.8083998588218
29848	37.8083998540487
29870	37.8083998523818
29894	37.8083998466319
29910	37.8083998392178
29914	37.8083998370133
29922	37.8083998348573
29946	37.8083998343782
29948	37.8083998335697
29954	37.8083998302067
29974	37.8083998289774
29988	37.8083998201862
30000	37.8083998152132
30038	37.8083998109613
30044	37.808399810808
30046	37.8083998037444
30048	37.8083998005984
30066	37.8083997972018
30068	37.8083997940974
30076	37.8083997826421
30084	37.8083997823753
30116	37.8083997745036
30132	37.8083997702806
30136	37.8083997619327
30144	37.8083997610084
30148	37.8083997601538
30158	37.8083997554467
30162	37.8083997485286
30182	37.8083997379992
30192	37.8083997293823
30202	37.808399725893
30206	37.8083997198984
30212	37.8083997155889
30214	37.8083997051226
30218	37.8083996903039
30220	37.8083996796115
30226	37.8083996785226
30230	37.8083996650919
30240	37.8083996635821
30268	37.8083996615052
30270	37.8083996449964
30284	37.8083996362848
30316	37.8083996336888
30326	37.8083996328531
30328	37.8083996276632
30334	37.8083996254412
30350	37.8083996247874
30354	37.8083996187869
30362	37.8083996042732
30370	37.8083995988563
30372	37.8083995978634
30382	37.8083995965859
30388	37.8083995930465
30392	37.8083995904803
30394	37.8083995854662
30396	37.8083995849827
30412	37.8083995825613
30422	37.8083995780062
30430	37.8083995770961
30444	37.8083995720448
30446	37.8083995622345
30454	37.8083995572025
30488	37.8083995539670
30494	37.808399552915
30522	37.8083995506965
30526	37.8083995475519
30532	37.8083995356121
30546	37.8083995334821
30548	37.8083995296391
30566	37.808399513155
30590	37.8083995120248
30598	37.8083995071474
30614	37.8083995014856
30616	37.808399497591
30620	37.8083994914621
30630	37.808399487463
30640	37.8083994782465
30648	37.8083994781184
30652	37.8083994709861
30654	37.8083994667486
30666	37.8083994491649
30710	37.8083994474049
30736	37.8083994413592
30742	37.8083994289916
30752	37.8083994240036
30762	37.8083994036282
30764	37.8083994014063
30770	37.8083993930284
30782	37.8083993838678
30788	37.8083993661155
30814	37.8083993466165
30830	37.8083993427816
30842	37.8083993308146
30864	37.8083993277826
30866	37.808399326871
30870	37.8083993175539
30878	37.8083993130676
30888	37.8083993020981
30916	37.8083993004467
30924	37.8083992899962
30932	37.8083992824097
30936	37.8083992765649
30938	37.8083992719692
30948	37.8083992708754
30952	37.8083992671231
30978	37.8083992623756
31000	37.8083992622148
31018	37.808399261413
31034	37.8083992581342
31044	37.8083992564007
31066	37.8083992547314
31078	37.8083992545476
31082	37.8083992513891
31096	37.808399251121
31104	37.8083992473994
31116	37.8083992468074
31122	37.8083992454674
31140	37.8083992434305
31144	37.8083992397799
31146	37.8083992383684
31150	37.8083992381468
31180	37.8083992369661
31182	37.8083992324237
31200	37.8083992287052
31212	37.8083992264489
31218	37.8083992253632
31220	37.8083992248413
31222	37.8083992242046
31224	37.8083992235871
31226	37.8083992220430
31232	37.8083992219655
31234	37.8083992219161
31236	37.8083992152991
31240	37.8083992128346
31262	37.8083992107732
31292	37.8083992102323
31298	37.8083992101081
31306	37.8083992092088
31312	37.8083992060543
31316	37.8083992033597
31330	37.8083992029651
31338	37.8083992014692
31340	37.8083991935252
31360	37.8083991927149
31364	37.8083991910038
31402	37.8083991886142
31404	37.8083991858261
31414	37.8083991828407
31424	37.8083991827563
31440	37.8083991811383
31460	37.8083991785717
31474	37.8083991756192
31476	37.8083991722250
31494	37.8083991669596
31496	37.8083991635845
31524	37.8083991614147
31550	37.8083991614018
31556	37.8083991611705
31558	37.8083991603971
31564	37.8083991601215
31566	37.8083991591585
31584	37.808399156388
31600	37.8083991555055
31620	37.8083991537452
31640	37.8083991529589
31644	37.808399151149
31672	37.8083991509321
31684	37.8083991502003
31696	37.8083991489751
31700	37.808399148682
31708	37.8083991484423
31734	37.8083991482663
31744	37.8083991463744
31746	37.8083991456005
31748	37.8083991455100
31766	37.8083991447686
31788	37.8083991444639
31792	37.8083991420482
31800	37.8083991414098
31824	37.8083991406933
31832	37.8083991400181
31838	37.8083991383209
31874	37.8083991374101
31882	37.8083991367792
31888	37.8083991359324
31892	37.8083991358401
31896	37.8083991357214
31898	37.8083991356672
31906	37.8083991352096
31908	37.8083991344092
31910	37.8083991331926
31914	37.8083991329293
31918	37.8083991323854
31920	37.8083991320307
31934	37.8083991317899
31946	37.8083991312566
31958	37.8083991302446
31980	37.8083991290555
31982	37.8083991289118
32002	37.8083991287144
32010	37.8083991277428
32014	37.8083991265475
32028	37.8083991258784
32042	37.808399125297
32056	37.8083991247382
32064	37.8083991236414
32068	37.8083991214581
32074	37.808399121112
32080	37.8083991202166
32102	37.8083991200838
32108	37.8083991172776
32144	37.8083991162560
32148	37.8083991138417
32184	37.8083991134838
32186	37.8083991130109
32192	37.8083991119517
32226	37.8083991106925
32236	37.8083991098487
32244	37.8083991095512
32246	37.8083991080539
32260	37.8083991066920
32272	37.8083991021230
32300	37.8083991010356
32312	37.8083990983782
32324	37.8083990972785
32330	37.8083990945956
32338	37.808399094323
32348	37.8083990933956
32354	37.8083990909426
32374	37.8083990875234
32378	37.8083990865762
32384	37.8083990865305
32392	37.808399083312
32426	37.8083990792004
32432	37.8083990786122
32448	37.8083990773603
32458	37.8083990735349
32476	37.8083990724506
32488	37.8083990681853
32522	37.8083990673469
32530	37.8083990659867
32544	37.8083990659305
32546	37.8083990658036
32550	37.808399064275
32578	37.8083990609055
32582	37.8083990576059
32636	37.8083990565482
32650	37.8083990558587
32652	37.8083990545634
32660	37.8083990537781
32664	37.8083990511853
32670	37.8083990510147
32680	37.8083990494980
32698	37.8083990490656
32704	37.8083990474528
32708	37.8083990463807
32732	37.8083990445565
32734	37.8083990387083
32758	37.8083990351023
32774	37.8083990341371
32792	37.8083990311303
32794	37.8083990308466
32798	37.8083990306517
32816	37.8083990305701
32818	37.8083990251181
32840	37.8083990222912
32848	37.8083990199302
32872	37.8083990198009
32874	37.8083990145439
32896	37.8083990140876
32904	37.8083990138016
32916	37.8083990133187
32936	37.8083990082146
32966	37.8083990078054
32968	37.8083990039982
32974	37.8083990007056
32978	37.8083989968505
32986	37.8083989968394
32988	37.8083989952155
32992	37.8083989940533
33002	37.8083989897193
33012	37.8083989886453
33034	37.8083989856418
33040	37.8083989831743
33058	37.8083989829508
33060	37.8083989827892
33062	37.8083989814813
33068	37.8083989787009
33076	37.8083989786294
33090	37.8083989782043
33106	37.8083989780572
33112	37.8083989780128
33114	37.8083989770636
33124	37.8083989756967
33126	37.8083989754361
33128	37.8083989723547
33130	37.8083989716177
33140	37.8083989704383
33152	37.8083989702056
33156	37.8083989689671
33172	37.8083989664713
33182	37.8083989651501
33188	37.8083989641321
33202	37.8083989636481
33210	37.8083989631520
33226	37.8083989629367
33230	37.8083989618026
33240	37.8083989609887
33242	37.8083989608413
33248	37.8083989585695
33280	37.8083989581851
33284	37.8083989579415
33286	37.8083989561773
33298	37.8083989547565
33334	37.8083989526873
33364	37.8083989519938
33366	37.8083989501624
33382	37.8083989495816
33384	37.8083989490660
33388	37.8083989482332
33394	37.808398946521
33406	37.8083989443129
33440	37.8083989443059
33442	37.8083989414097
33468	37.8083989409523
33476	37.8083989377652
33492	37.8083989359961
33516	37.8083989352833
33530	37.8083989351399
33534	37.8083989345274
33540	37.8083989321513
33568	37.8083989320143
33580	37.8083989317381
33584	37.8083989315236
33590	37.8083989314763
33592	37.8083989314639
33594	37.8083989298378
33602	37.808398929804
33604	37.8083989288582
33606	37.8083989281894
33626	37.8083989271402
33630	37.8083989258427
33636	37.8083989255794
33644	37.8083989251916
33648	37.808398924845
33658	37.8083989218921
33672	37.8083989213956
33712	37.8083989192795
33750	37.8083989178364
33768	37.8083989177567
33776	37.8083989175961
33782	37.8083989167448
33812	37.8083989166822
33814	37.8083989166333
33816	37.8083989165837
33818	37.8083989149921
33842	37.8083989146155
33874	37.8083989139954
33882	37.8083989131268
33922	37.8083989119045
33924	37.8083989118507
33938	37.8083989093178
33940	37.8083989092433
33958	37.8083989089757
33960	37.8083989089702
33968	37.8083989080343
33970	37.8083989048336
34010	37.8083989044482
34012	37.8083989041671
34014	37.8083989024107
34020	37.8083989016338
34036	37.8083989008493
34056	37.8083988996858
34058	37.8083988991926
34060	37.8083988982897
34070	37.8083988978992
34080	37.8083988974666
34088	37.8083988958324
34110	37.8083988943493
34134	37.8083988940626
34146	37.8083988929859
34176	37.8083988922471
34198	37.8083988916649
34202	37.8083988907988
34234	37.8083988902903
34246	37.808398889486
34262	37.8083988892433
34272	37.8083988886931
34276	37.8083988879646
34302	37.8083988878418
34322	37.8083988872270
34324	37.8083988872192
34336	37.808398886452
34348	37.8083988864465
34384	37.8083988862453
34386	37.8083988850933
34404	37.8083988847511
34418	37.8083988846571
34428	37.8083988828413
34452	37.8083988818477
34462	37.8083988812463
34476	37.8083988798832
34488	37.8083988788766
34516	37.8083988784451
34524	37.8083988782437
34544	37.8083988782401
34550	37.8083988781878
34554	37.8083988776246
34558	37.8083988770323
34560	37.8083988759834
34562	37.8083988754637
34568	37.8083988735856
34580	37.8083988726925
34594	37.8083988720917
34596	37.8083988716834
34604	37.8083988715606
34612	37.8083988713646
34618	37.8083988704330
34622	37.8083988682886
34634	37.8083988667112
34648	37.8083988644867
34658	37.8083988637517
34672	37.8083988635168
34676	37.8083988630492
34684	37.8083988624585
34688	37.8083988618693
34694	37.8083988607754
34698	37.8083988605117
34722	37.8083988596633
34728	37.808398858967
34750	37.8083988586379
34752	37.8083988567347
34764	37.8083988558192
34776	37.8083988552547
34778	37.8083988551771
34786	37.8083988546743
34806	37.8083988528004
34812	37.8083988526739
34826	37.8083988524587
34834	37.8083988523056
34846	37.8083988511488
34868	37.8083988498116
34900	37.8083988477054
34908	37.808398847384
34916	37.8083988455897
34928	37.8083988455756
34940	37.8083988449919
34960	37.8083988449852
34966	37.8083988449488
34978	37.8083988447984
34984	37.8083988445313
34986	37.8083988432728
35008	37.8083988423947
35012	37.8083988423741
35024	37.8083988419719
35032	37.8083988419403
35038	37.8083988416879
35042	37.8083988410222
35062	37.8083988402377
35082	37.8083988401299
35088	37.808398840103
35090	37.8083988391794
35108	37.8083988386749
35114	37.8083988381208
35118	37.8083988379526
35128	37.8083988361006
35146	37.8083988359609
35166	37.8083988359314
35168	37.8083988358518
35184	37.8083988356423
35196	37.8083988350672
35204	37.8083988350668
35206	37.8083988345014
35208	37.8083988344419
35220	37.8083988335117
35252	37.8083988327572
35282	37.8083988322724
35326	37.8083988321033
35330	37.8083988319292
35336	37.8083988317547
35340	37.8083988311381
35346	37.8083988309527
35368	37.8083988308619
35380	37.8083988304088
35420	37.8083988301035
35434	37.8083988300141
35466	37.8083988298002
35504	37.8083988296592
35514	37.8083988295565
35522	37.8083988290249
35540	37.8083988288586
35546	37.8083988287144
35548	37.8083988286226
35550	37.8083988284683
35574	37.808398828081
35578	37.8083988279552
35598	37.8083988278867
35612	37.8083988278789
35620	37.8083988277918
35646	37.8083988276981
35652	37.808398827584
35656	37.8083988274504
35680	37.8083988273577
35690	37.808398827343
35704	37.8083988271975
35706	37.8083988269863
35712	37.8083988269426
35714	37.8083988267581
35738	37.808398826332
35750	37.8083988261723
35760	37.8083988261022
35764	37.8083988260742
35788	37.8083988260494
35806	37.8083988255216
35828	37.8083988253619
35830	37.8083988250531
35864	37.8083988249154
35868	37.8083988247485
35876	37.8083988246834
35886	37.8083988245873
35890	37.8083988245124
35892	37.8083988245008
35900	37.8083988243695
35902	37.8083988241107
35904	37.8083988240121
35908	37.8083988239523
35926	37.8083988237476
35954	37.8083988231391
35990	37.808398822749
36040	37.8083988225607
36062	37.8083988222884
36082	37.8083988220284
36086	37.8083988218131
36126	37.8083988216815
36130	37.8083988216389
36150	37.8083988210418
36166	37.8083988208152
36168	37.8083988206182
36190	37.8083988205531
36194	37.8083988202441
36212	37.8083988201682
36216	37.8083988201132
36224	37.8083988200454
36232	37.8083988198761
36250	37.8083988197361
36254	37.8083988194299
36290	37.8083988194061
36302	37.8083988193932
36308	37.8083988191969
36322	37.8083988190987
36328	37.8083988189384
36334	37.8083988187664
36336	37.8083988187485
36374	37.8083988186167
36388	37.8083988185324
36392	37.8083988185272
36400	37.8083988183977
36406	37.8083988179017
36430	37.8083988177653
36436	37.8083988177021
36438	37.8083988173916
36442	37.8083988172405
36456	37.8083988171424
36460	37.8083988171316
36470	37.8083988170605
36476	37.8083988170125
36478	37.8083988170099
36482	37.8083988166036
36496	37.8083988164175
36498	37.808398816215
36516	37.8083988160339
36536	37.8083988159648
36544	37.808398815602
36554	37.8083988155232
36560	37.8083988152582
36566	37.8083988152219
36572	37.8083988150219
36604	37.8083988146935
36626	37.8083988146554
36628	37.8083988144908
36632	37.8083988143568
36644	37.8083988138004
36686	37.8083988135038
36718	37.8083988134736
36720	37.8083988132083
36740	37.8083988130318
36746	37.8083988129985
36748	37.8083988129974
36750	37.8083988125253
36764	37.8083988123204
36770	37.8083988121879
36782	37.8083988119135
36784	37.8083988117715
36808	37.8083988116873
36816	37.8083988115975
36824	37.8083988115688
36828	37.8083988115256
36836	37.8083988114622
36838	37.8083988110824
36876	37.8083988109604
36878	37.8083988107497
36880	37.808398810725
36890	37.8083988106219
36894	37.808398810286
36910	37.8083988100859
36948	37.8083988098481
36968	37.8083988094912
36980	37.8083988093632
37024	37.8083988089938
37058	37.8083988082116
37076	37.8083988081333
37116	37.8083988080904
37120	37.8083988079663
37128	37.8083988076176
37134	37.8083988072422
37140	37.8083988068959
37152	37.8083988068434
37156	37.8083988067401
37168	37.8083988063863
37188	37.8083988061735
37192	37.8083988059181
37204	37.8083988058931
37206	37.8083988057499
37210	37.8083988055573
37218	37.8083988055448
37232	37.8083988054522
37236	37.8083988053239
37244	37.8083988052507
37250	37.8083988051642
37252	37.8083988045853
37276	37.8083988041301
37288	37.8083988040033
37292	37.8083988039636
37298	37.8083988037831
37302	37.8083988036042
37314	37.8083988032798
37330	37.8083988030347
37342	37.8083988028473
37344	37.8083988026228
37392	37.8083988026138
37404	37.8083988025311
37420	37.8083988025252
37424	37.8083988024972
37434	37.8083988024267
37450	37.8083988023498
37460	37.8083988023185
37468	37.808398801975
37476	37.8083988015746
37500	37.8083988015578
37504	37.8083988014922
37512	37.8083988013569
37520	37.8083988013043
37524	37.808398801295
37528	37.8083988012757
37534	37.8083988011764
37550	37.808398801135
37554	37.8083988009382
37558	37.8083988009073
37578	37.8083988007337
37582	37.8083988006678
37594	37.8083988006553
37600	37.8083988006199
37606	37.8083988005776
37616	37.8083988005727
37620	37.8083988005439
37628	37.8083988003866
37630	37.8083988003164
37658	37.8083988001842
37668	37.8083988001768
37676	37.8083988001468
37684	37.8083988000263
37692	37.8083987999560
37698	37.8083987999298
37700	37.8083987999173
37714	37.8083987998875
37724	37.8083987998198
37738	37.8083987997631
37742	37.8083987996992
37744	37.8083987995941
37756	37.8083987995787
37762	37.8083987995465
37770	37.8083987995312
37784	37.8083987995233
37792	37.8083987994077
37800	37.8083987994032
37820	37.8083987993967
37822	37.8083987993265
37846	37.808398799298
37850	37.8083987992679
37866	37.8083987992476
37880	37.8083987991573
37884	37.8083987991355
37910	37.8083987990684
37938	37.8083987990239
37954	37.8083987990201
37958	37.8083987989541
37964	37.8083987989119
37972	37.8083987988673
37982	37.8083987988538
37986	37.8083987987706
37996	37.8083987987114
38010	37.8083987985108
38032	37.8083987984814
38038	37.8083987984548
38040	37.8083987984417
38042	37.8083987983830
38048	37.8083987982513
38064	37.8083987982445
38080	37.8083987981466
38084	37.8083987981395
38094	37.8083987979534
38122	37.8083987979385
38132	37.8083987979158
38138	37.8083987978423
38144	37.8083987977634
38160	37.8083987977431
38166	37.8083987977082
38168	37.808398797664
38180	37.8083987975786
38182	37.8083987975463
38188	37.8083987975361
38194	37.8083987975127
38212	37.8083987973552
38222	37.8083987972406
38254	37.8083987971122
38268	37.8083987970980
38272	37.8083987970803
38274	37.8083987970086
38306	37.808398796997
38320	37.808398796947
38336	37.8083987966868
38386	37.8083987966814
38392	37.8083987966504
38394	37.8083987965368
38406	37.808398796525
38414	37.808398796461
38434	37.8083987964056
38444	37.8083987962957
38462	37.8083987962862
38472	37.8083987961977
38488	37.8083987961855
38496	37.8083987961139
38502	37.8083987960254
38512	37.8083987958994
38526	37.8083987958073
38538	37.8083987958008
38542	37.8083987955583
38568	37.8083987955114
38570	37.8083987954899
38572	37.8083987954572
38578	37.8083987954567
38582	37.8083987953348
38590	37.8083987952795
38600	37.808398795173
38636	37.8083987951103
38646	37.8083987950965
38656	37.8083987950368
38670	37.8083987948263
38680	37.8083987948079
38682	37.8083987947688
38686	37.8083987947614
38694	37.8083987947003
38710	37.8083987946963
38714	37.808398794657
38726	37.8083987946523
38732	37.8083987946118
38738	37.8083987945447
38748	37.8083987945235
38758	37.8083987944515
38770	37.8083987942758
38802	37.8083987939364
38810	37.8083987938998
38816	37.8083987938342
38842	37.8083987937876
38856	37.8083987937621
38860	37.8083987937047
38864	37.8083987936140
38890	37.8083987934309
38914	37.8083987934235
38920	37.8083987932582
38940	37.8083987932092
38942	37.8083987931976
38952	37.8083987931965
38964	37.8083987930783
38972	37.8083987929949
38974	37.808398792987
38992	37.8083987929610
38996	37.8083987929058
39002	37.8083987928307
39036	37.8083987927719
39040	37.8083987927368
39086	37.8083987927045
39106	37.8083987926680
39114	37.8083987925720
39116	37.8083987925661
39124	37.8083987925589
39126	37.8083987925094
39158	37.8083987924764
39166	37.8083987924061
39168	37.8083987923873
39198	37.808398792378
39202	37.8083987923311
39206	37.808398792323
39208	37.8083987922761
39224	37.8083987922691
39226	37.8083987922444
39250	37.8083987922239
39256	37.8083987922164
39278	37.8083987921170
39302	37.8083987919459
39330	37.8083987919391
39346	37.8083987918583
39376	37.8083987918232
39378	37.8083987918142
39398	37.8083987917072
39424	37.8083987915848
39436	37.808398791519
39456	37.8083987914425
39482	37.8083987914087
39498	37.8083987913283
39506	37.8083987912817
39524	37.8083987912365
39536	37.8083987911582
39562	37.8083987911289
39574	37.8083987911222
39592	37.8083987911198
39596	37.8083987910777
39602	37.8083987910741
39606	37.8083987910556
39614	37.8083987910218
39616	37.8083987909513
39650	37.8083987908746
39664	37.8083987908454
39670	37.8083987908224
39672	37.8083987907924
39676	37.8083987907855
39714	37.8083987907474
39724	37.8083987907187
39740	37.8083987906057
39786	37.8083987905777
39796	37.8083987905332
39816	37.8083987905154
39824	37.8083987905065
39836	37.8083987904920
39838	37.8083987904038
39856	37.8083987903765
39858	37.8083987903669
39884	37.8083987903387
39894	37.8083987903251
39900	37.8083987902747
39920	37.8083987902443
39924	37.8083987902129
39954	37.8083987901113
39970	37.8083987900804
39978	37.8083987900457
39982	37.8083987899829
39998	37.8083987899827
40006	37.8083987899761
40008	37.8083987899264
40014	37.8083987899239
40018	37.8083987898776
40024	37.8083987897588
40038	37.8083987897566
40048	37.8083987897267
40066	37.8083987897071
40072	37.8083987896721
40082	37.8083987896718
40086	37.8083987896663
40096	37.8083987896221
40104	37.8083987895829
40116	37.8083987895427
40118	37.8083987895365
40122	37.8083987894849
40126	37.8083987894695
40138	37.8083987893825
40184	37.8083987893717
40188	37.8083987893487
40192	37.8083987892974
40210	37.8083987892532
40214	37.8083987892164
40232	37.808398789186
40250	37.8083987891738
40254	37.8083987891409
40276	37.8083987891238
40288	37.8083987891183
40296	37.8083987891169
40298	37.8083987890696
40308	37.8083987890545
40322	37.8083987890034
40336	37.8083987889961
40358	37.8083987889954
40364	37.8083987889822
40394	37.8083987889588
40398	37.8083987889572
40414	37.8083987889224
40432	37.8083987889202
40438	37.8083987888990
40440	37.8083987888974
40444	37.8083987888871
40446	37.8083987888641
40472	37.8083987888541
40476	37.8083987888025
40480	37.8083987887729
40502	37.8083987887425
40522	37.8083987887319
40534	37.8083987887284
40538	37.8083987887049
40540	37.8083987886732
40576	37.8083987886344
40582	37.8083987886126
40602	37.8083987885988
40618	37.8083987885725
40632	37.8083987885705
40646	37.8083987885308
40694	37.8083987885306
40706	37.8083987885263
40712	37.8083987884836
40758	37.808398788477
40762	37.8083987884254
40780	37.808398788419
40792	37.8083987884178
40796	37.8083987884172
40798	37.808398788416
40806	37.8083987883917
40812	37.8083987883446
40822	37.8083987883399
40828	37.8083987883091
40834	37.8083987882691
40838	37.8083987882539
40846	37.8083987882196
40852	37.8083987881967
40862	37.808398788172
40864	37.8083987881154
40868	37.8083987880178
40882	37.8083987879635
40892	37.8083987879273
40906	37.8083987878803
40918	37.8083987877678
40934	37.8083987877585
40952	37.8083987877512
40960	37.8083987876726
40966	37.8083987876343
40988	37.8083987875981
40996	37.8083987875631
41012	37.8083987874873
41034	37.8083987874218
41058	37.8083987874199
41072	37.8083987874104
41082	37.8083987874081
41094	37.8083987873454
41104	37.8083987873005
41134	37.808398787288
41152	37.8083987872687
41164	37.8083987872229
41174	37.8083987872213
41186	37.8083987872038
41202	37.8083987871948
41204	37.8083987871922
41206	37.8083987871911
41212	37.8083987871785
41224	37.8083987871726
41228	37.8083987871455
41238	37.8083987871406
41240	37.8083987871242
41242	37.8083987870643
41246	37.8083987870611
41256	37.8083987870603
41268	37.8083987870097
41298	37.8083987869879
41314	37.8083987869745
41346	37.8083987869724
41350	37.8083987869491
41352	37.8083987869236
41400	37.808398786923
41406	37.8083987869199
41420	37.8083987868921
41442	37.8083987868850
41448	37.8083987868837
41458	37.8083987868761
41468	37.8083987868726
41478	37.8083987868716
41480	37.8083987868661
41482	37.8083987868604
41484	37.8083987868527
41490	37.8083987868442
41494	37.8083987868437
41500	37.8083987868343
41506	37.8083987868249
41510	37.8083987868235
41522	37.8083987868223
41526	37.808398786811
41534	37.8083987867995
41544	37.8083987867769
41582	37.8083987867748
41584	37.8083987867551
41596	37.8083987867475
41602	37.8083987867369
41614	37.8083987867188
41622	37.8083987867131
41630	37.80839878671
41642	37.8083987866907
41664	37.8083987866871
41678	37.808398786686
41680	37.8083987866528
41688	37.8083987866430
41700	37.8083987866179
41710	37.8083987865848
41720	37.8083987865785
41736	37.8083987865525
41756	37.8083987865346
41794	37.8083987865141
41796	37.8083987865064
41802	37.8083987865063
41804	37.8083987864669
41860	37.8083987864615
41866	37.8083987864557
41870	37.8083987864545
41874	37.8083987864252
41884	37.8083987864227
41890	37.8083987864194
41894	37.8083987863758
41918	37.8083987863652
41952	37.8083987863411
41964	37.8083987863282
41996	37.8083987863161
41998	37.8083987863121
42024	37.8083987862795
42026	37.8083987862578
42070	37.8083987862375
42076	37.8083987862094
42088	37.808398786194
42092	37.808398786193
42112	37.8083987861530
42124	37.8083987861275
42132	37.8083987860990
42142	37.8083987860159
42152	37.8083987860123
42154	37.8083987859953
42162	37.8083987859762
42168	37.8083987859063
42180	37.8083987858871
42196	37.8083987858461
42208	37.808398785846
42216	37.8083987858383
42244	37.8083987858032
42260	37.8083987857545
42290	37.8083987857490
42292	37.8083987857421
42294	37.8083987857411
42308	37.808398785739
42310	37.8083987857193
42314	37.8083987856811
42332	37.8083987856553
42344	37.8083987856392
42354	37.8083987856192
42364	37.8083987856027
42374	37.8083987855983
42378	37.8083987855914
42392	37.8083987855727
42416	37.8083987855698
42420	37.8083987855697
42424	37.8083987855671
42432	37.8083987855562
42440	37.8083987855548
42458	37.8083987855324
42478	37.8083987855275
42484	37.8083987855191
42490	37.808398785512
42502	37.8083987855065
42518	37.8083987854918
42522	37.8083987854808
42534	37.8083987854696
42566	37.8083987854674
42580	37.8083987854424
42584	37.8083987854229
42594	37.8083987854176
42640	37.8083987854121
42642	37.8083987853813
42654	37.8083987853794
42658	37.8083987853745
42662	37.8083987853729
42688	37.8083987853697
42704	37.8083987853478
42706	37.808398785335
42708	37.8083987853314
42720	37.8083987853237
42740	37.8083987853189
42758	37.8083987853042
42772	37.8083987852981
42786	37.8083987852605
42814	37.8083987852058
42820	37.8083987851685
42822	37.8083987851627
42824	37.8083987851588
42862	37.8083987851342
42888	37.8083987851202
42890	37.8083987851044
42902	37.8083987850693
42912	37.8083987850173
42920	37.8083987850086
42936	37.8083987850083
42952	37.8083987849541
42970	37.8083987849435
42978	37.8083987849099
42982	37.8083987849045
42988	37.8083987848877
43010	37.8083987848767
43024	37.8083987848498
43032	37.808398784841
43048	37.8083987848252
43072	37.8083987848006
43100	37.8083987847848
43124	37.8083987847666
43136	37.8083987847281
43142	37.8083987847258
43148	37.8083987847091
43162	37.8083987847048
43180	37.8083987847026
43192	37.8083987846908
43196	37.8083987846692
43200	37.8083987846644
43202	37.80839878463
43232	37.8083987846224
43266	37.8083987846193
43292	37.8083987846125
43296	37.808398784606
43300	37.8083987845921
43304	37.8083987845874
43316	37.808398784572
43320	37.8083987845453
43344	37.8083987845437
43346	37.8083987845365
43354	37.8083987845269
43366	37.8083987845144
43368	37.8083987845021
43370	37.8083987844819
43374	37.8083987844771
43384	37.8083987844759
43404	37.8083987844759
43414	37.8083987844619
43426	37.8083987844605
43438	37.8083987844496
43468	37.8083987844448
43482	37.8083987844331
43490	37.8083987844299
43492	37.8083987844276
43500	37.8083987844154
43526	37.8083987844050
43528	37.8083987843853
43568	37.8083987843814
43578	37.80839878438
43596	37.8083987843645
43608	37.8083987843626
43616	37.8083987843563
43634	37.8083987843543
43640	37.8083987843534
43664	37.8083987843468
43700	37.8083987843376
43722	37.8083987843359
43730	37.8083987843307
43742	37.8083987843289
43748	37.8083987843270
43752	37.8083987843139
43762	37.8083987843076
43764	37.808398784301
43772	37.8083987842887
43794	37.8083987842853
43798	37.8083987842841
43822	37.8083987842829
43832	37.8083987842808
43838	37.808398784274
43850	37.808398784271
43860	37.8083987842671
43872	37.8083987842591
43882	37.8083987842534
43898	37.8083987842518
43932	37.8083987842512
43936	37.8083987842439
43948	37.8083987842416
43968	37.8083987842322
43994	37.8083987842314
44016	37.8083987842304
44030	37.8083987842274
44058	37.8083987842258
44060	37.8083987842247
44072	37.8083987842234
44100	37.8083987842217
44108	37.8083987842195
44120	37.8083987842163
44162	37.8083987842153
44172	37.8083987842141
44176	37.8083987842134
44204	37.8083987842101
44208	37.8083987842099
44210	37.8083987842095
44216	37.8083987842090
44226	37.8083987842087
44234	37.8083987842076
44248	37.8083987842058
44274	37.808398784205
44284	37.8083987842027
44334	37.8083987842008
44350	37.8083987841997
44354	37.8083987841994
44356	37.8083987841985
44380	37.8083987841985
44390	37.8083987841980
44410	37.8083987841980
44418	37.8083987841972
44420	37.8083987841954
44444	37.808398784195
44450	37.8083987841945
44454	37.8083987841921
44466	37.8083987841905
44490	37.8083987841880
44500	37.8083987841859
44508	37.8083987841857
44546	37.8083987841822
44560	37.8083987841821
44578	37.8083987841815
44588	37.80839878418
44604	37.8083987841791
44620	37.8083987841785
44622	37.8083987841781
44630	37.8083987841758
44634	37.808398784175
44656	37.8083987841738
44682	37.8083987841721
44698	37.8083987841718
44700	37.8083987841707
44710	37.8083987841706
44722	37.8083987841688
44730	37.8083987841681
44738	37.8083987841662
44742	37.8083987841655
44752	37.8083987841647
44766	37.8083987841641
44768	37.8083987841579
44782	37.8083987841573
44804	37.808398784156
44828	37.8083987841558
44834	37.8083987841549
44846	37.8083987841528
44848	37.8083987841513
44864	37.8083987841509
44878	37.8083987841476
44884	37.8083987841463
44892	37.8083987841434
44908	37.8083987841429
44910	37.8083987841424
44918	37.8083987841399
44946	37.8083987841391
44952	37.8083987841351
44972	37.808398784133
44986	37.8083987841312
44994	37.8083987841312
45012	37.8083987841311
45024	37.8083987841258
45030	37.8083987841241
45058	37.8083987841205
45062	37.8083987841196
45090	37.8083987841177
45106	37.8083987841152
45130	37.8083987841126
45158	37.8083987841124
45162	37.8083987841121
45164	37.8083987841106
45166	37.8083987841099
45192	37.8083987841091
45194	37.8083987841076
45208	37.8083987841042
45258	37.8083987841037
45260	37.8083987841013
45278	37.8083987840998
45286	37.8083987840992
45302	37.8083987840988
45314	37.8083987840981
45326	37.8083987840980
45330	37.8083987840946
45370	37.8083987840943
45376	37.8083987840936
45378	37.8083987840905
45416	37.808398784089
45426	37.8083987840877
45428	37.8083987840849
45448	37.8083987840828
45452	37.8083987840826
45460	37.8083987840806
45466	37.8083987840788
45472	37.8083987840783
45478	37.8083987840745
45498	37.8083987840738
45514	37.8083987840721
45516	37.8083987840701
45528	37.8083987840687
45534	37.8083987840678
45538	37.8083987840642
45546	37.8083987840571
45560	37.8083987840524
45564	37.8083987840452
45568	37.8083987840415
45592	37.8083987840381
45626	37.8083987840372
45630	37.808398784035
45632	37.8083987840314
45640	37.8083987840241
45670	37.808398784024
45674	37.8083987840236
45696	37.8083987840234
45700	37.8083987840230
45706	37.8083987840186
45734	37.8083987840139
45740	37.8083987840108
45760	37.8083987840099
45780	37.8083987840075
45800	37.8083987840062
45804	37.808398784006
45808	37.8083987840032
45814	37.8083987840021
45842	37.8083987839979
45866	37.8083987839977
45876	37.8083987839976
45914	37.8083987839964
45918	37.8083987839952
45924	37.8083987839906
45938	37.8083987839892
45942	37.8083987839858
45946	37.8083987839845
45952	37.8083987839821
45960	37.8083987839803
45968	37.8083987839801
45988	37.8083987839795
46004	37.8083987839785
46028	37.8083987839784
46030	37.808398783977
46050	37.8083987839758
46074	37.8083987839757
46078	37.8083987839737
46086	37.808398783972
46114	37.8083987839676
46124	37.8083987839665
46134	37.8083987839664
46138	37.8083987839659
46156	37.8083987839622
46160	37.8083987839595
46216	37.8083987839573
46222	37.8083987839554
46234	37.808398783953
46278	37.8083987839527
46282	37.8083987839512
46284	37.8083987839507
46292	37.8083987839486
46306	37.8083987839461
46332	37.8083987839459
46334	37.8083987839452
46338	37.8083987839446
46348	37.808398783944
46354	37.8083987839415
46362	37.8083987839403
46386	37.8083987839381
46394	37.8083987839345
46404	37.8083987839316
46408	37.8083987839302
46466	37.8083987839283
46490	37.8083987839266
46502	37.8083987839241
46510	37.8083987839237
46522	37.8083987839237
46532	37.8083987839223
46538	37.808398783921
46546	37.8083987839195
46570	37.808398783918
46586	37.8083987839177
46596	37.8083987839159
46602	37.8083987839154
46624	37.8083987839145
46626	37.8083987839125
46630	37.8083987839122
46664	37.8083987839089
46668	37.8083987839074
46692	37.8083987839068
46708	37.8083987839068
46714	37.8083987839068
46716	37.808398783906
46724	37.8083987839051
46730	37.8083987839049
46750	37.8083987839049
46754	37.8083987839043
46760	37.8083987839031
46762	37.8083987839028
46768	37.8083987839022
46796	37.8083987839018
46800	37.8083987839015
46806	37.8083987839003
46814	37.8083987838996
46842	37.8083987838991
46852	37.8083987838976
46864	37.8083987838974
46866	37.8083987838963
46874	37.8083987838956
46876	37.8083987838947
46880	37.8083987838931
46882	37.8083987838919
46894	37.8083987838914
46912	37.808398783891
46924	37.8083987838891
46952	37.8083987838887
46956	37.8083987838882
46962	37.8083987838876
46976	37.8083987838870
46980	37.8083987838869
46982	37.8083987838859
47010	37.8083987838859
47020	37.8083987838859
47024	37.8083987838847
47026	37.8083987838844
47044	37.8083987838841
47048	37.8083987838835
47052	37.8083987838828
47074	37.8083987838826
47076	37.8083987838826
47086	37.8083987838819
47090	37.8083987838813
47100	37.8083987838802
47102	37.8083987838799
47124	37.8083987838798
47146	37.8083987838793
47160	37.8083987838784
47170	37.8083987838782
47176	37.8083987838777
47182	37.8083987838765
47208	37.8083987838741
47220	37.8083987838739
47236	37.8083987838734
47260	37.8083987838727
47282	37.8083987838724
47310	37.8083987838724
47330	37.8083987838718
47334	37.8083987838717
47358	37.8083987838711
47362	37.8083987838709
47380	37.8083987838705
47384	37.8083987838694
47392	37.8083987838688
47404	37.8083987838681
47422	37.8083987838679
47426	37.8083987838674
47444	37.8083987838651
47450	37.8083987838647
47452	37.8083987838646
47462	37.8083987838645
47464	37.8083987838641
47466	37.8083987838626
47484	37.8083987838624
47486	37.8083987838618
47498	37.8083987838607
47524	37.8083987838606
47530	37.8083987838604
47540	37.8083987838595
47542	37.8083987838592
47548	37.8083987838591
47560	37.8083987838583
47568	37.8083987838581
47578	37.8083987838568
47580	37.8083987838563
47586	37.8083987838554
47596	37.8083987838548
47598	37.8083987838539
47604	37.8083987838537
47612	37.8083987838522
47628	37.8083987838513
47660	37.8083987838504
47664	37.8083987838493
47666	37.8083987838491
47678	37.8083987838471
47680	37.8083987838455
47722	37.8083987838411
47732	37.8083987838411
47746	37.8083987838402
47758	37.8083987838379
47778	37.8083987838343
47788	37.8083987838343
47794	37.8083987838303
47814	37.8083987838289
47824	37.8083987838288
47826	37.8083987838269
47842	37.8083987838261
47848	37.8083987838261
47856	37.8083987838253
47872	37.8083987838245
47884	37.8083987838231
47896	37.8083987838221
47916	37.8083987838217
47934	37.8083987838203
47938	37.8083987838194
47946	37.808398783818
47962	37.8083987838176
47980	37.8083987838137
48006	37.8083987838137
48018	37.8083987838134
48028	37.8083987838131
48032	37.8083987838123
48050	37.8083987838113
48052	37.8083987838111
48078	37.8083987838069
48084	37.8083987838045
48098	37.808398783801
48132	37.8083987837999
48138	37.8083987837998
48148	37.8083987837979
48162	37.8083987837969
48174	37.8083987837946
48190	37.8083987837931
48204	37.8083987837917
48240	37.8083987837908
48244	37.8083987837902
48260	37.8083987837895
48264	37.8083987837887
48276	37.8083987837875
48284	37.8083987837861
48306	37.8083987837858
48314	37.8083987837848
48320	37.8083987837833
48332	37.8083987837821
48342	37.8083987837811
48344	37.8083987837806
48348	37.8083987837794
48368	37.8083987837772
48384	37.808398783776
48400	37.8083987837744
48422	37.8083987837736
48436	37.8083987837725
48444	37.8083987837723
48454	37.8083987837719
48476	37.8083987837708
48488	37.8083987837693
48514	37.8083987837690
48526	37.8083987837689
48532	37.8083987837688
48534	37.8083987837678
48552	37.8083987837677
48566	37.8083987837674
48586	37.8083987837671
48588	37.8083987837667
48590	37.8083987837667
48620	37.8083987837666
48632	37.8083987837666
48636	37.8083987837663
48694	37.8083987837662
48696	37.8083987837662
48698	37.808398783766
48704	37.8083987837657
48720	37.8083987837653
48742	37.8083987837652
48746	37.8083987837649
48774	37.8083987837648
48790	37.8083987837648
48794	37.8083987837648
48796	37.8083987837647
48800	37.8083987837646
48802	37.8083987837644
48822	37.8083987837641
48836	37.8083987837641
48852	37.8083987837639
48864	37.8083987837637
48894	37.8083987837631
48916	37.8083987837629
48924	37.8083987837626
48964	37.8083987837625
48974	37.8083987837624
48980	37.8083987837623
48982	37.8083987837623
48984	37.8083987837622
48996	37.8083987837621
49008	37.8083987837615
49034	37.8083987837614
49036	37.8083987837613
49042	37.8083987837612
49056	37.8083987837611
49060	37.8083987837605
49072	37.8083987837602
49086	37.8083987837600
49088	37.8083987837599
49096	37.8083987837596
49098	37.8083987837595
49118	37.808398783759
49124	37.8083987837590
49126	37.8083987837588
49134	37.8083987837586
49150	37.8083987837582
49158	37.8083987837581
49166	37.8083987837579
49168	37.8083987837578
49170	37.8083987837575
49196	37.8083987837574
49206	37.8083987837572
49208	37.808398783757
49222	37.8083987837565
49240	37.8083987837561
49280	37.8083987837555
49298	37.8083987837553
49304	37.808398783755
49314	37.8083987837549
49334	37.8083987837542
49336	37.808398783754
49348	37.8083987837539
49374	37.8083987837537
49380	37.8083987837536
49392	37.8083987837529
49414	37.8083987837528
49416	37.8083987837524
49438	37.8083987837524
49440	37.8083987837523
49442	37.8083987837521
49456	37.8083987837520
49472	37.8083987837519
49502	37.8083987837512
49512	37.8083987837508
49520	37.8083987837499
49544	37.8083987837499
49562	37.8083987837495
49572	37.8083987837494
49576	37.808398783749
49580	37.8083987837487
49584	37.8083987837483
49600	37.8083987837482
49612	37.8083987837479
49618	37.8083987837472
49630	37.808398783747
49648	37.808398783747
49650	37.8083987837469
49654	37.8083987837468
49656	37.8083987837465
49684	37.8083987837463
49692	37.8083987837462
49712	37.8083987837461
49716	37.8083987837459
49718	37.8083987837457
49744	37.8083987837457
49746	37.8083987837457
49754	37.8083987837457
49758	37.8083987837456
49766	37.8083987837455
49790	37.8083987837454
49800	37.808398783745
49832	37.8083987837447
49840	37.8083987837447
49860	37.8083987837444
49892	37.8083987837443
49896	37.8083987837443
49908	37.8083987837441
49924	37.8083987837441
49944	37.8083987837439
49966	37.8083987837439
49968	37.8083987837438
49974	37.8083987837436
49984	37.8083987837436
50014	37.8083987837433
50034	37.8083987837433
50074	37.8083987837432
50088	37.8083987837431
50090	37.8083987837431
50110	37.808398783743
50114	37.808398783743
50116	37.8083987837430
50118	37.8083987837429
50130	37.8083987837429
50146	37.8083987837429
50150	37.8083987837428
50154	37.8083987837428
50162	37.8083987837428
50180	37.8083987837427
50194	37.8083987837427
50226	37.8083987837426
50232	37.8083987837425
50244	37.8083987837425
50270	37.8083987837424
50304	37.8083987837423
50308	37.8083987837423
50322	37.8083987837423
50328	37.8083987837423
50336	37.8083987837423
50342	37.8083987837422
50356	37.8083987837422
50392	37.8083987837422
50418	37.8083987837421
50452	37.8083987837421
50480	37.8083987837420
50496	37.8083987837420
50514	37.808398783742
50544	37.8083987837419
50558	37.8083987837419
50570	37.8083987837419
50574	37.8083987837418
50616	37.8083987837418
50618	37.8083987837418
50620	37.8083987837418
50626	37.8083987837417
50660	37.8083987837416
50668	37.8083987837416
50688	37.8083987837416
50690	37.8083987837415
50706	37.8083987837415
50708	37.8083987837415
50720	37.8083987837414
50722	37.8083987837414
50724	37.8083987837413
50738	37.8083987837413
50806	37.8083987837412
50814	37.8083987837412
50826	37.8083987837412
50840	37.8083987837411
50852	37.8083987837411
50868	37.8083987837411
50874	37.808398783741
50878	37.8083987837409
50906	37.8083987837409
50908	37.8083987837409
50932	37.8083987837409
51002	37.8083987837408
51040	37.8083987837408
51044	37.8083987837408
51050	37.8083987837407
51060	37.8083987837407
51082	37.8083987837407
51088	37.8083987837407
51104	37.8083987837406
51122	37.8083987837406
51144	37.8083987837405
51154	37.8083987837405
51162	37.8083987837405
51164	37.8083987837405
51166	37.8083987837405
51178	37.8083987837404
51202	37.8083987837404
51232	37.8083987837403
51252	37.8083987837403
51282	37.8083987837403
51306	37.8083987837403
51316	37.8083987837403
51334	37.8083987837402
51362	37.8083987837402
51370	37.8083987837402
51374	37.8083987837402
51382	37.8083987837402
51392	37.8083987837401
51394	37.8083987837401
51412	37.8083987837401
51414	37.8083987837401
51432	37.8083987837401
51452	37.8083987837401
51466	37.8083987837401
51468	37.8083987837401
51496	37.8083987837401
51500	37.8083987837400
51530	37.80839878374
51550	37.80839878374
51570	37.80839878374
51578	37.8083987837400
51604	37.8083987837399
51612	37.8083987837399
51628	37.8083987837399
51640	37.8083987837399
51660	37.8083987837398
51684	37.8083987837398
51702	37.8083987837398
51722	37.8083987837398
51734	37.8083987837398
51750	37.8083987837398
51756	37.8083987837397
51808	37.8083987837397
51816	37.8083987837397
51832	37.8083987837397
51838	37.8083987837397
51860	37.8083987837397
51862	37.8083987837397
51866	37.8083987837396
51874	37.8083987837396
51906	37.8083987837396
51926	37.8083987837395
51946	37.8083987837395
51968	37.8083987837395
51986	37.8083987837395
51990	37.8083987837394
52000	37.8083987837394
52004	37.8083987837394
52018	37.8083987837394
52032	37.8083987837394
52040	37.8083987837393
52046	37.8083987837393
52054	37.8083987837393
52058	37.8083987837393
52084	37.8083987837392
52110	37.8083987837392
52114	37.8083987837392
52122	37.8083987837392
52158	37.8083987837391
52180	37.8083987837391
52190	37.8083987837391
52196	37.8083987837391
52252	37.8083987837391
52258	37.8083987837390
52268	37.808398783739
52298	37.808398783739
52304	37.808398783739
52318	37.8083987837390
52326	37.8083987837389
52332	37.8083987837389
52342	37.8083987837389
52344	37.8083987837389
52396	37.8083987837389
52454	37.8083987837389
52458	37.8083987837389
52478	37.8083987837388
52506	37.8083987837388
52518	37.8083987837388
52550	37.8083987837388
52570	37.8083987837388
52572	37.8083987837387
52600	37.8083987837387
52602	37.8083987837387
52636	37.8083987837387
52652	37.8083987837387
52674	37.8083987837387
52688	37.8083987837387
52702	37.8083987837386
52716	37.8083987837386
52746	37.8083987837386
52754	37.8083987837386
52768	37.8083987837386
52806	37.8083987837386
52810	37.8083987837386
52818	37.8083987837385
52820	37.8083987837385
52828	37.8083987837385
52854	37.8083987837385
52870	37.8083987837385
52884	37.8083987837385
52892	37.8083987837384
52894	37.8083987837384
52924	37.8083987837384
52962	37.8083987837383
52980	37.8083987837383
52988	37.8083987837383
52996	37.8083987837382
53006	37.8083987837382
53024	37.8083987837382
53032	37.8083987837382
53044	37.8083987837382
53046	37.8083987837382
53062	37.8083987837381
53090	37.8083987837381
53098	37.8083987837381
53100	37.808398783738
53170	37.808398783738
53182	37.8083987837379
53194	37.8083987837379
53204	37.8083987837379
53224	37.8083987837379
53228	37.8083987837379
53246	37.8083987837378
53256	37.8083987837378
53258	37.8083987837378
53260	37.8083987837378
53332	37.8083987837377
53390	37.8083987837377
53408	37.8083987837377
53416	37.8083987837377
53434	37.8083987837376
53466	37.8083987837376
53468	37.8083987837375
53506	37.8083987837375
53510	37.8083987837374
53514	37.8083987837374
53528	37.8083987837374
53536	37.8083987837374
53546	37.8083987837373
53556	37.8083987837373
53572	37.8083987837373
53578	37.8083987837372
53582	37.8083987837372
53594	37.8083987837372
53604	37.8083987837372
53652	37.8083987837372
53670	37.8083987837371
53678	37.8083987837371
53702	37.8083987837371
53716	37.8083987837371
53718	37.8083987837371
53722	37.8083987837370
53728	37.808398783737
53744	37.808398783737
53748	37.808398783737
53758	37.8083987837370
53790	37.8083987837369
53792	37.8083987837369
53818	37.8083987837369
53842	37.8083987837369
53860	37.8083987837369
53864	37.8083987837368
53882	37.8083987837368
53884	37.8083987837368
53890	37.8083987837368
53894	37.8083987837368
53918	37.8083987837368
53930	37.8083987837367
53970	37.8083987837367
53988	37.8083987837367
54030	37.8083987837367
54052	37.8083987837366
54062	37.8083987837366
54080	37.8083987837365
54110	37.8083987837365
54114	37.8083987837364
54164	37.8083987837364
54166	37.8083987837364
54182	37.8083987837364
54184	37.8083987837363
54212	37.8083987837363
54248	37.8083987837362
54284	37.8083987837362
54288	37.8083987837362
54290	37.8083987837362
54346	37.8083987837362
54356	37.8083987837362
54366	37.8083987837362
54386	37.8083987837362
54390	37.8083987837362
54412	37.8083987837361
54414	37.8083987837361
54436	37.8083987837361
54444	37.8083987837361
54486	37.8083987837361
54506	37.8083987837361
54516	37.8083987837361
54550	37.8083987837361
54552	37.8083987837361
54580	37.8083987837360
54612	37.808398783736
54624	37.808398783736
54702	37.808398783736
54706	37.808398783736
54710	37.808398783736
54742	37.808398783736
54798	37.808398783736
54830	37.8083987837360
54850	37.8083987837359
54882	37.8083987837359
54890	37.8083987837359
54898	37.8083987837359
54902	37.8083987837359
54916	37.8083987837359
54938	37.8083987837358
54954	37.8083987837358
55010	37.8083987837358
55014	37.8083987837358
55016	37.8083987837358
55058	37.8083987837358
55064	37.8083987837358
55072	37.8083987837358
55084	37.8083987837357
55094	37.8083987837357
55122	37.8083987837357
55128	37.8083987837357
55198	37.8083987837357
55230	37.8083987837357
55236	37.8083987837356
55238	37.8083987837356
55274	37.8083987837356
55298	37.8083987837356
55310	37.8083987837356
55316	37.8083987837356
55346	37.8083987837356
55348	37.8083987837356
55404	37.8083987837355
55496	37.8083987837355
55502	37.8083987837355
55504	37.8083987837355
55530	37.8083987837355
55546	37.8083987837355
55564	37.8083987837355
55628	37.8083987837355
55646	37.8083987837355
55694	37.8083987837354
55728	37.8083987837354
55812	37.8083987837354
55814	37.8083987837354
55834	37.8083987837354
55918	37.8083987837354
55926	37.8083987837354
55972	37.8083987837354
56214	37.8083987837353
56274	37.8083987837353
56764	37.8083987837353
56834	37.8083987837353
57010	37.8083987837353
57044	37.8083987837353
58592	37.8083987837353
64094	37.8083987837352
65558	37.8083987837352
69194	37.8083987837352
79052	37.8083987837352
84518	37.8083987837352
88176	37.8083987837352
300000	37.8083987837352
