52	360.812020861525
62	348.679172722496
118	322.631178534782
272	305.475719219351
294	281.570271389524
398	280.29803190927
402	277.735151562965
452	261.136406720355
674	255.892984877415
1472	237.286987652828
1886	237.244863598998
2020	235.092540838591
2064	235.004117089199
2080	231.897934188073
2706	221.631154765134
4014	216.880101395002
4558	213.512942709626
4944	204.768438876999
6198	201.064493643406
6412	185.836565356238
7644	184.478374810649
7808	176.958933707806
7894	173.144486330011
8020	162.854759812237
8184	157.390964298713
8244	154.001424087604
8254	143.437664758424
8262	142.369002942906
8272	123.207727233874
8350	121.689118010497
8366	121.034742409751
8368	120.941881995230
8370	118.802813063232
8408	108.075070140803
8452	106.679264595137
8492	100.838367668831
8528	97.6341071622287
8538	97.1605775224286
8544	95.2526933485543
8546	94.0387595112406
8558	90.1360161697546
8588	89.5304427324915
8590	89.2126875851564
8600	88.3457149309957
8608	86.2477933685351
8662	84.3575807811241
8670	84.265019386507
8696	82.1493844921844
8712	81.7411363183331
8720	81.1263777642635
8736	79.549723194552
8764	79.3515052242562
8780	78.4648425281256
8800	77.2285106793834
8842	77.0446951612745
8844	76.7823916897441
8858	76.7189594277335
8882	76.2365654805273
8892	75.73746690686
8896	75.5248322313936
8898	75.3763328052983
8916	75.3600302477757
8928	74.8175311401603
8944	74.3173333749213
8954	74.0973145735343
8978	73.8802254434891
8982	73.397425104261
8984	72.206826907677
8998	71.4113212608656
9000	71.0638518865459
9016	71.0119685031111
9030	70.9913088950531
9034	70.0738073585806
9044	69.7350912976161
9062	69.7026964787633
9064	69.165549916344
9072	69.0700510171846
9084	69.0245651882636
9086	68.8463286749724
9092	68.4377947975916
9098	67.5607283071908
9102	66.4379312972293
9134	65.4422318596153
9152	64.2090105174502
9180	64.0749278372481
9184	63.9839618248179
9186	63.2474875835975
9190	62.5650969175532
9216	62.4368068752681
9228	61.6617555840183
9242	61.596190884922
9252	61.4955955227144
9266	60.9003500580248
9270	60.3289610835525
9290	60.2511754960335
9296	60.0348687581387
9300	59.9656515771368
9302	59.6556413143443
9310	59.5236152224126
9342	59.4885493443673
9360	59.4005336890803
9364	59.3149407354259
9368	58.6432970486707
9382	58.6064901936257
9390	58.3094240131785
9406	57.903056228238
9412	57.8604474771475
9420	57.6360648702038
9442	57.5047010713525
9452	57.5023958705083
9462	57.4361388613789
9466	57.1723344651216
9480	57.107133167669
9486	57.03244988557
9496	57.0291819050732
9506	56.9105961207197
9510	56.681614879579
9534	56.6763769367207
9548	56.1988897393873
9568	56.1332317692684
9582	55.5996622193568
9596	55.540227286273
9602	55.4776514864877
9614	55.2152226052329
9634	55.1037478189317
9646	55.0400264342854
9652	54.629133810424
9668	54.5586582031185
9672	54.4869396309869
9674	54.4646777528205
9678	54.1631551456118
9694	54.0616811173055
9712	54.044653573099
9732	54.0303146041183
9740	53.3852726608713
9744	53.1937833084003
9762	53.1585528581622
9798	52.8028249838705
9824	52.6582366480092
9832	52.578838814361
9836	52.3953913229854
9874	52.3412391596837
9892	52.0439835705841
9900	51.8344886911292
9922	51.5568158465821
9928	51.493605210979
9934	51.4402444717727
9958	51.3666083126938
9960	51.3054206729051
9980	51.2443245173117
9982	51.1703377709984
9994	51.1686765402802
9998	51.1659961747155
10014	50.9775399975564
10032	50.8837317970123
10038	50.8059404081123
10042	50.7798514469346
10046	50.7169675004285
10072	50.5691143627654
10076	50.3610765520158
10082	50.3442480333438
10106	50.2582661358454
10150	50.1335773643972
10154	50.0838125961471
10160	50.0482193628818
10180	49.9790491975411
10208	49.9128545471001
10210	49.8920052926898
10214	49.7574674725029
10232	49.6067645758045
10240	49.5324462368701
10250	49.2215983964039
10300	48.8981256445681
10304	48.8345643624835
10320	48.7315901738151
10342	48.6738718389324
10366	48.661378400646
10374	48.5841617679944
10378	48.5831898548851
10386	48.4479075287074
10428	48.397531233917
10436	48.303572082327
10452	48.2964973089822
10464	48.1842126928171
10468	48.1504787786381
10476	48.1489970290182
10488	48.1363189887548
10498	48.0198590577344
10510	47.9638665964168
10516	47.856548818051
10540	47.8367063726524
10558	47.8232488991955
10562	47.7928201381739
10578	47.7743598503197
10590	47.7407458850327
10596	47.6908782038115
10602	47.6767240079346
10608	47.6569315346959
10614	47.6042291684589
10628	47.5931296625042
10642	47.5910591675946
10644	47.5678482872551
10658	47.5160778324393
10668	47.5082284712102
10676	47.5074294096337
10682	47.5073057003804
10684	47.4660994155465
10686	47.405251096087
10694	47.3413610695901
10696	47.3350920093973
10712	47.3271461009962
10716	47.3191291470728
10730	47.2635547121121
10738	47.2392326140157
10746	47.1468048154045
10760	46.9727777005906
10784	46.9588486180459
10824	46.8885647186675
10832	46.8819363273777
10836	46.7952379630396
10848	46.7903314054648
10880	46.7770016022829
10886	46.6929996363988
10902	46.6619097055325
10918	46.6392910853506
10920	46.6069501837429
10924	46.6058223176261
10928	46.5296928475604
10930	46.4742391629922
10946	46.4049173789599
10954	46.2443773948173
10958	46.1316218243491
10976	45.9639711926531
10984	45.9462022276316
11006	45.8965281726894
11026	45.774555389947
11028	45.7495591631157
11032	45.4902339783029
11050	45.3241485115472
11060	45.234899077695
11078	45.1028019227224
11088	45.0863452387537
11100	45.0391603529713
11114	44.985898003688
11140	44.931891489706
11192	44.9220876489053
11194	44.8749150028943
11210	44.8579898299577
11218	44.8513688369096
11224	44.7974186501924
11256	44.7888916022557
11264	44.7703182577371
11270	44.7671847807269
11278	44.7055708131528
11306	44.6818582478897
11330	44.6265802167453
11342	44.6225029223610
11350	44.6146101439035
11356	44.5872538781381
11366	44.5804685023388
11372	44.5775332975119
11376	44.5582715357
11384	44.5438307018672
11396	44.543304997971
11398	44.4830555114012
11404	44.4696554935931
11424	44.4611093611448
11434	44.4179430623737
11436	44.395481502305
11440	44.3819857819171
11446	44.3562437899025
11464	44.3317980248946
11480	44.3118186468597
11488	44.291361974936
11490	44.2874417562615
11494	44.2740037908015
11504	44.2557393273311
11508	44.2553165101189
11512	44.2203890744917
11526	44.2176386352218
11530	44.1922596325035
11532	44.1828742240424
11548	44.1136057204632
11558	44.1095559769745
11576	44.0992598388469
11586	44.0986654046195
11588	44.0780129984196
11594	44.0730524190551
11598	44.0583689260755
11610	44.0520339374522
11616	43.983255121665
11662	43.9431869615705
11684	43.8983406040808
11702	43.8649860274356
11706	43.8432288158665
11732	43.8397857324631
11738	43.8146857146025
11742	43.8082651290027
11746	43.7507938991823
11778	43.7312766299178
11792	43.7189783448561
11794	43.6973104970645
11820	43.6956168783739
11834	43.6802932522835
11838	43.6390587160614
11862	43.6260888780164
11872	43.6005750036513
11874	43.5939728148764
11886	43.5818062103044
11896	43.5549933291602
11934	43.5117660478101
11956	43.4796907994341
11962	43.4569763569843
11974	43.4404304241588
11980	43.4386452976055
11996	43.4341888687983
12004	43.3980019196819
12006	43.375722884964
12016	43.3469522277795
12022	43.3373308123996
12028	43.3004635025155
12048	43.2420882483313
12052	43.1750654138411
12062	43.1217147988424
12078	43.0897517135021
12084	42.9790962714437
12104	42.9106425416354
12130	42.9039428695629
12146	42.8764347358484
12148	42.8707196235045
12164	42.8463544393245
12174	42.8394794375256
12188	42.7920045374837
12194	42.7861455529652
12206	42.7732042020278
12212	42.7728316804883
12226	42.772754199512
12230	42.7655819325046
12236	42.7491909540532
12238	42.6719714584102
12286	42.6629807148736
12288	42.6393702119644
12294	42.6104016816535
12330	42.5850999847191
12362	42.569945350081
12366	42.5453112224615
12390	42.5292319616137
12394	42.5234803668651
12398	42.5135655318186
12424	42.5011743864329
12442	42.5009584579426
12450	42.4849015553188
12464	42.4756002714333
12484	42.4701370515212
12490	42.4481740238701
12494	42.4480653223537
12508	42.4457717658206
12510	42.4291798493837
12516	42.4273931233094
12518	42.4250664806908
12528	42.421455391027
12534	42.4040778652073
12536	42.4004008817365
12552	42.3717045188943
12560	42.3633891468663
12582	42.3621213777554
12584	42.3514183283081
12598	42.3481323995689
12612	42.345240649957
12628	42.3433380183332
12630	42.3298316377756
12632	42.3197787766385
12648	42.3103285652358
12660	42.2945537913187
12676	42.2931766222705
12700	42.2870172712922
12704	42.283006794663
12710	42.2724443044733
12738	42.2688640254965
12752	42.2642958963221
12758	42.2435624967628
12790	42.2416869709537
12794	42.2319680351856
12804	42.2265533324048
12816	42.2252887146357
12818	42.2246652396453
12826	42.2179386720528
12828	42.2156116251118
12842	42.2103673663362
12844	42.2074921252696
12848	42.2009220685426
12876	42.1993817027866
12894	42.195850223981
12902	42.1950116588155
12912	42.188630059365
12922	42.1882904411777
12930	42.180864591236
12936	42.1760327977438
12962	42.171806729048
12966	42.1646768291216
12980	42.1522489080075
12998	42.1516573064401
13002	42.1459972651662
13024	42.1417743308904
13028	42.141494138914
13036	42.1299837011155
13040	42.1252487412495
13050	42.1222536425891
13054	42.1148193537051
13086	42.1100034261600
13126	42.1067288110401
13132	42.1063414479618
13136	42.0869858190723
13154	42.0793704312096
13164	42.0781894258328
13168	42.0655270635192
13178	42.0592208856615
13186	42.0564924205658
13188	42.0560728204538
13204	42.0496864934366
13214	42.0444143858113
13218	42.0381988375571
13238	42.0361056484994
13242	42.0324272566495
13244	42.026971721225
13254	42.0237993831998
13260	42.0190321606602
13286	42.014100270893
13288	41.9956434878729
13290	41.9838907848389
13298	41.9745871983557
13304	41.9508991817304
13320	41.9394037354749
13356	41.9379707906261
13388	41.9348232625213
13394	41.9342525934123
13398	41.9276589699452
13418	41.9245492334351
13422	41.9188439293748
13438	41.916911999108
13444	41.9062873578895
13452	41.9032243668212
13458	41.8953925214764
13490	41.8952086543501
13502	41.8947896529663
13504	41.8760162688080
13508	41.8684551255159
13522	41.8598171528378
13536	41.8556105114212
13542	41.8535377589732
13544	41.8498711541239
13548	41.8427777465655
13558	41.8322198203815
13566	41.8239784944485
13580	41.8217771925842
13590	41.8181866931719
13602	41.8171726176261
13604	41.815557997068
13610	41.8100071085954
13630	41.8069567048708
13634	41.8052522170818
13646	41.7983202306098
13664	41.7869475813837
13684	41.7799651549436
13692	41.7775839710575
13702	41.7719588462033
13718	41.7613512358999
13730	41.7563034502455
13732	41.7543991465151
13786	41.7494620320756
13794	41.739489031255
13816	41.7249612350297
13836	41.7117229968571
13852	41.7106709246065
13862	41.709084732385
13874	41.7044837699526
13878	41.6845341862534
13890	41.6797545131256
13900	41.6778739209673
13928	41.6630402469774
13934	41.6537745473379
13946	41.6216818231574
13962	41.612300109611
13970	41.6011303643656
13986	41.5913081551514
14008	41.5881913663468
14018	41.579420337794
14028	41.5599473348218
14050	41.5430537745618
14070	41.5392141034105
14078	41.5328459563884
14086	41.5205801231186
14104	41.510294130978
14106	41.5040463778451
14112	41.4973065307529
14120	41.4817112078716
14124	41.4800881863945
14136	41.470836647098
14156	41.4464004352955
14168	41.4330694574445
14172	41.4222905841317
14204	41.4204542273714
14208	41.4057584233892
14216	41.4054355256441
14246	41.4006781206073
14250	41.3883375791533
14256	41.3843341337851
14274	41.3512076033253
14280	41.3445588932819
14288	41.3268358489367
14296	41.3111794621817
14342	41.2450922144142
14358	41.2119748285447
14360	41.204210597141
14398	41.1964935303779
14404	41.1476304664539
14418	41.1439127360823
14424	41.1429844036979
14426	41.1303888411534
14434	41.1210285631331
14436	41.1145632162365
14464	41.1074066520637
14492	41.0967883530327
14510	41.0835624665643
14512	41.0813016007227
14518	41.0789166025438
14524	41.0782306720273
14540	41.067919416622
14556	41.0585832603177
14604	41.0545249854243
14614	41.0425572798161
14622	41.0377293515208
14630	41.035045805589
14674	41.0342332413987
14686	41.0267360149323
14710	41.0198121485039
14716	41.0197446599324
14720	41.0141748732245
14724	41.0064719412993
14734	41.0039410527525
14736	40.9988940994103
14742	40.9932773652995
14754	40.987704545068
14762	40.983230708766
14774	40.9755664901548
14776	40.9754795523296
14784	40.9689598606945
14794	40.9493474659876
14810	40.9455704624013
14822	40.9347975547554
14844	40.9317679675126
14852	40.9159586921065
14856	40.9120442072192
14868	40.9030206640975
14880	40.8970074796587
14888	40.8871626671186
14918	40.8838396007909
14928	40.8806714231749
14942	40.8798758625209
14944	40.8688716163947
14952	40.8679388712162
14958	40.8634817313285
14968	40.8627965472803
14980	40.8580182342024
14990	40.8464679135995
15008	40.8391422537784
15032	40.8367397417315
15040	40.8331711168058
15054	40.8320655928989
15062	40.8310888930447
15066	40.8204817541584
15080	40.8164191465788
15084	40.8116645104966
15098	40.8110786927959
15112	40.8109170312157
15114	40.8000800413628
15118	40.7971103284798
15138	40.7927900822669
15156	40.7891172532855
15162	40.7807236915755
15208	40.7755835699402
15216	40.7687614495636
15226	40.7664929994875
15230	40.7577261901017
15280	40.7558797777714
15286	40.7540914435413
15290	40.7493455476832
15308	40.7483412130024
15310	40.7440822353106
15340	40.7349580460432
15348	40.7320940150816
15354	40.7300391158221
15364	40.7293423803643
15378	40.7283399784849
15386	40.7220076148795
15410	40.7203847555136
15418	40.7188673277122
15424	40.7179338364772
15432	40.7094724745753
15450	40.7027737883521
15456	40.6961515412239
15462	40.6952017421568
15472	40.6888452128172
15474	40.6724068488951
15504	40.6548515663354
15512	40.6305550993078
15522	40.6139377168718
15546	40.6086639115715
15562	40.6079033309572
15568	40.6027019781078
15578	40.5905023043131
15600	40.5870952191007
15612	40.5753865618843
15646	40.5683686765639
15656	40.5591238797791
15670	40.5585884058171
15672	40.5574798983531
15688	40.545164929234
15690	40.5435674768592
15694	40.5432450655992
15698	40.5346969707244
15702	40.5323521654768
15712	40.5215475038544
15766	40.5206084346879
15768	40.5202837263423
15780	40.5148130209044
15782	40.5099751596126
15796	40.504184362183
15810	40.4966936672107
15812	40.4931362109392
15824	40.4807335174507
15854	40.4792607799243
15870	40.4765548952193
15892	40.4687685333361
15948	40.4675722422458
15958	40.4656614975951
15982	40.4595519045643
15998	40.4538590874888
16016	40.451282456621
16030	40.4511051184201
16034	40.4507991965593
16036	40.4487655515311
16040	40.4448635677711
16048	40.4347981590773
16052	40.4326242228608
16062	40.4319140977716
16068	40.431540931537
16074	40.4251961192285
16104	40.4238308642895
16112	40.4203943865594
16124	40.4200421600835
16126	40.4118307364659
16130	40.4096922268926
16142	40.408371137201
16144	40.4044618181615
16152	40.4041240852526
16156	40.4015404843693
16162	40.3845931017756
16174	40.3806409901254
16182	40.3799960789268
16204	40.3725013424557
16208	40.3674829999234
16228	40.3672229706069
16234	40.3516380285802
16238	40.3491946884349
16256	40.3411477860415
16268	40.3376238517138
16276	40.3347424102975
16286	40.3342088125360
16290	40.331131916298
16296	40.3295148847885
16304	40.3243097242913
16328	40.3199268922543
16346	40.3124595776068
16362	40.2991764627109
16388	40.2940213550168
16394	40.2929092440667
16398	40.2881192656673
16400	40.2651986116407
16408	40.26053387135
16418	40.2580543022303
16422	40.2496751266378
16426	40.2418867377127
16430	40.2387584195314
16446	40.2366543928851
16456	40.2289531045462
16490	40.2239604523475
16522	40.2128018621789
16524	40.2112782753170
16536	40.2099661176798
16538	40.2038756154296
16546	40.2028545055893
16552	40.1948296599349
16570	40.1800135573025
16606	40.1796179054786
16608	40.1755772548684
16636	40.1718910079202
16640	40.1675639963225
16650	40.1533264605107
16712	40.1531146526055
16724	40.1528005168587
16726	40.1476278432496
16730	40.1458998019522
16734	40.1427285220187
16756	40.1406992669129
16780	40.1397855700866
16792	40.136393921171
16794	40.1357834115886
16798	40.1317150986541
16806	40.1268769963094
16836	40.1237279930500
16856	40.1214704616662
16858	40.1203925793281
16876	40.1190051115605
16878	40.1189656777769
16884	40.1172655608135
16886	40.1170038682327
16890	40.110393561383
16904	40.1045292578656
16914	40.1044224947631
16936	40.094190509582
16956	40.0930875973312
16966	40.0917527087718
16972	40.0876067775162
16978	40.0850734716682
16992	40.0832165898336
17012	40.0826257771669
17016	40.0807450900057
17024	40.0775769927637
17026	40.0756908635522
17040	40.0755987361889
17054	40.0748764610989
17076	40.0713470309691
17114	40.0700917214559
17120	40.0699631864119
17132	40.0697105757244
17144	40.0680605559252
17150	40.0671610283877
17162	40.0671462315381
17164	40.0659565631619
17168	40.0652377777908
17176	40.0634822364855
17200	40.0627570417452
17206	40.0626519266139
17212	40.0617149497563
17230	40.0603813213397
17244	40.0590027739735
17252	40.0587051696251
17282	40.0582071677454
17296	40.0567160810932
17298	40.0555055525979
17306	40.0551762700754
17312	40.0517210869601
17366	40.0488244297179
17374	40.0479148898059
17388	40.0470894981171
17390	40.0466792036709
17406	40.0456672259404
17410	40.0397830828134
17430	40.0384098270448
17446	40.0377901551726
17466	40.029012357946
17478	40.0272801248441
17498	40.0263491508008
17512	40.0217232282497
17516	40.0187946914775
17518	40.0155780127758
17522	40.0108523522909
17604	40.0106247457281
17634	40.0084847607204
17638	40.0050666642977
17644	40.004561649209
17650	40.0034540918623
17666	40.0034410872056
17678	40.0001722178307
17690	39.9947827646764
17694	39.9914763926806
17712	39.9873754893378
17714	39.9871438515431
17720	39.9816838593492
17758	39.9756513826272
17776	39.9736473914948
17782	39.9733310153264
17790	39.9713441535154
17808	39.9676750816504
17826	39.9662425951911
17828	39.9621420584592
17844	39.9570351225961
17870	39.9518519191679
17888	39.9506276972019
17890	39.9499709062515
17898	39.949499485076
17900	39.9484414312352
17906	39.9427245870442
17920	39.9407253399223
17924	39.9405116220283
17932	39.9396957618071
17940	39.9395627266334
17956	39.9361460479563
17962	39.9350121519119
17976	39.9338213855001
17986	39.9322085018236
17996	39.9304107108415
17998	39.9304034680085
18014	39.928798059278
18024	39.9287412037842
18030	39.925819094611
18040	39.9249922340852
18052	39.921616596513
18080	39.9215295669764
18084	39.9208449382092
18086	39.9205093061529
18098	39.9147985987819
18112	39.9143183405646
18114	39.9127542261162
18118	39.9125422761498
18124	39.9124855604259
18126	39.9119113380876
18130	39.9068900035611
18138	39.9063491254675
18156	39.9034654624071
18188	39.9006679556123
18190	39.8996180589831
18200	39.8990082673146
18208	39.8985200075312
18224	39.8956883467446
18254	39.8948858362387
18284	39.8943647814633
18300	39.8935461955671
18308	39.8923060579007
18330	39.8917558312918
18336	39.8913818554421
18344	39.8898277219723
18354	39.8896770792204
18360	39.8890497626917
18362	39.8872336010942
18368	39.8848314242694
18388	39.8836090815414
18406	39.8827942839825
18416	39.8824209178833
18432	39.8796666802024
18434	39.8795608804559
18440	39.8793221898163
18448	39.8754824925165
18456	39.8747705092472
18478	39.8720902173671
18480	39.8720304174144
18486	39.8694701985250
18494	39.8693584656266
18516	39.8671883478063
18518	39.8671422874466
18558	39.8669453786287
18582	39.8662811051289
18590	39.8632625993245
18596	39.8630920433283
18600	39.8622358716073
18622	39.8607820133621
18654	39.8569595106141
18672	39.8560998494641
18680	39.853953111218
18704	39.8528346176677
18722	39.8524110087694
18734	39.8519800908938
18740	39.8489592166096
18746	39.848530311765
18772	39.8471256192981
18776	39.8459973435199
18780	39.8450074575859
18786	39.8434953839325
18798	39.8433534022177
18816	39.843015781157
18832	39.8421589206611
18838	39.8419918681717
18844	39.8417430053894
18852	39.8399394345148
18858	39.8388293125873
18894	39.8385209679347
18914	39.8377415388604
18918	39.8358295852807
18934	39.834993668289
18952	39.8348204722853
18966	39.8343630466368
18970	39.8342273641909
18980	39.834057787275
18984	39.8337441310421
18990	39.8334830018875
19000	39.8334563242053
19008	39.8323244566162
19014	39.8317426921116
19034	39.8311611274931
19072	39.8306831187981
19078	39.8306275146255
19080	39.8298840514812
19082	39.8298619999082
19090	39.8292557633639
19122	39.829065883332
19138	39.8290167812012
19144	39.8287278120847
19152	39.8282440637068
19168	39.8281901098607
19192	39.8277431929942
19198	39.8277131165789
19212	39.8273496186602
19222	39.8273209071755
19224	39.8273028929309
19236	39.8271396485305
19240	39.8265191641386
19242	39.826073756557
19248	39.8255907052943
19290	39.8255211644259
19296	39.8252228056471
19310	39.825099440232
19314	39.8247578350551
19322	39.8244080592265
19340	39.8243979256773
19360	39.8242573293815
19364	39.8242468013778
19374	39.823992538545
19388	39.8236722450699
19390	39.8235178415998
19404	39.8230231037143
19424	39.823002733454
19454	39.8226561838237
19458	39.8226233047635
19462	39.8224858473242
19486	39.8221918131621
19488	39.8220527075368
19496	39.8220404227445
19506	39.8219182645219
19510	39.8218965954946
19522	39.821653189707
19528	39.8215808445506
19536	39.8215225822244
19570	39.8213921621106
19582	39.8211981583902
19586	39.8206941869593
19594	39.820659055764
19614	39.8203784591478
19626	39.8202709977651
19642	39.8200214414874
19650	39.8197814358716
19658	39.8191837352370
19666	39.8191266444823
19680	39.8191048632579
19686	39.8190126814371
19690	39.8188160609113
19692	39.8188159697624
19696	39.8185976051858
19700	39.8184949902003
19702	39.8184377795627
19714	39.8184277626821
19718	39.8183941894455
19734	39.8180735647972
19740	39.8180452755048
19742	39.8174851810492
19768	39.8174287489413
19780	39.8171611461093
19790	39.8168788970924
19794	39.8165441302188
19806	39.816366812759
19812	39.8163340483087
19838	39.8160153591639
19864	39.8160038070288
19876	39.8159255020448
19888	39.8155222742403
19894	39.8154350707075
19900	39.8154073559774
19912	39.8152490419992
19914	39.8150797035653
19934	39.8149375284489
19974	39.8148086762123
19976	39.8146631906448
19984	39.8144859247268
19992	39.8141357099595
19996	39.8139759466257
20032	39.8137748401955
20038	39.8135826819759
20046	39.8135016321883
20070	39.8133166359197
20092	39.8132898089398
20112	39.8131967652826
20118	39.8130177954861
20144	39.8128161259006
20182	39.8126591632931
20196	39.8124570443925
20206	39.8122407475698
20216	39.8121897685837
20256	39.8121335207232
20266	39.8121259413965
20268	39.8119746582705
20280	39.8119456679339
20286	39.8118292617359
20292	39.8116564203911
20300	39.8114271991025
20314	39.8114221357259
20318	39.8114163926815
20326	39.8113057266704
20328	39.8111900088403
20350	39.8111781688485
20356	39.8110822648972
20382	39.8110398516532
20390	39.8110103541942
20394	39.8109124319614
20414	39.8107743831964
20430	39.8102975599998
20436	39.8102704490155
20456	39.8102515290738
20466	39.8101855415513
20470	39.8096621495796
20474	39.8096189662671
20482	39.8094749725274
20484	39.8093117516885
20486	39.8090294593963
20520	39.8090113090313
20528	39.8090099417209
20532	39.8088799689254
20542	39.8087157710882
20552	39.8086987183645
20564	39.8081861169544
20572	39.8081152712597
20576	39.8074747337369
20602	39.8070499414235
20620	39.8067346730483
20646	39.8066181233633
20658	39.8062668364240
20692	39.8062018246184
20700	39.8060697251935
20704	39.8059892568163
20716	39.8059887654694
20720	39.8059551314346
20722	39.8055972692075
20748	39.8054351241920
20760	39.8054208166713
20766	39.8053247935137
20768	39.8051752613136
20774	39.8050139978418
20790	39.8049892430259
20792	39.8049063029756
20798	39.8048049502093
20800	39.8045334100949
20802	39.8045000438356
20806	39.8044231076408
20858	39.8043776972262
20860	39.8043648526884
20870	39.8043073528663
20880	39.8040829638926
20904	39.8040264864408
20906	39.8039659854875
20916	39.8039502750674
20922	39.803933050259
20930	39.8037988133073
20934	39.8036681831605
20964	39.8036610109228
20978	39.8036221104955
20984	39.8035323202254
20992	39.8034809334282
21034	39.8033155151574
21048	39.8032828736806
21060	39.8031691324628
21062	39.8031493750819
21072	39.8031071938984
21084	39.8030660168996
21116	39.8030437775898
21122	39.8029486667325
21186	39.8029389058598
21210	39.8028727479916
21216	39.8028309017425
21236	39.8027923674167
21264	39.8027772358148
21278	39.8026982473382
21294	39.8026933658929
21300	39.8026846435649
21310	39.8026754545195
21312	39.8026162787651
21314	39.802531767698
21344	39.8025072824283
21354	39.8025010473398
21360	39.8025005374599
21368	39.8024898113581
21372	39.8024825328226
21398	39.8024725694206
21410	39.8024665792634
21412	39.80244054321
21416	39.8024191198277
21432	39.8023645874085
21436	39.8023299275054
21462	39.8022991062708
21470	39.8022467272543
21484	39.802181417202
21492	39.8021702896375
21494	39.8021656146656
21498	39.8021514352494
21506	39.8021224564167
21508	39.8021132601716
21534	39.8021041859242
21546	39.8020797495045
21550	39.8020790681122
21566	39.8020475892884
21586	39.8020290812979
21588	39.8020139442522
21604	39.8020022833705
21616	39.8020017596824
21628	39.8019863144731
21650	39.8019537294533
21664	39.8019497398938
21672	39.8019383078657
21686	39.8019253245627
21706	39.8018959978292
21756	39.8018712101634
21786	39.8018467591899
21802	39.8018446619576
21830	39.8018444574623
21842	39.8018257737053
21856	39.8018208536445
21862	39.8018051752753
21868	39.8017728626508
21884	39.8017722908154
21892	39.8017705443877
21894	39.8017685973701
21898	39.8017647434971
21902	39.8017581891139
21906	39.8017507872586
21910	39.8017369811718
21916	39.8017342152427
21918	39.8017190293189
21938	39.8017090032439
21950	39.801694872248
21958	39.8016728203948
21966	39.8016651996013
21980	39.8016470136059
21986	39.8016315957368
22008	39.8016244824977
22018	39.8016102596868
22024	39.8015748224179
22038	39.8015538136909
22044	39.8015141362611
22050	39.8014888830184
22062	39.8014814612106
22076	39.8014670355408
22078	39.8014649278819
22082	39.8014548997822
22084	39.8014300169673
22090	39.8014076777456
22106	39.8014031433794
22114	39.8013667586971
22124	39.8013524806192
22150	39.8013454172245
22154	39.8012940773024
22182	39.8012848557866
22186	39.8012821439486
22228	39.8012248631004
22240	39.8012149215524
22260	39.8012123345334
22266	39.8011892975412
22282	39.8011858201865
22290	39.8011634113123
22292	39.8011507057730
22308	39.8011342783684
22328	39.8011308172467
22334	39.8011283112440
22338	39.8011202792281
22342	39.8011180512179
22354	39.8010924400264
22372	39.8010909913350
22374	39.80102775167
22410	39.8009919503333
22414	39.8009786809727
22422	39.8009735534385
22428	39.8009487242684
22452	39.8009374580705
22476	39.8009063615264
22520	39.8009059936306
22522	39.8009028309659
22544	39.8008887659581
22546	39.8008767661179
22578	39.8008713892088
22582	39.8008587770863
22600	39.8008540676915
22602	39.8008320939139
22650	39.8008299979497
22666	39.8008217268175
22672	39.8008203529765
22682	39.8008196570679
22684	39.8008176114138
22686	39.800808691688
22706	39.8007987173781
22732	39.8007951170621
22740	39.8007944900739
22744	39.8007883059909
22758	39.800784667309
22768	39.800781729257
22776	39.8007569730466
22814	39.8007547320426
22826	39.8007433888504
22834	39.8007369544368
22840	39.8007335133595
22852	39.8007206644425
22860	39.8006934483266
22864	39.8006888026059
22872	39.800682072874
22882	39.8006818616532
22894	39.8006757324628
22896	39.8006601917686
22902	39.8006589880624
22904	39.8006247761375
22924	39.8006000177787
22972	39.8005988598371
22980	39.800572913943
22990	39.8005614510066
23002	39.8005360254105
23026	39.8005302736914
23036	39.8005178664865
23058	39.8005116856401
23068	39.8005014802314
23076	39.8004699978881
23100	39.800443296236
23132	39.8004249934607
23140	39.80041889218
23158	39.8004146292107
23192	39.8004145830995
23200	39.8004069058986
23210	39.8003930961189
23224	39.800385647001
23238	39.8003851994261
23248	39.8003814280184
23250	39.8003720928382
23254	39.8003695579338
23256	39.8003617882832
23272	39.8003494970986
23298	39.8003393778051
23322	39.8003370448381
23326	39.8003308031456
23350	39.8003274024129
23352	39.8003272547667
23378	39.800316315996
23382	39.800314506733
23406	39.8003094087801
23420	39.8003082780746
23446	39.8002984760862
23464	39.8002975853704
23500	39.8002965584137
23518	39.8002958979106
23526	39.8002950544242
23540	39.8002934808269
23546	39.8002904710442
23550	39.8002813017859
23552	39.8002800217908
23558	39.8002763029803
23574	39.8002760702927
23578	39.8002749432112
23580	39.8002748152300
23584	39.8002747658
23590	39.8002648532211
23608	39.8002622107253
23622	39.8002605908646
23634	39.8002588546387
23640	39.8002583812009
23642	39.8002570692153
23672	39.8002454998501
23674	39.8002398656703
23688	39.8002261696571
23690	39.800195957938
23724	39.8001954949357
23742	39.800193531335
23764	39.8001886579008
23766	39.8001846223206
23778	39.8001711893837
23784	39.8001673702316
23802	39.8001570340806
23822	39.8001325381043
23872	39.8001274099656
23882	39.8001225296206
23900	39.8001211945839
23904	39.8001193456416
23908	39.8001015704465
23922	39.8000866391271
23928	39.8000818868745
23960	39.8000764064213
23970	39.8000727771682
23982	39.8000659820139
24016	39.800062069367
24026	39.8000514725063
24046	39.800046669966
24060	39.8000369287853
24066	39.8000368579898
24074	39.8000356711556
24076	39.8000153706884
24092	39.8000027870213
24104	39.7999996957992
24106	39.7999926920255
24122	39.7999839406044
24126	39.7999705985344
24140	39.7999529179052
24144	39.7999453860776
24156	39.7999386315908
24162	39.799920843592
24170	39.7999108948748
24182	39.7999072433408
24186	39.7998747965961
24212	39.7998695168431
24232	39.7998546185507
24252	39.799846644049
24254	39.7998452852285
24262	39.7998376504315
24272	39.7998372660505
24274	39.7998206073079
24278	39.7997768109402
24316	39.7997705410975
24320	39.7997661937825
24324	39.7997414141762
24338	39.7997157545217
24350	39.7996933181144
24386	39.7996624134773
24388	39.7996436155372
24416	39.799638126911
24426	39.7996338207404
24430	39.7995998785077
24476	39.7995997091139
24490	39.7995845627174
24500	39.7995667194329
24512	39.7995624738366
24518	39.7995373302309
24530	39.7995089387609
24534	39.7994928192730
24550	39.7994861315137
24560	39.7994759142077
24562	39.7994733730937
24588	39.7994486743104
24610	39.7994476095979
24614	39.7994369612103
24618	39.7994320315598
24650	39.7994310960671
24654	39.7994252436168
24666	39.7994198565507
24688	39.7994161220543
24696	39.7994138430347
24708	39.7994119231563
24722	39.799407561584
24724	39.7994032016174
24726	39.7994024560779
24730	39.7993937601876
24774	39.7993898459869
24778	39.7993831515069
24798	39.7993795596007
24816	39.7993777865288
24818	39.7993744203981
24846	39.7993683873083
24850	39.7993681466740
24866	39.7993661268144
24898	39.7993625141871
24908	39.7993611943422
24916	39.7993593221397
24936	39.7993504263373
24950	39.7993475732697
24958	39.7993404284057
24964	39.7993403255611
24968	39.7993295170479
24982	39.7993190386222
24994	39.7993168173438
25016	39.7993071229240
25034	39.7993052699229
25038	39.7993033076356
25048	39.7992716296801
25084	39.7992713302717
25090	39.7992713194853
25098	39.799266539863
25102	39.799257958545
25104	39.7992488311571
25110	39.7992446414207
25112	39.7992394068964
25128	39.7992346624691
25144	39.7992309864173
25154	39.799228799577
25166	39.7992268781444
25170	39.799201776135
25174	39.7991823515138
25194	39.7991800372633
25212	39.7991615663392
25242	39.7991578498833
25246	39.7991577401709
25254	39.7991436661199
25306	39.7991411883056
25330	39.7991411460918
25334	39.7991289348113
25336	39.799123435552
25354	39.7991204405267
25356	39.7991193977851
25366	39.7991086331435
25382	39.7991079759768
25384	39.7991067602742
25390	39.7991058000338
25396	39.7991027364747
25400	39.7991007893998
25404	39.7990957116216
25412	39.7990902467403
25424	39.7990900081482
25456	39.7990855852327
25458	39.799085425643
25468	39.7990779126808
25480	39.7990718825956
25486	39.7990697675841
25488	39.7990648554243
25496	39.7990639593423
25512	39.7990617441404
25528	39.7990538690677
25538	39.7990499507367
25562	39.7990437745833
25606	39.7990427091098
25612	39.7990410211617
25616	39.7990368569767
25632	39.799031075186
25650	39.799028037019
25656	39.7990267872066
25660	39.7990201578146
25670	39.7990187038735
25674	39.7990176722372
25686	39.7990143831625
25696	39.7990103220311
25700	39.7990091202624
25702	39.7990074773979
25706	39.799006079082
25712	39.7989967003933
25720	39.7989964225404
25724	39.7989953911179
25728	39.7989925615725
25732	39.7989913595203
25748	39.7989899421582
25750	39.7989758307034
25758	39.7989705885381
25770	39.7989642139465
25784	39.7989561227219
25788	39.7989557939548
25794	39.7989461988
25796	39.7989441916582
25802	39.7989420086863
25830	39.7989175783639
25848	39.7989089774693
25850	39.7989065840992
25862	39.7989004994508
25880	39.7988922451931
25894	39.798889493292
25898	39.7988857032743
25902	39.7988839429632
25906	39.7988830746151
25932	39.7988748995719
25938	39.7988653608191
25976	39.7988634602792
25994	39.7988473641961
26010	39.79883800811
26022	39.7988232465848
26046	39.7988159595894
26054	39.7988116074022
26062	39.7987872522429
26068	39.7987865650331
26070	39.7987852113352
26112	39.7987799846954
26144	39.7987751588510
26148	39.7987657866622
26176	39.7987587433626
26190	39.7987552601129
26208	39.798753515948
26210	39.7987526927372
26216	39.7987515600513
26246	39.7987481777369
26258	39.7987399539868
26260	39.7987396428903
26290	39.7987349174521
26302	39.7987337857528
26304	39.7987323962837
26306	39.7987286275211
26350	39.7987249670467
26368	39.7987228383255
26436	39.7987225463478
26450	39.7987213635203
26466	39.7987212495834
26490	39.7987195479148
26504	39.7987155144717
26556	39.7987128149928
26562	39.7987125547558
26574	39.7987122867268
26582	39.7987111641055
26590	39.7987111513988
26594	39.7987101615006
26632	39.7987096671093
26638	39.7987077415972
26652	39.7987075697147
26654	39.7987061400953
26676	39.7987050663222
26684	39.7987039927165
26690	39.7987014877058
26712	39.7987005693261
26716	39.798700407809
26738	39.7987000126616
26740	39.7986989928547
26756	39.7986972727802
26786	39.7986967912462
26798	39.7986964978449
26808	39.7986959995712
26818	39.798695375492
26820	39.7986948194633
26836	39.7986939409432
26848	39.7986939072294
26850	39.7986935420896
26852	39.7986929303257
26856	39.7986910489123
26868	39.7986906920165
26872	39.7986904271958
26878	39.7986887015216
26880	39.7986883935503
26892	39.7986863792793
26894	39.7986854141032
26898	39.7986831745447
26914	39.7986814257254
26924	39.7986813840605
26932	39.798681366782
26934	39.798680720633
26940	39.7986800689358
26944	39.7986749219658
26960	39.7986747522041
26966	39.7986733458046
26984	39.7986719101441
26988	39.7986715513172
26992	39.798671461907
27004	39.7986691167142
27012	39.7986676114032
27018	39.7986650346926
27040	39.7986604559351
27048	39.7986569033823
27100	39.7986554368322
27102	39.798655223106
27104	39.7986534407395
27116	39.7986530536668
27118	39.7986530321503
27184	39.7986530149229
27192	39.7986517031915
27194	39.7986516720107
27198	39.7986508437335
27204	39.7986473248591
27224	39.7986465573872
27226	39.7986449833181
27234	39.798642715447
27250	39.7986424146438
27254	39.798638395224
27280	39.79863575214
27282	39.7986355382739
27296	39.7986353751567
27298	39.7986342720118
27308	39.7986335848971
27316	39.7986304628113
27338	39.7986294861105
27370	39.7986280659522
27372	39.798626331965
27398	39.7986256470816
27412	39.7986238623085
27414	39.7986234986604
27424	39.7986234027827
27426	39.7986209072136
27432	39.7986193393398
27438	39.7986193315976
27452	39.7986187371878
27466	39.7986155784354
27498	39.7986155301006
27504	39.7986127348113
27548	39.7986124048737
27558	39.7986120940056
27574	39.7986117443897
27584	39.7986113187536
27596	39.7986081937618
27648	39.7986075097365
27650	39.7986065998337
27654	39.79860358413
27668	39.7986032213193
27672	39.7986018958231
27676	39.7985991116467
27694	39.7985984413120
27700	39.7985978476518
27706	39.7985975428984
27724	39.7985974258906
27736	39.7985911608545
27754	39.7985896393576
27774	39.7985896170186
27778	39.7985876875761
27786	39.7985841120503
27802	39.7985828231064
27834	39.7985820355865
27848	39.7985817739282
27860	39.798581675938
27874	39.7985811749372
27880	39.798578948133
27906	39.7985762970652
27936	39.7985737077733
27978	39.7985721945979
28006	39.7985715211009
28020	39.7985709676616
28036	39.7985700596459
28056	39.7985699567513
28062	39.7985697557842
28066	39.7985682328488
28082	39.7985681935252
28084	39.7985681743567
28088	39.7985677586862
28108	39.7985660311135
28120	39.7985659240407
28130	39.7985655594109
28150	39.7985652681588
28154	39.7985651560091
28168	39.7985646569287
28172	39.7985637560453
28174	39.7985607782326
28192	39.7985606305748
28194	39.7985601956609
28202	39.7985586651778
28208	39.7985580860969
28238	39.7985564610593
28252	39.7985557515006
28264	39.79855438911
28276	39.7985539457891
28282	39.7985529478193
28288	39.7985527288623
28290	39.7985526076671
28296	39.7985519441523
28312	39.7985512494944
28328	39.7985505236436
28332	39.7985496055484
28342	39.7985468807003
28346	39.7985464562646
28352	39.798545191239
28366	39.7985431095379
28372	39.7985418583318
28380	39.7985402577746
28392	39.7985393647246
28396	39.7985374752722
28404	39.798537440174
28426	39.79853641523
28428	39.7985329700537
28430	39.7985316862501
28432	39.7985300999178
28440	39.7985295056832
28446	39.7985293104419
28450	39.7985288800094
28456	39.7985258805331
28460	39.7985238140349
28474	39.79852202972
28478	39.7985191583854
28488	39.7985162833461
28506	39.7985151696516
28518	39.798515103468
28532	39.7985150285401
28542	39.7985148866244
28546	39.7985143198102
28548	39.7985140509934
28552	39.798513635939
28554	39.7985120752426
28572	39.7985109462264
28578	39.7985081222215
28600	39.7985077175996
28614	39.7985076339451
28626	39.7985071708829
28634	39.7985066715326
28644	39.7985058046178
28646	39.7985046548631
28666	39.7985044243868
28674	39.7985038626553
28676	39.7985038031164
28682	39.7985034033928
28700	39.7985020480225
28726	39.7985015244082
28732	39.7985013749855
28738	39.7985010031011
28742	39.7985008176789
28760	39.7985005092237
28770	39.7985000372458
28774	39.7984997663185
28778	39.7984990771398
28780	39.798498783281
28782	39.7984975659562
28786	39.7984970862529
28806	39.7984969443895
28808	39.7984966104978
28818	39.7984956625792
28820	39.7984939897644
28834	39.7984939828168
28836	39.7984921131174
28838	39.7984908792987
28880	39.7984905580932
28884	39.7984898820652
28886	39.7984892818246
28888	39.7984890062830
28890	39.7984888304352
28894	39.7984884173365
28898	39.7984857718656
28908	39.7984855617276
28926	39.7984847186066
28938	39.7984846078046
28944	39.7984836923024
28952	39.7984836335422
28960	39.7984826680214
28974	39.7984818634717
28992	39.7984797870704
28996	39.7984777329027
29000	39.798477130903
29006	39.7984763291350
29012	39.7984760404011
29018	39.7984745345281
29036	39.7984731835839
29038	39.7984730107627
29048	39.798472564559
29062	39.7984711282233
29064	39.7984690553642
29088	39.7984680335793
29116	39.7984678613011
29122	39.7984670437316
29124	39.7984657474553
29136	39.7984644005897
29142	39.7984626206489
29154	39.7984609275606
29158	39.7984592280648
29164	39.798456495844
29194	39.7984552252515
29196	39.798453304741
29222	39.7984524288281
29248	39.7984511104082
29254	39.7984501566364
29270	39.798448844049
29282	39.7984444573959
29304	39.7984444483410
29308	39.7984442998502
29312	39.7984436818792
29320	39.7984435726692
29332	39.7984412256915
29344	39.7984388318241
29360	39.7984376407986
29368	39.7984371693856
29370	39.7984370048207
29380	39.7984332899488
29426	39.7984304407294
29430	39.7984298866247
29438	39.7984286447085
29440	39.7984280535375
29450	39.7984270505832
29452	39.7984260874373
29456	39.7984241996663
29466	39.7984239010598
29476	39.7984228818029
29488	39.7984191649332
29528	39.7984191303964
29530	39.7984181901208
29542	39.7984172387186
29550	39.7984165332567
29562	39.7984147659122
29572	39.7984132593654
29576	39.7984129982943
29586	39.7984098498248
29592	39.7984091577572
29604	39.7984070969426
29610	39.7984000088703
29666	39.7983977058265
29672	39.7983962804637
29694	39.7983949502073
29706	39.7983932437228
29760	39.7983926317896
29778	39.798392373879
29780	39.7983910659808
29790	39.798389987419
29812	39.7983892841641
29822	39.798388383827
29838	39.7983883563901
29840	39.7983867353967
29862	39.7983864621552
29884	39.7983863544038
29890	39.7983860039659
29892	39.7983852771959
29908	39.7983851824232
29932	39.7983844276227
29956	39.7983842609103
29972	39.7983836086808
29978	39.7983834529923
29982	39.7983828386998
30008	39.7983825633181
30024	39.7983820485163
30036	39.7983817857147
30048	39.7983814777142
30074	39.7983811071844
30102	39.7983809195902
30106	39.7983809079159
30112	39.7983805151046
30116	39.7983802869829
30130	39.7983796576081
30172	39.7983796436049
30174	39.7983793894542
30182	39.7983790078367
30190	39.7983789045557
30196	39.7983781758834
30234	39.7983780716141
30238	39.7983777585516
30240	39.7983777291775
30266	39.7983772484232
30268	39.7983771022299
30270	39.7983770435213
30276	39.7983767623377
30280	39.7983762368262
30308	39.7983758347492
30312	39.7983757218465
30314	39.7983754570959
30320	39.7983754426251
30332	39.7983751845883
30338	39.7983751212768
30342	39.7983750372465
30350	39.798374435282
30356	39.7983740006689
30378	39.7983738984203
30392	39.7983738776311
30412	39.7983738243504
30414	39.7983737617338
30418	39.7983733946455
30448	39.7983733199251
30450	39.7983732286368
30456	39.7983731009361
30470	39.7983730792757
30486	39.7983730139275
30494	39.798372963445
30506	39.7983728388817
30508	39.7983725098915
30514	39.7983725016659
30516	39.7983723964977
30524	39.798372175393
30536	39.7983720439506
30554	39.798371790499
30566	39.7983717726576
30568	39.7983714631122
30572	39.7983713133714
30594	39.79837084814
30600	39.7983706372637
30602	39.7983706029915
30620	39.7983701415664
30624	39.7983693309605
30632	39.7983690076515
30634	39.7983686421721
30666	39.7983682626887
30672	39.7983681812616
30700	39.7983681414148
30726	39.7983678182999
30732	39.7983677385183
30740	39.7983674741658
30750	39.7983673274527
30756	39.7983672387352
30766	39.7983667911562
30808	39.7983666950142
30816	39.7983665615655
30818	39.7983665232336
30826	39.7983656110067
30858	39.7983650376787
30880	39.7983648557222
30886	39.7983641888869
30910	39.7983640209122
30912	39.7983638530599
30914	39.7983637646241
30918	39.7983635983851
30924	39.7983633840194
30936	39.7983632158967
30942	39.7983631577226
30958	39.7983630205803
30976	39.7983628375141
30988	39.7983625671608
30994	39.7983624089018
31002	39.7983619013014
31016	39.7983617379084
31020	39.7983611869604
31038	39.7983599960064
31054	39.7983595366951
31068	39.7983592451985
31070	39.7983587996698
31088	39.7983586368002
31104	39.7983580916274
31114	39.7983578386637
31146	39.7983578036942
31152	39.7983576849040
31166	39.7983568436868
31174	39.7983562083942
31194	39.7983560493465
31202	39.7983557411231
31206	39.7983546336139
31270	39.7983545089947
31290	39.7983543994373
31298	39.7983543661709
31310	39.798354165122
31332	39.7983539564054
31356	39.7983538968451
31392	39.7983537136418
31420	39.7983534113203
31436	39.7983531961021
31438	39.7983531336881
31440	39.7983531237364
31452	39.7983531199508
31460	39.7983528760317
31482	39.7983528152133
31490	39.7983527461613
31496	39.798352660617
31516	39.7983526194436
31524	39.7983525593095
31530	39.798352439649
31532	39.7983524184069
31548	39.7983523862556
31566	39.798352154358
31596	39.7983520355061
31616	39.7983520303642
31626	39.7983519385082
31644	39.7983518252486
31646	39.7983517726811
31662	39.7983517077290
31666	39.798351595211
31672	39.798351173055
31684	39.7983510105093
31700	39.798350974977
31714	39.7983509306985
31724	39.7983508768459
31728	39.7983506509618
31732	39.798350612633
31748	39.7983505933063
31756	39.798350555837
31764	39.7983504705224
31768	39.7983504450621
31778	39.7983504422866
31788	39.7983503661902
31790	39.7983503546273
31792	39.7983502987705
31796	39.7983502948681
31798	39.7983502799102
31802	39.7983502335765
31806	39.7983501243387
31850	39.7983500495855
31862	39.7983499333022
31872	39.7983497763421
31928	39.7983496956188
31932	39.7983496401565
31946	39.7983496376154
31964	39.7983494876869
31970	39.7983493501876
31992	39.7983493416623
31996	39.7983493153577
32010	39.798349302037
32022	39.7983492293053
32040	39.7983491643795
32046	39.7983491395135
32060	39.7983491133228
32070	39.7983490769325
32080	39.7983490358642
32086	39.7983490134868
32092	39.7983489312188
32094	39.7983489068866
32098	39.7983488831022
32102	39.7983488514722
32106	39.7983487464031
32120	39.7983486780726
32122	39.7983485639337
32166	39.7983484037743
32188	39.7983483951894
32190	39.7983483862167
32208	39.7983482816558
32232	39.7983482751858
32234	39.7983482515528
32236	39.7983482351211
32238	39.7983481564264
32252	39.7983480588125
32260	39.7983479289952
32268	39.7983478315253
32270	39.7983478282470
32288	39.7983477417122
32296	39.7983476461162
32306	39.7983474747361
32316	39.7983473848892
32334	39.7983473682135
32346	39.7983472030722
32364	39.7983471164096
32398	39.7983471095109
32410	39.798347078812
32442	39.7983469951648
32464	39.7983469455943
32498	39.7983468873154
32510	39.7983468569373
32512	39.7983467721972
32540	39.7983466995734
32542	39.7983466758985
32562	39.7983466708205
32578	39.7983466390491
32584	39.7983466361382
32598	39.7983465962195
32600	39.7983465611109
32632	39.7983465530536
32634	39.7983465329593
32640	39.7983465304994
32644	39.7983465194372
32650	39.798346442488
32656	39.798346375472
32682	39.7983462633358
32690	39.7983462507571
32762	39.7983462267324
32766	39.7983462132566
32788	39.7983461801428
32798	39.7983461347271
32808	39.7983460912476
32812	39.7983460807194
32832	39.7983460629074
32840	39.7983460618129
32850	39.7983460484614
32852	39.7983460236994
32854	39.7983459829308
32874	39.7983459300944
32888	39.7983459083941
32900	39.7983459067227
32916	39.7983458831917
32954	39.7983458787265
32958	39.798345864581
32978	39.7983458548438
32990	39.7983458471168
33000	39.7983458106168
33010	39.7983457682493
33048	39.7983457510704
33056	39.7983457428724
33066	39.7983457153413
33070	39.7983457026781
33082	39.7983456959065
33086	39.7983456789617
33088	39.7983456432929
33110	39.7983456246963
33122	39.7983456144071
33126	39.7983455795517
33148	39.7983455615269
33168	39.7983455266281
33192	39.7983455011169
33198	39.7983454716383
33206	39.7983454670960
33208	39.7983454310094
33214	39.7983453340221
33218	39.7983452887603
33224	39.7983452455998
33230	39.7983452163023
33236	39.7983452022678
33242	39.7983451819221
33254	39.7983451467283
33264	39.7983451456981
33288	39.798345136255
33290	39.7983449964969
33302	39.7983449713002
33310	39.7983449693588
33312	39.7983448352440
33318	39.7983447812247
33324	39.7983447763766
33328	39.7983447291294
33334	39.7983445237918
33372	39.7983444639512
33378	39.7983444223375
33386	39.7983443643875
33396	39.7983442573478
33426	39.7983441027343
33456	39.7983440974892
33470	39.7983440360528
33492	39.7983440217116
33504	39.7983440110742
33518	39.7983439832324
33522	39.7983439619539
33530	39.7983439225678
33546	39.798343787599
33590	39.7983437311269
33602	39.7983436677062
33604	39.7983436583789
33608	39.798343647859
33610	39.798343615521
33640	39.7983435577516
33646	39.7983435459443
33654	39.7983435239187
33664	39.7983434595976
33674	39.798343415698
33684	39.7983433962479
33696	39.7983433177179
33702	39.7983432932744
33706	39.7983432630017
33714	39.798343234817
33716	39.7983431760866
33732	39.7983431352711
33742	39.7983430951097
33762	39.7983430312129
33768	39.7983430229981
33772	39.7983429971353
33786	39.7983429490145
33790	39.7983429389026
33794	39.7983428400431
33816	39.7983428044087
33828	39.7983427676490
33830	39.7983427028086
33840	39.7983426882748
33848	39.7983426414536
33852	39.7983426230523
33866	39.7983425945157
33870	39.7983425671063
33878	39.7983425360057
33880	39.7983424561065
33882	39.7983424110496
33884	39.7983423426509
33924	39.7983422911674
33932	39.7983422515006
33952	39.7983422343290
33958	39.7983422066004
33966	39.7983421789417
33976	39.798342171558
33986	39.7983421523242
33988	39.7983420575885
34010	39.7983420308038
34016	39.7983420183316
34024	39.7983420007572
34038	39.7983418751308
34064	39.7983418108354
34078	39.7983417990739
34090	39.798341734272
34110	39.7983417251194
34112	39.7983417127284
34116	39.7983417064745
34118	39.7983416848335
34122	39.7983416474046
34126	39.7983416392474
34128	39.798341606833
34134	39.7983415405322
34150	39.798341519837
34166	39.7983415133126
34168	39.7983414655759
34172	39.7983414298406
34190	39.7983414296728
34192	39.7983413288994
34198	39.7983412705272
34208	39.7983412178895
34216	39.7983411615934
34226	39.7983410897136
34232	39.7983410349939
34242	39.7983410071953
34244	39.7983409729649
34264	39.7983408849809
34270	39.7983408554045
34272	39.7983407068522
34288	39.7983406609844
34302	39.7983406312198
34312	39.7983404508153
34340	39.7983403546021
34364	39.7983402821305
34392	39.7983402560868
34404	39.7983401706441
34420	39.7983401477264
34434	39.7983401430981
34440	39.7983401235565
34452	39.7983400543501
34482	39.7983400251669
34484	39.7983400028333
34488	39.798339995546
34494	39.7983399713220
34496	39.7983399110217
34510	39.7983399030628
34516	39.7983398887834
34528	39.7983397802303
34546	39.7983397630928
34558	39.7983397531378
34562	39.7983396974983
34604	39.7983396801882
34610	39.7983396136974
34620	39.7983396077678
34626	39.7983395796104
34632	39.7983395760694
34634	39.7983394920909
34652	39.7983394279673
34684	39.7983394199092
34718	39.7983394044608
34722	39.7983393920305
34732	39.7983393894602
34734	39.7983393891253
34738	39.798339365635
34740	39.7983393638272
34746	39.7983393502733
34766	39.7983393381988
34770	39.7983392867924
34784	39.7983392676261
34798	39.7983392557625
34812	39.7983392476251
34814	39.7983392176888
34834	39.7983391903186
34840	39.7983391810216
34846	39.7983391743008
34850	39.7983391619272
34852	39.7983391571644
34856	39.7983391525802
34866	39.7983391346099
34872	39.7983391322730
34874	39.7983391132681
34878	39.7983390650391
34880	39.7983389980804
34894	39.7983389933941
34906	39.7983389880781
34910	39.7983389337192
34914	39.7983388793192
34924	39.7983388342416
34946	39.7983388104867
34960	39.7983388023004
34970	39.7983387980065
34972	39.7983387375904
34996	39.7983386998651
35028	39.7983386601583
35052	39.7983386059431
35080	39.7983386034170
35086	39.79833857753
35092	39.7983384952194
35130	39.7983384938152
35134	39.7983384804311
35140	39.7983384361269
35154	39.798338399803
35160	39.7983383840502
35174	39.7983383798535
35198	39.7983383696021
35200	39.7983383609502
35208	39.7983383585975
35216	39.7983383308477
35226	39.7983383084838
35230	39.7983382362012
35244	39.798338230896
35248	39.7983381996886
35264	39.7983381613912
35282	39.7983381109123
35308	39.7983380940421
35318	39.7983380115571
35326	39.798338006257
35330	39.7983379482007
35334	39.7983379307722
35350	39.798337921335
35352	39.7983379048386
35368	39.7983378924886
35388	39.7983378704764
35400	39.7983378294145
35438	39.7983378058977
35442	39.7983377840707
35454	39.7983377703167
35464	39.7983377503422
35476	39.7983377494145
35492	39.7983377366251
35498	39.7983376787215
35524	39.7983376136062
35562	39.7983375976861
35588	39.7983375893726
35590	39.7983375669518
35594	39.7983375484077
35620	39.7983375430650
35628	39.7983375259872
35630	39.7983375083571
35646	39.7983374978469
35650	39.7983374907297
35652	39.7983374652028
35666	39.7983374650338
35682	39.7983374598355
35684	39.7983374306288
35686	39.7983374026329
35708	39.7983373884149
35712	39.7983373658342
35734	39.7983373542939
35744	39.7983373525008
35756	39.7983373236073
35778	39.7983372991949
35792	39.7983372990788
35800	39.7983372789673
35810	39.798337238288
35828	39.7983372138604
35834	39.7983371928718
35842	39.7983371424089
35852	39.7983371242361
35864	39.798337098634
35870	39.7983370895886
35878	39.798337057588
35880	39.7983370560694
35890	39.7983370238928
35902	39.7983369828202
35912	39.7983369796496
35966	39.7983369787954
35976	39.7983369780451
35982	39.7983369572076
35984	39.7983369261360
35994	39.7983369187086
36020	39.7983369171808
36028	39.798336878679
36046	39.7983368745917
36066	39.7983368626536
36068	39.7983368607586
36076	39.7983367987156
36078	39.7983367869548
36086	39.7983367751016
36100	39.7983367678572
36112	39.7983367676997
36116	39.7983367521873
36122	39.7983367387965
36124	39.7983367112317
36140	39.7983366890726
36160	39.7983366864465
36174	39.7983366823102
36192	39.7983366218504
36210	39.7983366031492
36226	39.7983365898024
36230	39.7983365813500
36236	39.7983365522037
36248	39.7983365103224
36260	39.7983364884417
36306	39.7983364442887
36312	39.7983364365046
36314	39.7983364345027
36328	39.7983364147022
36338	39.7983363893449
36340	39.7983363442752
36344	39.798336270899
36346	39.7983362520592
36368	39.7983362438745
36372	39.7983362374161
36376	39.7983362303728
36400	39.7983361957124
36408	39.7983361907597
36420	39.7983361631045
36452	39.7983361533841
36454	39.7983361450788
36462	39.7983361362712
36468	39.7983361292112
36470	39.7983360750276
36488	39.7983360461131
36500	39.7983360306259
36506	39.7983360206117
36512	39.7983359841158
36524	39.7983359409313
36546	39.7983359038039
36558	39.7983358594591
36568	39.7983358530221
36572	39.7983358193884
36590	39.798335809347
36600	39.7983358068937
36602	39.7983357350443
36616	39.7983357338388
36622	39.7983357179647
36626	39.7983356640155
36656	39.7983356629229
36672	39.7983356496737
36674	39.7983356380768
36676	39.7983356057492
36702	39.7983356009255
36710	39.7983355797889
36730	39.7983355645556
36732	39.7983355512823
36734	39.7983355465618
36742	39.7983355277344
36754	39.7983354715996
36764	39.7983354586139
36790	39.7983354342863
36798	39.7983354172234
36810	39.798335412644
36812	39.7983353960721
36828	39.798335358822
36838	39.7983353382154
36852	39.7983353326182
36854	39.7983352610869
36866	39.7983352488323
36872	39.7983351109454
36908	39.7983350634123
36920	39.7983350596594
36928	39.7983350097816
36930	39.7983349992425
36946	39.7983349738575
36956	39.798334949388
36980	39.7983349000042
36984	39.7983348933675
36992	39.7983348392197
37008	39.7983348205019
37022	39.7983348134909
37024	39.7983347709408
37044	39.7983347440385
37046	39.7983346793903
37088	39.7983345701886
37094	39.7983345472251
37104	39.7983345457769
37112	39.7983344393696
37116	39.7983343978047
37164	39.7983343469128
37170	39.7983343466425
37176	39.7983343115695
37200	39.7983342356847
37214	39.7983341455793
37252	39.7983341310475
37262	39.7983341161938
37276	39.7983340359569
37278	39.7983340047656
37304	39.798333993602
37328	39.7983339834396
37330	39.7983339715039
37340	39.7983339567859
37342	39.7983339462342
37366	39.7983339435294
37376	39.7983339182386
37396	39.7983339163359
37400	39.7983339155927
37402	39.7983339016413
37404	39.798333882183
37420	39.7983338666956
37422	39.7983338654113
37424	39.7983338380322
37444	39.7983338328733
37452	39.7983338155863
37466	39.7983338111071
37492	39.7983338097535
37494	39.7983338097325
37500	39.7983337812118
37532	39.7983337751176
37546	39.7983337611903
37560	39.7983337571476
37570	39.7983337454764
37576	39.7983337409054
37600	39.7983337379679
37602	39.7983337245661
37610	39.7983337242006
37616	39.7983337231137
37626	39.798333718733
37628	39.7983337106518
37634	39.7983337055449
37652	39.7983337035181
37660	39.7983336763959
37666	39.798333674193
37674	39.7983336464625
37688	39.7983336432526
37694	39.7983336289929
37698	39.7983336253884
37708	39.7983336200629
37710	39.7983336198039
37724	39.7983336033192
37738	39.7983335740827
37760	39.7983335697824
37778	39.7983335534448
37828	39.7983335525983
37832	39.7983335511285
37860	39.7983335493727
37862	39.7983335412644
37874	39.7983335236979
37892	39.7983335120843
37906	39.7983335052186
37916	39.7983334903474
37938	39.79833349019
37942	39.7983334884682
37946	39.7983334799721
37956	39.7983334710537
37978	39.7983334693273
37984	39.7983334660791
38000	39.7983334549354
38002	39.7983334461128
38008	39.7983334426172
38032	39.7983334363617
38058	39.7983334360478
38068	39.7983334248298
38098	39.7983334231093
38120	39.7983334134529
38122	39.7983334130512
38130	39.7983334118555
38134	39.7983334024173
38164	39.7983334003815
38176	39.7983333972603
38188	39.7983333968017
38196	39.7983333922705
38202	39.7983333908181
38208	39.7983333800400
38216	39.7983333782045
38224	39.7983333778019
38236	39.7983333754992
38242	39.7983333702186
38244	39.798333368801
38248	39.7983333637889
38258	39.7983333590391
38294	39.7983333581329
38298	39.7983333532471
38304	39.7983333288508
38306	39.7983333252458
38310	39.7983333140419
38318	39.7983332985472
38358	39.7983332979715
38366	39.798333288546
38372	39.7983332817327
38376	39.7983332633385
38406	39.7983332177596
38410	39.7983332074651
38416	39.7983332040231
38434	39.7983331867022
38448	39.7983331801398
38452	39.7983331774318
38474	39.7983331740543
38478	39.7983331455469
38508	39.7983331388433
38522	39.79833312024
38546	39.7983330916166
38564	39.7983330743633
38602	39.7983330732290
38604	39.7983330639697
38618	39.7983330517629
38642	39.7983330440082
38658	39.7983330345343
38660	39.7983330304169
38670	39.7983330218921
38684	39.7983330181257
38688	39.7983330168061
38726	39.7983330103534
38732	39.7983330042925
38738	39.798333000033
38764	39.7983329924521
38768	39.7983329913846
38780	39.798332984912
38786	39.7983329820992
38798	39.7983329790389
38838	39.7983329593961
38862	39.7983329572952
38876	39.7983329510538
38878	39.7983329480263
38884	39.7983329410561
38886	39.7983329410028
38910	39.7983329318931
38918	39.798332931691
38922	39.7983329314674
38924	39.798332927225
38930	39.7983329249314
38932	39.7983329199766
38940	39.7983329104007
38946	39.7983329048596
38960	39.7983328925739
38968	39.7983328881548
39022	39.7983328751867
39034	39.7983328498669
39056	39.7983328417245
39078	39.7983328339275
39080	39.7983328330460
39088	39.7983328321185
39094	39.7983328280051
39110	39.7983327990934
39142	39.798332790156
39150	39.7983327850793
39152	39.7983327762707
39154	39.7983327549438
39170	39.798332753738
39176	39.7983327301935
39210	39.7983327270961
39216	39.7983327112401
39234	39.7983327074789
39252	39.7983326993419
39264	39.7983326973192
39270	39.7983326936382
39280	39.7983326859036
39288	39.7983326715911
39332	39.7983326693839
39338	39.7983326605849
39358	39.7983326595088
39360	39.798332656023
39370	39.7983326542052
39388	39.7983326525386
39390	39.7983326468085
39418	39.7983326428195
39436	39.7983326386856
39442	39.7983326335143
39478	39.7983326292493
39490	39.7983326261372
39500	39.7983326245156
39516	39.7983326211531
39524	39.7983326199035
39550	39.7983326139715
39558	39.7983326106894
39588	39.7983326009467
39622	39.7983325968833
39630	39.7983325940456
39632	39.7983325931166
39646	39.7983325862309
39648	39.7983325839938
39650	39.7983325834623
39652	39.7983325743855
39656	39.798332571656
39668	39.7983325618994
39682	39.7983325538005
39688	39.798332552964
39690	39.7983325485002
39692	39.7983325322000
39710	39.7983325292731
39720	39.7983325141864
39730	39.7983325114920
39746	39.7983325058843
39752	39.7983325000343
39764	39.7983324894969
39784	39.7983324863093
39796	39.7983324845018
39814	39.7983324816654
39856	39.7983324767466
39862	39.7983324750684
39864	39.7983324702839
39870	39.7983324696869
39876	39.7983324630565
39902	39.7983324623819
39904	39.798332456955
39912	39.7983324535242
39918	39.798332450106
39934	39.7983324454695
39936	39.7983324383350
39946	39.798332435882
39966	39.7983324342205
39968	39.7983324326037
39976	39.7983324298912
39984	39.798332429058
40008	39.7983324289735
40010	39.7983324215875
40052	39.7983324213945
40058	39.7983324101894
40068	39.7983324090791
40070	39.7983324037501
40080	39.7983324037129
40088	39.798332401619
40114	39.7983324015216
40128	39.7983324014952
40138	39.7983323960844
40170	39.7983323927445
40172	39.7983323916554
40186	39.7983323914538
40190	39.7983323882537
40200	39.7983323846906
40218	39.7983323796834
40220	39.7983323761148
40238	39.7983323734379
40252	39.798332370866
40262	39.7983323698689
40278	39.7983323693886
40280	39.7983323675984
40284	39.7983323672657
40292	39.7983323651412
40298	39.7983323597586
40310	39.7983323593983
40318	39.7983323578767
40330	39.7983323555219
40334	39.7983323549018
40344	39.7983323544431
40348	39.7983323518006
40354	39.7983323515718
40366	39.7983323494186
40370	39.7983323479974
40372	39.7983323444794
40406	39.7983323423158
40412	39.7983323396769
40430	39.7983323381829
40434	39.7983323352844
40446	39.7983323333959
40452	39.7983323321117
40454	39.7983323310226
40474	39.7983323289362
40478	39.7983323246578
40498	39.7983323242968
40508	39.7983323229967
40514	39.7983323209903
40532	39.7983323167637
40536	39.7983323154808
40538	39.7983323121609
40544	39.7983323093386
40568	39.7983323080495
40570	39.7983323006107
40584	39.7983322998335
40586	39.7983322907172
40616	39.7983322813897
40632	39.7983322794742
40634	39.7983322772147
40648	39.7983322761421
40680	39.7983322726562
40682	39.7983322704555
40692	39.7983322703761
40708	39.7983322665019
40740	39.7983322653093
40750	39.7983322626506
40756	39.7983322590062
40776	39.7983322574566
40782	39.7983322573211
40786	39.7983322560204
40792	39.798332254686
40794	39.7983322527755
40800	39.798332247396
40832	39.7983322396914
40834	39.7983322388752
40842	39.7983322377139
40850	39.7983322354976
40854	39.7983322325475
40880	39.7983322308776
40882	39.7983322271474
40904	39.7983322261139
40910	39.7983322235722
40926	39.7983322198217
40958	39.7983322196322
40960	39.7983322168685
40986	39.7983322161181
41006	39.7983322158398
41014	39.7983322149353
41024	39.7983322132619
41054	39.7983322130507
41094	39.7983322123251
41106	39.7983322107494
41118	39.7983322095
41136	39.7983322094046
41144	39.7983322087695
41160	39.7983322081902
41190	39.7983322081204
41196	39.7983322072843
41208	39.7983322056593
41256	39.7983322054371
41264	39.7983322046888
41268	39.7983322043505
41288	39.7983322039402
41296	39.7983322028498
41300	39.7983322017749
41322	39.798332201519
41326	39.7983322014499
41340	39.7983322010199
41346	39.7983321998952
41350	39.7983321990708
41368	39.7983321990314
41378	39.7983321990174
41382	39.7983321977286
41384	39.7983321974484
41388	39.7983321965059
41392	39.7983321949350
41396	39.7983321931613
41398	39.7983321925802
41400	39.7983321907888
41436	39.7983321894866
41454	39.7983321892824
41464	39.7983321892041
41470	39.7983321865243
41472	39.7983321839924
41494	39.7983321833407
41508	39.7983321833405
41510	39.7983321828937
41536	39.7983321826293
41538	39.7983321817872
41548	39.7983321813255
41558	39.7983321808087
41574	39.7983321800722
41592	39.7983321791457
41618	39.7983321786401
41626	39.7983321773212
41666	39.7983321771341
41668	39.798332176689
41674	39.7983321760003
41690	39.7983321755051
41698	39.7983321753324
41704	39.7983321747424
41710	39.7983321743612
41720	39.7983321739193
41736	39.7983321738402
41776	39.7983321736627
41778	39.7983321736247
41780	39.7983321729695
41790	39.7983321724975
41794	39.7983321722265
41816	39.7983321709976
41844	39.7983321705902
41852	39.7983321699854
41854	39.7983321696424
41856	39.7983321693662
41874	39.7983321682168
41888	39.798332167841
41894	39.7983321675351
41896	39.7983321673523
41900	39.7983321657598
41910	39.7983321652713
41922	39.7983321646281
41938	39.7983321640072
41950	39.7983321604546
41974	39.7983321603841
41978	39.7983321601018
41998	39.7983321598995
42004	39.798332157648
42016	39.79833215758
42022	39.7983321549635
42052	39.7983321532642
42070	39.7983321525233
42084	39.7983321523335
42088	39.7983321514434
42090	39.7983321505568
42106	39.7983321502359
42116	39.7983321485583
42124	39.7983321472928
42136	39.7983321468824
42154	39.7983321464892
42156	39.7983321438917
42176	39.7983321414343
42180	39.7983321414271
42192	39.7983321408641
42210	39.7983321405151
42220	39.7983321392785
42226	39.79833213474
42236	39.7983321338794
42248	39.7983321327743
42252	39.7983321317377
42258	39.7983321311838
42260	39.7983321306456
42264	39.7983321279695
42270	39.7983321269517
42282	39.7983321228358
42292	39.7983321193259
42342	39.7983321176103
42378	39.7983321169949
42388	39.7983321169726
42390	39.7983321162523
42394	39.7983321162048
42410	39.7983321160029
42412	39.7983321156747
42424	39.7983321152533
42434	39.7983321151112
42440	39.7983321149676
42444	39.7983321146127
42448	39.7983321142807
42450	39.7983321129315
42466	39.7983321126012
42484	39.7983321124180
42490	39.7983321116119
42506	39.7983321113868
42538	39.7983321109837
42554	39.7983321107463
42560	39.7983321107094
42562	39.7983321104787
42592	39.798332110367
42602	39.7983321102496
42628	39.7983321100445
42634	39.7983321096269
42650	39.7983321094047
42658	39.7983321090175
42666	39.7983321087273
42690	39.7983321084617
42704	39.7983321081851
42708	39.7983321081477
42732	39.7983321076505
42754	39.7983321075193
42760	39.798332107033
42780	39.7983321066865
42800	39.7983321064766
42814	39.7983321063671
42830	39.7983321060603
42840	39.7983321060401
42848	39.7983321057915
42854	39.7983321055928
42864	39.7983321055841
42872	39.7983321055513
42882	39.7983321051976
42902	39.7983321048105
42904	39.7983321047657
42906	39.7983321047213
42934	39.7983321044177
42966	39.798332104378
42968	39.7983321042334
42970	39.7983321041643
42976	39.798332104164
42986	39.7983321039677
42992	39.7983321037325
42994	39.7983321036972
42998	39.7983321031754
43026	39.7983321028316
43046	39.7983321026769
43054	39.7983321023553
43056	39.7983321022339
43096	39.7983321021277
43098	39.7983321020207
43132	39.7983321018882
43136	39.7983321017599
43144	39.798332101565
43160	39.7983321015294
43166	39.798332101238
43170	39.7983321011112
43186	39.7983321009564
43208	39.7983321005858
43210	39.7983321005701
43212	39.7983321005652
43214	39.7983321005409
43220	39.7983321005337
43238	39.7983321002476
43264	39.7983321001252
43268	39.7983321001025
43270	39.7983320999521
43280	39.7983320997454
43294	39.7983320996866
43296	39.7983320994141
43298	39.7983320991848
43314	39.7983320990663
43322	39.7983320987616
43330	39.7983320987126
43336	39.7983320980941
43348	39.7983320978157
43374	39.7983320976027
43376	39.7983320974419
43380	39.7983320973596
43392	39.7983320971574
43406	39.7983320969934
43418	39.7983320967919
43420	39.7983320966547
43440	39.7983320963259
43454	39.7983320956188
43468	39.7983320954602
43482	39.7983320944154
43486	39.7983320943693
43496	39.7983320942589
43502	39.7983320939252
43528	39.7983320937721
43530	39.7983320936756
43538	39.798332093657
43542	39.7983320931685
43554	39.7983320926645
43558	39.7983320924438
43572	39.7983320920805
43574	39.7983320919463
43582	39.7983320915139
43616	39.7983320914157
43620	39.7983320913722
43626	39.7983320913467
43636	39.7983320908759
43676	39.7983320906394
43684	39.7983320905328
43686	39.7983320902019
43694	39.7983320900487
43706	39.7983320899436
43712	39.798332089744
43714	39.7983320895679
43742	39.7983320895662
43744	39.7983320894017
43756	39.7983320890173
43776	39.798332088987
43780	39.7983320889749
43782	39.7983320887196
43792	39.7983320886931
43794	39.7983320886085
43796	39.7983320884999
43808	39.7983320884015
43818	39.7983320883006
43828	39.7983320880022
43874	39.7983320879418
43878	39.798332087651
43888	39.7983320873497
43892	39.7983320872786
43902	39.7983320870129
43928	39.7983320869928
43930	39.7983320869601
43944	39.798332086753
43948	39.7983320866249
43986	39.7983320865539
43988	39.7983320865001
43994	39.7983320864897
44000	39.7983320861994
44004	39.7983320859768
44028	39.7983320859573
44030	39.7983320859339
44032	39.7983320858045
44038	39.798332085657
44048	39.7983320855614
44050	39.7983320853861
44056	39.7983320853277
44060	39.7983320851428
44062	39.7983320849703
44066	39.7983320849599
44076	39.7983320849172
44080	39.7983320848753
44082	39.7983320848568
44098	39.798332084385
44100	39.7983320842517
44138	39.7983320841031
44148	39.7983320840072
44164	39.7983320838588
44182	39.7983320838047
44186	39.7983320835334
44204	39.7983320832288
44224	39.7983320832119
44226	39.798332083198
44228	39.7983320831002
44230	39.7983320830440
44238	39.7983320829795
44248	39.7983320829681
44250	39.7983320828417
44258	39.7983320826658
44280	39.7983320822897
44288	39.7983320820713
44302	39.7983320819617
44308	39.7983320817218
44320	39.7983320815852
44324	39.7983320814823
44326	39.798332081374
44334	39.7983320810354
44346	39.7983320808774
44358	39.7983320807773
44366	39.7983320807271
44376	39.7983320805902
44390	39.7983320805133
44404	39.7983320803624
44416	39.7983320802027
44420	39.7983320800805
44424	39.7983320797445
44428	39.7983320795777
44446	39.7983320794962
44462	39.7983320790202
44464	39.7983320788888
44480	39.7983320784681
44496	39.7983320781276
44506	39.7983320776371
44514	39.7983320769208
44534	39.7983320766793
44570	39.7983320765991
44582	39.798332076525
44586	39.7983320759563
44592	39.7983320756444
44602	39.7983320755226
44606	39.7983320754817
44622	39.7983320752118
44652	39.7983320748567
44670	39.7983320746849
44672	39.7983320746622
44676	39.7983320742930
44684	39.7983320739586
44686	39.7983320738433
44712	39.7983320738258
44716	39.7983320734863
44724	39.7983320733376
44730	39.7983320729777
44732	39.7983320725725
44744	39.7983320723787
44752	39.7983320718008
44774	39.7983320711929
44784	39.7983320705449
44810	39.7983320702105
44814	39.7983320701939
44830	39.7983320701711
44836	39.7983320700788
44838	39.7983320697971
44860	39.7983320697398
44876	39.7983320697217
44882	39.7983320696022
44886	39.7983320695307
44890	39.7983320694654
44906	39.7983320691443
44918	39.7983320690732
44948	39.798332069072
44950	39.7983320690036
44958	39.798332068801
44960	39.7983320686754
44976	39.798332068495
44984	39.7983320684014
44994	39.7983320681410
45002	39.7983320680851
45006	39.7983320679967
45008	39.7983320679612
45024	39.7983320678986
45028	39.7983320678649
45030	39.7983320674041
45044	39.7983320669901
45068	39.7983320668498
45098	39.7983320667951
45100	39.7983320666539
45104	39.7983320666161
45108	39.7983320665792
45116	39.7983320664304
45118	39.7983320664247
45140	39.7983320662164
45154	39.7983320662075
45164	39.7983320660648
45182	39.7983320660083
45198	39.7983320657438
45220	39.7983320657285
45258	39.7983320656966
45260	39.7983320656099
45282	39.7983320655877
45302	39.798332065492
45326	39.7983320654432
45328	39.7983320654141
45332	39.7983320653725
45340	39.7983320653713
45354	39.7983320653555
45356	39.7983320652137
45380	39.7983320650432
45420	39.7983320650359
45424	39.7983320649728
45442	39.7983320649472
45454	39.7983320648655
45464	39.7983320648361
45476	39.798332064829
45484	39.7983320647567
45492	39.7983320646934
45500	39.7983320646665
45504	39.7983320646489
45510	39.7983320645903
45512	39.7983320645223
45528	39.7983320643899
45534	39.7983320643841
45550	39.7983320643691
45570	39.7983320642485
45584	39.7983320641909
45586	39.7983320641557
45628	39.7983320641035
45640	39.7983320640448
45660	39.7983320639746
45674	39.7983320639202
45692	39.798332063911
45702	39.7983320638403
45728	39.7983320637969
45734	39.7983320636799
45748	39.7983320636702
45760	39.7983320636427
45764	39.7983320636182
45768	39.798332063583
45776	39.7983320635695
45778	39.7983320635509
45792	39.7983320635213
45796	39.7983320634237
45804	39.7983320634036
45830	39.7983320632589
45852	39.7983320632064
45856	39.7983320630058
45862	39.7983320628293
45864	39.7983320627572
45872	39.7983320624107
45918	39.7983320621974
45932	39.7983320621859
45940	39.7983320619877
45982	39.7983320619874
45984	39.7983320618666
45986	39.7983320617586
46006	39.7983320617293
46020	39.7983320617087
46022	39.798332061633
46080	39.7983320615329
46088	39.7983320614869
46106	39.7983320614686
46114	39.7983320614548
46116	39.7983320614368
46120	39.7983320614292
46124	39.7983320614106
46132	39.7983320614104
46134	39.7983320612804
46146	39.7983320612597
46148	39.798332061238
46156	39.7983320611721
46174	39.7983320611456
46192	39.79833206109
46214	39.7983320609341
46242	39.7983320608884
46258	39.7983320607635
46280	39.7983320607148
46282	39.7983320607067
46300	39.7983320605212
46306	39.7983320605078
46316	39.7983320605064
46324	39.7983320604546
46336	39.7983320603739
46356	39.7983320602633
46382	39.7983320602207
46398	39.7983320602095
46420	39.7983320601781
46430	39.7983320600951
46436	39.7983320600855
46456	39.7983320600667
46468	39.7983320600507
46474	39.7983320600162
46486	39.7983320599451
46494	39.7983320599101
46498	39.7983320598692
46522	39.7983320597837
46538	39.7983320597744
46542	39.7983320597384
46576	39.7983320596711
46592	39.7983320596322
46612	39.7983320596266
46620	39.7983320595822
46628	39.7983320594941
46646	39.7983320594818
46686	39.7983320594441
46708	39.7983320594198
46724	39.7983320594136
46730	39.7983320594018
46740	39.7983320593509
46750	39.7983320593407
46754	39.7983320593295
46770	39.7983320592965
46772	39.7983320592682
46788	39.7983320592612
46798	39.798332059261
46816	39.7983320592006
46818	39.798332059144
46864	39.7983320590985
46898	39.7983320590871
46906	39.79833205908
46930	39.7983320590647
46942	39.7983320590356
46944	39.7983320590094
46970	39.7983320590034
46992	39.798332059001
46998	39.7983320589754
47028	39.798332058951
47060	39.798332058947
47062	39.7983320589353
47068	39.7983320589146
47086	39.7983320589128
47098	39.7983320588499
47110	39.7983320588324
47128	39.7983320588142
47134	39.7983320588003
47146	39.798332058771
47154	39.7983320587423
47176	39.7983320587390
47196	39.7983320587377
47202	39.7983320587339
47220	39.7983320587201
47224	39.7983320587096
47226	39.7983320586881
47252	39.7983320586856
47284	39.7983320586697
47294	39.7983320586241
47312	39.7983320586203
47322	39.7983320586105
47338	39.7983320586059
47370	39.798332058591
47384	39.7983320585831
47390	39.798332058564
47410	39.7983320585603
47412	39.7983320585569
47420	39.798332058544
47428	39.7983320585413
47434	39.7983320585229
47452	39.7983320584921
47456	39.7983320584878
47462	39.7983320584765
47474	39.7983320584754
47478	39.7983320584623
47482	39.798332058441
47514	39.7983320584292
47520	39.7983320584143
47522	39.7983320584121
47532	39.7983320584042
47542	39.7983320583995
47550	39.7983320583979
47566	39.7983320583795
47578	39.7983320583728
47588	39.7983320583579
47612	39.7983320583571
47616	39.7983320583425
47628	39.7983320583403
47636	39.7983320583146
47656	39.7983320583092
47658	39.7983320583081
47662	39.7983320582871
47672	39.7983320582840
47684	39.7983320582481
47692	39.798332058244
47696	39.7983320582424
47700	39.7983320582265
47702	39.7983320582196
47718	39.7983320582079
47726	39.7983320582032
47736	39.7983320581876
47740	39.798332058163
47758	39.7983320581445
47770	39.7983320581262
47790	39.798332058124
47792	39.7983320581209
47806	39.7983320581168
47816	39.7983320581071
47838	39.7983320581015
47842	39.7983320580958
47852	39.7983320580934
47858	39.7983320580809
47882	39.7983320580752
47886	39.7983320580736
47912	39.7983320580603
47928	39.7983320580573
47948	39.7983320580452
47958	39.7983320580399
47962	39.7983320580356
47970	39.7983320580234
47978	39.7983320580091
47980	39.798332058006
48002	39.7983320580032
48012	39.7983320579759
48030	39.7983320579638
48050	39.7983320579620
48078	39.7983320579578
48080	39.7983320579453
48094	39.7983320579336
48134	39.7983320579267
48144	39.7983320579261
48152	39.7983320579229
48160	39.7983320579144
48180	39.7983320579144
48184	39.7983320578974
48224	39.7983320578841
48252	39.7983320578826
48254	39.7983320578707
48266	39.7983320578661
48278	39.798332057866
48280	39.7983320578603
48306	39.7983320578525
48310	39.7983320578497
48314	39.7983320578387
48340	39.7983320578162
48364	39.7983320578075
48384	39.7983320578072
48388	39.7983320577994
48398	39.7983320577896
48424	39.7983320577803
48430	39.7983320577675
48450	39.7983320577501
48474	39.798332057742
48476	39.7983320577395
48484	39.7983320577274
48488	39.7983320577178
48498	39.7983320577142
48526	39.7983320577132
48540	39.7983320577006
48548	39.7983320576992
48578	39.7983320576865
48598	39.7983320576831
48614	39.7983320576788
48634	39.7983320576782
48644	39.7983320576744
48648	39.7983320576725
48656	39.7983320576673
48666	39.7983320576654
48678	39.7983320576584
48700	39.7983320576473
48708	39.7983320576406
48712	39.7983320576365
48738	39.7983320576294
48754	39.7983320576257
48766	39.7983320576166
48768	39.7983320576165
48770	39.7983320576165
48772	39.798332057615
48774	39.7983320576126
48778	39.7983320575932
48792	39.7983320575914
48808	39.7983320575799
48840	39.798332057577
48862	39.7983320575768
48888	39.7983320575673
48890	39.7983320575664
48938	39.7983320575585
48960	39.7983320575554
48974	39.7983320575494
48976	39.7983320575472
48986	39.7983320575454
49000	39.7983320575313
49022	39.7983320575306
49024	39.7983320575252
49026	39.7983320575166
49040	39.7983320575114
49042	39.7983320575092
49074	39.7983320575036
49076	39.7983320574946
49080	39.7983320574943
49082	39.7983320574922
49100	39.7983320574899
49134	39.7983320574838
49154	39.7983320574743
49170	39.7983320574558
49172	39.798332057455
49180	39.7983320574482
49182	39.7983320574479
49206	39.7983320574441
49212	39.7983320574428
49214	39.7983320574187
49228	39.7983320574147
49274	39.7983320574140
49280	39.7983320574128
49300	39.7983320574070
49316	39.7983320574063
49332	39.7983320574046
49340	39.7983320573989
49348	39.7983320573949
49362	39.798332057393
49374	39.7983320573898
49384	39.7983320573881
49388	39.7983320573814
49416	39.7983320573715
49434	39.7983320573692
49458	39.7983320573626
49476	39.7983320573541
49480	39.798332057343
49498	39.7983320573361
49508	39.7983320573348
49518	39.7983320573282
49524	39.798332057328
49540	39.7983320573206
49544	39.798332057312
49550	39.7983320573043
49554	39.7983320573004
49576	39.7983320572979
49594	39.7983320572921
49596	39.7983320572902
49600	39.7983320572891
49608	39.7983320572788
49628	39.7983320572615
49632	39.7983320572406
49654	39.7983320572313
49668	39.7983320572239
49674	39.7983320572172
49696	39.798332057213
49710	39.7983320572001
49728	39.7983320571986
49776	39.798332057197
49790	39.7983320571918
49824	39.7983320571916
49838	39.7983320571873
49842	39.7983320571857
49866	39.7983320571857
49870	39.7983320571854
49872	39.7983320571796
49884	39.7983320571784
49886	39.7983320571751
49906	39.7983320571745
49926	39.7983320571745
49936	39.7983320571732
49944	39.798332057173
49956	39.7983320571703
49968	39.7983320571695
49986	39.7983320571693
49996	39.7983320571662
50010	39.7983320571656
50022	39.7983320571607
50072	39.7983320571595
50078	39.7983320571585
50100	39.7983320571566
50116	39.798332057156
50118	39.7983320571548
50136	39.7983320571533
50150	39.7983320571523
50160	39.7983320571498
50172	39.7983320571464
50176	39.7983320571437
50180	39.7983320571413
50210	39.7983320571393
50226	39.7983320571390
50230	39.7983320571364
50240	39.7983320571349
50250	39.7983320571349
50256	39.7983320571342
50260	39.798332057133
50266	39.798332057133
50284	39.7983320571289
50324	39.7983320571261
50338	39.7983320571203
50344	39.7983320571185
50366	39.7983320571178
50372	39.7983320571155
50374	39.7983320571105
50384	39.7983320571092
50406	39.798332057109
50414	39.7983320571061
50428	39.7983320571044
50442	39.7983320571043
50450	39.7983320571037
50454	39.7983320570977
50470	39.7983320570944
50490	39.7983320570896
50498	39.7983320570871
50532	39.7983320570842
50560	39.7983320570785
50562	39.7983320570779
50568	39.7983320570777
50570	39.7983320570723
50612	39.7983320570683
50650	39.7983320570631
50660	39.7983320570617
50680	39.7983320570616
50702	39.7983320570614
50708	39.7983320570607
50714	39.7983320570606
50726	39.7983320570595
50728	39.7983320570589
50732	39.7983320570585
50760	39.7983320570536
50784	39.7983320570513
50794	39.7983320570485
50810	39.7983320570471
50818	39.7983320570461
50842	39.798332057044
50854	39.7983320570418
50864	39.7983320570411
50866	39.7983320570406
50882	39.7983320570398
50890	39.7983320570398
50892	39.7983320570397
50904	39.7983320570382
50920	39.798332057037
50924	39.798332057036
50946	39.7983320570303
50980	39.7983320570302
51002	39.7983320570282
51014	39.7983320570275
51036	39.7983320570256
51052	39.7983320570255
51056	39.798332057025
51070	39.7983320570238
51114	39.7983320570223
51128	39.7983320570216
51134	39.7983320570206
51148	39.7983320570194
51150	39.7983320570171
51186	39.7983320570165
51204	39.7983320570165
51206	39.7983320570157
51210	39.7983320570153
51220	39.7983320570139
51238	39.7983320570139
51244	39.7983320570097
51252	39.7983320570061
51292	39.7983320570060
51296	39.7983320570053
51298	39.798332057005
51314	39.798332057002
51344	39.7983320570016
51360	39.7983320570014
51368	39.7983320570005
51376	39.7983320569998
51404	39.7983320569995
51410	39.7983320569984
51420	39.7983320569983
51422	39.7983320569980
51430	39.798332056998
51436	39.7983320569977
51444	39.7983320569974
51456	39.7983320569973
51462	39.7983320569971
51470	39.7983320569962
51480	39.7983320569954
51488	39.7983320569948
51494	39.7983320569939
51498	39.7983320569923
51508	39.798332056992
51514	39.7983320569911
51520	39.7983320569904
51524	39.7983320569895
51536	39.7983320569891
51540	39.7983320569871
51546	39.798332056987
51554	39.7983320569866
51556	39.7983320569859
51564	39.7983320569850
51566	39.7983320569845
51568	39.7983320569832
51594	39.7983320569789
51612	39.7983320569779
51624	39.7983320569768
51650	39.7983320569745
51668	39.7983320569715
51680	39.7983320569706
51696	39.7983320569702
51706	39.7983320569693
51720	39.7983320569677
51730	39.7983320569660
51740	39.7983320569637
51762	39.7983320569616
51770	39.7983320569592
51782	39.7983320569588
51790	39.7983320569581
51796	39.7983320569567
51808	39.7983320569552
51822	39.7983320569551
51830	39.7983320569542
51836	39.7983320569538
51838	39.7983320569532
51840	39.7983320569531
51856	39.798332056953
51860	39.7983320569513
51866	39.7983320569512
51870	39.7983320569462
51890	39.7983320569435
51898	39.7983320569428
51900	39.798332056941
51906	39.7983320569395
51910	39.7983320569393
51932	39.798332056939
51934	39.7983320569373
51936	39.7983320569350
51948	39.7983320569344
51960	39.7983320569343
51964	39.798332056934
51968	39.798332056932
51976	39.7983320569316
51978	39.7983320569292
51982	39.798332056928
51986	39.7983320569263
51996	39.7983320569262
52022	39.7983320569243
52034	39.7983320569227
52038	39.7983320569209
52060	39.7983320569204
52068	39.7983320569201
52080	39.7983320569195
52100	39.7983320569194
52102	39.7983320569188
52108	39.7983320569171
52122	39.7983320569166
52144	39.7983320569163
52156	39.7983320569161
52158	39.7983320569161
52160	39.7983320569159
52168	39.7983320569148
52176	39.7983320569131
52186	39.7983320569118
52196	39.7983320569113
52210	39.7983320569112
52212	39.7983320569104
52220	39.7983320569092
52226	39.7983320569089
52228	39.7983320569087
52232	39.7983320569086
52236	39.7983320569086
52250	39.7983320569085
52256	39.7983320569074
52260	39.7983320569074
52268	39.7983320569067
52276	39.798332056905
52308	39.7983320569034
52366	39.7983320569029
52368	39.7983320569020
52384	39.7983320568995
52396	39.7983320568985
52406	39.7983320568979
52416	39.7983320568973
52440	39.7983320568962
52458	39.7983320568951
52474	39.7983320568951
52480	39.7983320568950
52498	39.7983320568945
52506	39.7983320568932
52524	39.7983320568931
52538	39.7983320568913
52580	39.7983320568903
52594	39.7983320568901
52596	39.79833205689
52600	39.7983320568894
52604	39.798332056887
52610	39.7983320568865
52624	39.7983320568863
52644	39.7983320568862
52646	39.7983320568857
52656	39.7983320568835
52658	39.7983320568834
52676	39.7983320568828
52696	39.7983320568817
52708	39.7983320568808
52714	39.7983320568802
52716	39.7983320568801
52734	39.7983320568796
52736	39.7983320568785
52740	39.7983320568781
52750	39.7983320568773
52766	39.7983320568772
52784	39.7983320568753
52798	39.7983320568752
52810	39.7983320568729
52812	39.7983320568707
52838	39.7983320568695
52842	39.7983320568676
52858	39.7983320568669
52882	39.7983320568661
52892	39.7983320568655
52904	39.7983320568647
52906	39.7983320568642
52920	39.798332056863
52934	39.7983320568614
52966	39.7983320568604
52978	39.7983320568603
53014	39.7983320568595
53032	39.7983320568588
53038	39.7983320568587
53054	39.7983320568586
53060	39.7983320568572
53062	39.7983320568563
53070	39.7983320568562
53102	39.798332056856
53116	39.7983320568558
53120	39.7983320568556
53124	39.798332056855
53164	39.7983320568548
53192	39.7983320568546
53206	39.7983320568545
53210	39.7983320568544
53228	39.798332056854
53258	39.7983320568538
53296	39.798332056853
53302	39.7983320568526
53314	39.7983320568525
53318	39.7983320568524
53322	39.7983320568524
53334	39.7983320568523
53354	39.7983320568513
53364	39.7983320568501
53388	39.79833205685
53394	39.7983320568497
53402	39.7983320568496
53412	39.7983320568494
53418	39.7983320568492
53428	39.7983320568491
53430	39.7983320568486
53432	39.7983320568484
53460	39.7983320568479
53470	39.7983320568479
53476	39.7983320568477
53490	39.7983320568476
53508	39.7983320568474
53512	39.7983320568473
53514	39.7983320568472
53528	39.7983320568471
53538	39.7983320568466
53550	39.7983320568464
53552	39.7983320568464
53576	39.7983320568462
53580	39.7983320568462
53592	39.7983320568459
53598	39.7983320568457
53610	39.7983320568455
53626	39.7983320568453
53628	39.798332056845
53636	39.7983320568447
53658	39.7983320568445
53666	39.7983320568442
53702	39.798332056844
53718	39.7983320568439
53726	39.7983320568438
53736	39.7983320568438
53746	39.7983320568433
53774	39.7983320568433
53780	39.7983320568429
53816	39.7983320568428
53822	39.7983320568426
53830	39.7983320568426
53844	39.7983320568425
53858	39.7983320568423
53888	39.7983320568418
53958	39.7983320568417
53962	39.7983320568415
53994	39.7983320568415
54002	39.7983320568413
54022	39.7983320568412
54058	39.798332056841
54060	39.798332056841
54066	39.798332056841
54086	39.7983320568407
54098	39.7983320568406
54132	39.7983320568406
54142	39.7983320568406
54144	39.7983320568405
54150	39.7983320568405
54168	39.7983320568402
54186	39.7983320568402
54192	39.79833205684
54206	39.7983320568399
54214	39.7983320568395
54216	39.7983320568394
54230	39.7983320568394
54244	39.7983320568393
54248	39.7983320568391
54250	39.7983320568388
54256	39.7983320568384
54264	39.7983320568378
54310	39.7983320568377
54312	39.7983320568376
54330	39.7983320568371
54350	39.7983320568368
54386	39.7983320568365
54408	39.7983320568364
54418	39.7983320568363
54426	39.7983320568363
54428	39.7983320568361
54430	39.7983320568357
54432	39.7983320568357
54444	39.7983320568352
54454	39.7983320568351
54468	39.798332056835
54472	39.7983320568349
54482	39.7983320568347
54490	39.7983320568345
54528	39.7983320568344
54540	39.7983320568343
54560	39.7983320568342
54570	39.798332056834
54586	39.7983320568338
54612	39.7983320568337
54618	39.7983320568337
54624	39.7983320568335
54630	39.7983320568335
54668	39.7983320568334
54670	39.7983320568334
54678	39.7983320568333
54686	39.7983320568333
54688	39.7983320568332
54708	39.7983320568331
54710	39.798332056833
54714	39.7983320568328
54746	39.7983320568328
54750	39.7983320568328
54754	39.7983320568327
54758	39.7983320568326
54774	39.7983320568326
54778	39.7983320568325
54780	39.7983320568323
54802	39.798332056832
54820	39.798332056832
54826	39.7983320568318
54830	39.7983320568317
54850	39.7983320568317
54860	39.7983320568317
54866	39.7983320568315
54878	39.7983320568314
54886	39.7983320568313
54890	39.7983320568313
54894	39.7983320568312
54896	39.7983320568312
54904	39.7983320568311
54914	39.798332056831
54922	39.7983320568309
54932	39.7983320568307
54938	39.7983320568305
54960	39.7983320568304
54964	39.7983320568303
54974	39.7983320568302
54980	39.7983320568302
54994	39.7983320568301
54998	39.79833205683
55004	39.7983320568298
55022	39.7983320568298
55024	39.7983320568294
55084	39.7983320568293
55086	39.7983320568293
55094	39.7983320568293
55134	39.7983320568293
55136	39.7983320568291
55146	39.7983320568291
55152	39.7983320568289
55166	39.7983320568289
55188	39.7983320568289
55190	39.7983320568287
55240	39.7983320568286
55246	39.7983320568286
55258	39.7983320568286
55264	39.7983320568286
55266	39.7983320568285
55276	39.7983320568284
55310	39.7983320568282
55338	39.7983320568282
55340	39.7983320568282
55350	39.7983320568281
55378	39.7983320568281
55396	39.7983320568281
55402	39.7983320568281
55406	39.7983320568281
55418	39.798332056828
55424	39.798332056828
55428	39.7983320568279
55460	39.7983320568278
55484	39.7983320568278
55496	39.7983320568278
55512	39.7983320568277
55522	39.7983320568277
55532	39.7983320568276
55536	39.7983320568275
55564	39.7983320568274
55570	39.7983320568274
55592	39.7983320568273
55600	39.7983320568273
55620	39.7983320568272
55626	39.7983320568272
55632	39.7983320568272
55636	39.798332056827
55664	39.798332056827
55670	39.7983320568269
55688	39.7983320568269
55722	39.7983320568268
55726	39.7983320568268
55732	39.7983320568267
55742	39.7983320568267
55752	39.7983320568266
55766	39.7983320568266
55772	39.7983320568266
55788	39.7983320568264
55830	39.7983320568263
55842	39.7983320568263
55852	39.7983320568263
55860	39.7983320568262
55868	39.7983320568262
55872	39.7983320568261
55896	39.7983320568259
55906	39.7983320568258
55914	39.7983320568258
55940	39.7983320568256
55948	39.7983320568256
55954	39.7983320568256
55956	39.7983320568255
55964	39.7983320568255
55966	39.7983320568255
55976	39.7983320568255
55978	39.7983320568253
55996	39.7983320568252
56014	39.7983320568251
56044	39.7983320568251
56054	39.7983320568250
56058	39.7983320568249
56106	39.7983320568247
56122	39.7983320568246
56132	39.7983320568246
56144	39.7983320568245
56166	39.7983320568244
56168	39.7983320568244
56172	39.7983320568244
56184	39.7983320568243
56202	39.7983320568242
56220	39.7983320568242
56228	39.7983320568242
56232	39.7983320568242
56236	39.7983320568241
56244	39.7983320568241
56254	39.798332056824
56290	39.7983320568239
56350	39.7983320568238
56358	39.7983320568238
56378	39.7983320568238
56382	39.7983320568237
56392	39.7983320568236
56394	39.7983320568236
56396	39.7983320568235
56400	39.7983320568234
56402	39.7983320568233
56424	39.7983320568233
56434	39.7983320568232
56444	39.7983320568232
56462	39.7983320568231
56472	39.7983320568231
56486	39.7983320568231
56536	39.798332056823
56558	39.7983320568229
56580	39.7983320568228
56604	39.7983320568228
56622	39.7983320568226
56646	39.7983320568226
56658	39.7983320568226
56662	39.7983320568225
56682	39.7983320568225
56690	39.7983320568225
56702	39.7983320568224
56708	39.7983320568224
56724	39.7983320568224
56740	39.7983320568224
56746	39.7983320568223
56770	39.7983320568223
56774	39.7983320568222
56784	39.7983320568221
56794	39.7983320568221
56798	39.7983320568221
56800	39.7983320568221
56810	39.798332056822
56818	39.798332056822
56826	39.798332056822
56830	39.798332056822
56838	39.7983320568219
56852	39.7983320568219
56854	39.7983320568218
56868	39.7983320568218
56874	39.7983320568218
56896	39.7983320568217
56922	39.7983320568217
56938	39.7983320568217
56942	39.7983320568217
56950	39.7983320568216
56954	39.7983320568216
56964	39.7983320568216
56970	39.7983320568215
56976	39.7983320568215
56982	39.7983320568215
57006	39.7983320568214
57012	39.7983320568214
57044	39.7983320568214
57054	39.7983320568213
57078	39.7983320568213
57084	39.7983320568213
57086	39.7983320568213
57100	39.7983320568212
57114	39.7983320568212
57124	39.7983320568211
57156	39.798332056821
57192	39.798332056821
57196	39.798332056821
57200	39.798332056821
57224	39.7983320568210
57232	39.7983320568209
57254	39.7983320568209
57270	39.7983320568209
57274	39.7983320568208
57288	39.7983320568208
57298	39.7983320568208
57304	39.7983320568208
57306	39.7983320568207
57320	39.7983320568206
57330	39.7983320568206
57342	39.7983320568206
57354	39.7983320568205
57356	39.7983320568205
57384	39.7983320568205
57406	39.7983320568205
57426	39.7983320568204
57432	39.7983320568204
57438	39.7983320568204
57440	39.7983320568204
57446	39.7983320568203
57472	39.7983320568203
57502	39.7983320568203
57528	39.7983320568203
57550	39.7983320568202
57568	39.7983320568202
57590	39.7983320568202
57632	39.7983320568202
57636	39.7983320568202
57648	39.7983320568201
57658	39.7983320568201
57672	39.7983320568201
57676	39.7983320568201
57690	39.79833205682
57708	39.79833205682
57742	39.7983320568200
57758	39.7983320568199
57766	39.7983320568199
57790	39.7983320568198
57828	39.7983320568198
57838	39.7983320568198
57840	39.7983320568198
57854	39.7983320568198
57858	39.7983320568198
57880	39.7983320568198
57886	39.7983320568197
57890	39.7983320568197
57952	39.7983320568197
57966	39.7983320568196
57970	39.7983320568196
57980	39.7983320568196
58000	39.7983320568196
58006	39.7983320568196
58014	39.7983320568196
58024	39.7983320568196
58036	39.7983320568195
58044	39.7983320568195
58074	39.7983320568195
58098	39.7983320568194
58134	39.7983320568194
58142	39.7983320568194
58154	39.7983320568194
58162	39.7983320568194
58174	39.7983320568193
58188	39.7983320568193
58216	39.7983320568193
58220	39.7983320568193
58232	39.7983320568192
58260	39.7983320568192
58266	39.7983320568192
58300	39.7983320568192
58324	39.7983320568192
58340	39.7983320568191
58366	39.7983320568191
58388	39.7983320568190
58398	39.798332056819
58430	39.798332056819
58442	39.798332056819
58446	39.7983320568189
58490	39.7983320568189
58524	39.7983320568189
58526	39.7983320568189
58558	39.7983320568189
58566	39.7983320568189
58596	39.7983320568189
58626	39.7983320568189
58630	39.7983320568188
58686	39.7983320568188
58718	39.7983320568188
58724	39.7983320568188
58740	39.7983320568188
58756	39.7983320568188
58790	39.7983320568188
58792	39.7983320568188
58814	39.7983320568187
58844	39.7983320568187
58848	39.7983320568187
58912	39.7983320568187
58920	39.7983320568187
58928	39.7983320568187
58948	39.7983320568187
58952	39.7983320568187
58966	39.7983320568187
58968	39.7983320568187
58990	39.7983320568186
59008	39.7983320568186
59030	39.7983320568186
59044	39.7983320568186
59076	39.7983320568186
59102	39.7983320568186
59122	39.7983320568186
59172	39.7983320568185
59218	39.7983320568185
59236	39.7983320568185
59240	39.7983320568185
59250	39.7983320568185
59256	39.7983320568185
59270	39.7983320568185
59296	39.7983320568185
59302	39.7983320568184
59332	39.7983320568184
59344	39.7983320568184
59346	39.7983320568184
59360	39.7983320568184
59386	39.7983320568184
59410	39.7983320568184
59432	39.7983320568184
59434	39.7983320568184
59444	39.7983320568184
59470	39.7983320568184
59476	39.7983320568183
59484	39.7983320568183
59486	39.7983320568183
59512	39.7983320568183
59560	39.7983320568183
59598	39.7983320568183
59620	39.7983320568183
59630	39.7983320568183
59638	39.7983320568183
59658	39.7983320568182
59676	39.7983320568182
59678	39.7983320568182
59698	39.7983320568182
59714	39.7983320568182
59716	39.7983320568182
59732	39.7983320568181
59736	39.7983320568181
59748	39.7983320568181
59750	39.7983320568181
59756	39.7983320568181
59762	39.7983320568181
59766	39.798332056818
59802	39.798332056818
59826	39.798332056818
59840	39.798332056818
59852	39.7983320568179
59886	39.7983320568179
59900	39.7983320568179
59902	39.7983320568179
59904	39.7983320568179
59932	39.7983320568179
59940	39.7983320568179
59958	39.7983320568178
59968	39.7983320568178
60030	39.7983320568178
60064	39.7983320568178
60084	39.7983320568178
60130	39.7983320568178
60146	39.7983320568178
60158	39.7983320568177
60186	39.7983320568177
60264	39.7983320568177
60284	39.7983320568177
60328	39.7983320568177
60334	39.7983320568177
60398	39.7983320568177
60430	39.7983320568177
60476	39.7983320568177
60530	39.7983320568177
60560	39.7983320568177
60570	39.7983320568176
60594	39.7983320568176
60622	39.7983320568176
60666	39.7983320568176
60684	39.7983320568176
60722	39.7983320568176
60750	39.7983320568176
60786	39.7983320568176
60796	39.7983320568176
60814	39.7983320568176
60836	39.7983320568176
60872	39.7983320568176
61182	39.7983320568176
61208	39.7983320568175
61402	39.7983320568175
61510	39.7983320568175
62032	39.7983320568175
62056	39.7983320568175
62066	39.7983320568175
62096	39.7983320568175
62108	39.7983320568175
62114	39.7983320568175
62232	39.7983320568175
62258	39.7983320568175
62320	39.7983320568175
62324	39.7983320568174
62360	39.7983320568174
62556	39.7983320568174
62568	39.7983320568174
62590	39.7983320568174
62606	39.7983320568174
62678	39.7983320568174
62724	39.7983320568174
62740	39.7983320568174
62872	39.7983320568174
62922	39.7983320568174
62972	39.7983320568173
63022	39.7983320568173
63068	39.7983320568173
63256	39.7983320568173
63268	39.7983320568173
63408	39.7983320568173
63532	39.7983320568173
63874	39.7983320568173
64164	39.7983320568173
64948	39.7983320568173
65436	39.7983320568173
69788	39.7983320568173
80666	39.7983320568173
87062	39.7983320568172
88358	39.7983320568172
92858	39.7983320568172
98900	39.7983320568172
99864	39.7983320568172
99922	39.7983320568172
130428	39.7983320568172
131084	39.7983320568172
137854	39.7983320568172
147262	39.7983320568172
147628	39.7983320568172
173170	39.7983320568172
300000	39.7983320568172
