52	672.615069738161
54	657.192026908507
56	579.503873876485
58	465.780905472135
60	434.330519324316
90	318.355101931558
160	287.296072600009
190	276.071118297010
382	273.529910193454
590	264.902220355132
616	259.898714793785
798	250.322796090605
808	213.831390451044
1528	194.127113837559
4328	177.066680084400
4670	174.455663380406
4818	157.606565853073
4936	153.71535042557
4986	150.576123630418
4996	124.135791959251
5172	123.701994999513
5178	115.886646607625
5246	113.605600629560
5270	112.672622606512
5274	108.459052447071
5286	107.430463043826
5304	103.351497705144
5332	101.780699552410
5384	101.399977253818
5406	99.373077038491
5420	99.2195489566482
5436	99.1453751607883
5458	97.988291246549
5468	96.3494751942669
5470	95.0388020303401
5510	94.997652983448
5518	93.5019549472999
5530	92.8842645224078
5584	92.7250492622151
5598	92.1092915025467
5616	91.7947374610297
5626	91.6109978031595
5628	91.2943913202073
5634	91.0613215283746
5636	90.9534722717431
5644	90.2744378601239
5658	90.1948239731552
5666	89.812146140239
5686	89.5500674003445
5692	88.191549475954
5718	87.691083257791
5728	87.6745725060295
5746	87.4237125374534
5750	85.7613237881086
5754	84.8502700421559
5772	84.4624331926812
5780	82.8940542939216
5786	82.5498024387341
5788	82.120020649397
5800	81.7814075739132
5808	81.536763559554
5830	80.8343140949102
5858	80.1566895809135
5864	79.5913609194228
5882	78.8969091596573
5902	78.3742557730885
5924	77.8678043241906
5934	77.8503344891058
5942	76.7853739998772
5958	76.2497674316964
5974	75.7528247649358
5976	75.1253631880938
6018	74.8582820446958
6030	74.7452536476964
6038	74.6460810877236
6042	74.4191399015615
6044	73.7690010904914
6058	72.786517687823
6090	72.0923191174812
6098	71.6595660202125
6116	71.5678970766717
6130	71.103656700771
6132	70.2722595489532
6140	70.2577601366224
6148	69.9829605843888
6158	69.6898508821256
6166	69.5471209132007
6172	69.5150182641697
6176	68.5315522492204
6178	68.340124222716
6186	67.505367193775
6210	67.0163194193479
6230	66.6886087264317
6240	66.5002485171168
6260	66.1209691584466
6262	65.7885388076258
6264	65.7790446761746
6290	65.5806531435717
6294	65.2716939769803
6296	65.1988407379682
6318	65.149600501526
6322	64.6488609700893
6330	64.5706676581686
6332	64.5389540191333
6336	63.995224166827
6354	63.3625651929498
6376	63.3614589815033
6384	63.271775460447
6388	61.7973915477493
6402	61.4832105043013
6422	61.4132250273382
6446	61.0273888062565
6452	60.6682049140151
6460	60.116080576699
6476	59.907218641939
6482	59.5483773444293
6502	59.1616716638096
6516	58.7505546309206
6520	58.2517461918856
6524	58.2337237443481
6526	57.9344896004112
6528	57.8796327061706
6554	57.4206409162019
6562	57.1661789611642
6570	56.1976477491479
6594	56.0025271465903
6630	55.9483539903016
6638	55.8199840388875
6642	55.7785024232985
6648	55.5672436684108
6662	55.4700798987711
6664	55.4091953959191
6672	55.2449403588937
6674	54.9892777696261
6684	54.8555898070473
6694	54.475984680407
6716	54.4445668786146
6726	54.3769444442462
6728	53.8783958846968
6752	53.4203958445515
6756	53.4041281101498
6760	53.054988464713
6768	52.8343960821873
6770	52.7592467950226
6774	52.2181080888394
6778	52.0773519546937
6792	51.8303379022474
6798	51.4936902646059
6804	51.4694921489969
6816	50.8742800700554
6828	50.7710249969939
6840	50.5790678577712
6854	50.5272727122268
6858	50.2824453763281
6884	50.0013703087106
6896	49.8805410804264
6898	49.7483803936226
6910	49.5064375500764
6920	49.4060952712837
6936	49.2711621500927
6940	49.1806846814505
6958	49.1493207312677
6964	48.9765565485047
6972	48.5242401061778
6978	48.3933629688535
7002	48.3913486155231
7006	47.6773195279211
7018	47.6012359862197
7020	47.1542168010626
7028	46.6286058737785
7038	45.9977092162321
7040	45.9429511140613
7046	45.7973333376388
7056	45.486777465679
7060	45.3206028916475
7074	44.5303760703854
7078	44.2394289361056
7084	44.1378864818515
7092	43.4827787534517
7122	43.194022852301
7140	43.0854667443457
7148	43.009275283638
7150	42.9579728811071
7156	42.1519620411197
7166	42.1168971620166
7186	41.8012313580136
7194	41.7265500984883
7200	41.1105178514719
7218	41.0442458959362
7232	40.7068960395169
7248	40.6318028560063
7258	40.6112531231045
7288	40.5545313894818
7290	40.4719216683161
7296	40.3590525433384
7300	39.8767271117263
7302	39.7778140491107
7312	39.6787001869293
7320	39.2634129505944
7328	39.2085571325295
7354	39.1835396398414
7356	38.8921704238682
7358	38.7747345786487
7368	38.4579156271764
7378	38.4552706599921
7406	38.102019143726
7408	37.9986425215854
7432	37.9621618893865
7440	37.9178544716194
7452	37.8038812917852
7456	37.7383671250611
7472	37.7133689849639
7474	37.6419046401303
7498	37.5078374159947
7520	37.2805050091884
7536	37.1154966829109
7578	37.1120834716809
7580	37.1107682066552
7608	37.0045168993371
7624	36.9782019579516
7638	36.825100506785
7648	36.7998245066922
7652	36.6334752330022
7654	36.4644281933906
7666	36.3348881837265
7680	36.3018719150103
7694	36.283201084421
7698	36.2815901354758
7700	36.2438945567952
7712	36.2194498512441
7728	36.1308818318247
7744	36.0297601904831
7750	35.9924986576386
7814	35.9481308797197
7818	35.919220305232
7832	35.8974874843647
7844	35.8215800546794
7852	35.8035664430146
7860	35.7980144062697
7862	35.7719869859265
7872	35.7602953752266
7880	35.7465436442048
7888	35.7102924640471
7914	35.6397731730037
7922	35.5361923376137
7970	35.4853701232218
8008	35.4250415967608
8012	35.4141352889125
8028	35.4007713417887
8044	35.3614943703923
8050	35.3560675374556
8068	35.3182602793835
8070	35.3137147780229
8072	35.3075157475961
8074	35.2138677973128
8092	35.1715659178131
8112	35.0858159843237
8116	34.9446507871052
8120	34.9119594963423
8122	34.8169776158652
8140	34.7381072815897
8142	34.7360460251498
8148	34.6733684418791
8204	34.654597803577
8206	34.6509981758886
8210	34.6283860393441
8230	34.4073319301869
8240	34.3757366627594
8242	34.0266742218567
8252	34.006240660278
8256	33.9618086929178
8278	33.6362509986365
8284	33.5895090294589
8292	33.5359630185417
8294	33.4794946819338
8322	33.4303747604401
8360	33.410358663477
8366	33.2920364427176
8378	33.1874776800816
8390	33.0701631217093
8424	32.8292103674888
8442	32.7253497878723
8462	32.6930748512061
8464	32.6583708049245
8466	32.6117381865230
8470	32.4367477759693
8494	32.3974007336261
8504	32.373933800909
8506	32.3425902573931
8542	32.3284078299259
8556	32.2100120205957
8570	32.071992231755
8596	32.0129850425358
8604	31.9343164915775
8608	31.8393039170355
8640	31.7794612003032
8664	31.6371085238226
8678	31.5710826548137
8726	31.5606244936036
8760	31.4962695813773
8766	31.4875323941717
8770	31.4478411406328
8820	31.3719309395493
8846	31.3422855980237
8858	31.3104397101157
8864	31.2966272692633
8876	31.2816619427607
8880	31.2183587136049
8886	31.2026701378816
8904	31.1938046936084
8908	31.1358509535977
8934	31.1277164601296
8936	31.0576895661741
8942	30.9884713399368
8984	30.9467295083296
8996	30.8694148781393
9046	30.8654620513522
9050	30.8583655595614
9060	30.8258413839448
9066	30.7722068854872
9098	30.7027169498876
9144	30.6615812741159
9154	30.6146023466976
9178	30.5977191232397
9186	30.5882375770818
9192	30.5707349823430
9206	30.5676920376244
9210	30.5401324604113
9216	30.5243298323881
9218	30.519616597495
9230	30.4962688872879
9256	30.4893236293230
9274	30.4806265979577
9276	30.4585007242269
9282	30.404564747329
9298	30.3463049028661
9316	30.1985319645169
9322	30.0427236119437
9326	29.9871623299594
9334	29.9504960600493
9340	29.9041853058474
9366	29.8522728138660
9386	29.81588890795
9418	29.7721523588726
9420	29.7118839469005
9442	29.7068197269296
9448	29.6688859500792
9452	29.6624856934363
9460	29.6295231396323
9464	29.6234478240542
9468	29.6090331528281
9484	29.5979338194321
9496	29.548455870184
9508	29.5183801292091
9524	29.5064695679026
9536	29.4839390896771
9548	29.4706676817745
9554	29.4631077515261
9556	29.4244334902276
9570	29.4218183434524
9572	29.3683406895167
9576	29.3001980220938
9578	29.2689665845398
9596	29.2177467064322
9626	29.1637327678314
9638	29.1296739257905
9660	29.0838300522311
9680	29.058108232917
9690	29.0117201913588
9708	28.9466524377498
9734	28.9346084600292
9742	28.9343982846793
9744	28.9028110051112
9754	28.8743377109627
9762	28.8355695158255
9778	28.8213642789151
9780	28.7455461781687
9818	28.7234859929743
9828	28.7085502316833
9836	28.6887860781497
9850	28.6852630382768
9858	28.6660726145296
9868	28.6160407415030
9886	28.5569699330838
9898	28.5411316836505
9902	28.5310178128787
9908	28.5098508442735
9916	28.4075673805533
9928	28.3212364846969
9954	28.3140987360525
9960	28.2811303163827
9974	28.2674213235964
9980	28.2522413524567
9986	28.1748743912736
9990	28.1354194117944
9996	28.1277581637812
9998	28.0102011033828
10012	27.8430914183419
10026	27.7626720808094
10052	27.7606839011486
10054	27.6911235032270
10086	27.6638520387091
10092	27.5108159336148
10138	27.4857166627129
10154	27.4237038384240
10156	27.3666866831462
10168	27.3536559432254
10188	27.2704968176266
10194	27.2430387606728
10200	27.2115239131897
10220	27.1899494752239
10228	27.1816611581283
10236	27.1816257895311
10250	27.1612881862253
10252	27.1283906961653
10304	27.122745154116
10310	27.0850796039859
10312	27.0065204330236
10330	26.9923345114583
10356	26.9481914668779
10376	26.9471450211715
10382	26.9126550441415
10396	26.8980986506233
10408	26.8885570656487
10438	26.8867343828755
10444	26.8597307595927
10450	26.8589477210643
10464	26.849276981923
10486	26.8436246928565
10494	26.8395389533677
10498	26.8193790676399
10508	26.8114062178098
10530	26.7955248476582
10532	26.7909780440086
10534	26.7867163825339
10548	26.7756781186145
10556	26.7670249489761
10576	26.7596453708471
10608	26.7545522197952
10620	26.7458568910017
10630	26.7374481074183
10642	26.7307692114449
10644	26.7251508064334
10656	26.7157858707827
10674	26.7067974935936
10676	26.6842680299272
10678	26.6839745507487
10696	26.6687321871588
10702	26.6549043614300
10712	26.6453539889812
10724	26.6335206296205
10750	26.6198453129523
10792	26.6085909932296
10804	26.5903599564092
10820	26.5821215968889
10834	26.5756152012435
10852	26.5746646805911
10880	26.5737845651144
10884	26.5693260590976
10886	26.5670738710177
10916	26.566960839358
10922	26.5641643614799
10924	26.5601227861869
10932	26.5472937876746
10956	26.540421781547
10970	26.5330849768349
10990	26.5327409765281
10998	26.5292283967116
11042	26.5280646867324
11052	26.5265402157704
11060	26.5150189941397
11070	26.5129740632851
11086	26.5025251419017
11092	26.5024970274163
11098	26.5002517160193
11108	26.4965233544793
11116	26.4847051940257
11138	26.4734656941573
11186	26.4636864865633
11224	26.4614437854515
11238	26.4612130862754
11240	26.4610233587457
11252	26.4586052046797
11264	26.4570521049747
11266	26.4516228524014
11278	26.4442123320087
11310	26.4409407330424
11342	26.4397737313011
11346	26.4384005066941
11352	26.4368896107356
11354	26.4354113039025
11362	26.4351486988743
11378	26.4325971580393
11384	26.4300945901312
11390	26.4262364286785
11400	26.4191676847003
11402	26.416041133364
11406	26.4137517228418
11418	26.4136327227022
11430	26.4121618438289
11440	26.4108685473649
11450	26.4081864739717
11452	26.404062976301
11466	26.3974468654315
11468	26.3939910032674
11486	26.3928476063137
11492	26.3885998294426
11498	26.3839192136926
11524	26.3799960626922
11542	26.3751148483957
11570	26.3706282651606
11574	26.3670113262945
11592	26.3667506055068
11594	26.3634896365454
11604	26.3603189321770
11624	26.3552782212386
11650	26.3527171820368
11668	26.3495471121026
11674	26.3477615340603
11682	26.3429424271935
11690	26.3417149112524
11696	26.3397140336161
11706	26.3390059815351
11708	26.3389437343286
11712	26.3310298549523
11732	26.3293302201344
11754	26.3253498425660
11764	26.3170440106158
11782	26.3085710507117
11800	26.3078141634456
11806	26.3074923416990
11810	26.3032080876885
11826	26.2985791025381
11834	26.2942143505797
11844	26.2913667238418
11846	26.2834059976547
11878	26.2801857635677
11900	26.2799425063988
11908	26.2719829912008
11916	26.2715810542247
11936	26.2654590884104
11938	26.2575472617539
11944	26.2467095133488
11962	26.2461310111293
11972	26.2452521228362
11986	26.2415721673518
11988	26.2296162909086
12006	26.2250948166921
12014	26.2184949462371
12030	26.2169026874384
12034	26.2146735515091
12042	26.2049863841353
12054	26.2041978913784
12066	26.195155021812
12072	26.1928262071469
12078	26.1839808228925
12106	26.1838381302325
12110	26.1826251110592
12120	26.1818840544565
12126	26.1774541712502
12130	26.1650416072138
12136	26.1570632467036
12172	26.1565042285536
12180	26.1504496630305
12190	26.145662351647
12194	26.1379281008846
12208	26.1350616079085
12210	26.1335078518433
12236	26.1323240900186
12238	26.1316667381434
12254	26.1304712791685
12262	26.1296818648262
12268	26.1142435576303
12300	26.1123721329737
12312	26.1054148090677
12332	26.1050259671988
12336	26.0932134907280
12348	26.0896744591346
12358	26.0844782756033
12366	26.0839799129424
12370	26.0798200032737
12372	26.0765229860799
12374	26.0761377499009
12378	26.072691791696
12382	26.0658368931979
12406	26.0615176083694
12414	26.0602425416341
12416	26.0568738796779
12426	26.0471295949282
12448	26.0463072205699
12462	26.0461843781706
12476	26.0436782855087
12478	26.0426295693698
12482	26.0425493593104
12484	26.0382869559873
12488	26.0377262619494
12500	26.0324525340161
12502	26.0301747189732
12512	26.0267907547497
12514	26.0259398685653
12518	26.0191722962012
12536	26.0105391691038
12542	26.0030312612546
12544	26.0019400752186
12556	26.0013812266028
12572	25.9908514709048
12584	25.9875769445105
12594	25.9783481014477
12608	25.9705415846970
12618	25.9651672743089
12628	25.9648931278410
12630	25.9599780131049
12662	25.9514441949619
12666	25.9476057596911
12668	25.9450223204568
12692	25.9443597668399
12696	25.9437418816811
12704	25.9429723126922
12706	25.9410771269626
12710	25.9366110116533
12732	25.9345866722622
12738	25.9289670710516
12750	25.9092152665682
12754	25.9039625428695
12772	25.8911841131644
12800	25.8867411291078
12802	25.8820241429469
12810	25.8779943575586
12846	25.877927404111
12848	25.8750291761766
12852	25.8649148799121
12868	25.8611007949507
12896	25.8538030755805
12904	25.8494571484091
12914	25.8370170486323
12940	25.8367719253096
12952	25.8255702518549
12960	25.8187834242036
13000	25.8145723791867
13040	25.8140667988285
13058	25.8130836588219
13066	25.8127598917633
13080	25.8115744030796
13084	25.8077129759032
13102	25.8063333707963
13108	25.8053483600504
13120	25.8042771542538
13126	25.7983998834697
13132	25.7938240454838
13138	25.7918639017105
13154	25.7904996052050
13158	25.7887606136064
13162	25.7876604926824
13194	25.7832775521361
13212	25.7823032525186
13230	25.778678116939
13240	25.7693383899528
13272	25.7642332352701
13278	25.7638408125647
13282	25.7603949048913
13302	25.7592732483857
13310	25.7565767214733
13336	25.7565280690653
13340	25.7469302344562
13348	25.7467700833373
13358	25.7427093817545
13372	25.7411896114825
13382	25.733408106677
13392	25.7307875945795
13404	25.7292562119281
13406	25.7273619233006
13416	25.7253798906184
13432	25.7251864738599
13434	25.7246269811813
13438	25.7244907807663
13442	25.7243796509984
13444	25.7194595901558
13456	25.7159716648017
13474	25.7147006563138
13480	25.7128811364771
13484	25.7095202217910
13488	25.7082138750059
13494	25.7031923978128
13518	25.7002930033519
13528	25.6997252961265
13532	25.6996832315581
13554	25.6914122533044
13578	25.6867586268102
13590	25.6829894747044
13600	25.6792962846993
13612	25.6785342688836
13622	25.6725220871677
13630	25.6707149245155
13642	25.6702634490817
13650	25.6680750684958
13660	25.6584275379060
13662	25.6584108126308
13678	25.6571632101735
13680	25.6555475442451
13686	25.6521079811814
13694	25.6510268487399
13698	25.6469445276381
13706	25.6462227687885
13710	25.6390895491913
13716	25.6377068315773
13736	25.6249134828192
13762	25.6007230564441
13772	25.5948568199177
13774	25.5926810893017
13780	25.5884780543780
13828	25.5857761399074
13838	25.5776107064993
13850	25.5709103384627
13852	25.5534263013233
13854	25.5488416445196
13878	25.5430683308887
13888	25.5402181084206
13900	25.5392777000405
13906	25.5186113906481
13932	25.5133293719135
13934	25.5090024837037
13952	25.5020211984720
13966	25.4933341805283
13978	25.4445101934877
14016	25.4384815575428
14032	25.4337254874662
14042	25.4277288241076
14046	25.4213331154236
14072	25.4208573439629
14078	25.4179571102622
14086	25.4150902910110
14092	25.4066498080199
14096	25.4063537468914
14104	25.3979756760334
14114	25.3970253442077
14128	25.3942552149462
14138	25.3921023005995
14142	25.3898908692958
14164	25.3893648399171
14170	25.3891360805166
14172	25.3815926345611
14178	25.3769588974974
14230	25.3689472510516
14244	25.3676814632975
14262	25.363197994058
14270	25.3430376609795
14290	25.3408161406466
14312	25.3403822608002
14328	25.3334994913326
14362	25.3300580679488
14376	25.3226175563334
14386	25.3189161904758
14390	25.3178261758355
14392	25.307795463774
14426	25.3011662392559
14428	25.2819473329365
14442	25.2717117275124
14450	25.2583044606661
14458	25.2561405787224
14526	25.2514165839617
14528	25.2327469609656
14542	25.2203375055314
14584	25.2029950566239
14596	25.1991809029684
14600	25.1981275478588
14612	25.1890743036261
14614	25.1806411747370
14616	25.1758171088157
14634	25.1704755147003
14636	25.1472148784042
14642	25.1442465294219
14662	25.1434310296322
14674	25.1344579053496
14676	25.1325951694871
14678	25.1130449737153
14712	25.1127072269701
14732	25.1124746013919
14754	25.1049983614808
14770	25.1026213461399
14794	25.0980444882683
14806	25.0963881741697
14834	25.0940054932698
14838	25.0886833949363
14848	25.0863446232360
14866	25.0813290712591
14870	25.0761824528174
14884	25.0729871533852
14888	25.0691497672395
14900	25.063179819051
14922	25.0605408323849
14940	25.0587104285137
14950	25.0586143677804
14986	25.0560024272729
15010	25.0520428875365
15024	25.0513168699053
15074	25.0503352092135
15080	25.0484488076047
15092	25.0480662891957
15094	25.0469766430388
15130	25.0460440046989
15134	25.0453963022281
15146	25.044763614452
15164	25.0444325979845
15166	25.0443147575239
15174	25.0440009943278
15190	25.0411848073755
15198	25.0411308922506
15206	25.040794203487
15210	25.0391967121033
15228	25.0389761670203
15232	25.0376173951917
15236	25.0368952722710
15274	25.0368166672055
15282	25.0366557529024
15290	25.0364304414352
15310	25.0359296655194
15314	25.0351628030759
15320	25.0337732828458
15346	25.0327023751588
15348	25.0320219066013
15364	25.0306680837187
15420	25.0305353524513
15424	25.0299154918219
15452	25.0298642062056
15454	25.0295438498482
15464	25.0289815465912
15504	25.0283929705550
15512	25.0279160414143
15524	25.0279083338634
15530	25.0261678602710
15546	25.0254623935425
15576	25.0245620025187
15594	25.0244614404628
15596	25.0231811904016
15604	25.0226512451105
15612	25.022372439089
15634	25.0223537086515
15644	25.0218999144976
15652	25.0216175714228
15654	25.021193592766
15656	25.0208094368302
15660	25.0207053635861
15668	25.0196375320647
15672	25.0191570810190
15692	25.0177592676560
15724	25.0176463104542
15726	25.0175566734007
15732	25.0172390537115
15742	25.0166431306337
15752	25.0164472304932
15754	25.0163275662649
15756	25.016122361038
15766	25.0156749367858
15770	25.0155471785024
15780	25.0152886288162
15796	25.0140244360875
15816	25.0138660651832
15834	25.013326663168
15844	25.0125051931246
15848	25.0107440415733
15868	25.0093346188179
15878	25.0068141907106
15904	25.0062797887116
15908	25.0054199767577
15922	25.0036719538742
15940	25.0033653795433
15950	25.0029443648350
15958	25.0001220725766
16006	24.9998283856242
16018	24.9983095124873
16030	24.9969693013968
16040	24.9961419466329
16058	24.9954589248218
16078	24.9936518553095
16098	24.991967164969
16112	24.9913945368690
16124	24.9895041460912
16144	24.9869246176207
16162	24.9859940605409
16170	24.9852102542467
16178	24.9849823370023
16180	24.9845131684629
16188	24.9844096277228
16196	24.9840327059545
16198	24.9836458256867
16210	24.9825772928909
16226	24.9821966545494
16234	24.9812212588873
16248	24.9806309657353
16272	24.9805951213600
16274	24.9792817000088
16296	24.9775513479638
16302	24.9754261861232
16340	24.9734977715602
16344	24.9732623123128
16346	24.9712788444574
16360	24.9690182496298
16384	24.9680671535517
16398	24.9658935027208
16420	24.9649552985539
16430	24.9639789252451
16440	24.9639074454486
16442	24.9632419616006
16444	24.9629661192111
16448	24.9620695137727
16450	24.9619350023509
16464	24.961272391767
16466	24.9599208371668
16500	24.9592107611313
16520	24.9579896370842
16552	24.9567628685341
16554	24.9565598819521
16566	24.9554662621894
16568	24.95513070347
16570	24.9550334248961
16578	24.9546328105053
16584	24.9546149015494
16592	24.9545253990694
16596	24.9540219393134
16598	24.9538059293999
16608	24.9532846740304
16610	24.9522449868778
16616	24.9517903142487
16618	24.9517445900975
16626	24.9512604074053
16630	24.950727938163
16640	24.9488010856918
16642	24.9487292153776
16646	24.9474784593424
16654	24.9465771711226
16666	24.9465698931308
16688	24.9454268098565
16692	24.9452790253457
16694	24.9419402850026
16726	24.9401914061133
16748	24.9373912682005
16750	24.9372985653409
16762	24.9363829998286
16766	24.9363161202841
16770	24.935940247415
16776	24.9341812341068
16782	24.9339050775105
16788	24.9316842086751
16790	24.9312759347945
16808	24.9308880797599
16834	24.9283452208422
16858	24.9276555631757
16862	24.9252498134499
16888	24.9247007135728
16914	24.9234337138824
16922	24.9224409959872
16932	24.9207048885937
16964	24.9195567252837
16972	24.9191208815917
16974	24.9189566561816
16982	24.915757346545
17022	24.9155686352724
17024	24.9146761347747
17040	24.9138882109383
17046	24.9110928589445
17054	24.9106802830823
17070	24.9105774632927
17084	24.9101879639469
17102	24.9096841821714
17112	24.9092249288271
17118	24.9085379816731
17120	24.9072564873883
17128	24.9067409972909
17142	24.9063512416051
17164	24.9057310066965
17198	24.9053201713128
17200	24.9047597308451
17220	24.9036318951645
17240	24.9029378296590
17298	24.9028411343048
17304	24.9025515716789
17308	24.9025292762353
17320	24.9022127598651
17338	24.9009534378104
17342	24.9006685138535
17350	24.9002795555642
17366	24.9002601696703
17386	24.9001970469191
17388	24.9000950797216
17400	24.8999595737308
17404	24.8992667577875
17426	24.8981382050093
17432	24.8972603940358
17444	24.8969894712149
17460	24.8967993882252
17508	24.8966797032103
17516	24.89665052375
17520	24.8960992320078
17524	24.8955542710283
17548	24.8954027273413
17572	24.8948180350028
17582	24.8946042439226
17592	24.8945990935372
17600	24.8943272386657
17606	24.8936204588606
17610	24.8934328629327
17616	24.8932198003019
17620	24.8928580860939
17638	24.8924240735529
17642	24.8924056942910
17658	24.8918120961522
17676	24.8917867049606
17688	24.8916473769616
17700	24.8914211823589
17724	24.8909921230487
17738	24.8909590839039
17748	24.8905866323134
17770	24.890403481297
17846	24.8902278171127
17856	24.8899998126466
17860	24.8899737499797
17886	24.8897058587313
17904	24.8893385060514
17912	24.8893201784342
17918	24.8892720825399
17922	24.8890457086004
17934	24.8888428146172
17950	24.8887992423888
17952	24.8886826722368
17962	24.8880883651674
17998	24.887950488761
18032	24.8879036210243
18034	24.8877999536269
18056	24.8874733091892
18074	24.8874359794923
18084	24.8872016690737
18088	24.886861883044
18112	24.8868005264341
18128	24.8866573179732
18136	24.8862197157915
18148	24.8859945998164
18152	24.8852120995937
18164	24.8850930106407
18170	24.8850536895008
18196	24.8847557614016
18230	24.8844894212983
18242	24.8843449227993
18270	24.8843359133554
18278	24.883799799066
18286	24.8835739311306
18294	24.8835458233884
18296	24.8829801903537
18326	24.8828896123643
18334	24.8828454142964
18336	24.8828037490661
18338	24.8827086842471
18342	24.8822240485917
18362	24.8818864029514
18388	24.8814603194333
18402	24.8809881419111
18438	24.8809723077163
18442	24.8809098079031
18460	24.8805612063224
18480	24.8805476783215
18488	24.8801929940776
18494	24.8801851693006
18498	24.8801171109165
18512	24.8800484125425
18528	24.8798914391229
18536	24.8796682780125
18548	24.8794174599443
18566	24.8792764864809
18592	24.8789160456908
18600	24.8785256148082
18624	24.8784481165795
18636	24.8782167867113
18656	24.8780569383449
18660	24.8779403133291
18686	24.8777661315585
18724	24.8776860183151
18738	24.8776801519389
18742	24.8774966239369
18758	24.8773937127644
18784	24.8772567496088
18790	24.8772528953257
18808	24.8772239912297
18810	24.8771591374368
18822	24.8770744749135
18826	24.8770251553983
18844	24.8769903298569
18848	24.8769305860567
18852	24.8769007158807
18854	24.8768756770489
18862	24.8768039120501
18868	24.8767625649107
18878	24.8766968839089
18890	24.8766943032943
18900	24.8766393032392
18908	24.8765469116237
18922	24.8765304273621
18950	24.8764271766232
18952	24.8764147164305
18958	24.8763978531821
18966	24.8763922946177
18988	24.8763805000291
18990	24.8763443410591
18996	24.8763238279066
19002	24.8763175365073
19012	24.8763115979099
19014	24.8762943579731
19018	24.8762674548425
19024	24.8762381007270
19026	24.8762380852976
19028	24.8761700631904
19044	24.8761566537115
19064	24.8761484093001
19066	24.8761432132458
19082	24.8760973770545
19090	24.8760870167921
19104	24.8760576241924
19120	24.8760280943142
19130	24.876001761076
19132	24.8759474518052
19158	24.8759337915155
19160	24.8759150945891
19162	24.8758594487998
19172	24.8758550676002
19190	24.875852910463
19196	24.8758269113401
19208	24.8757763375742
19212	24.8757450107090
19232	24.8757249121606
19242	24.8756869628344
19252	24.8756745735154
19260	24.8756721283586
19262	24.8756336965330
19280	24.875622358446
19284	24.8756199085041
19292	24.8756166111119
19302	24.8755965731348
19310	24.8755855620487
19316	24.8755773321954
19334	24.8755769765425
19340	24.8755531067803
19344	24.8755156162557
19362	24.8754590622809
19380	24.8754016778959
19418	24.8753943133331
19428	24.8753367042897
19464	24.8753122717365
19470	24.8753066315262
19478	24.8752939683763
19488	24.8752819036289
19498	24.8752194334814
19520	24.8752037852589
19526	24.8751883870387
19560	24.8751870017384
19570	24.8751818520821
19572	24.8751689780425
19588	24.8751395758408
19604	24.8751340760895
19618	24.8751282094105
19624	24.8751217167937
19628	24.8751009150206
19644	24.8750846311983
19666	24.8750778383151
19668	24.8750564738723
19680	24.8750553761854
19690	24.8750367115035
19692	24.8750343429907
19702	24.8750254570626
19708	24.8750153269092
19710	24.8750047521859
19712	24.8749916069700
19718	24.8749869747519
19720	24.8749795021302
19726	24.8749589202820
19732	24.8749447166327
19744	24.8749226311396
19750	24.8749170439181
19766	24.8749050754015
19774	24.8749038783419
19782	24.8749027684922
19784	24.8748933498898
19790	24.8748928762511
19800	24.8748706858615
19812	24.8748605128447
19822	24.8748578113085
19824	24.8748570366617
19826	24.8748467529321
19834	24.8748383612947
19836	24.8748356192384
19860	24.8748306999007
19880	24.8748042555241
19882	24.8748011880387
19912	24.8747569223781
19916	24.8747392507850
19920	24.8747324684164
19974	24.8747321900530
19978	24.874728809506
19980	24.8747283493858
19990	24.8747247308787
19996	24.8746980910342
20036	24.8746838877543
20064	24.8746705998777
20066	24.874668070201
20088	24.8746659176573
20094	24.8746563927351
20104	24.8746520876397
20106	24.8746430473729
20136	24.8746351203824
20146	24.8746302707038
20148	24.8746257658298
20174	24.8746165520623
20200	24.8746159058456
20212	24.8746130248980
20214	24.8746129988926
20224	24.8745934049659
20242	24.8745898474672
20260	24.8745837276303
20282	24.8745832880341
20292	24.8745823187663
20298	24.8745760909706
20310	24.8745726439132
20316	24.8745703654375
20328	24.8745679133411
20330	24.8745676706604
20348	24.8745645232468
20356	24.8745604425733
20370	24.8745555029024
20388	24.8745528229941
20396	24.8745438921037
20400	24.8745385793913
20418	24.8745379711883
20420	24.8745356185033
20438	24.8745254722507
20442	24.8745249054515
20446	24.8745240840376
20450	24.8745207322587
20480	24.8745148213707
20486	24.8745130003990
20490	24.8745120634439
20492	24.8745110724005
20514	24.8744978434541
20542	24.874496999682
20550	24.8744965097829
20556	24.8744946053921
20564	24.8744940439548
20570	24.8744938830035
20576	24.8744922242556
20578	24.8744868620862
20590	24.8744812395989
20610	24.8744793334969
20614	24.8744766813855
20622	24.8744748578296
20628	24.8744727713165
20634	24.8744724849672
20640	24.8744673208704
20664	24.8744614361507
20668	24.8744521109049
20696	24.8744487952475
20708	24.8744474809635
20714	24.8744463800172
20726	24.8744457310209
20732	24.8744452373846
20736	24.8744430412525
20742	24.8744404094898
20750	24.8744361017652
20754	24.8744284146479
20770	24.8744278966362
20778	24.8744247662999
20784	24.8744200559494
20794	24.8744151638206
20814	24.8744093323252
20848	24.8744016793706
20876	24.8743997554258
20932	24.8743954224833
20950	24.8743953447162
20952	24.8743930194395
20972	24.8743908654600
20986	24.8743905085593
20992	24.8743901019206
20996	24.8743874098868
21010	24.8743841619207
21028	24.8743816507656
21040	24.8743802056960
21048	24.8743783357681
21052	24.8743774136863
21080	24.8743756753908
21084	24.8743749603676
21086	24.8743717703265
21092	24.8743714245248
21102	24.8743691935527
21134	24.8743680933727
21136	24.8743661014185
21150	24.8743639227180
21164	24.8743630142571
21200	24.874362648722
21210	24.8743619655197
21222	24.8743602614432
21234	24.8743593065426
21256	24.8743578340088
21262	24.8743566716106
21268	24.8743564886738
21282	24.8743549403383
21292	24.8743535532799
21304	24.8743515073910
21310	24.8743502872581
21324	24.8743476896311
21338	24.8743475863786
21358	24.8743455662161
21378	24.8743454403830
21388	24.8743437703539
21420	24.8743419963751
21438	24.8743387889070
21452	24.8743376859169
21462	24.8743359535653
21466	24.8743346627666
21480	24.8743330513418
21486	24.8743328689323
21510	24.8743297130500
21530	24.8743253953737
21538	24.8743240873814
21546	24.8743215963313
21562	24.8743165885721
21602	24.8743091401347
21612	24.8743035484712
21620	24.8742999834028
21628	24.8742953176854
21634	24.8742948405216
21638	24.8742938064664
21640	24.8742936624902
21668	24.87428982657
21696	24.8742827166390
21698	24.8742820968355
21700	24.8742797576747
21708	24.8742788174165
21720	24.8742717169468
21726	24.8742680085671
21734	24.8742663138232
21746	24.8742633357331
21758	24.8742574806721
21762	24.8742538816267
21768	24.8742482379594
21774	24.8742423427487
21778	24.8742418230926
21798	24.874236522166
21846	24.8742347646181
21852	24.8742327841606
21860	24.8742280843855
21900	24.8742219998938
21912	24.8742191640766
21914	24.8742185425484
21928	24.8742150802547
21932	24.8742062783831
21948	24.8742053436586
21976	24.8742006078786
21978	24.8741992878614
21984	24.8741933360836
22024	24.8741917043259
22026	24.8741891370939
22042	24.8741843593048
22080	24.8741795499292
22120	24.8741786938565
22122	24.8741774868915
22130	24.8741767754221
22144	24.8741759480017
22152	24.8741748782519
22170	24.8741743507250
22174	24.8741718927865
22176	24.8741687867887
22196	24.8741661685585
22216	24.8741651630016
22226	24.8741638287525
22240	24.8741633418570
22260	24.8741616968521
22270	24.8741585074236
22278	24.8741559543506
22284	24.8741543203194
22292	24.8741525526737
22298	24.8741523560089
22316	24.874150941789
22328	24.8741496111856
22330	24.8741473635124
22342	24.8741467618738
22356	24.8741461627635
22360	24.8741425475234
22370	24.8741416633016
22380	24.8741413774144
22384	24.8741406413411
22394	24.8741393065558
22406	24.8741390622010
22410	24.8741389813361
22414	24.8741387752434
22416	24.8741350924103
22434	24.8741331506220
22448	24.8741323157411
22470	24.8741303161146
22492	24.8741284268374
22494	24.8741259169146
22502	24.8741239773869
22512	24.8741238514218
22518	24.8741221542686
22526	24.8741220987167
22534	24.8741209596259
22552	24.8741196602231
22568	24.8741162404705
22578	24.8741147920284
22586	24.8741137007892
22590	24.8741123199567
22604	24.8741109101033
22662	24.8741094394631
22686	24.8741082283445
22692	24.8741080533680
22694	24.8741075208665
22696	24.8741050112613
22712	24.8741047914396
22720	24.8741040015612
22726	24.8741013188934
22730	24.8741006533154
22762	24.8740984934275
22790	24.8740966681737
22814	24.8740958153148
22818	24.8740944925082
22820	24.8740913535915
22854	24.8740912825589
22858	24.8740899288225
22888	24.8740890257899
22892	24.8740881490932
22900	24.874088026529
22902	24.8740875088752
22904	24.8740865208117
22914	24.8740864682527
22922	24.8740855177753
22942	24.8740843103082
22948	24.8740822424643
22978	24.8740820964958
22986	24.8740817337137
22988	24.874080166616
23002	24.8740788438144
23004	24.8740787880278
23012	24.8740774226944
23038	24.8740764146752
23042	24.8740754324976
23050	24.8740737465631
23070	24.8740729081081
23080	24.8740726159151
23086	24.8740722092162
23100	24.8740707320005
23102	24.8740685694838
23118	24.8740684415020
23120	24.8740683611191
23126	24.8740659057334
23132	24.8740657982275
23134	24.8740651478362
23138	24.8740649563106
23148	24.8740642647861
23178	24.8740641514748
23192	24.8740623787087
23216	24.8740611923811
23230	24.8740609667443
23238	24.8740607453868
23244	24.8740607339117
23254	24.8740602147132
23268	24.8740576399668
23274	24.8740563115041
23284	24.8740557512563
23294	24.8740551634908
23300	24.8740551499769
23308	24.8740551152859
23318	24.8740548746382
23320	24.8740536810606
23336	24.8740529319799
23338	24.8740520029278
23362	24.8740519144329
23388	24.8740516270746
23400	24.8740510411675
23414	24.8740498061256
23416	24.8740493055614
23428	24.8740489501538
23464	24.8740480657384
23468	24.874047599602
23480	24.8740469909603
23508	24.8740463060622
23518	24.8740459015375
23520	24.8740457006014
23526	24.8740450447401
23538	24.8740448792762
23540	24.8740448096201
23546	24.8740443570055
23554	24.8740432058511
23586	24.8740428347127
23606	24.8740426470971
23614	24.8740425966849
23624	24.8740422464790
23648	24.8740417334966
23660	24.8740414626657
23708	24.8740405890892
23720	24.8740402515523
23736	24.8740401769321
23742	24.8740396877296
23764	24.8740392820033
23776	24.8740388044082
23778	24.8740380070687
23792	24.8740379730892
23802	24.8740376007762
23838	24.8740373858633
23848	24.8740373647322
23852	24.8740366685123
23866	24.8740363595633
23870	24.8740363184912
23880	24.8740362921516
23886	24.8740362907997
23888	24.8740360923714
23898	24.8740356083662
23906	24.8740350153545
23924	24.8740343294358
23934	24.8740343225232
23938	24.8740339483888
23958	24.8740338538562
23964	24.8740336496798
23986	24.8740331124538
23994	24.8740326493758
24006	24.8740321922256
24010	24.8740321264051
24016	24.8740319274308
24024	24.8740317037913
24038	24.8740312814248
24058	24.8740308678305
24074	24.8740306733598
24076	24.8740302409312
24080	24.8740297690808
24082	24.8740295288616
24120	24.8740293307046
24128	24.8740291458324
24138	24.8740286538324
24142	24.8740286316393
24168	24.8740285320192
24178	24.8740277641353
24202	24.8740274037671
24218	24.8740273851739
24220	24.8740273429443
24222	24.8740270432308
24240	24.874026560854
24254	24.8740254040916
24260	24.8740253641431
24264	24.8740251010102
24274	24.8740247306292
24276	24.8740240392457
24298	24.8740236316142
24306	24.8740235693660
24310	24.8740234506169
24316	24.8740233101041
24322	24.8740225115554
24328	24.8740221683716
24342	24.8740215277959
24358	24.8740207792182
24388	24.8740204907097
24394	24.8740203304092
24402	24.8740201168218
24424	24.8740199673416
24442	24.8740192372887
24456	24.8740191924561
24462	24.8740184813552
24502	24.8740169174919
24532	24.8740160422707
24540	24.8740147716746
24544	24.8740143819615
24566	24.8740142771927
24570	24.8740136782324
24574	24.8740136186711
24580	24.8740134701292
24582	24.8740123694003
24584	24.8740123465867
24586	24.8740116587737
24598	24.8740112010803
24614	24.8740110807630
24632	24.8740102913117
24636	24.8740101334631
24640	24.8740097527781
24646	24.8740084981954
24682	24.8740065591792
24686	24.8740056908981
24696	24.8740053885551
24698	24.8740050116129
24706	24.874004762167
24718	24.8740034846297
24728	24.8740023722705
24732	24.8739993959405
24754	24.8739993880505
24758	24.8739990586610
24774	24.8739988074778
24782	24.8739983516721
24784	24.8739982434443
24794	24.8739982433964
24796	24.8739973250231
24798	24.8739971850120
24802	24.8739963685711
24824	24.8739962118199
24828	24.8739946601176
24866	24.8739941196828
24912	24.8739936137395
24918	24.8739934090715
24922	24.8739930579205
24938	24.8739925024818
24956	24.8739922256260
24960	24.8739922154397
24962	24.8739916321205
24964	24.8739916206344
24994	24.8739916031283
25016	24.8739911638038
25040	24.8739909046497
25048	24.8739899773667
25076	24.8739897966818
25086	24.8739897311522
25088	24.8739893812615
25126	24.8739891480857
25132	24.8739888253184
25140	24.8739888216742
25146	24.8739887524609
25150	24.8739886526142
25164	24.8739886068313
25174	24.8739884771274
25192	24.8739883915601
25204	24.8739879309475
25256	24.8739877490153
25258	24.8739874794825
25260	24.8739873554447
25284	24.8739871693682
25294	24.8739870608842
25298	24.8739865948531
25304	24.8739865571708
25310	24.8739865401228
25318	24.8739865261476
25328	24.8739864216759
25336	24.8739864138613
25338	24.8739863710362
25350	24.8739862403089
25360	24.8739860423561
25372	24.8739860287543
25374	24.873986017176
25406	24.8739859548763
25414	24.873985837442
25430	24.8739856019287
25434	24.8739855421634
25452	24.8739853321843
25472	24.8739853189309
25488	24.8739851686561
25494	24.8739851672312
25506	24.8739851322496
25508	24.873985046812
25518	24.8739848646225
25544	24.8739848559554
25560	24.8739846508138
25580	24.8739845654836
25590	24.8739845540890
25604	24.8739845213408
25628	24.8739845118435
25632	24.8739844925704
25634	24.873984433631
25636	24.8739843300569
25666	24.8739842182326
25692	24.8739841606903
25694	24.8739841211814
25700	24.8739839987707
25714	24.8739839541255
25728	24.8739838379225
25752	24.8739837440342
25762	24.8739837250908
25764	24.8739835971832
25788	24.873983563837
25790	24.8739833502759
25818	24.8739832758853
25822	24.8739830978402
25864	24.8739830951309
25868	24.8739830785907
25876	24.8739828751311
25922	24.8739827178889
25936	24.8739826186692
25952	24.8739825851761
25956	24.8739825301186
25958	24.8739824477557
25972	24.8739824433116
25974	24.8739823993395
25982	24.8739821889251
26012	24.8739821203126
26032	24.8739820503566
26046	24.8739819866371
26074	24.8739818779328
26080	24.8739818552831
26088	24.8739817933316
26092	24.8739816635482
26100	24.8739816624495
26154	24.8739816041901
26156	24.8739815288838
26166	24.8739814750554
26170	24.8739813743074
26188	24.8739813303415
26194	24.8739812715136
26212	24.8739812497138
26216	24.8739812211921
26224	24.8739811860226
26238	24.8739811743915
26242	24.8739811415538
26258	24.8739811276238
26264	24.8739810391793
26276	24.8739810316202
26282	24.8739809336004
26308	24.8739809183479
26312	24.8739808896946
26314	24.8739807508772
26328	24.8739806922837
26348	24.8739806424379
26354	24.8739805267825
26356	24.8739804062396
26364	24.8739802012368
26380	24.8739801918786
26398	24.8739798886124
26410	24.8739798644474
26412	24.8739798299779
26414	24.8739796502378
26450	24.8739794356542
26474	24.8739793942839
26478	24.8739793455304
26482	24.8739793028471
26488	24.8739792731663
26492	24.8739792508137
26494	24.8739792203559
26500	24.8739791914632
26502	24.8739791251793
26504	24.8739790807328
26510	24.8739790436482
26514	24.8739789677871
26520	24.8739788321578
26538	24.873978771854
26540	24.8739787461322
26542	24.8739787288993
26552	24.8739785440110
26576	24.8739783965018
26594	24.8739783784523
26596	24.8739782940795
26602	24.8739780608888
26604	24.8739779826445
26606	24.873977720437
26624	24.8739773041853
26642	24.8739771326492
26670	24.8739771240187
26684	24.8739769154973
26716	24.8739769092583
26722	24.8739767781128
26732	24.8739765983142
26754	24.8739763375645
26772	24.8739761381342
26776	24.8739758642740
26792	24.8739757459333
26810	24.8739753924661
26822	24.8739753421442
26824	24.8739752699854
26834	24.8739751532241
26840	24.8739750500024
26844	24.8739749706472
26854	24.8739749291952
26868	24.8739748732008
26876	24.8739748205510
26878	24.873974443799
26892	24.8739742542141
26910	24.8739739639987
26928	24.8739738180745
26944	24.8739736262138
26952	24.8739735631423
26960	24.8739734062366
26984	24.8739733996249
26986	24.8739733675709
26992	24.8739731778671
27010	24.8739731195283
27014	24.8739730052331
27042	24.8739729654433
27058	24.8739729488711
27064	24.8739729148018
27072	24.8739727210346
27084	24.873972485673
27086	24.8739723687170
27154	24.8739721611171
27180	24.8739721245478
27184	24.8739721169265
27186	24.8739717633991
27190	24.8739717561797
27240	24.8739716038892
27250	24.8739715926262
27256	24.8739715653429
27264	24.8739713868128
27276	24.8739713313594
27290	24.8739711795246
27298	24.8739711539958
27308	24.8739710826463
27330	24.8739710293982
27364	24.8739708275758
27366	24.8739707837328
27368	24.8739707312682
27370	24.8739706868831
27380	24.8739706215032
27390	24.873970524177
27414	24.8739704509494
27420	24.8739702927498
27446	24.8739702580783
27454	24.8739702539103
27460	24.8739701475807
27462	24.8739701468253
27472	24.8739701065850
27490	24.8739700915598
27492	24.8739699671165
27498	24.8739699027796
27504	24.8739697209396
27514	24.8739696534603
27538	24.8739696219407
27564	24.8739694637953
27650	24.8739694635170
27652	24.8739693604048
27674	24.8739693408172
27684	24.8739692374171
27686	24.8739692327658
27702	24.8739691985263
27718	24.8739691815226
27720	24.8739691800226
27730	24.8739691667288
27740	24.8739689804865
27772	24.8739688955087
27792	24.8739688426248
27794	24.8739687910080
27808	24.8739687615347
27810	24.8739687130269
27814	24.8739687109309
27826	24.8739687053943
27830	24.8739685925956
27858	24.8739685688128
27886	24.8739685382042
27902	24.8739685338267
27904	24.8739685178167
27906	24.8739685129245
27912	24.8739684536062
27924	24.8739684441871
27926	24.8739683418882
27940	24.8739683373884
27952	24.8739683064482
27956	24.8739682531761
27984	24.8739682351604
27988	24.8739682054224
28002	24.8739681394921
28036	24.8739681326727
28048	24.8739681296125
28050	24.8739681172233
28052	24.8739680888384
28060	24.8739680716232
28078	24.8739680249593
28084	24.8739680075226
28094	24.8739680000465
28096	24.8739679367608
28106	24.8739679333322
28142	24.8739678917728
28146	24.8739678675369
28148	24.8739678421065
28174	24.873967820468
28176	24.8739678179406
28180	24.8739678036868
28192	24.8739677542637
28204	24.8739677423790
28224	24.8739677176909
28246	24.8739676991708
28248	24.8739676918294
28250	24.8739676585330
28266	24.8739676138503
28292	24.8739675847307
28298	24.8739675835797
28314	24.8739675455582
28332	24.8739675337673
28334	24.8739674968623
28368	24.8739674935115
28392	24.8739674863637
28398	24.8739674753373
28406	24.8739674740428
28420	24.8739674406274
28446	24.8739674088105
28454	24.8739673828821
28464	24.8739673575366
28482	24.8739673161729
28486	24.8739673067696
28508	24.8739672681632
28532	24.8739672415896
28564	24.8739672395087
28580	24.8739672351496
28588	24.8739672233060
28594	24.8739671928175
28596	24.8739671911157
28606	24.8739671770127
28626	24.8739671619959
28630	24.8739671252676
28646	24.8739671214184
28656	24.8739671151044
28660	24.8739670981802
28664	24.873967087919
28666	24.8739670623245
28694	24.8739670520319
28706	24.873967009622
28710	24.8739669629304
28736	24.8739669248190
28766	24.8739669241878
28768	24.8739668940159
28782	24.8739667876737
28796	24.8739667333101
28800	24.8739667285626
28804	24.8739666978927
28812	24.8739666831442
28836	24.8739666722204
28842	24.8739666347009
28852	24.8739665590206
28858	24.8739665053518
28914	24.8739664572618
28934	24.8739663475892
28948	24.8739663207133
28952	24.8739662880624
28974	24.8739662819624
28978	24.873966276373
28980	24.8739662761237
28982	24.8739662485951
28988	24.8739662121839
29014	24.8739661763263
29026	24.8739661482378
29044	24.8739661416740
29058	24.8739660554213
29070	24.8739659780981
29086	24.8739659686366
29104	24.8739659432197
29114	24.8739659342062
29122	24.8739658959124
29124	24.8739658371541
29126	24.8739658116209
29148	24.8739657257501
29164	24.8739656521831
29182	24.8739656509138
29192	24.8739656196879
29202	24.8739655192275
29206	24.8739655032945
29208	24.873965498627
29212	24.8739654832828
29222	24.8739654587769
29226	24.8739654295403
29228	24.8739654257119
29232	24.8739654107022
29250	24.8739653451605
29262	24.8739653060373
29282	24.8739652907906
29302	24.8739652301289
29318	24.873965226576
29332	24.8739651833946
29336	24.8739651832703
29340	24.8739651760797
29344	24.8739651608283
29346	24.8739651293404
29362	24.8739651223982
29364	24.8739650727874
29374	24.8739650704810
29386	24.8739650200011
29398	24.8739650102441
29404	24.8739649988023
29408	24.8739649894991
29414	24.8739649275143
29422	24.8739648993311
29438	24.8739648578469
29482	24.8739648458189
29492	24.8739648339738
29502	24.8739648288018
29514	24.8739648129213
29520	24.8739648092060
29546	24.873964798208
29552	24.873964784877
29560	24.8739647723798
29592	24.8739647452590
29630	24.8739647420290
29640	24.8739647208748
29656	24.873964709963
29670	24.8739647012676
29672	24.8739646995511
29676	24.8739646957646
29682	24.8739646849279
29696	24.8739646799537
29708	24.8739646659801
29722	24.8739646548154
29736	24.8739646536506
29758	24.8739646405202
29770	24.8739646364035
29774	24.873964633148
29780	24.8739646197976
29790	24.873964608403
29800	24.8739645938959
29808	24.8739645811969
29818	24.8739645495069
29836	24.8739645205920
29840	24.8739645047683
29854	24.8739644938758
29864	24.8739644770328
29876	24.87396447238
29884	24.8739644605033
29890	24.8739644583454
29894	24.8739644460850
29904	24.8739644426276
29926	24.8739644327552
29950	24.8739644242833
29962	24.8739644206045
29966	24.8739644157060
29974	24.8739644089330
29992	24.8739644020518
30018	24.8739643822942
30046	24.8739643784867
30056	24.8739643620704
30078	24.8739643406476
30080	24.8739643334671
30092	24.8739643216942
30094	24.8739643144175
30098	24.8739643005578
30144	24.8739642987641
30146	24.8739642963571
30156	24.8739642938398
30168	24.8739642847354
30176	24.8739642813648
30180	24.8739642598445
30238	24.8739642580635
30248	24.8739642429378
30276	24.8739642390483
30288	24.8739642371291
30290	24.8739642223738
30314	24.8739642134525
30324	24.8739642021405
30330	24.8739642014778
30334	24.8739641933394
30354	24.8739641932992
30356	24.8739641930993
30364	24.8739641829275
30382	24.8739641785095
30394	24.87396417176
30404	24.8739641686273
30422	24.8739641547635
30436	24.8739641542095
30448	24.8739641509610
30454	24.8739641493668
30462	24.8739641402550
30468	24.8739641323035
30474	24.8739641265162
30490	24.8739641203833
30504	24.873964120214
30506	24.8739641131738
30514	24.8739640903809
30530	24.8739640787865
30536	24.8739640782799
30566	24.8739640727389
30568	24.8739640671351
30588	24.8739640634769
30600	24.8739640573385
30604	24.8739640545814
30628	24.8739640537086
30632	24.8739640298888
30666	24.8739640237737
30670	24.8739640227106
30672	24.8739639902133
30680	24.8739639694030
30686	24.8739639648191
30692	24.8739639365076
30740	24.8739639262735
30744	24.8739639250366
30746	24.8739639179682
30748	24.8739639090647
30750	24.8739639080025
30762	24.8739638915666
30768	24.8739638907194
30794	24.8739638866222
30802	24.873963875042
30808	24.8739638736108
30812	24.8739638520668
30852	24.8739638476466
30862	24.8739638448694
30864	24.8739638353197
30866	24.8739637946891
30898	24.8739637923271
30902	24.8739637915288
30904	24.8739637635112
30910	24.8739637626266
30928	24.8739637368226
30938	24.8739637352708
30950	24.8739637333824
30952	24.8739636996724
30956	24.8739636926283
30970	24.8739636752759
30990	24.8739636396148
30992	24.8739636393712
31008	24.8739636373625
31010	24.8739636338039
31016	24.873963612766
31052	24.8739636091937
31056	24.8739635827085
31060	24.8739635669147
31062	24.8739635374427
31092	24.873963517159
31096	24.873963514221
31106	24.8739635126368
31120	24.8739635102187
31124	24.8739634971466
31134	24.8739634928647
31136	24.8739634910585
31146	24.8739634890579
31154	24.8739634614832
31190	24.8739634572746
31200	24.8739634530767
31208	24.8739634501328
31220	24.8739634430048
31232	24.873963442608
31242	24.8739634352201
31244	24.8739634153185
31248	24.8739634045612
31254	24.8739633987562
31272	24.8739633883487
31276	24.8739633756581
31282	24.8739633717851
31296	24.8739633697085
31306	24.8739633639603
31310	24.8739633416877
31320	24.8739633069421
31346	24.8739633066245
31356	24.8739632941373
31362	24.8739632922756
31368	24.8739632894957
31372	24.8739632541608
31376	24.8739632340986
31390	24.8739632133812
31406	24.873963204442
31412	24.8739631867609
31414	24.8739631725246
31430	24.8739631613056
31440	24.8739631558983
31462	24.8739631515858
31464	24.8739631513898
31466	24.8739631213142
31478	24.8739631019135
31492	24.8739630889621
31494	24.8739630767479
31506	24.8739630705598
31536	24.8739630268384
31566	24.8739629944729
31622	24.8739629934668
31634	24.8739629727025
31636	24.8739629503611
31670	24.8739629440902
31676	24.8739629212196
31690	24.8739629123091
31722	24.8739629113940
31724	24.8739628845256
31756	24.8739628773066
31774	24.8739628756323
31784	24.8739628737984
31788	24.8739628712548
31794	24.8739628612063
31798	24.8739628581779
31814	24.8739628454280
31824	24.8739628327398
31826	24.8739628236034
31832	24.8739628042342
31846	24.8739627806114
31858	24.8739627513301
31884	24.8739627390367
31892	24.8739627181685
31894	24.8739627004362
31900	24.8739626940973
31908	24.8739626789255
31910	24.8739626756254
31914	24.8739626507716
31932	24.8739626448615
31946	24.8739625999352
31950	24.8739625846307
31952	24.8739625691768
31964	24.8739625571848
31974	24.8739625566802
31996	24.8739625473999
32018	24.8739625059752
32068	24.8739624793520
32080	24.8739624726873
32090	24.8739624697259
32106	24.8739624676632
32110	24.8739624617822
32118	24.8739624512130
32122	24.8739624379609
32126	24.8739624225666
32128	24.8739624087933
32134	24.873962403368
32158	24.8739624033423
32174	24.873962396769
32188	24.8739623823318
32198	24.8739623800813
32200	24.8739623608892
32232	24.8739623562845
32256	24.8739623522823
32264	24.8739623511457
32274	24.8739623450469
32284	24.8739623438161
32286	24.8739623431892
32288	24.8739623378333
32296	24.8739623366540
32308	24.8739623266525
32318	24.8739623260946
32328	24.8739623205881
32336	24.8739623152380
32352	24.873962304918
32354	24.8739622999966
32360	24.8739622942053
32378	24.8739622878410
32384	24.8739622866662
32396	24.8739622778073
32404	24.8739622709361
32410	24.8739622678287
32416	24.8739622444355
32422	24.8739622374637
32424	24.8739622368587
32426	24.8739622313247
32444	24.8739622303638
32446	24.8739622063989
32452	24.8739621874878
32492	24.8739621683372
32516	24.8739621478164
32522	24.8739621452502
32536	24.8739621370671
32580	24.8739621337039
32598	24.8739621256
32600	24.8739621105941
32632	24.8739621067286
32634	24.8739621038532
32648	24.8739621029959
32654	24.8739621025528
32662	24.8739620994952
32670	24.873962091537
32672	24.8739620909042
32698	24.8739620871722
32718	24.8739620794599
32734	24.8739620737957
32746	24.8739620707160
32750	24.873962066876
32752	24.8739620641094
32756	24.8739620611671
32760	24.8739620549298
32762	24.8739620502169
32772	24.8739620416143
32792	24.8739620391894
32794	24.873962019388
32808	24.8739620076273
32810	24.8739620070974
32828	24.8739619875179
32830	24.8739619826081
32836	24.873961963539
32838	24.8739619496857
32842	24.8739619447724
32848	24.873961937867
32858	24.8739619264150
32896	24.8739619233201
32914	24.8739619212106
32918	24.8739619148568
32922	24.8739619059141
32936	24.8739618988162
32946	24.8739618917598
32954	24.8739618747774
32968	24.8739618562623
32982	24.8739618512134
33004	24.8739618442902
33008	24.8739618318800
33032	24.8739618234370
33038	24.8739618229806
33054	24.8739618221644
33066	24.8739618169977
33078	24.8739618007707
33090	24.873961797286
33092	24.8739617965799
33094	24.873961793481
33098	24.8739617876218
33118	24.8739617872411
33120	24.8739617792338
33132	24.8739617764518
33138	24.8739617723396
33154	24.8739617713377
33168	24.8739617684486
33178	24.8739617681784
33198	24.8739617649286
33200	24.8739617607058
33228	24.8739617600498
33230	24.8739617508862
33252	24.8739617505120
33268	24.8739617381867
33282	24.8739617330934
33286	24.8739617298737
33322	24.8739617259652
33350	24.8739617251385
33352	24.8739617202204
33354	24.873961719025
33372	24.8739617147868
33386	24.8739617124733
33394	24.8739617057263
33398	24.873961705604
33402	24.8739617050293
33424	24.8739617036536
33430	24.8739617009271
33440	24.8739616942655
33462	24.8739616898124
33472	24.8739616864101
33482	24.8739616851988
33484	24.8739616846562
33488	24.8739616802982
33498	24.8739616792142
33520	24.8739616779607
33524	24.8739616763483
33548	24.8739616750057
33552	24.8739616706247
33582	24.8739616669773
33592	24.8739616665191
33612	24.8739616648792
33630	24.8739616648330
33638	24.8739616612879
33654	24.8739616612455
33656	24.873961660019
33664	24.8739616597015
33666	24.8739616517016
33700	24.8739616504144
33716	24.8739616496601
33726	24.8739616467308
33732	24.8739616430741
33752	24.8739616428581
33754	24.8739616411558
33756	24.8739616402117
33764	24.8739616400332
33782	24.8739616385875
33804	24.8739616365618
33812	24.8739616361597
33814	24.8739616339043
33820	24.8739616313017
33830	24.8739616298708
33892	24.8739616297070
33902	24.8739616285333
33928	24.8739616256699
33936	24.8739616237189
33962	24.8739616236937
33970	24.8739616227206
33972	24.8739616210278
33990	24.8739616204640
33996	24.8739616173492
34008	24.8739616170818
34014	24.8739616118505
34026	24.8739616109648
34048	24.8739616094173
34052	24.8739616081274
34060	24.8739616063913
34066	24.8739616043466
34072	24.8739616042837
34074	24.8739616035664
34078	24.8739616033933
34086	24.8739616005887
34094	24.8739615989027
34116	24.8739615974214
34122	24.8739615963659
34144	24.8739615929813
34152	24.8739615902382
34182	24.8739615889063
34202	24.8739615867015
34214	24.8739615854869
34216	24.8739615849380
34218	24.8739615845365
34242	24.8739615829986
34244	24.8739615824759
34246	24.8739615814185
34248	24.8739615809250
34268	24.8739615774684
34296	24.8739615752805
34300	24.8739615735251
34332	24.8739615726174
34340	24.8739615714230
34364	24.8739615697555
34368	24.8739615687261
34382	24.8739615683559
34386	24.8739615668581
34406	24.8739615654949
34410	24.8739615649752
34420	24.8739615642923
34426	24.8739615633408
34436	24.8739615623954
34438	24.8739615593895
34456	24.8739615590732
34464	24.873961558847
34474	24.8739615581086
34486	24.8739615574791
34488	24.8739615561031
34492	24.8739615559757
34496	24.8739615512106
34498	24.8739615492022
34520	24.8739615474842
34528	24.8739615457409
34530	24.8739615436999
34534	24.8739615429192
34540	24.8739615420488
34574	24.8739615412631
34578	24.8739615396784
34600	24.8739615388476
34606	24.8739615373155
34608	24.8739615363436
34618	24.8739615355910
34624	24.8739615328718
34644	24.8739615308257
34654	24.8739615304716
34662	24.8739615269130
34664	24.8739615264991
34686	24.8739615256575
34710	24.8739615248397
34720	24.8739615232662
34728	24.8739615229669
34738	24.8739615226313
34742	24.8739615216639
34758	24.8739615205893
34762	24.8739615204161
34766	24.8739615198056
34770	24.8739615175242
34788	24.8739615169139
34794	24.8739615158961
34796	24.873961515621
34802	24.8739615147556
34804	24.8739615140795
34810	24.8739615120529
34838	24.8739615117016
34844	24.8739615098302
34854	24.8739615092293
34856	24.8739615061439
34864	24.8739615053461
34882	24.8739615051093
34890	24.8739615006183
34902	24.8739614989099
34926	24.8739614968926
34928	24.87396149395
34938	24.8739614935426
34972	24.8739614927405
34976	24.8739614926595
34982	24.8739614921756
35008	24.8739614919521
35026	24.8739614916237
35036	24.8739614892968
35046	24.873961486672
35060	24.8739614850107
35070	24.8739614849487
35074	24.8739614828694
35078	24.8739614788449
35084	24.8739614768747
35116	24.8739614738711
35122	24.8739614731052
35132	24.8739614713196
35162	24.8739614694278
35190	24.8739614681286
35208	24.8739614674403
35212	24.8739614645953
35220	24.8739614604549
35222	24.8739614562636
35228	24.8739614554924
35230	24.8739614485819
35256	24.8739614423568
35282	24.8739614385497
35298	24.8739614371784
35312	24.8739614370774
35330	24.8739614359202
35376	24.8739614336094
35380	24.8739614318881
35406	24.8739614303455
35412	24.8739614302317
35436	24.873961428987
35440	24.8739614283206
35488	24.8739614276071
35494	24.8739614275338
35496	24.8739614259666
35506	24.8739614249779
35536	24.8739614240778
35540	24.8739614217880
35548	24.8739614211013
35560	24.8739614205089
35592	24.8739614201868
35594	24.8739614198517
35598	24.8739614196859
35614	24.8739614188702
35632	24.8739614187526
35640	24.8739614181913
35650	24.8739614180446
35664	24.8739614175805
35676	24.8739614168994
35682	24.8739614167362
35684	24.8739614164371
35702	24.8739614162945
35704	24.8739614157106
35712	24.8739614151157
35720	24.8739614134876
35722	24.8739614130878
35770	24.8739614128742
35772	24.8739614120016
35798	24.8739614118230
35806	24.8739614109806
35818	24.8739614107287
35830	24.873961410247
35844	24.8739614100565
35852	24.8739614098966
35860	24.8739614096412
35876	24.8739614093861
35878	24.8739614087288
35890	24.8739614074699
35902	24.8739614074656
35904	24.8739614067462
35910	24.8739614067321
35926	24.8739614064266
35942	24.8739614064091
35946	24.8739614060575
35954	24.8739614052335
35958	24.8739614050875
35966	24.8739614047843
35976	24.8739614045886
35984	24.8739614038101
35990	24.8739614034378
35994	24.8739614033559
36008	24.8739614026753
36024	24.8739614012503
36046	24.8739614006670
36052	24.8739613993416
36064	24.8739613987211
36072	24.8739613966418
36110	24.8739613952384
36126	24.873961395156
36138	24.8739613937884
36156	24.8739613933359
36186	24.8739613932425
36190	24.8739613925931
36194	24.873961392487
36198	24.8739613911097
36214	24.8739613909008
36240	24.8739613906512
36252	24.8739613895422
36258	24.8739613880444
36274	24.8739613871188
36280	24.8739613870128
36284	24.8739613863997
36294	24.8739613852215
36298	24.8739613846780
36314	24.8739613840412
36336	24.8739613837073
36342	24.8739613835378
36346	24.8739613820992
36370	24.8739613815578
36390	24.8739613803399
36412	24.8739613802913
36418	24.8739613801970
36424	24.8739613796820
36446	24.8739613784322
36472	24.8739613773014
36478	24.8739613764150
36504	24.8739613762273
36506	24.8739613752998
36516	24.8739613749042
36520	24.8739613744344
36538	24.8739613738645
36544	24.8739613730576
36558	24.8739613725674
36560	24.8739613718569
36588	24.8739613717228
36598	24.8739613713673
36600	24.8739613704635
36632	24.8739613704568
36634	24.8739613691966
36654	24.8739613682142
36662	24.8739613679589
36664	24.8739613673163
36688	24.8739613669886
36694	24.8739613665652
36702	24.8739613665295
36742	24.8739613665115
36744	24.8739613663488
36746	24.8739613660083
36752	24.8739613659856
36754	24.8739613657914
36762	24.8739613656598
36764	24.8739613648122
36780	24.8739613647926
36784	24.8739613647434
36806	24.8739613642556
36812	24.8739613640097
36858	24.8739613638895
36862	24.8739613635808
36872	24.873961363458
36874	24.8739613629867
36892	24.8739613627141
36898	24.8739613625629
36936	24.873961362295
36950	24.8739613619923
36954	24.8739613619671
36994	24.8739613618773
37000	24.8739613616525
37006	24.8739613612920
37024	24.8739613610355
37028	24.8739613606524
37038	24.8739613603825
37058	24.8739613603558
37060	24.8739613602268
37064	24.8739613602118
37066	24.8739613598171
37078	24.8739613588458
37082	24.8739613587866
37090	24.8739613571707
37124	24.8739613571089
37128	24.8739613569388
37136	24.8739613569168
37148	24.8739613565535
37154	24.8739613563828
37158	24.8739613559509
37162	24.8739613559114
37164	24.8739613559088
37172	24.8739613556160
37180	24.8739613551004
37182	24.8739613547539
37212	24.8739613546104
37214	24.8739613542099
37228	24.8739613540135
37262	24.8739613539483
37264	24.8739613535097
37288	24.8739613533078
37292	24.8739613530540
37298	24.8739613526561
37306	24.8739613526495
37346	24.8739613523862
37356	24.8739613522800
37358	24.8739613522708
37372	24.8739613521735
37378	24.8739613520403
37382	24.8739613518887
37392	24.8739613516810
37416	24.8739613515458
37418	24.8739613513595
37426	24.8739613512776
37450	24.8739613510402
37464	24.8739613509532
37466	24.8739613508394
37468	24.8739613504997
37472	24.8739613504306
37486	24.8739613500939
37496	24.8739613498136
37502	24.8739613497879
37510	24.8739613496539
37512	24.8739613493796
37520	24.8739613492670
37540	24.8739613492413
37542	24.8739613492115
37548	24.8739613488601
37560	24.8739613488055
37564	24.8739613487685
37582	24.8739613486593
37588	24.8739613485876
37600	24.8739613482020
37602	24.8739613475129
37632	24.8739613474889
37634	24.8739613474414
37640	24.8739613473204
37644	24.8739613466108
37656	24.8739613463983
37664	24.8739613458262
37690	24.8739613452551
37700	24.8739613451443
37710	24.8739613448146
37734	24.8739613447881
37748	24.8739613443031
37772	24.8739613432554
37794	24.8739613431511
37816	24.8739613426026
37868	24.8739613418039
37896	24.873961341702
37940	24.8739613416807
37942	24.8739613416606
37948	24.8739613414459
37958	24.8739613412581
37976	24.8739613410577
37984	24.873961340912
37988	24.8739613404065
38008	24.8739613403484
38010	24.8739613401940
38012	24.873961339924
38024	24.8739613395131
38042	24.8739613393776
38056	24.8739613389589
38066	24.8739613388678
38074	24.8739613388307
38088	24.8739613387734
38092	24.8739613385289
38100	24.8739613384858
38106	24.8739613383695
38118	24.8739613383377
38124	24.8739613382089
38154	24.8739613380993
38158	24.8739613379299
38182	24.8739613377979
38188	24.8739613376184
38200	24.8739613374886
38204	24.8739613366957
38264	24.8739613365597
38272	24.8739613364121
38294	24.8739613361440
38298	24.8739613361171
38328	24.8739613358231
38346	24.8739613357660
38370	24.8739613355284
38386	24.8739613354706
38388	24.873961335402
38406	24.8739613352731
38410	24.8739613350429
38414	24.87396133494
38426	24.8739613348074
38440	24.8739613347501
38454	24.8739613347462
38462	24.8739613347277
38476	24.8739613346863
38480	24.8739613346666
38484	24.8739613345895
38492	24.8739613345277
38498	24.8739613342258
38510	24.873961334041
38534	24.8739613339193
38546	24.8739613338189
38558	24.8739613338141
38564	24.8739613337879
38574	24.8739613335409
38578	24.8739613334787
38582	24.8739613334302
38586	24.8739613330123
38590	24.8739613329538
38612	24.8739613328974
38620	24.8739613326411
38628	24.8739613323333
38652	24.8739613319845
38656	24.8739613319839
38660	24.8739613314911
38674	24.873961331358
38686	24.8739613312151
38702	24.8739613310686
38718	24.8739613308408
38720	24.8739613305839
38722	24.8739613305289
38724	24.8739613303631
38730	24.8739613303205
38744	24.8739613301874
38756	24.8739613301427
38766	24.873961329972
38772	24.8739613296104
38782	24.8739613295686
38824	24.8739613294325
38828	24.8739613293096
38858	24.8739613291799
38860	24.8739613288002
38866	24.8739613286016
38898	24.8739613285300
38900	24.8739613285146
38906	24.8739613284857
38910	24.8739613283607
38924	24.8739613283577
38928	24.8739613282301
38930	24.8739613282040
38934	24.8739613281735
38940	24.8739613280698
38952	24.8739613280130
38968	24.8739613279865
38970	24.8739613279445
38992	24.8739613278882
39010	24.8739613278625
39012	24.8739613277211
39020	24.8739613276763
39024	24.8739613276317
39030	24.8739613275934
39032	24.8739613275366
39034	24.8739613274547
39042	24.8739613273754
39044	24.8739613268520
39050	24.8739613265744
39062	24.8739613265068
39070	24.8739613263337
39106	24.8739613262638
39110	24.8739613262423
39112	24.8739613260930
39118	24.8739613260762
39124	24.8739613260489
39126	24.8739613259675
39130	24.8739613259129
39160	24.8739613258523
39164	24.8739613256232
39224	24.8739613254372
39244	24.8739613253081
39258	24.873961325238
39266	24.8739613250982
39268	24.8739613250831
39284	24.8739613250330
39288	24.8739613250165
39310	24.8739613249795
39316	24.8739613249754
39338	24.8739613248558
39350	24.8739613248353
39362	24.8739613248229
39372	24.8739613248190
39378	24.873961324766
39392	24.8739613245649
39398	24.8739613245505
39408	24.8739613245208
39414	24.8739613244522
39418	24.8739613244165
39422	24.8739613242252
39428	24.8739613240309
39442	24.8739613239215
39454	24.8739613238972
39460	24.8739613238833
39462	24.8739613238635
39464	24.8739613237372
39466	24.8739613236425
39486	24.8739613235265
39494	24.8739613234411
39496	24.8739613233849
39500	24.8739613233226
39510	24.873961323192
39516	24.8739613230114
39518	24.8739613228841
39536	24.8739613225701
39556	24.8739613223521
39566	24.8739613223229
39596	24.8739613222416
39604	24.8739613220897
39622	24.8739613219931
39636	24.8739613218027
39660	24.8739613215717
39668	24.8739613215567
39670	24.8739613212877
39686	24.8739613212632
39696	24.8739613211605
39706	24.8739613210041
39716	24.8739613209568
39720	24.8739613207682
39742	24.8739613205025
39764	24.8739613205004
39768	24.8739613203772
39782	24.8739613203596
39798	24.8739613201820
39814	24.8739613199991
39830	24.8739613199244
39836	24.8739613194313
39844	24.8739613193502
39864	24.8739613193087
39872	24.8739613192897
39876	24.8739613192687
39890	24.8739613191237
39908	24.8739613191107
39912	24.8739613189594
39914	24.873961318872
39928	24.8739613188316
39942	24.8739613188153
39946	24.8739613187683
39956	24.8739613187615
39958	24.8739613186816
39978	24.8739613186056
39988	24.8739613184090
40000	24.8739613183073
40042	24.8739613182548
40048	24.8739613182319
40054	24.8739613182302
40068	24.8739613181573
40096	24.8739613181502
40098	24.8739613181330
40106	24.8739613181205
40112	24.8739613181001
40114	24.8739613180610
40118	24.8739613180457
40134	24.8739613180038
40150	24.8739613180038
40154	24.8739613178387
40184	24.8739613177882
40186	24.8739613177812
40214	24.8739613177794
40218	24.8739613177674
40226	24.8739613176993
40240	24.8739613176949
40258	24.8739613176802
40262	24.8739613176424
40264	24.8739613176033
40284	24.8739613175955
40288	24.8739613175427
40298	24.8739613174769
40344	24.8739613174251
40348	24.8739613174243
40378	24.8739613174135
40392	24.8739613173603
40416	24.8739613173531
40420	24.8739613173138
40442	24.8739613172582
40480	24.8739613172345
40482	24.8739613171999
40514	24.8739613171856
40518	24.8739613171392
40562	24.8739613171303
40572	24.8739613171076
40580	24.8739613170906
40596	24.8739613170735
40600	24.8739613170473
40618	24.8739613170339
40642	24.8739613169468
40666	24.8739613168986
40676	24.8739613168807
40716	24.87396131684
40726	24.87396131682
40746	24.8739613168164
40756	24.8739613168138
40758	24.8739613167918
40760	24.8739613167602
40780	24.8739613167373
40782	24.8739613167165
40804	24.8739613167027
40808	24.8739613166806
40828	24.8739613166604
40840	24.8739613166289
40844	24.8739613166147
40866	24.8739613166139
40876	24.8739613165615
40880	24.8739613165472
40924	24.8739613165431
40930	24.8739613165350
40934	24.873961316484
40942	24.8739613164714
40966	24.8739613164581
40976	24.8739613164180
40996	24.8739613164155
41000	24.8739613164071
41010	24.8739613163771
41012	24.8739613163718
41016	24.8739613163714
41024	24.8739613163383
41038	24.8739613163326
41044	24.8739613163070
41060	24.8739613162516
41066	24.8739613162501
41088	24.8739613162426
41092	24.8739613162123
41098	24.8739613162101
41102	24.8739613161733
41130	24.8739613161635
41140	24.8739613161476
41154	24.8739613161372
41158	24.8739613161197
41160	24.8739613161113
41206	24.8739613160383
41214	24.8739613160311
41218	24.8739613160076
41228	24.8739613159904
41246	24.8739613159674
41254	24.8739613159647
41280	24.8739613159594
41288	24.8739613159574
41300	24.8739613159533
41306	24.873961315949
41316	24.8739613159458
41320	24.87396131594
41324	24.8739613159345
41336	24.8739613159326
41348	24.8739613159210
41356	24.8739613159137
41372	24.8739613159046
41378	24.8739613158969
41402	24.8739613158730
41404	24.8739613158727
41428	24.8739613158499
41446	24.8739613158382
41472	24.8739613158364
41476	24.8739613158356
41486	24.8739613158299
41494	24.8739613158219
41520	24.8739613158154
41522	24.8739613158091
41530	24.8739613157923
41532	24.8739613157769
41550	24.8739613157712
41562	24.8739613157646
41584	24.8739613157578
41588	24.8739613157544
41592	24.8739613157525
41628	24.8739613157505
41632	24.8739613157456
41634	24.8739613157382
41642	24.8739613157226
41662	24.8739613157113
41680	24.8739613157063
41702	24.873961315704
41716	24.8739613157021
41738	24.8739613157007
41742	24.8739613156894
41754	24.8739613156808
41764	24.8739613156788
41770	24.8739613156773
41778	24.8739613156666
41788	24.8739613156659
41790	24.8739613156606
41806	24.8739613156554
41818	24.8739613156531
41820	24.8739613156491
41822	24.8739613156401
41824	24.8739613156328
41828	24.8739613156241
41848	24.8739613156061
41864	24.8739613155869
41868	24.873961315581
41878	24.8739613155698
41880	24.8739613155631
41908	24.87396131555
41920	24.8739613155375
41938	24.8739613155312
41946	24.8739613155276
41954	24.8739613155232
41958	24.8739613155086
41974	24.8739613154941
41984	24.8739613154899
41994	24.8739613154897
42012	24.8739613154864
42028	24.8739613154749
42034	24.8739613154704
42052	24.8739613154540
42076	24.8739613154463
42098	24.8739613154423
42112	24.8739613154230
42122	24.8739613154145
42150	24.8739613154138
42158	24.8739613154004
42168	24.8739613153986
42170	24.8739613153866
42234	24.8739613153820
42240	24.8739613153734
42242	24.8739613153710
42244	24.8739613153649
42246	24.8739613153623
42250	24.8739613153574
42252	24.8739613153348
42278	24.8739613153221
42290	24.8739613153213
42294	24.8739613153181
42318	24.8739613153151
42322	24.8739613153000
42330	24.8739613152993
42362	24.8739613152902
42374	24.8739613152878
42386	24.8739613152862
42394	24.8739613152822
42400	24.8739613152791
42406	24.8739613152724
42426	24.8739613152613
42436	24.8739613152569
42440	24.8739613152519
42458	24.8739613152504
42462	24.8739613152456
42466	24.8739613152424
42482	24.8739613152303
42486	24.8739613152245
42516	24.8739613152226
42522	24.8739613151965
42534	24.8739613151954
42538	24.8739613151913
42540	24.8739613151900
42550	24.8739613151831
42552	24.873961315176
42574	24.8739613151737
42582	24.8739613151684
42590	24.8739613151668
42596	24.8739613151569
42606	24.8739613151412
42622	24.8739613151405
42636	24.8739613151385
42638	24.8739613151298
42680	24.8739613151248
42712	24.8739613151247
42722	24.873961315123
42726	24.8739613151175
42746	24.8739613151154
42766	24.8739613151096
42784	24.8739613151084
42790	24.8739613151031
42826	24.8739613151004
42850	24.8739613150960
42854	24.8739613150941
42872	24.8739613150888
42888	24.8739613150880
42898	24.8739613150856
42904	24.8739613150783
42920	24.8739613150686
42946	24.8739613150605
42970	24.8739613150601
42972	24.87396131506
42978	24.8739613150506
42992	24.8739613150478
42996	24.8739613150469
43000	24.8739613150377
43008	24.8739613150309
43016	24.8739613150281
43026	24.8739613150162
43034	24.8739613150147
43044	24.8739613150070
43064	24.8739613149842
43068	24.8739613149772
43076	24.8739613149713
43114	24.8739613149626
43128	24.8739613149574
43132	24.8739613149552
43168	24.8739613149431
43184	24.8739613149427
43192	24.8739613149337
43202	24.8739613149283
43232	24.8739613149185
43248	24.8739613149153
43250	24.8739613149147
43282	24.8739613149084
43288	24.8739613148958
43312	24.8739613148950
43314	24.8739613148943
43316	24.8739613148879
43342	24.8739613148849
43360	24.8739613148818
43362	24.873961314877
43384	24.8739613148721
43386	24.8739613148655
43388	24.8739613148560
43406	24.8739613148522
43410	24.8739613148393
43424	24.8739613148264
43428	24.8739613148228
43432	24.8739613148209
43438	24.8739613148019
43454	24.8739613148013
43486	24.8739613147994
43498	24.8739613147905
43508	24.8739613147834
43534	24.873961314783
43536	24.8739613147789
43540	24.8739613147761
43558	24.8739613147702
43562	24.8739613147656
43582	24.8739613147624
43592	24.8739613147585
43616	24.8739613147584
43628	24.8739613147493
43632	24.8739613147479
43682	24.8739613147424
43690	24.8739613147416
43706	24.8739613147414
43716	24.8739613147365
43744	24.8739613147341
43750	24.8739613147334
43762	24.8739613147327
43788	24.8739613147281
43796	24.8739613147268
43802	24.8739613147245
43806	24.8739613147213
43832	24.8739613147195
43834	24.8739613147113
43866	24.8739613147078
43888	24.8739613147052
43890	24.8739613147039
43906	24.8739613147022
43916	24.8739613147013
43920	24.8739613146983
43930	24.8739613146939
43946	24.8739613146920
43954	24.8739613146909
43960	24.8739613146769
43962	24.8739613146763
43984	24.8739613146715
43998	24.87396131467
44002	24.8739613146574
44034	24.8739613146564
44042	24.8739613146491
44048	24.8739613146457
44050	24.8739613146425
44080	24.8739613146408
44084	24.8739613146396
44100	24.8739613146347
44114	24.8739613146310
44124	24.8739613146286
44126	24.8739613146281
44134	24.873961314614
44162	24.8739613146109
44172	24.8739613146014
44192	24.8739613146007
44200	24.8739613145884
44202	24.8739613145851
44236	24.8739613145806
44238	24.8739613145735
44262	24.8739613145668
44280	24.8739613145612
44282	24.8739613145579
44300	24.8739613145498
44312	24.8739613145485
44316	24.8739613145467
44334	24.8739613145445
44352	24.8739613145371
44382	24.8739613145340
44384	24.8739613145199
44394	24.8739613145141
44402	24.8739613145095
44412	24.8739613145041
44418	24.8739613144907
44424	24.8739613144875
44430	24.8739613144873
44442	24.8739613144742
44472	24.8739613144596
44484	24.8739613144523
44508	24.8739613144440
44516	24.873961314431
44530	24.8739613144152
44544	24.8739613144064
44564	24.8739613144058
44570	24.8739613144042
44580	24.8739613143917
44590	24.8739613143862
44612	24.8739613143793
44614	24.8739613143768
44626	24.8739613143741
44632	24.8739613143568
44634	24.8739613143491
44654	24.8739613143464
44662	24.8739613143403
44664	24.8739613143259
44686	24.8739613143215
44692	24.8739613143186
44704	24.8739613143171
44706	24.8739613143090
44714	24.8739613143052
44724	24.8739613143041
44732	24.8739613142971
44756	24.8739613142952
44766	24.8739613142924
44770	24.8739613142832
44778	24.8739613142830
44790	24.8739613142815
44798	24.8739613142793
44804	24.8739613142761
44810	24.8739613142721
44838	24.8739613142708
44840	24.8739613142683
44856	24.8739613142589
44878	24.8739613142578
44888	24.87396131425
44904	24.8739613142471
44930	24.873961314245
44942	24.8739613142414
44952	24.8739613142402
44954	24.8739613142381
44956	24.8739613142280
44980	24.8739613142267
44986	24.8739613142254
45000	24.8739613142225
45002	24.8739613142165
45004	24.8739613142138
45016	24.8739613142137
45038	24.8739613142134
45056	24.8739613142101
45062	24.8739613142101
45064	24.8739613142099
45068	24.8739613142096
45088	24.8739613141987
45112	24.8739613141977
45120	24.8739613141974
45126	24.8739613141969
45156	24.8739613141922
45160	24.8739613141899
45186	24.8739613141893
45188	24.8739613141889
45190	24.8739613141834
45228	24.8739613141825
45244	24.8739613141822
45256	24.8739613141808
45266	24.8739613141795
45268	24.8739613141771
45280	24.8739613141768
45282	24.8739613141757
45284	24.8739613141705
45334	24.8739613141675
45342	24.8739613141655
45348	24.8739613141641
45350	24.8739613141631
45362	24.8739613141603
45372	24.8739613141583
45376	24.8739613141572
45388	24.8739613141570
45390	24.8739613141534
45404	24.8739613141527
45406	24.8739613141508
45414	24.8739613141475
45418	24.8739613141429
45446	24.8739613141428
45456	24.873961314139
45462	24.8739613141382
45474	24.8739613141358
45498	24.8739613141334
45504	24.8739613141321
45510	24.8739613141293
45512	24.8739613141280
45514	24.8739613141277
45518	24.8739613141275
45520	24.8739613141234
45530	24.8739613141229
45532	24.8739613141218
45582	24.8739613141192
45590	24.8739613141191
45596	24.8739613141181
45602	24.8739613141159
45610	24.8739613141155
45634	24.8739613141096
45678	24.8739613141092
45690	24.8739613141082
45692	24.8739613141074
45714	24.8739613141058
45722	24.8739613141031
45730	24.8739613141004
45766	24.8739613140986
45794	24.8739613140977
45806	24.8739613140964
45828	24.8739613140961
45832	24.8739613140954
45838	24.873961314095
45844	24.873961314094
45848	24.8739613140937
45876	24.8739613140918
45892	24.8739613140905
45900	24.8739613140891
45908	24.8739613140888
45914	24.8739613140879
45918	24.8739613140856
45922	24.873961314085
45990	24.873961314084
46006	24.8739613140830
46012	24.8739613140827
46018	24.8739613140826
46048	24.8739613140807
46058	24.8739613140802
46062	24.8739613140798
46072	24.8739613140795
46076	24.8739613140752
46090	24.8739613140750
46092	24.8739613140739
46138	24.8739613140727
46160	24.8739613140715
46162	24.8739613140714
46178	24.8739613140713
46184	24.8739613140703
46208	24.8739613140693
46210	24.8739613140686
46214	24.8739613140686
46224	24.8739613140682
46234	24.8739613140654
46240	24.8739613140648
46244	24.8739613140639
46280	24.8739613140624
46288	24.8739613140584
46300	24.8739613140578
46308	24.8739613140487
46316	24.8739613140448
46336	24.8739613140439
46338	24.8739613140406
46346	24.8739613140402
46352	24.8739613140350
46376	24.8739613140338
46380	24.8739613140283
46406	24.8739613140258
46474	24.8739613140249
46482	24.8739613140247
46500	24.8739613140246
46502	24.8739613140232
46524	24.8739613140206
46542	24.8739613140195
46558	24.8739613140181
46562	24.8739613140165
46586	24.8739613140138
46608	24.8739613140127
46620	24.8739613140102
46642	24.8739613140087
46658	24.8739613140083
46660	24.8739613140080
46686	24.8739613140074
46692	24.8739613140066
46710	24.8739613140063
46714	24.8739613140055
46724	24.8739613140051
46732	24.8739613140028
46748	24.8739613140005
46788	24.873961314
46796	24.8739613139985
46804	24.8739613139985
46814	24.8739613139978
46816	24.8739613139966
46818	24.8739613139946
46848	24.8739613139945
46850	24.8739613139936
46866	24.8739613139919
46872	24.8739613139911
46874	24.8739613139905
46884	24.8739613139893
46896	24.8739613139878
46904	24.8739613139872
46920	24.8739613139870
46924	24.8739613139857
46928	24.873961313985
46930	24.8739613139837
46940	24.8739613139832
46944	24.8739613139819
46964	24.8739613139811
46970	24.8739613139805
46980	24.8739613139797
46998	24.8739613139796
47002	24.8739613139788
47028	24.8739613139785
47038	24.8739613139784
47044	24.8739613139774
47050	24.8739613139766
47076	24.8739613139762
47080	24.8739613139761
47084	24.8739613139752
47106	24.8739613139744
47118	24.8739613139737
47122	24.8739613139726
47152	24.8739613139723
47160	24.8739613139721
47206	24.873961313972
47212	24.8739613139719
47222	24.8739613139714
47230	24.8739613139713
47244	24.8739613139711
47254	24.8739613139709
47258	24.8739613139707
47266	24.8739613139707
47270	24.8739613139705
47276	24.8739613139704
47288	24.8739613139695
47302	24.8739613139695
47312	24.8739613139689
47336	24.8739613139687
47342	24.8739613139684
47362	24.873961313968
47368	24.8739613139675
47382	24.8739613139672
47400	24.8739613139662
47444	24.8739613139660
47464	24.8739613139649
47472	24.8739613139647
47490	24.8739613139644
47506	24.8739613139633
47544	24.8739613139627
47564	24.8739613139625
47570	24.8739613139624
47572	24.8739613139616
47594	24.8739613139606
47646	24.8739613139601
47650	24.8739613139589
47668	24.8739613139587
47694	24.8739613139584
47716	24.8739613139582
47732	24.8739613139581
47738	24.8739613139579
47750	24.8739613139571
47760	24.8739613139569
47762	24.8739613139569
47766	24.8739613139568
47772	24.8739613139567
47774	24.8739613139562
47782	24.8739613139561
47784	24.8739613139558
47800	24.8739613139552
47812	24.8739613139551
47816	24.8739613139547
47822	24.8739613139543
47824	24.873961313954
47846	24.8739613139538
47862	24.8739613139537
47876	24.8739613139532
47878	24.8739613139529
47908	24.8739613139525
47920	24.8739613139522
47928	24.873961313952
47930	24.8739613139519
47938	24.8739613139517
47956	24.8739613139516
47966	24.8739613139515
47970	24.873961313951
47998	24.8739613139508
48004	24.8739613139498
48020	24.8739613139489
48040	24.8739613139485
48054	24.8739613139479
48060	24.8739613139466
48088	24.8739613139458
48094	24.8739613139452
48098	24.8739613139450
48108	24.8739613139439
48116	24.8739613139432
48124	24.873961313943
48136	24.8739613139426
48142	24.8739613139425
48164	24.8739613139413
48208	24.8739613139411
48220	24.8739613139410
48230	24.8739613139403
48236	24.8739613139402
48260	24.8739613139399
48280	24.8739613139393
48282	24.8739613139388
48292	24.8739613139388
48294	24.8739613139387
48308	24.8739613139383
48322	24.8739613139374
48356	24.8739613139372
48358	24.8739613139370
48366	24.8739613139364
48376	24.8739613139361
48396	24.8739613139359
48398	24.8739613139356
48406	24.8739613139354
48412	24.8739613139348
48418	24.8739613139346
48438	24.8739613139342
48444	24.8739613139337
48448	24.8739613139333
48450	24.8739613139328
48462	24.8739613139312
48492	24.8739613139311
48500	24.8739613139301
48512	24.8739613139297
48532	24.8739613139295
48538	24.8739613139285
48550	24.8739613139283
48580	24.8739613139278
48618	24.8739613139277
48622	24.8739613139275
48632	24.8739613139272
48644	24.8739613139268
48650	24.8739613139266
48652	24.8739613139263
48666	24.8739613139262
48676	24.8739613139262
48688	24.8739613139261
48710	24.8739613139255
48712	24.8739613139251
48714	24.8739613139246
48732	24.8739613139245
48740	24.8739613139237
48744	24.873961313922
48768	24.8739613139216
48772	24.8739613139215
48782	24.8739613139209
48788	24.8739613139205
48804	24.8739613139203
48812	24.8739613139202
48836	24.8739613139201
48852	24.8739613139197
48864	24.8739613139197
48866	24.8739613139191
48876	24.8739613139184
48880	24.8739613139183
48892	24.8739613139176
48894	24.8739613139175
48900	24.8739613139175
48906	24.8739613139174
48918	24.8739613139174
48922	24.8739613139162
48954	24.8739613139158
48962	24.8739613139157
48964	24.8739613139154
48970	24.8739613139153
48996	24.8739613139153
49000	24.8739613139150
49004	24.8739613139148
49022	24.8739613139148
49036	24.8739613139145
49040	24.8739613139144
49046	24.8739613139143
49058	24.8739613139142
49062	24.8739613139140
49064	24.8739613139137
49078	24.8739613139136
49082	24.8739613139136
49086	24.8739613139136
49090	24.8739613139132
49102	24.8739613139126
49124	24.8739613139116
49156	24.8739613139108
49158	24.8739613139104
49166	24.8739613139103
49174	24.8739613139103
49182	24.8739613139102
49194	24.8739613139098
49200	24.8739613139097
49212	24.8739613139096
49228	24.8739613139092
49242	24.8739613139088
49270	24.8739613139086
49272	24.8739613139082
49286	24.873961313908
49288	24.8739613139079
49308	24.8739613139078
49334	24.8739613139073
49362	24.8739613139072
49366	24.8739613139071
49370	24.8739613139069
49374	24.8739613139064
49384	24.8739613139063
49390	24.8739613139063
49392	24.8739613139057
49416	24.8739613139057
49430	24.8739613139056
49432	24.8739613139054
49436	24.8739613139053
49442	24.8739613139053
49446	24.8739613139050
49452	24.8739613139045
49480	24.8739613139042
49484	24.8739613139039
49492	24.8739613139033
49500	24.8739613139028
49538	24.8739613139026
49558	24.8739613139019
49578	24.8739613139016
49594	24.8739613139015
49610	24.8739613139012
49628	24.8739613139012
49632	24.873961313901
49676	24.8739613139009
49688	24.8739613139007
49700	24.8739613139006
49718	24.8739613139004
49734	24.8739613139003
49746	24.8739613139002
49750	24.8739613138999
49774	24.8739613138999
49782	24.8739613138995
49792	24.8739613138994
49800	24.873961313899
49810	24.8739613138989
49820	24.8739613138988
49826	24.8739613138986
49838	24.8739613138986
49840	24.8739613138983
49872	24.8739613138983
49876	24.8739613138983
49894	24.8739613138982
49914	24.8739613138981
49934	24.8739613138981
49936	24.8739613138979
49940	24.8739613138975
49978	24.8739613138974
49990	24.8739613138971
50002	24.8739613138970
50004	24.8739613138967
50024	24.8739613138966
50044	24.8739613138965
50058	24.8739613138961
50060	24.8739613138959
50076	24.8739613138955
50096	24.8739613138953
50134	24.8739613138951
50138	24.873961313895
50140	24.873961313895
50162	24.8739613138948
50194	24.8739613138945
50204	24.8739613138945
50206	24.8739613138945
50210	24.8739613138943
50218	24.8739613138941
50232	24.873961313894
50250	24.8739613138939
50258	24.8739613138938
50260	24.8739613138938
50270	24.8739613138937
50276	24.8739613138936
50288	24.8739613138935
50290	24.8739613138935
50294	24.8739613138935
50298	24.8739613138932
50300	24.8739613138931
50306	24.8739613138930
50316	24.873961313893
50322	24.8739613138930
50326	24.8739613138929
50332	24.8739613138928
50346	24.8739613138927
50348	24.8739613138925
50350	24.8739613138923
50362	24.8739613138923
50384	24.8739613138921
50386	24.8739613138921
50394	24.873961313892
50400	24.8739613138919
50404	24.8739613138917
50424	24.8739613138916
50442	24.8739613138916
50454	24.8739613138916
50474	24.8739613138915
50480	24.8739613138913
50512	24.8739613138913
50514	24.8739613138912
50518	24.8739613138911
50558	24.873961313891
50574	24.8739613138910
50580	24.8739613138909
50594	24.8739613138909
50602	24.8739613138909
50624	24.8739613138908
50630	24.8739613138908
50632	24.8739613138908
50638	24.8739613138908
50654	24.8739613138905
50680	24.8739613138903
50728	24.8739613138903
50732	24.8739613138900
50754	24.87396131389
50758	24.8739613138898
50776	24.8739613138896
50778	24.8739613138895
50786	24.8739613138895
50818	24.8739613138895
50822	24.8739613138892
50830	24.873961313889
50842	24.8739613138889
50850	24.8739613138888
50852	24.8739613138885
50906	24.8739613138885
50914	24.8739613138885
50930	24.8739613138883
50936	24.8739613138883
50944	24.8739613138883
50968	24.8739613138882
50998	24.8739613138880
51006	24.873961313888
51050	24.8739613138879
51054	24.8739613138878
51062	24.8739613138878
51074	24.8739613138877
51076	24.8739613138876
51080	24.8739613138876
51096	24.8739613138875
51100	24.8739613138874
51118	24.8739613138874
51122	24.8739613138874
51124	24.8739613138872
51130	24.8739613138872
51144	24.8739613138871
51162	24.8739613138870
51182	24.8739613138869
51202	24.8739613138868
51206	24.8739613138867
51224	24.8739613138867
51226	24.8739613138865
51248	24.8739613138865
51250	24.8739613138863
51272	24.8739613138862
51278	24.8739613138861
51286	24.8739613138860
51358	24.873961313886
51362	24.873961313886
51372	24.8739613138858
51374	24.8739613138858
51378	24.8739613138857
51398	24.8739613138857
51410	24.8739613138856
51422	24.8739613138856
51426	24.8739613138856
51428	24.8739613138854
51434	24.8739613138853
51444	24.8739613138853
51456	24.8739613138852
51484	24.8739613138851
51488	24.8739613138850
51496	24.8739613138849
51506	24.8739613138849
51514	24.8739613138848
51516	24.8739613138848
51522	24.8739613138847
51524	24.8739613138847
51532	24.8739613138845
51570	24.8739613138845
51574	24.8739613138844
51576	24.8739613138843
51612	24.8739613138842
51632	24.8739613138842
51648	24.8739613138842
51650	24.8739613138841
51664	24.8739613138841
51672	24.8739613138840
51684	24.8739613138839
51712	24.8739613138839
51714	24.8739613138837
51726	24.8739613138837
51732	24.8739613138836
51770	24.8739613138835
51822	24.8739613138834
51838	24.8739613138833
51892	24.8739613138833
51902	24.8739613138833
51924	24.8739613138833
51926	24.8739613138832
51928	24.8739613138832
51930	24.8739613138832
51960	24.8739613138831
51982	24.8739613138831
51988	24.8739613138831
51990	24.8739613138831
52002	24.8739613138831
52004	24.873961313883
52068	24.873961313883
52074	24.873961313883
52080	24.8739613138829
52100	24.8739613138829
52136	24.8739613138829
52140	24.8739613138829
52168	24.8739613138828
52176	24.8739613138828
52186	24.8739613138828
52192	24.8739613138828
52200	24.8739613138828
52238	24.8739613138827
52248	24.8739613138827
52258	24.8739613138827
52260	24.8739613138827
52268	24.8739613138827
52276	24.8739613138826
52278	24.8739613138826
52288	24.8739613138826
52298	24.8739613138826
52308	24.8739613138825
52318	24.8739613138825
52324	24.8739613138825
52350	24.8739613138825
52352	24.8739613138824
52360	24.8739613138824
52362	24.8739613138824
52388	24.8739613138823
52396	24.8739613138823
52402	24.8739613138822
52408	24.8739613138822
52430	24.8739613138822
52446	24.8739613138821
52464	24.873961313882
52492	24.8739613138820
52498	24.8739613138819
52520	24.8739613138819
52542	24.8739613138819
52558	24.8739613138819
52568	24.8739613138819
52584	24.8739613138818
52588	24.8739613138818
52660	24.8739613138818
52668	24.8739613138818
52720	24.8739613138818
52732	24.8739613138818
52738	24.8739613138818
52746	24.8739613138817
52774	24.8739613138817
52796	24.8739613138817
52806	24.8739613138817
52820	24.8739613138817
52822	24.8739613138817
52836	24.8739613138817
52864	24.8739613138817
52868	24.8739613138816
52896	24.8739613138816
52920	24.8739613138816
52924	24.8739613138816
52938	24.8739613138816
52944	24.8739613138816
52964	24.8739613138816
52972	24.8739613138815
52976	24.8739613138815
52978	24.8739613138815
52998	24.8739613138815
53004	24.8739613138815
53014	24.8739613138814
53018	24.8739613138814
53028	24.8739613138814
53030	24.8739613138813
53052	24.8739613138813
53056	24.8739613138812
53058	24.8739613138812
53066	24.8739613138812
53082	24.8739613138812
53106	24.8739613138812
53120	24.8739613138811
53136	24.8739613138811
53146	24.8739613138811
53150	24.8739613138811
53154	24.8739613138811
53172	24.8739613138811
53178	24.8739613138811
53186	24.8739613138811
53202	24.873961313881
53222	24.873961313881
53228	24.8739613138809
53232	24.8739613138809
53234	24.8739613138809
53248	24.8739613138808
53250	24.8739613138808
53276	24.8739613138808
53278	24.8739613138808
53310	24.8739613138807
53334	24.8739613138806
53362	24.8739613138806
53366	24.8739613138806
53382	24.8739613138806
53386	24.8739613138806
53390	24.8739613138805
53396	24.8739613138805
53408	24.8739613138804
53428	24.8739613138803
53432	24.8739613138803
53440	24.8739613138803
53468	24.8739613138802
53482	24.8739613138802
53508	24.8739613138800
53546	24.8739613138800
53572	24.8739613138799
53578	24.8739613138799
53582	24.8739613138799
53592	24.8739613138798
53616	24.8739613138798
53640	24.8739613138798
53642	24.8739613138798
53654	24.8739613138797
53656	24.8739613138797
53664	24.8739613138797
53672	24.8739613138797
53684	24.8739613138797
53688	24.8739613138796
53696	24.8739613138796
53704	24.8739613138796
53712	24.8739613138795
53738	24.8739613138794
53764	24.8739613138794
53768	24.8739613138794
53788	24.8739613138794
53796	24.8739613138793
53824	24.8739613138793
53846	24.8739613138793
53850	24.8739613138792
53854	24.8739613138792
53858	24.8739613138791
53882	24.8739613138791
53894	24.8739613138791
53898	24.8739613138791
53900	24.8739613138791
53904	24.8739613138790
53918	24.8739613138789
53920	24.8739613138789
53940	24.8739613138789
53956	24.8739613138788
53958	24.8739613138788
53962	24.8739613138787
53972	24.8739613138787
53974	24.8739613138786
53978	24.8739613138785
53990	24.8739613138785
54000	24.8739613138785
54008	24.8739613138785
54020	24.8739613138785
54024	24.8739613138784
54038	24.8739613138784
54046	24.8739613138784
54048	24.8739613138783
54074	24.8739613138782
54104	24.8739613138781
54126	24.8739613138781
54138	24.8739613138781
54142	24.8739613138781
54154	24.8739613138781
54174	24.8739613138780
54182	24.8739613138780
54198	24.873961313878
54206	24.8739613138780
54212	24.8739613138779
54232	24.8739613138779
54236	24.8739613138779
54238	24.8739613138779
54240	24.8739613138779
54250	24.8739613138778
54254	24.8739613138778
54276	24.8739613138777
54284	24.8739613138777
54298	24.8739613138777
54302	24.8739613138777
54308	24.8739613138776
54320	24.8739613138776
54324	24.8739613138776
54326	24.8739613138776
54340	24.8739613138775
54350	24.8739613138775
54356	24.8739613138775
54372	24.8739613138774
54380	24.8739613138774
54400	24.8739613138773
54406	24.8739613138773
54430	24.8739613138772
54432	24.8739613138772
54434	24.8739613138772
54452	24.8739613138772
54458	24.8739613138771
54512	24.8739613138771
54514	24.8739613138771
54564	24.8739613138771
54568	24.8739613138771
54580	24.8739613138771
54618	24.8739613138771
54628	24.8739613138771
54632	24.8739613138771
54640	24.8739613138771
54644	24.8739613138771
54670	24.8739613138770
54682	24.8739613138770
54688	24.8739613138770
54692	24.8739613138770
54728	24.8739613138770
54754	24.873961313877
54760	24.873961313877
54788	24.873961313877
54802	24.873961313877
54804	24.8739613138770
54826	24.8739613138769
54830	24.8739613138769
54836	24.8739613138769
54848	24.8739613138769
54856	24.8739613138769
54860	24.8739613138769
54870	24.8739613138769
54878	24.8739613138768
54880	24.8739613138768
54890	24.8739613138768
54894	24.8739613138768
54896	24.8739613138768
54904	24.8739613138767
54910	24.8739613138767
54912	24.8739613138767
54980	24.8739613138767
54996	24.8739613138767
54998	24.8739613138766
55030	24.8739613138766
55044	24.8739613138766
55048	24.8739613138766
55084	24.8739613138766
55088	24.8739613138766
55114	24.8739613138766
55146	24.8739613138766
55194	24.8739613138766
55196	24.8739613138765
55212	24.8739613138765
55232	24.8739613138765
55234	24.8739613138765
55258	24.8739613138765
55260	24.8739613138765
55278	24.8739613138765
55296	24.8739613138764
55298	24.8739613138764
55316	24.8739613138764
55338	24.8739613138764
55348	24.8739613138764
55360	24.8739613138764
55366	24.8739613138763
55406	24.8739613138763
55414	24.8739613138763
55506	24.8739613138763
55516	24.8739613138763
55536	24.8739613138763
55540	24.8739613138762
55558	24.8739613138762
55560	24.8739613138762
55562	24.8739613138762
55570	24.8739613138762
55572	24.8739613138762
55620	24.8739613138762
55628	24.8739613138762
55642	24.8739613138762
55646	24.8739613138761
55664	24.8739613138761
55674	24.8739613138761
55684	24.8739613138761
55698	24.8739613138761
55704	24.8739613138761
55736	24.8739613138761
55738	24.8739613138761
55766	24.8739613138761
55774	24.8739613138760
55780	24.8739613138760
55806	24.8739613138760
55820	24.8739613138760
55824	24.873961313876
55830	24.873961313876
55848	24.873961313876
55864	24.873961313876
55872	24.8739613138760
55882	24.8739613138760
55914	24.8739613138759
55920	24.8739613138759
55928	24.8739613138759
55936	24.8739613138759
55944	24.8739613138759
55964	24.8739613138758
55990	24.8739613138758
56002	24.8739613138758
56016	24.8739613138758
56022	24.8739613138758
56024	24.8739613138758
56040	24.8739613138758
56056	24.8739613138757
56082	24.8739613138757
56094	24.8739613138757
56100	24.8739613138757
56110	24.8739613138757
56120	24.8739613138757
56134	24.8739613138757
56136	24.8739613138756
56140	24.8739613138756
56154	24.8739613138756
56158	24.8739613138756
56188	24.8739613138756
56190	24.8739613138756
56214	24.8739613138756
56222	24.8739613138755
56254	24.8739613138755
56270	24.8739613138755
56272	24.8739613138755
56296	24.8739613138755
56330	24.8739613138755
56380	24.8739613138755
56424	24.8739613138755
56458	24.8739613138755
56478	24.8739613138755
56494	24.8739613138755
56496	24.8739613138755
56546	24.8739613138755
56556	24.8739613138754
56664	24.8739613138754
56728	24.8739613138754
56766	24.8739613138754
56786	24.8739613138754
56792	24.8739613138754
56812	24.8739613138754
56830	24.8739613138754
56870	24.8739613138754
56900	24.8739613138754
56928	24.8739613138754
56952	24.8739613138754
57002	24.8739613138754
57022	24.8739613138754
57088	24.8739613138754
57132	24.8739613138753
57136	24.8739613138753
57196	24.8739613138753
57234	24.8739613138753
57252	24.8739613138753
57286	24.8739613138753
57322	24.8739613138753
57348	24.8739613138753
57380	24.8739613138753
57414	24.8739613138753
57436	24.8739613138753
57488	24.8739613138753
57498	24.8739613138753
57540	24.8739613138753
57602	24.8739613138753
57654	24.8739613138753
57658	24.8739613138753
57694	24.8739613138753
57696	24.8739613138753
57796	24.8739613138753
57910	24.8739613138753
58036	24.8739613138753
58108	24.8739613138753
58308	24.8739613138753
58320	24.8739613138752
58336	24.8739613138752
58498	24.8739613138752
58618	24.8739613138752
59012	24.8739613138752
59074	24.8739613138752
59090	24.8739613138752
59222	24.8739613138752
59226	24.8739613138752
59342	24.8739613138752
59394	24.8739613138752
59464	24.8739613138752
59466	24.8739613138752
59510	24.8739613138752
59772	24.8739613138752
60290	24.8739613138752
60816	24.8739613138752
60976	24.8739613138752
61922	24.8739613138752
62618	24.8739613138751
65402	24.8739613138751
69466	24.8739613138751
71016	24.8739613138751
71188	24.8739613138751
71532	24.8739613138751
71534	24.8739613138751
71560	24.8739613138751
71820	24.8739613138751
72100	24.8739613138751
72830	24.8739613138751
74716	24.8739613138751
75104	24.8739613138751
75272	24.8739613138751
75766	24.8739613138751
77210	24.8739613138751
77674	24.8739613138751
81588	24.8739613138751
122220	24.8739613138751
136588	24.8739613138751
139022	24.8739613138751
139340	24.8739613138750
155094	24.8739613138750
300000	24.8739613138750
