52	77755.4904471306
54	45199.7141665816
60	31704.7899132468
104	31369.7239362006
126	29565.6417605852
148	21137.6505528118
174	19267.3667329049
196	16117.9828625858
222	14854.7723570023
244	14124.8171649939
262	12392.1356093120
344	11474.7550760117
354	10646.0737126866
366	10011.9664964120
400	8731.35898069167
480	8717.1735555255
486	8419.07714821942
498	8110.65278824935
514	7614.396467944
576	7572.19330595944
584	7484.49883110516
604	7353.01071766395
610	7345.61149885471
614	7102.11934477614
616	6672.17028877734
620	6556.22874121749
646	6553.85693289943
672	6499.44970564322
682	6438.43586072347
688	6417.01082049845
708	6408.8579028545
734	6368.16713726615
762	6274.60912830382
766	6155.68263755166
784	6066.3023452828
788	5943.04541431653
814	5887.49360656256
824	5596.89081140332
836	5426.32461139303
856	5360.3781776111
880	5323.88129512363
918	5227.79662267809
920	5226.05352758423
934	5125.38367899778
946	5106.32245487845
956	5077.98569068225
972	5007.80489703823
986	4941.38356173176
1016	4910.40380539904
1038	4902.41319714391
1048	4887.418163563
1056	4882.07281998422
1058	4871.43033324175
1062	4840.80369837682
1064	4812.7259455443
1072	4788.81646237758
1086	4759.75574939358
1088	4754.6546349136
1090	4749.53903829697
1118	4689.04209033904
1122	4674.30742878221
1142	4666.49541281646
1146	4560.68394058555
1152	4557.22806363731
1172	4540.91582317007
1174	4424.15790958216
1192	4395.19885145972
1206	4299.64653137786
1218	4280.22139026907
1224	4197.57588571373
1234	4159.79608189923
1256	4148.92896594323
1264	4142.80461758821
1266	4141.7403235142
1286	4112.11243251284
1288	4111.30068955909
1290	4079.80232607996
1296	4048.32169729076
1298	4003.47812132
1304	3925.59647838773
1316	3844.41392569616
1352	3805.635145615
1370	3741.13050127907
1372	3730.26178588036
1394	3699.42905506176
1406	3690.58411036363
1418	3666.7863277967
1420	3654.1346696033
1426	3652.71308986801
1442	3647.56977190567
1448	3635.56168249447
1454	3633.24873816041
1460	3606.7228897702
1464	3605.09293839443
1478	3592.36362044641
1488	3553.64814267286
1504	3548.30742090548
1522	3548.23266857729
1526	3547.20148282629
1546	3534.67998751271
1556	3510.81203424709
1562	3492.67724037897
1566	3435.81416430015
1572	3395.31785537547
1588	3384.0377886391
1608	3333.16405845595
1640	3330.34935257502
1646	3303.62433661857
1650	3282.15988600846
1654	3265.69279614085
1684	3230.92660559334
1702	3217.12682785724
1712	3209.73312903687
1730	3176.22671569673
1742	3174.72837098345
1762	3165.6829420581
1766	3164.26817952142
1778	3164.15147601464
1786	3145.64562414105
1788	3144.7670295339
1804	3135.00487717108
1818	3109.20594968852
1826	3095.86979217260
1840	3074.16798043778
1854	3054.78659376365
1878	3050.57043207548
1900	3043.58574672872
1904	3028.81931477217
1922	3010.38740514342
1946	3010.09017177410
1952	2984.32376765577
1960	2980.67903292684
1964	2968.09383086085
1966	2957.97092827298
1970	2953.21985478441
1992	2947.20877328822
2006	2943.74013960838
2008	2936.16953196563
2018	2932.81604147266
2024	2910.32508527799
2036	2896.08045824603
2040	2879.47753188543
2056	2871.07232033221
2066	2857.03682563342
2080	2854.82371124666
2082	2846.31831140347
2098	2835.53604617803
2100	2824.20467823560
2108	2809.08948241152
2134	2801.05996502331
2140	2800.71965042459
2148	2783.14114570835
2152	2770.51129094195
2156	2740.94704650792
2174	2734.37379638593
2178	2723.58053074553
2200	2685.74374701036
2204	2683.27977451891
2206	2680.57376137638
2216	2660.84728046994
2228	2618.54692093345
2232	2567.96512666532
2244	2549.66186130818
2258	2525.33331112424
2268	2520.82128880459
2272	2455.07916264678
2276	2436.89603189414
2292	2427.7834086848
2300	2379.38422487328
2324	2349.44981435592
2326	2326.74599186164
2342	2306.36999411693
2348	2276.79188186353
2352	2216.99246934971
2382	2214.8463132091
2390	2167.00009795878
2406	2127.35057233525
2420	2076.60473268550
2434	2026.50057551451
2442	1935.91680562527
2468	1932.41682056131
2476	1927.939071926
2478	1918.11009823781
2488	1890.49576169045
2496	1842.06535679570
2506	1788.54801475616
2520	1783.38158496165
2536	1772.94664909276
2556	1739.14845877256
2564	1726.98293790986
2586	1719.02232250960
2590	1709.04979439715
2592	1690.79003178725
2598	1677.44129256074
2614	1672.94696305225
2630	1662.50134793167
2648	1649.97352489304
2660	1637.54395601636
2668	1626.51156933620
2700	1613.3768397326
2704	1591.38106797581
2710	1566.20304909765
2718	1565.85426905306
2754	1559.88257822923
2760	1551.83391787716
2772	1531.03989359831
2776	1514.78641042323
2810	1511.81094781783
2822	1504.62577744083
2836	1459.94042487130
2854	1451.54108205089
2900	1436.96865264113
2906	1436.10017365894
2918	1427.76873301617
2934	1413.97466075738
2942	1408.94713609734
2946	1407.03054371514
2954	1391.84053665579
2976	1378.01552611183
2990	1375.84747852556
3008	1363.02693811076
3038	1361.44069815189
3054	1352.92297504206
3074	1352.74161059107
3076	1349.84398108105
3080	1326.10278473213
3094	1292.33363035625
3140	1284.59698406601
3148	1281.30391274193
3154	1274.93376890114
3168	1266.11303509071
3176	1226.07554280591
3182	1198.15031749922
3202	1181.70010978665
3204	1132.89502462445
3212	1113.05020792454
3224	1111.18265637477
3230	1071.89432734925
3238	1054.83442875367
3278	1032.60634555961
3280	1025.54718536570
3334	1016.55854537225
3338	1008.01349895943
3340	1000.90576625653
3366	997.473231875732
3384	988.710933536113
3390	960.28495662517
3394	948.279545429893
3408	942.728367906007
3464	940.65067336302
3468	931.67120181343
3474	921.992709317761
3498	908.241105008626
3526	903.53188517507
3530	898.974510538475
3532	898.0758257839
3540	872.714546831773
3552	859.050584620056
3578	853.021422620182
3594	849.905026676258
3606	837.63293878533
3626	835.36531203989
3656	833.33045260402
3664	831.935711979259
3672	821.950918242214
3686	811.392897414836
3698	807.401275388073
3704	806.384893037636
3710	793.472224847755
3714	791.392236771414
3718	762.663786676624
3724	762.468760392403
3740	751.365100450993
3766	743.376882201564
3782	740.374848171907
3788	738.720895269512
3792	737.095621306606
3810	731.512757600683
3814	729.37300933975
3816	728.885345501316
3824	720.777847738219
3836	718.124890954136
3844	717.886733264928
3848	714.413603983743
3852	703.002844064572
3884	696.453176293903
3886	693.312024529141
3892	690.235951183563
3900	689.52455904923
3916	683.578588887181
3918	680.902822387496
3926	668.384745441414
3936	664.614639663681
3940	661.200092269888
3948	661.057356785738
3950	652.001887708575
3958	645.329825782881
3968	625.435905350378
3980	625.086091320042
3984	624.241306532449
3988	617.814385644457
3990	613.05280448412
4010	598.775838879783
4032	594.379704143442
4040	591.821940651356
4056	591.369455926345
4062	586.446439476688
4064	582.326058458148
4068	580.082602892859
4074	568.344295188722
4078	567.962888951777
4080	561.342380445586
4104	557.791566988893
4108	554.816392537068
4114	554.087904132466
4118	540.471015239109
4134	534.936710489414
4152	531.084987734027
4162	525.318259539424
4166	521.806571453495
4186	519.662625887135
4208	512.472462030894
4214	511.038124928174
4218	504.074970925389
4238	501.211302558342
4272	498.394494507957
4276	495.860668915621
4286	488.654192955264
4288	488.084338746168
4298	484.959125672528
4320	481.76736052678
4342	480.461416900996
4360	480.383314074422
4362	473.314368213425
4366	467.657053840759
4386	465.717757250522
4396	460.495726735184
4406	460.339751493509
4408	458.755341501482
4416	458.007452158053
4418	457.905483144871
4424	454.727736723014
4434	452.429455792718
4458	451.838077687907
4466	444.445210041822
4494	444.423677065207
4498	441.785903674288
4506	440.839822899784
4516	439.122056382981
4530	438.723291345257
4534	433.01329572414
4560	429.35771679604
4566	427.817757392770
4568	423.817258954571
4574	423.358294341137
4586	413.300350696795
4592	404.980903301391
4606	403.2546016266
4608	393.981950668114
4616	390.886492810499
4660	390.796049549403
4668	390.059207148229
4684	388.838938416233
4686	387.449159923442
4692	383.069427263607
4694	380.428422834897
4698	377.406048880827
4706	347.450497032882
4720	340.178292500653
4726	333.193192300932
4746	328.198994277833
4752	319.215975864839
4768	317.515167025223
4796	309.477042521385
4808	307.563915481401
4816	305.672266735133
4836	305.251627064338
4852	298.260203279113
4908	294.773005227868
4924	289.735197708942
4928	286.631409580522
4946	283.920905239591
4966	282.707060119603
4970	273.747765057370
4992	261.945068577923
5010	261.763133023753
5032	257.055382050920
5040	253.686747059834
5056	252.200019959741
5060	252.008121348818
5074	250.201438365076
5084	249.867417517238
5088	247.598321375719
5098	245.022049300285
5102	245.002617631071
5106	239.624271228286
5110	238.891666932370
5116	237.791088873199
5130	230.372662549641
5132	227.541444013526
5158	227.357448916325
5174	226.770190151720
5176	219.813391801804
5180	214.50711612067
5188	207.081384304602
5212	204.093935234146
5232	203.380091059099
5238	201.117832421209
5252	199.831477245695
5274	196.117903420921
5284	195.685150684030
5302	194.878962618848
5318	187.979747927783
5336	186.06462744976
5344	184.135801628033
5350	180.315171151656
5366	176.773696522889
5420	173.61354786843
5428	172.626282381238
5440	172.330692828117
5442	170.230539134121
5476	167.04909109636
5482	165.622727723115
5492	164.294013497085
5494	161.921720130511
5500	161.403451654988
5506	160.074122410935
5514	158.227144432867
5524	158.103237942927
5532	157.279583576140
5534	153.280792210292
5552	148.783764014659
5564	147.976470074651
5582	147.035941013867
5584	144.849522152194
5608	143.631755087005
5620	132.949269467354
5642	127.918951895023
5646	127.508771492713
5660	123.135492618248
5670	121.656034201246
5692	121.603648778477
5696	119.819858362433
5698	110.805907032637
5708	107.687484619675
5718	106.919748476852
5742	104.387637041967
5768	102.672395743904
5782	102.601640005408
5784	98.8796607941626
5828	97.547104995033
5842	96.029520029184
5846	95.209908722555
5850	93.99525876397
5888	93.583659367271
5890	92.6625743788138
5892	91.9693599983535
5902	91.8082333707363
5906	90.9397450289512
5910	89.6435138777082
5912	88.481412910986
5918	87.040814673234
5922	86.6132453255208
5926	86.3882025328708
5936	84.3787559054856
5968	82.1635952073565
5994	79.9712950319962
6004	79.6282245044235
6008	79.2183109097932
6010	77.3072837650523
6026	76.9840621706025
6028	73.480853061787
6050	71.4258230156528
6088	71.0790575431298
6124	69.5155957032568
6150	68.2164908048881
6162	66.994670514466
6188	65.473432976689
6198	65.0468454395222
6222	64.8511759691781
6242	64.0987978450604
6266	63.9994113010807
6286	62.8949105134847
6292	61.8037699598825
6298	61.6538654388088
6304	61.4345315046038
6310	61.3729538576015
6314	60.8940369768108
6326	60.0521494024322
6354	59.8965273270981
6360	59.841144580714
6366	59.3959857812573
6382	59.3156233145285
6386	59.3098150507318
6388	58.5956237211672
6408	58.5470990725834
6432	57.7467645162228
6436	57.7269756194188
6440	57.4076984877613
6462	57.336718157529
6464	56.671180684941
6468	56.5717621272508
6472	55.9901454202039
6484	55.8348424543132
6486	55.6441216108325
6488	55.5274390934113
6490	55.0312993123546
6494	54.7282829627123
6504	54.6996160105574
6510	54.3855827205538
6518	54.2183481159672
6528	54.1707417800672
6534	53.8449598228005
6540	53.3091086460878
6550	52.7886742952691
6562	52.3602266735314
6572	52.0835597741716
6584	50.8633658004301
6590	50.472768351453
6596	49.2948195499182
6630	49.0556906176188
6642	48.762466334004
6646	48.7107977342413
6652	48.4828528948841
6654	47.5793479621494
6676	45.4402825112426
6698	45.3952507616589
6712	44.1890784271804
6720	43.4440216149729
6744	43.2881948206343
6752	42.9194535692494
6758	42.8529609725359
6772	40.8249197839265
6794	40.6944656834634
6812	40.5718952472131
6824	39.8755944136104
6840	39.0866929526953
6846	38.8650272191878
6848	38.4254593213963
6854	37.2690866499477
6892	36.9705692854995
6910	36.8469649300127
6926	36.6999692490201
6932	36.1814157101872
6934	36.0268427662899
6940	35.8575279359149
6942	35.6046266097432
6944	35.5163889663665
6964	34.8354507484507
6982	34.7146438418098
7002	34.7008440976353
7010	34.3798792465274
7012	34.3587873963415
7018	34.3510013244213
7032	34.2675614257119
7040	34.0348944628013
7044	33.8374437747152
7064	33.2160974616069
7074	32.9978754046912
7078	32.598805784584
7086	31.5654316444347
7092	31.3351833294309
7106	30.6482380298392
7114	29.9930990546647
7134	29.7608909240424
7148	29.4114643420778
7178	28.2856745030085
7236	28.0256910900838
7268	27.8615075441814
7272	27.6658584079103
7298	27.3477131559288
7304	27.080545449033
7330	26.8603387387645
7340	26.6675804999774
7366	26.3762836884434
7378	26.3001821550449
7384	26.2476332508116
7388	26.0091973955588
7424	25.8697918926519
7452	25.8448159902329
7464	25.7538469165952
7474	25.569076441723
7476	25.335918695662
7500	25.3211110769866
7514	25.2539963852571
7520	25.1971932210419
7526	24.9610387432806
7534	24.6900134811743
7538	24.4421059250853
7556	24.2346475873416
7560	24.0446437294415
7590	23.9727256926331
7622	23.8540458563799
7652	23.6026349502787
7666	23.5210021119791
7670	23.2405898317331
7692	23.1030579927282
7712	23.0276212786695
7722	22.9743809377195
7724	22.9432922449811
7730	22.7701596677383
7742	22.7040974591909
7744	22.6617070038211
7748	22.5002108657001
7750	22.4226334833176
7764	22.3013503431855
7778	22.0011156130752
7794	21.8629979589795
7806	21.7935803205796
7812	21.4987634684671
7866	21.4515907094666
7878	21.4230093276664
7884	21.3924105699046
7888	21.3406241658224
7898	21.1724511921000
7920	20.9839542389664
7936	20.9123567573508
7942	20.6881098174606
7960	20.6494093679246
7976	20.5725967868538
7986	20.5642236586943
7988	20.4315478523863
8014	20.3821931535627
8028	20.2759610845763
8050	20.1270062355596
8052	20.11157339793
8060	20.0590120847409
8064	20.0433483418115
8066	19.979264321555
8072	19.9740064013548
8076	19.9700987892611
8080	19.821266877674
8116	19.7182151410427
8142	19.5545839406264
8202	19.5417176029389
8208	19.5067778211032
8224	19.4743641549469
8232	19.4442163888704
8236	19.4436565373505
8238	19.4172640400805
8240	19.3699794546032
8248	19.3228126600430
8254	19.291154171313
8272	19.0996062178474
8278	19.0954968760853
8286	19.0785719967632
8306	19.0303915458941
8312	18.9384857739532
8328	18.8037696072961
8366	18.6954854511125
8372	18.6734102901445
8392	18.6172345234639
8396	18.5965117281829
8426	18.5957358132272
8430	18.56507689426
8434	18.515405854957
8442	18.5034845505301
8454	18.5006057577479
8456	18.4918909534415
8464	18.4658932750020
8470	18.4152206124674
8480	18.3504929927345
8486	18.3387343589352
8490	18.3365346028757
8494	18.2592076805613
8496	18.2584473754772
8510	18.1981985648118
8516	18.1562302399109
8520	18.1007389407916
8538	18.0507249959631
8548	17.9843384107703
8582	17.9626343404046
8584	17.9364154504293
8586	17.8956587781326
8600	17.8532648855026
8602	17.7446482602345
8612	17.5977065821986
8638	17.5126039115563
8646	17.5116947857751
8670	17.4063968561567
8688	17.3576453764383
8720	17.3224999655338
8726	17.2746179260688
8746	17.2092113852945
8748	17.1494905788809
8762	17.1252258709714
8766	17.0926260950568
8768	17.0859017878892
8776	17.0303255897407
8782	16.9488157552581
8802	16.9463352659506
8804	16.9415831971401
8806	16.8739910431198
8814	16.8031420274401
8824	16.7946525498479
8828	16.7376542902872
8832	16.7322188013485
8834	16.7265761330119
8836	16.7164154408283
8848	16.6752448673745
8854	16.6615935125656
8858	16.5732521416017
8878	16.5628866806388
8882	16.4948797413862
8908	16.4001187749657
8944	16.3743880876981
8970	16.3025046477194
9002	16.2921634376044
9006	16.2371102885359
9028	16.2319586170646
9032	16.1428477684470
9046	16.1130468410865
9050	16.0997328355602
9054	16.0342255377126
9056	16.0114634066277
9066	15.868681239409
9088	15.7253625997657
9108	15.402702357654
9134	15.3516022748251
9168	15.3087211505708
9182	15.2856786471810
9188	15.2620358079361
9198	15.2323653943552
9210	15.141251735458
9218	15.125672138753
9220	15.1108155734871
9226	14.9865071601952
9228	14.9059918709498
9248	14.8641388103212
9252	14.8350480544466
9266	14.7722532998011
9272	14.6909162389133
9280	14.6587553365057
9288	14.6252465988001
9306	14.5215387513854
9312	14.4703419438841
9316	14.4690552498084
9322	14.3842302301036
9340	14.3735130480952
9344	14.3009466851443
9348	14.2060412757336
9356	14.1620965546858
9372	14.0310109442131
9396	13.9098198986581
9408	13.8756540391961
9450	13.7785784186005
9454	13.7561346755891
9462	13.6303191806349
9486	13.5735547007900
9488	13.4980317900886
9496	13.437153611299
9524	13.4246064361152
9526	13.4118920272147
9534	13.2757687088927
9536	13.2579344724103
9538	13.1785643139323
9558	13.1171114864240
9560	13.1007995684412
9568	13.0467950482140
9606	12.9964034252016
9618	12.9144596178375
9644	12.9026703707155
9652	12.8949894524835
9654	12.8701633165129
9666	12.8576590287228
9678	12.8203205511135
9704	12.7058775658094
9720	12.6751723909124
9732	12.6119290949404
9748	12.6088789297797
9750	12.5749531609213
9758	12.5465680710567
9760	12.5210118203058
9778	12.3962050993432
9820	12.3242323761959
9824	12.2782510284710
9832	12.2693708566781
9836	12.2035989643333
9858	12.1583767845099
9870	12.0578028758810
9884	11.9757811358857
9902	11.9463821020671
9914	11.8650333249411
9930	11.7799337888741
9950	11.7177942557169
9976	11.6217057786526
9988	11.5854967691787
9998	11.4123805343411
10054	11.2922628355592
10060	11.2314986967528
10062	11.1551075593295
10108	11.090525202031
10138	11.0804402384326
10144	11.0255109002709
10160	11.0124818579046
10162	10.8889587388166
10186	10.8829710583747
10190	10.8546731806996
10196	10.7808649540911
10210	10.7657560822941
10224	10.6060276235909
10232	10.5584432079148
10234	10.5087327081511
10246	10.4575122752188
10262	10.4423954238824
10266	10.3984688561842
10284	10.3465523915068
10294	10.2772689004872
10306	10.1946315256983
10316	10.0893072066318
10324	10.0072331124198
10342	9.98597351380045
10346	9.8729819382698
10356	9.66249401628061
10358	9.5509013202739
10376	9.5174626532435
10402	9.4844420515692
10404	9.45505751097426
10406	9.41853985277352
10410	9.4050929263306
10412	9.39661878842163
10416	9.34561223378435
10422	9.31453917466299
10438	9.29692147642591
10442	9.2170545547105
10468	9.18980689401771
10470	9.14297411737155
10476	9.14158278666707
10480	9.0963535767065
10484	8.95241032579059
10486	8.9445980347741
10488	8.8924528162697
10494	8.76162502691293
10518	8.71469985268342
10522	8.61933961509705
10526	8.61756365739719
10530	8.6043947908062
10532	8.54528220335048
10550	8.45955738835233
10556	8.23920971463818
10572	8.15938980863866
10576	8.10135103444636
10588	8.00450696443748
10606	7.90394039445903
10634	7.8934638362455
10654	7.883332884947
10660	7.87144539034635
10674	7.85913625116283
10676	7.84399307705055
10678	7.77233944537008
10682	7.72416737690185
10718	7.62495245537797
10736	7.60926623569544
10746	7.59108142798611
10748	7.58841991887637
10750	7.56436883306554
10776	7.53040614766188
10788	7.51938555202324
10796	7.49183179778059
10798	7.40362207614616
10802	7.38062520834375
10804	7.33225210287191
10828	7.31962538803937
10830	7.31842489789834
10836	7.26540994819507
10838	7.21711595554398
10850	7.03893467836516
10882	7.03426858861992
10886	7.02673998720642
10904	7.02027140522679
10906	6.9367705294966
10940	6.91547663406811
10944	6.91319224055108
10950	6.8985900713354
10952	6.86636956088177
10956	6.85742317045445
10962	6.84449302871376
10966	6.82568485799941
10984	6.81639578212161
10986	6.77513074624744
10992	6.76246111014325
11000	6.75364709946491
11004	6.70954602495048
11020	6.68050679937906
11036	6.67532249688764
11060	6.66309718972124
11070	6.63340265712517
11078	6.55184997661929
11100	6.5078554274366
11124	6.49593971487626
11134	6.44276714203586
11156	6.39337502026389
11158	6.34546074630667
11170	6.32054559461979
11172	6.30226860205967
11176	6.29126946298582
11200	6.255628775079
11218	6.24809229280488
11220	6.21222895762165
11224	6.1958887647825
11240	6.15203451874992
11248	6.08443792822987
11272	6.05953864195254
11274	6.05624125120182
11276	5.96477482552107
11296	5.93692466588628
11302	5.91072520024949
11306	5.89039483121197
11316	5.82041498024769
11328	5.79045480123106
11330	5.75091242029352
11332	5.70662738937092
11358	5.68219946785575
11386	5.57736562919508
11396	5.56867798640248
11408	5.52737980046154
11422	5.52706897587255
11424	5.51745105232504
11434	5.45488830317418
11440	5.38537092603993
11454	5.29687057587473
11498	5.29620235509883
11504	5.24826313950184
11534	5.22996869330562
11548	5.21995645714751
11554	5.17399548404509
11574	5.15249923516443
11594	5.11668873780894
11600	5.07475390637671
11632	5.03345240755121
11638	4.99356532653715
11646	4.9375435516178
11652	4.89975730697196
11690	4.880439114243
11698	4.78925971493347
11726	4.76197507362936
11730	4.75754653146233
11746	4.6904588998968
11748	4.6488106916691
11762	4.63502535070104
11812	4.61165248299601
11814	4.60642078913304
11826	4.56140542390178
11830	4.55005596033689
11832	4.44548764051078
11856	4.4147795523147
11858	4.39299391766920
11870	4.37358155831711
11874	4.35663104566089
11880	4.35523600876496
11884	4.35184424205184
11896	4.32420381637532
11898	4.31868966030631
11900	4.15823588863065
11936	4.03673690900491
11970	4.00792027775331
11996	3.96759468433439
12000	3.9556974707533
12016	3.93516030905704
12028	3.93247156267482
12032	3.89422144108267
12058	3.87122668101027
12074	3.84572914321571
12078	3.84082495332863
12118	3.80158442317714
12146	3.79270742541562
12148	3.78232803638826
12162	3.74018078634827
12208	3.73034576747712
12216	3.72462544417437
12218	3.7027224234831
12238	3.70090719075917
12240	3.69872239940725
12242	3.67898821934273
12252	3.66842640066376
12254	3.66809857347946
12262	3.6244189295024
12292	3.59361476368986
12306	3.58840804915604
12308	3.55441944362580
12310	3.53469410568939
12330	3.52348329766943
12334	3.51488974779735
12338	3.50826544774544
12340	3.49051710036592
12350	3.48311795637362
12356	3.46927347255003
12370	3.46130876277036
12378	3.45054132988916
12388	3.42856087813994
12436	3.42400713458334
12452	3.41473610121659
12456	3.39816770244033
12468	3.39477538503149
12470	3.38839317591111
12490	3.35848834319763
12502	3.34533838203062
12514	3.34388192487236
12532	3.33014762477550
12546	3.30673595955832
12566	3.28862997268852
12586	3.25969269048231
12608	3.25741795063805
12612	3.24707582712580
12628	3.24098170739274
12650	3.238028480196
12654	3.21375115832966
12668	3.19935281195098
12676	3.16721458974911
12700	3.1523180051034
12708	3.11567415540882
12716	3.09444975422815
12726	3.09349653517767
12728	3.09244257749645
12730	3.07209532541916
12766	3.0453080214947
12770	3.03596846609752
12778	3.02920617762642
12790	3.02898325114033
12794	2.96680290077619
12806	2.95636625702679
12812	2.92318446107634
12822	2.89598309898541
12828	2.87690298610701
12832	2.85212000371874
12844	2.83592214572209
12856	2.8260602807751
12860	2.8096928473329
12878	2.68366144088634
12888	2.67184801304234
12892	2.63992680539438
12914	2.63379647124899
12918	2.57031042654144
12920	2.54807376858664
12934	2.52882790335267
12948	2.50017117432245
12958	2.47962698468317
12968	2.47773261005131
12982	2.47736245692164
12988	2.44728480981998
13016	2.43318495208309
13036	2.41276342333975
13044	2.39833706049035
13068	2.39189572966874
13082	2.38887192043239
13084	2.36922628200003
13090	2.35169445195656
13092	2.33757355549378
13094	2.32580548703057
13104	2.30210932578288
13112	2.29000954071333
13126	2.26245856523286
13158	2.25244675794647
13164	2.22801264871311
13182	2.20708180047695
13188	2.18463283092314
13206	2.15367505715126
13228	2.14397437979266
13238	2.13825568907993
13242	2.08827426160857
13268	2.07455912937431
13300	2.04651589376406
13312	2.03551529366011
13330	2.02856807376288
13350	2.00514029097548
13374	1.98853119488875
13376	1.97350335703463
13382	1.97315993851360
13384	1.93324500362199
13390	1.92433524765852
13402	1.91031583273951
13416	1.89978437854866
13426	1.87324659602663
13442	1.84661709175144
13460	1.78483815026094
13480	1.78381360158887
13498	1.76094816721297
13534	1.75083046741868
13546	1.71348446457637
13560	1.69636651080708
13570	1.68581295405476
13576	1.68430362278334
13584	1.68297497887544
13586	1.66101924403724
13602	1.65206266676827
13606	1.65028879584443
13612	1.63705789295662
13614	1.61792126836078
13634	1.60434634658614
13644	1.59815539025517
13656	1.57024787093297
13672	1.56055720637004
13724	1.54348791685270
13726	1.51900599290516
13740	1.50352818866626
13742	1.49918256281872
13748	1.49567852280144
13770	1.48096580480359
13778	1.44836452142581
13800	1.41829145081520
13808	1.40148884899445
13820	1.39883994098778
13822	1.39466920950831
13826	1.36658647340201
13848	1.35265990279984
13856	1.34205767224483
13866	1.29827003205845
13868	1.29465020344789
13874	1.26437728414682
13888	1.24589375705290
13908	1.19968901192036
13924	1.18729443755988
13928	1.17674818174353
13932	1.16345591071209
13938	1.11941717586164
13942	1.09916863180349
13962	1.05348567677385
14018	1.04369726001895
14060	1.0317657798487
14068	1.03056981484232
14086	1.02118390939523
14100	1.01041599317528
14118	1.00520013897277
14128	0.993354700303668
14134	0.984488659202047
14148	0.980990351034192
14174	0.971597730773945
14180	0.96623184702834
14184	0.96308873233742
14202	0.950893036863262
14208	0.933651248040383
14214	0.930419464305604
14232	0.904234931134515
14240	0.892587659270485
14270	0.862502382307497
14274	0.841616914895274
14278	0.840291267617996
14298	0.83363941845875
14314	0.832339377857802
14316	0.826940665408747
14318	0.82188105883981
14332	0.81303842820533
14336	0.790220557655287
14338	0.762311107867465
14380	0.743927035253543
14384	0.725137598257672
14388	0.716304683449551
14390	0.714873808931759
14396	0.701399816283319
14400	0.680512514477562
14402	0.673680259326332
14424	0.667653099026875
14456	0.629725961734226
14460	0.624236542816237
14474	0.624119195043597
14476	0.612657964116905
14482	0.597412771758709
14494	0.595554162929231
14500	0.592365326750616
14506	0.578753614311455
14520	0.572586931089924
14524	0.560561821754707
14532	0.553593101448263
14534	0.546396322378745
14556	0.546134325373394
14562	0.538215163832082
14564	0.527092225361532
14568	0.517364456236608
14584	0.504408913372903
14602	0.500601938393887
14606	0.489483391337267
14614	0.485760917186177
14616	0.473551915447725
14654	0.470725507921646
14670	0.456670560932327
14678	0.450920620494381
14710	0.448588677949859
14712	0.437248798121283
14734	0.436117273587387
14744	0.427995693669151
14752	0.411678124163216
14780	0.39391799900431
14796	0.388808089122856
14830	0.37815016565445
14844	0.376513919275480
14846	0.366004123028934
14862	0.36154868747313
14890	0.357938843038382
14916	0.352975855566399
14930	0.343547222593633
14952	0.342808314268822
14954	0.338105231215307
14982	0.333019825974958
14988	0.332084477151094
15012	0.330792989356821
15018	0.328645133043292
15020	0.328628522753381
15026	0.325193540783426
15032	0.324492828936507
15056	0.323790056612371
15064	0.322750479495832
15082	0.321752922995543
15086	0.321449427586325
15090	0.321062000707821
15100	0.320972808427046
15104	0.317195091280879
15124	0.316103198721124
15132	0.311601479544696
15150	0.309330306691651
15156	0.306507822869258
15194	0.305722108158486
15196	0.302506977076792
15206	0.301662950528146
15218	0.301396759442713
15226	0.300067568745601
15234	0.298215506143949
15244	0.295723678117721
15246	0.29552674169942
15250	0.293751887536196
15278	0.292660661682408
15296	0.292388758975018
15298	0.291880610632949
15302	0.291620873380445
15304	0.288859560098700
15328	0.287448118393971
15364	0.286562833034515
15370	0.286408006418112
15378	0.286320388091081
15398	0.285921634192
15404	0.285236594699723
15406	0.281478847194347
15414	0.281171973509377
15418	0.276567979109933
15420	0.272325597101052
15440	0.271992388558085
15456	0.268354311555957
15462	0.266898540054559
15480	0.265914506652920
15488	0.265129204590072
15492	0.262914958508079
15494	0.261186558349611
15496	0.253119666946809
15504	0.250173532749470
15516	0.24847652993076
15522	0.247445650851657
15552	0.245644617075009
15562	0.245120057332879
15584	0.241975825493269
15598	0.239660479795912
15636	0.239108877645485
15642	0.236101005690591
15662	0.235750318147951
15674	0.233874919878662
15676	0.233659966525896
15692	0.232660686034361
15700	0.231923247822604
15702	0.230538903342459
15726	0.229718787776365
15730	0.228076223663547
15740	0.227433502461092
15742	0.226554171504032
15758	0.225609710274310
15760	0.224929223046661
15768	0.223926158801763
15774	0.223398563398137
15780	0.223273725070077
15792	0.222732935385206
15806	0.220505019297705
15808	0.219174186381393
15816	0.217161397096027
15820	0.217151893898345
15822	0.216012036692095
15836	0.215879392018102
15838	0.215686293905149
15840	0.214268025801774
15864	0.210481406578279
15900	0.210449197841400
15910	0.20975607032412
15938	0.208529816348670
15942	0.208136853951666
15944	0.207155193006615
15960	0.205998795498613
15978	0.205804657745727
15984	0.203751410076759
15996	0.202972153545274
15998	0.201012337165061
16014	0.200523865568326
16022	0.200490149039003
16024	0.198038101730019
16028	0.195875259161084
16034	0.19556689677607
16042	0.194619653334965
16050	0.188054546276737
16074	0.187502760831693
16078	0.184581066407317
16080	0.18158351257891
16084	0.179349249558196
16088	0.171089915566104
16120	0.167715742797198
16134	0.166565758624182
16136	0.162779053639999
16186	0.160768459597724
16204	0.156962220895006
16224	0.155109605268235
16242	0.153704485311149
16260	0.152738041687629
16280	0.150818193922811
16292	0.150631352430467
16302	0.148530098316075
16310	0.1469334813037
16320	0.145268039579552
16372	0.145165767334257
16380	0.144611468181036
16382	0.143325724230841
16402	0.142505120278568
16404	0.142484832424431
16414	0.141487671820003
16418	0.140873314883412
16456	0.139691985094009
16458	0.139330805761473
16484	0.139273522061943
16494	0.138923178189876
16498	0.137838507307315
16522	0.136432309471438
16524	0.13563944672781
16540	0.135310099136115
16550	0.133463468330291
16570	0.133013695780242
16592	0.131624413926366
16640	0.131191165029772
16658	0.130483425708438
16664	0.130293326941356
16684	0.130112172986709
16686	0.129532735962954
16698	0.129325513449604
16726	0.128721068374026
16746	0.128697049057512
16752	0.128216807860433
16776	0.128093822393727
16790	0.127769720675050
16792	0.127628643703213
16806	0.127558679378459
16814	0.127134008876436
16836	0.127055314267522
16840	0.126993293031321
16842	0.126651531376262
16846	0.12629700133793
16850	0.126233299247694
16856	0.126067869936377
16864	0.125037550192224
16878	0.123668080018884
16902	0.123489600423047
16914	0.123432111295768
16924	0.122842547014707
16940	0.122328505408836
16956	0.122253921086115
16962	0.121842524399081
16972	0.121307570963001
16980	0.121092404939232
16982	0.121000205114847
16996	0.120935414745893
17002	0.120144945523862
17010	0.120006464901595
17024	0.119014829146533
17032	0.118633206185391
17078	0.117808060570121
17092	0.117628463615443
17098	0.117017218451326
17104	0.116259769655937
17108	0.116061401428451
17112	0.114685824870328
17138	0.114364038933188
17144	0.113574534072270
17162	0.113458009972153
17182	0.113234760267500
17184	0.112992826138689
17194	0.112836886129064
17206	0.112460323639483
17208	0.112339163007436
17210	0.111776257252221
17232	0.111724148957669
17250	0.111435958067973
17262	0.111150364226643
17266	0.111032409220480
17270	0.110837142109821
17274	0.110188131831595
17290	0.109923614650504
17308	0.109108327562919
17312	0.108958643968653
17332	0.108647557308395
17342	0.108595253198249
17356	0.108397369278189
17374	0.108255679944069
17386	0.107653135268493
17392	0.107593340830526
17406	0.107443350332406
17410	0.107128632015186
17424	0.106653754117899
17434	0.106398278200819
17458	0.106320911723209
17460	0.105837001061342
17466	0.105727434367908
17480	0.105594598496603
17490	0.105459645123897
17498	0.104651313699545
17504	0.104195365217707
17514	0.103968401103435
17528	0.103678669636442
17532	0.102701964337065
17544	0.102402789402570
17558	0.101102162535485
17570	0.10109914411827
17574	0.100985515427088
17586	0.100963802294280
17606	0.0999984715757264
17610	0.0998468071218966
17628	0.0994070631427569
17640	0.0991152201812277
17642	0.0976633299377633
17646	0.0974826927680828
17652	0.0973457482886437
17656	0.0952627885304526
17678	0.0940739565401433
17680	0.0939993644910748
17700	0.0932619582269558
17710	0.0930299764677788
17730	0.0927538267212829
17734	0.0917876413198672
17764	0.0911968391595989
17772	0.0907697296449385
17790	0.0901737469858166
17810	0.0901531327757863
17820	0.0894231614023589
17828	0.0891444883868266
17856	0.0882176450759156
17858	0.0882060652419386
17886	0.0881188407849525
17888	0.087981064434118
17890	0.0878138601068625
17892	0.0873986909915523
17896	0.0872209547781306
17924	0.0869641309286103
17928	0.086584243513374
17936	0.085759312575288
17938	0.0854774202745645
17948	0.0853143089839644
17966	0.0851460397332129
17968	0.0844736133848595
17970	0.0828543624019073
17986	0.0821958227315704
17990	0.0818575044028349
17994	0.0814625804541086
17996	0.0810278750899513
18008	0.0809332878492755
18010	0.0800228938668663
18024	0.079916776783134
18026	0.0790985122313202
18028	0.0772923119132799
18060	0.0761052045572195
18062	0.075841903062358
18072	0.0753286922686366
18080	0.075119610005813
18104	0.0746385375511256
18120	0.0745384216064705
18122	0.0737817248851963
18136	0.0731181547943211
18156	0.0726461773362413
18174	0.072287112833365
18186	0.0722146734281209
18196	0.0721149581842389
18200	0.0710871907750322
18236	0.0706409779160627
18246	0.0706297561215547
18248	0.0700728783761453
18264	0.0698997226423718
18272	0.069149367691987
18314	0.0690166024595615
18316	0.0689770364579675
18318	0.0686040850706241
18320	0.0684049620577523
18334	0.0675598146384768
18348	0.0670186627019456
18378	0.0666360220019001
18390	0.0662649921312067
18420	0.0660148829772701
18460	0.0659098184046116
18474	0.065811529505558
18490	0.0656471313109524
18496	0.0655618669118299
18498	0.0655145117037639
18508	0.0653376358911122
18518	0.0652742583751268
18528	0.0650540104024223
18536	0.0645262594269722
18560	0.0639109723131159
18568	0.0633732422248988
18576	0.0632484505497863
18578	0.063140509574856
18582	0.062961383314662
18592	0.0628401613646526
18604	0.0624541630838687
18614	0.0622293898747457
18618	0.0619694334906581
18634	0.0614634978441205
18636	0.0611015914129015
18638	0.0607400498087214
18644	0.0598293437453726
18656	0.0596031192912589
18666	0.0594960441582158
18668	0.059372745766977
18670	0.0584828485419612
18710	0.0581049071260684
18716	0.0579274907451745
18730	0.0571755628806098
18746	0.0571211667701605
18758	0.0566832907494447
18764	0.0557770008778622
18798	0.0557223364171832
18804	0.0556545999663407
18810	0.0556152305123925
18834	0.0553466310284407
18840	0.0552996735893659
18852	0.0552219220445151
18860	0.0546868767637554
18886	0.0537798391522921
18894	0.0535065270841059
18912	0.0532312445431395
18922	0.0531938655904963
18934	0.0530612780047815
18946	0.052964692518637
18958	0.0525042202189488
18970	0.052088191191497
19000	0.0519303193028909
19044	0.0518998669744351
19046	0.0517138743800854
19056	0.0514734501547706
19064	0.0510930096699865
19068	0.0510353207176304
19082	0.0510183737180884
19100	0.0506329823991764
19108	0.0504518043266623
19134	0.0503734611421838
19152	0.0500420121488491
19160	0.0499776478305012
19172	0.0497671860303416
19178	0.0494097272399459
19184	0.0488185888300095
19204	0.0487278220453221
19206	0.0486945626911213
19224	0.0486254229530367
19232	0.0484466821062578
19244	0.0480101462694257
19252	0.0479744008639285
19260	0.0477103922107759
19294	0.047454572771653
19310	0.0473520607617717
19312	0.0472373267758573
19316	0.0471193807486471
19328	0.046942652653606
19344	0.0468640773298251
19354	0.0464115113276583
19358	0.0463856968791743
19366	0.0461212525940194
19368	0.0461211751910104
19374	0.0457173191822649
19394	0.0453566406453818
19396	0.0449255243254100
19404	0.0444881635871964
19414	0.0443542695940449
19416	0.0441694195491045
19442	0.0439194073883782
19448	0.0428575742632016
19460	0.0417133680287098
19462	0.0399307901579686
19466	0.0392953221333738
19510	0.039240644427367
19516	0.0390419804580777
19524	0.037923394055429
19542	0.0374677064002036
19544	0.0369395934259683
19572	0.0367769883861618
19590	0.0364549297066152
19626	0.0363871101626197
19630	0.0360843808262778
19644	0.0359676353222649
19646	0.0358838808263027
19650	0.0356972297665051
19652	0.035629873605724
19674	0.0351554872824139
19694	0.0345647206699201
19722	0.0342534162043514
19724	0.0341824703629281
19726	0.0341237853833873
19734	0.0338510495442118
19744	0.0337368196459742
19774	0.0329374604994422
19782	0.0327366569489290
19784	0.0321823317055839
19786	0.0321721346591564
19794	0.0316198287120445
19802	0.0314154097677658
19810	0.0310572426783905
19824	0.0309347730680472
19826	0.0290979318387209
19872	0.0285067526962636
19874	0.0282486545529748
19880	0.0280579731080662
19894	0.0280261361373839
19920	0.0278737707969881
19942	0.0271356333225277
19984	0.0265046062764163
19996	0.0259911440112901
20004	0.0254337729512666
20020	0.0253093839528102
20022	0.0250416165490719
20028	0.0247960547767865
20034	0.0247768603989937
20078	0.0247199247025964
20086	0.0241541870697904
20100	0.0240136653302574
20114	0.0239808423262510
20124	0.0234438263864895
20134	0.0228802380999083
20158	0.0227995046842395
20166	0.0222017566683910
20172	0.0221930061914961
20176	0.0217883313932462
20180	0.0217474473648429
20230	0.0215755406055316
20238	0.0215261688280501
20256	0.0215209904927061
20258	0.0210888179172370
20272	0.020719854860733
20296	0.0205993829649266
20314	0.0205662655342549
20318	0.0204670004759900
20320	0.02023857863925
20336	0.0201896141079361
20344	0.0201584933760522
20348	0.0198715237503254
20368	0.0197916007300884
20370	0.0192870417790045
20396	0.0191280965718839
20406	0.01900406710484
20410	0.0189115474052331
20442	0.0187810775383556
20444	0.018770937079234
20458	0.0187635953109986
20468	0.0186348496475299
20476	0.0186257570536027
20478	0.0184141220149659
20480	0.0179601218929354
20482	0.0179063845226732
20516	0.0173680656328653
20538	0.0172434605665166
20560	0.0171724770424398
20568	0.0170835433184316
20576	0.0168934077745534
20608	0.0167655469794564
20622	0.0167106375064515
20630	0.016383602007045
20640	0.0163246912616898
20670	0.0162737366280559
20674	0.0162230849837863
20694	0.0158013670981086
20724	0.0156069913075950
20728	0.0152437627181888
20756	0.0149906399453296
20776	0.0149058210739386
20804	0.0149022460032498
20814	0.0148835236124963
20838	0.0148507853308183
20840	0.0148503353165093
20844	0.0147322004163198
20854	0.0147268794071390
20856	0.0147175748401978
20860	0.0147123567974708
20862	0.0146205449944347
20864	0.0145767448605724
20880	0.0145325583664979
20894	0.0144919169689249
20896	0.0144159028830340
20914	0.0144154825838077
20916	0.0142594072612204
20920	0.0142578288868083
20922	0.0141766949406827
20934	0.0140234562924979
20960	0.0140048482187171
20970	0.0138865125709273
20978	0.0137536009297006
20982	0.0133105697384096
20998	0.0131843727986338
21018	0.0131585428150486
21020	0.0131017128686624
21024	0.0129347182855159
21030	0.0128618615640436
21034	0.0128343462789574
21060	0.0127197336949840
21066	0.0126931993047330
21068	0.0126806561714094
21082	0.0125672789855474
21100	0.0125638362956976
21108	0.012393004055822
21122	0.0123635405505970
21132	0.0122751519022479
21144	0.0120496440795148
21154	0.0120476576458505
21158	0.0117773072257082
21164	0.0117037385347075
21170	0.0116604387175994
21184	0.0115785082405996
21198	0.0114138845914385
21208	0.0113742115869863
21214	0.0112804770952290
21254	0.0112587147513981
21256	0.0110472713867596
21264	0.0110049191864068
21278	0.0108559409712256
21284	0.0107898869517179
21292	0.0104949502904388
21308	0.0103152260348633
21314	0.0102155627602275
21342	0.0100071719263484
21356	0.0099985856091361
21376	0.00989636138451706
21386	0.00982316714418401
21402	0.00967454327682166
21420	0.0096415089141344
21428	0.00963254058550937
21444	0.00952912542818934
21448	0.00942508401508065
21468	0.00933144495362846
21474	0.00913783414654465
21478	0.00905966886679917
21480	0.00900103248068052
21502	0.00898848737220682
21506	0.0089525993634378
21512	0.00885105019955714
21536	0.00878692662889471
21546	0.00875315208363309
21548	0.0084915752906135
21554	0.00846989712403456
21584	0.00827872156257262
21592	0.00827354894401473
21602	0.00823498338636122
21628	0.00822189889636887
21634	0.00821639945804821
21640	0.0081368962858266
21648	0.00809555278384055
21668	0.00805715741565716
21674	0.0079305855501194
21716	0.00791986676244494
21718	0.00790685109702702
21720	0.00787049663317773
21730	0.00773130193042689
21750	0.00772553545956393
21760	0.0076380281336047
21786	0.007620093148395
21790	0.00754498234546913
21800	0.00750034563506414
21802	0.00735843425989953
21808	0.00731423798386836
21814	0.00726946885843166
21836	0.00724195624448215
21842	0.00723075813700867
21844	0.00722823073947662
21850	0.00722275527483304
21862	0.00712939562300359
21872	0.00708283000513717
21888	0.00694538220034398
21892	0.00680930421702181
21898	0.00667230100597098
21948	0.00666125426075179
21956	0.00661413915329154
21964	0.00656161602654924
21976	0.00654416359882527
21996	0.00651934212150761
22006	0.0064984793854036
22018	0.00647233204495226
22028	0.00641548170797824
22030	0.00640387747777352
22034	0.00632930946695197
22054	0.00623788305281687
22058	0.00622705123194869
22076	0.00613872155012288
22090	0.0061145299319144
22094	0.00606358378262121
22116	0.00600956594367491
22118	0.00596530816609936
22124	0.0059496153079363
22128	0.00581076806927475
22146	0.00578733459078155
22158	0.00571089956410678
22162	0.00569195454696961
22176	0.0055659031803804
22186	0.00553503233175806
22192	0.00553265831082533
22194	0.0054647661612231
22238	0.0054512598248464
22250	0.00537875673908504
22264	0.00535489341115986
22280	0.00532373407801939
22288	0.00518660380250799
22300	0.00514190914785316
22304	0.00512247922057278
22308	0.00511766238082921
22330	0.00502827573229673
22336	0.00490479356118326
22360	0.00487713554668264
22362	0.00478251592035143
22376	0.0047810905586561
22380	0.00471725316535633
22386	0.0046513655201035
22390	0.00464747772891494
22394	0.00457714535019831
22398	0.00453831212014352
22400	0.00453518111962978
22408	0.00448138857960399
22430	0.00445691595801658
22434	0.0044509755862566
22454	0.00444450993259098
22456	0.00435745683162218
22472	0.00424145005278874
22484	0.00420402715656616
22496	0.00415132377686817
22544	0.00411141075004092
22556	0.0040673826637905
22572	0.00404979255018511
22578	0.00403878680203086
22586	0.0040282398529491
22588	0.00399619813839095
22598	0.00396623522190701
22606	0.00393358559900904
22624	0.00388139472397087
22626	0.00387490487399338
22640	0.00385765675354632
22646	0.0037892664973668
22686	0.00375960859353194
22696	0.00375163762794731
22704	0.00365811990122314
22710	0.00364902036242068
22724	0.00361083500013305
22728	0.00359479753008162
22738	0.00351156940882021
22760	0.00350189282168409
22766	0.00348923187418142
22770	0.00348897277236897
22774	0.00343931910955963
22778	0.003388008644037
22790	0.00337414562714213
22802	0.00335027842640313
22806	0.00332941309955906
22824	0.00331457385438301
22840	0.00329153955559939
22846	0.00322010255410858
22864	0.00319930710108076
22876	0.00316822282297446
22884	0.00316134079072176
22898	0.00313881049027617
22900	0.00308111550035420
22912	0.00299607995313267
22946	0.00293523919959914
22964	0.00286463451610857
22968	0.00282856367569520
22978	0.00278182251469334
23000	0.00277823860900868
23004	0.00276722125678098
23008	0.00270765523282592
23044	0.00270216277734363
23046	0.00265211290511525
23062	0.00261012573598641
23070	0.00258917368015356
23122	0.00256900848838799
23138	0.00256482889260953
23142	0.00254985739382683
23150	0.00247436907119027
23174	0.00243733339640013
23182	0.00243447542208412
23196	0.00240718205633974
23202	0.00238728422773261
23218	0.00238164507534448
23228	0.00237549577139734
23234	0.00232773178270580
23256	0.00231720052771360
23258	0.00229459244010833
23266	0.0022938564227209
23278	0.00228637608630746
23280	0.00220063388038798
23286	0.0021776136622494
23292	0.00217724262180671
23298	0.0021509463878795
23300	0.00213362583314166
23318	0.00207335485539412
23348	0.00206736191423442
23362	0.00206516312668880
23372	0.00203465870716235
23380	0.0019577180171296
23406	0.00190220772683513
23440	0.00189297988716835
23454	0.00188438055430109
23466	0.00186585262323703
23472	0.00182105475316313
23478	0.00181436824905702
23492	0.00181252322999066
23506	0.00179195529165794
23508	0.0017447437892662
23522	0.00171681988743862
23544	0.00168076583345462
23568	0.00166420513951488
23576	0.00162692163792127
23590	0.0016116254168566
23596	0.00156424525867319
23598	0.00155072210031761
23648	0.00152938219234597
23652	0.00152891872685384
23666	0.00151668019094849
23668	0.00150320734830124
23684	0.0014942427068764
23690	0.00148373617967626
23718	0.00147282273861241
23722	0.00146271781507912
23730	0.00145772411502289
23736	0.00145769053485610
23742	0.00144965067023068
23756	0.00143188336026276
23764	0.00141038665204922
23772	0.00139228084576625
23790	0.00138943896690001
23804	0.00136989988966142
23810	0.00136975480025033
23824	0.00136700003066467
23826	0.00135169248894660
23872	0.00132683455946567
23874	0.00130885452802357
23884	0.00130872509963597
23892	0.00127463673259705
23902	0.00126878385386239
23910	0.00126792169388510
23928	0.00125109324754493
23934	0.00124809312335466
23948	0.00121939794606415
23970	0.00121012273238389
23992	0.00120582436260407
23996	0.00117010515289385
24028	0.00115648695701066
24032	0.00113213854829476
24034	0.00111872809162623
24048	0.00111409524945976
24068	0.00107362638942292
24096	0.00105821337799815
24114	0.00105175725801165
24126	0.00103955100286319
24154	0.00103946639074103
24176	0.00103137033125956
24182	0.00102791489459631
24190	0.00102075779056134
24192	0.00101932447452183
24212	0.00101397409257107
24218	0.00100728255138466
24224	0.00100385320732780
24254	0.00100289128076309
24266	0.00098034438219399
24284	0.00096916103379866
24294	0.000966391097963548
24318	0.000954146596609057
24336	0.000952386931980284
24346	0.00095190286343228
24350	0.000942420883847897
24354	0.000941450323686348
24358	0.00092767338416821
24390	0.000924602122736985
24414	0.000919948454612296
24438	0.000918326427092473
24440	0.000905073140495057
24448	0.000902191607046561
24452	0.000897995565381134
24462	0.000891929270501766
24500	0.000889703009966032
24522	0.00088674109059079
24530	0.000885860501224175
24532	0.000881751836541205
24534	0.000876541523519633
24544	0.00087142167704052
24566	0.000866377064675337
24586	0.000863159663451475
24588	0.000857816076692065
24598	0.000853110536958158
24602	0.000852259827980358
24610	0.000850213588359997
24638	0.000849712866536616
24646	0.00084843281476739
24648	0.000837861908871249
24662	0.000836107490578423
24670	0.00083119118546633
24688	0.000828511955754507
24700	0.00081881481131885
24736	0.000808979771252831
24740	0.000808404108086042
24746	0.000799080269507688
24754	0.000787789274178737
24756	0.00077719935608679
24780	0.00076877475677659
24800	0.000765692593874997
24820	0.000763424358865076
24824	0.000746760657673256
24826	0.000745297290009807
24830	0.000742405966079075
24864	0.000742008723696893
24866	0.000737964354195126
24874	0.000731873021832301
24880	0.000727725032171616
24906	0.000722202518089452
24908	0.000718461847479914
24920	0.000718370367203533
24936	0.000716146639028062
24956	0.000711963629838548
24978	0.000711033252619437
24988	0.00071028113526045
25000	0.000703490440332272
25004	0.000702098429388167
25018	0.000696148043815482
25030	0.000693539370923862
25034	0.00068923345821265
25038	0.000688934450020508
25046	0.000684879915324241
25070	0.000681825649188101
25112	0.000679745762462451
25120	0.000672184234743858
25122	0.00066828759041468
25152	0.000667949994378681
25156	0.000664503362684733
25170	0.000657684208860547
25188	0.000654081412063416
25192	0.000652486436831214
25208	0.000651515400545336
25230	0.000645079700255575
25236	0.000641082999376538
25238	0.0006402108191872
25246	0.000639462429168195
25262	0.000635645120070597
25266	0.000628875895762668
25286	0.000619038067704271
25290	0.000614809913143007
25292	0.000613405358308213
25308	0.0006106394553112
25312	0.000609656624189578
25326	0.000605930688628018
25334	0.000604620705356845
25338	0.000601723271018252
25352	0.000597564562379176
25358	0.000597280498948799
25386	0.000596635405639278
25418	0.000594128840721277
25422	0.000590662604704288
25436	0.000584558680484434
25444	0.000584023049218658
25464	0.000583041541715174
25474	0.000580137687170617
25490	0.000576605230570879
25514	0.000575415555712546
25518	0.000570426701999525
25522	0.000558612563253069
25534	0.00055582878766277
25564	0.000553124443750429
25566	0.000549316956617147
25574	0.000541048503398337
25586	0.000531404433939223
25620	0.000530277040834023
25628	0.000526898643301861
25632	0.0005263744484011
25634	0.000524315437087511
25642	0.000516769329914397
25664	0.000516334398670742
25668	0.000515794256540826
25672	0.000514910168075346
25682	0.000513701615983625
25690	0.000510273164676637
25734	0.00050940972422721
25744	0.000509114449602287
25746	0.000506020285186829
25780	0.000505198198970489
25798	0.000504700714956565
25800	0.000503621373231918
25806	0.000500604699703842
25810	0.000498170127778606
25812	0.000497252508716002
25818	0.00049221989014294
25820	0.000491916208656133
25852	0.000488640397853054
25876	0.00048854293934264
25878	0.000483650273371555
25900	0.00047936080060902
25942	0.000474748331349129
25944	0.000474676448653281
25950	0.000473174802119397
25954	0.000471599072126969
25962	0.000469010664900959
26002	0.000466457336147353
26004	0.000465324755530823
26008	0.000464369472039692
26018	0.000463266677253542
26028	0.000457683270869861
26046	0.000455946635611673
26082	0.000454370128876043
26088	0.000453771029153416
26102	0.000453342836131306
26108	0.00045333164139157
26112	0.000450882553020081
26116	0.000449605407584165
26132	0.000448867711414798
26136	0.000446254777841198
26138	0.00044511837170741
26174	0.000444186583203307
26182	0.000437107011986768
26226	0.000432038309796248
26228	0.000428703831317832
26250	0.000426362054528595
26260	0.000424176168189753
26300	0.000419906283958131
26302	0.000415965153044968
26304	0.000414523261187911
26312	0.000412453883865039
26314	0.000410948897513127
26322	0.000409443270125354
26324	0.000408688932369617
26332	0.000404894361293366
26338	0.000399629032449612
26366	0.000391079739835625
26378	0.000389612988055384
26380	0.000384896530876867
26382	0.000379784716794549
26402	0.000366486614075801
26432	0.000363766183932854
26442	0.000363381390548380
26444	0.00035076950321342
26458	0.000345197263680408
26460	0.000339149384855368
26476	0.000337573843731696
26482	0.000335264845707897
26516	0.000333803190690104
26518	0.000333299890468057
26520	0.000326389604477772
26560	0.000324796340249596
26588	0.000318592478334221
26602	0.000315095642390293
26618	0.000314398198732329
26620	0.000313799473296565
26622	0.000312651257248215
26640	0.000312155236491149
26642	0.000310735991159826
26654	0.000305929134380967
26658	0.000304931264522837
26682	0.000301863955909166
26688	0.000300379885452165
26696	0.000297187194305875
26710	0.0002965969203933
26720	0.000294671187277445
26738	0.000294659697820737
26740	0.000293905115145345
26758	0.000292107836692083
26762	0.000290718201998694
26780	0.000290561632887169
26796	0.000288405104514224
26798	0.000288099861869134
26822	0.000282560660894851
26860	0.000280157149654414
26862	0.00027958252004588
26896	0.000279314007975241
26906	0.00027573308921241
26924	0.000274240844673508
26930	0.000273688840109478
26936	0.000273087453724757
26940	0.000272855112785374
26954	0.000270530225104188
26962	0.000269657793342427
26966	0.000268530809496761
26970	0.00026810806701763
26976	0.000268015283426292
26978	0.000266236234583212
26982	0.000264496731753732
27006	0.000263073593733487
27008	0.000262087033800436
27018	0.000259080183158579
27056	0.000256515350410404
27070	0.000255130192179191
27084	0.000253863461081090
27104	0.000251836536791289
27120	0.000251378591312243
27122	0.000250457950003991
27126	0.000247117785169197
27138	0.000246219398199703
27146	0.000242707752127581
27172	0.000242107043822821
27180	0.000241350602925417
27194	0.000240764744841766
27202	0.000238817155075532
27218	0.00023836011347167
27224	0.000238145222917273
27228	0.000236831081860251
27238	0.000233043643012563
27250	0.000228219919702412
27256	0.000226707250432469
27270	0.000220232275058602
27278	0.000217866528308599
27284	0.00021669374721089
27300	0.000214481480857705
27318	0.000212160551786693
27324	0.000209250123394266
27336	0.000208609778659052
27342	0.000208441423123703
27356	0.000205682788016728
27374	0.000204038476029394
27376	0.000203491821981829
27400	0.000200881251431871
27406	0.000199915762239923
27408	0.000197000228736560
27412	0.000196027679448015
27420	0.000195631604381734
27448	0.000195481848343026
27464	0.000194434743179688
27466	0.000192868850922668
27476	0.000190368968416784
27508	0.000189020865683627
27526	0.000186265170975125
27570	0.000185329138395209
27574	0.000184015403266990
27608	0.000183860339310888
27618	0.000183782401802959
27620	0.000183370585792793
27624	0.000183061315482645
27632	0.000183008787814297
27652	0.000182626076853423
27668	0.000181935176399332
27672	0.000181281740612301
27678	0.000179749737525618
27688	0.000178237229208282
27696	0.000177527038886436
27726	0.000176258460667381
27740	0.000175855718917856
27750	0.000174294727610398
27784	0.000173482141207222
27794	0.00017074054403854
27810	0.000170188208334953
27812	0.000169533073908028
27820	0.000169200056666453
27828	0.000168068692775495
27838	0.000167070055574983
27840	0.00016564125798502
27844	0.000165071303101984
27850	0.000164705491924130
27856	0.000164197441135774
27862	0.000163570127079392
27876	0.000162348508827599
27890	0.000161873309897995
27896	0.000160360280337964
27898	0.000160066668803506
27916	0.000159111315958875
27950	0.000158701475818899
27952	0.000156949266822601
27964	0.000155985080203266
27980	0.000155948535406138
27986	0.000155666105978138
28002	0.000155037718270646
28008	0.000154591815776548
28010	0.000154416473651829
28016	0.000153190045430973
28038	0.000152414997926720
28044	0.000151604246127192
28058	0.000150819005822873
28072	0.000145539586373782
28102	0.000143916148286393
28106	0.000143190041488091
28120	0.000142925127322033
28122	0.000142297244476153
28142	0.000140162251067321
28144	0.000139474348701736
28156	0.000138032733253128
28162	0.000136925866834446
28186	0.000135960273342238
28196	0.000135888579815368
28222	0.000134153187370312
28252	0.00013339645190273
28262	0.000132144809026411
28274	0.000131577295194910
28280	0.000130842356609883
28282	0.000129382864290912
28292	0.000128924716405610
28296	0.000128133365752600
28304	0.000127007997694394
28308	0.000126517334448441
28310	0.000124657096707967
28322	0.000124249629046188
28360	0.000124045029010248
28366	0.000124025968218106
28368	0.000123063805253049
28376	0.00012207010402906
28394	0.000120988202172311
28424	0.000120410786002596
28430	0.000119535806681842
28456	0.000119185195305162
28460	0.000118730660148828
28478	0.000118399769534304
28484	0.000118386594770260
28492	0.000117923444774982
28500	0.000117105971230816
28526	0.000116552616744410
28544	0.000116473349247046
28560	0.000115097196644361
28576	0.000113794609877362
28606	0.000112705667640114
28622	0.000112694517362174
28626	0.000112660058050492
28640	0.000111866412618730
28658	0.000111310535143828
28674	0.000111239871251105
28678	0.000109493027096229
28684	0.000108107175719611
28698	0.000106812429771154
28706	0.000105950248098043
28716	0.000104897347605861
28724	0.000103977431706209
28764	0.000103073781497899
28768	0.000103065261222442
28772	0.000102645770323764
28774	0.000102481323256814
28798	0.000101854993515262
28808	0.000101256454316986
28822	0.000101158975928807
28824	0.000100899394395814
28836	0.000100685606607317
28840	0.000100470805063716
28844	9.92635672745128e-05
28874	9.8864417348768e-05
28878	9.78040886425132e-05
28898	9.70258191928577e-05
28916	9.6511873868186e-05
28928	9.60454608338404e-05
28932	9.5316508227907e-05
28934	9.3360405631311e-05
28938	9.30626258373131e-05
28982	9.2599258133587e-05
28990	9.234414816783e-05
29014	9.10220141386692e-05
29030	9.0711556459315e-05
29054	9.01187378456972e-05
29070	8.93727637741029e-05
29076	8.88506311717865e-05
29114	8.8403201261674e-05
29120	8.73660607737042e-05
29150	8.73405912417634e-05
29152	8.69077341121376e-05
29154	8.68541037701991e-05
29156	8.60300670207045e-05
29160	8.56696530020535e-05
29170	8.5287635398925e-05
29182	8.38094849597775e-05
29208	8.3605025532714e-05
29240	8.34095479376439e-05
29250	8.33251031645353e-05
29252	8.25015847850653e-05
29274	8.19690110745157e-05
29294	8.18629575770271e-05
29298	8.1457932363275e-05
29302	8.10780513730865e-05
29310	8.10317655017607e-05
29316	8.08588686897391e-05
29322	8.0552385672673e-05
29338	7.98210169713777e-05
29342	7.93155113364065e-05
29358	7.90183358381046e-05
29362	7.86608491095258e-05
29374	7.84882003014208e-05
29376	7.83489649433335e-05
29378	7.82611133921998e-05
29380	7.7523402728466e-05
29392	7.70755640732085e-05
29418	7.65109661578015e-05
29420	7.55033820752173e-05
29430	7.51153005842876e-05
29458	7.4537024083885e-05
29464	7.37765919985061e-05
29470	7.35600159628709e-05
29512	7.32823443287825e-05
29514	7.27620960417389e-05
29532	7.25712017684528e-05
29542	7.25287465886986e-05
29544	7.0943000091136e-05
29556	6.86981686326619e-05
29566	6.70908446947073e-05
29590	6.70503460244208e-05
29600	6.66956821157703e-05
29612	6.61534163147878e-05
29614	6.57757724798067e-05
29618	6.5519023540811e-05
29634	6.54550522976987e-05
29636	6.43118456533072e-05
29648	6.29785093470859e-05
29654	6.25427381382173e-05
29674	6.22608209152771e-05
29682	6.22378572552867e-05
29702	6.20413668154523e-05
29706	5.94999886717894e-05
29714	5.90741841137406e-05
29716	5.74040442169741e-05
29742	5.65137394756833e-05
29754	5.60188965432245e-05
29758	5.46020185269269e-05
29774	5.31208677045198e-05
29796	5.25099646384593e-05
29800	5.16314691756527e-05
29820	5.08129911497043e-05
29822	5.02054333757693e-05
29838	4.83255193610576e-05
29870	4.76542231647283e-05
29872	4.75831284088673e-05
29878	4.71177001211131e-05
29894	4.49980904481411e-05
29898	4.47482587422361e-05
29902	4.47419722013849e-05
29904	4.32307392790838e-05
29908	4.13234163951099e-05
29970	3.89779879987509e-05
29982	3.77264316692103e-05
30006	3.74768524011271e-05
30044	3.61269228505079e-05
30062	3.49129126185988e-05
30086	3.48700629660308e-05
30100	3.31304266093275e-05
30120	3.31024730586808e-05
30124	3.26825329166697e-05
30150	3.26189231816097e-05
30168	3.20477164827335e-05
30178	3.20337482425408e-05
30180	3.1724694214174e-05
30220	3.15412791164976e-05
30224	3.13377497400352e-05
30228	3.12583657394453e-05
30242	3.11304969286025e-05
30250	3.10155317408119e-05
30256	3.09644489989102e-05
30276	3.09083165341344e-05
30286	3.07730925228509e-05
30290	3.06041512298229e-05
30316	3.05240317284058e-05
30322	3.03851595827268e-05
30342	2.97477609115259e-05
30358	2.93960191935338e-05
30370	2.93254495510301e-05
30384	2.85650850221297e-05
30386	2.84978258646586e-05
30402	2.84567287463199e-05
30404	2.84564230408911e-05
30422	2.82301408888196e-05
30444	2.81546396550192e-05
30462	2.80789782459071e-05
30480	2.77102966164760e-05
30498	2.76450960405864e-05
30526	2.76420396015503e-05
30528	2.73838428673857e-05
30544	2.73164759152800e-05
30556	2.72955611458765e-05
30560	2.70865455109695e-05
30566	2.69857022060314e-05
30580	2.67310766900340e-05
30588	2.66778822073586e-05
30590	2.65576230353116e-05
30592	2.63657992089166e-05
30610	2.62607930573658e-05
30634	2.62461239234207e-05
30638	2.61468593629686e-05
30658	2.61185120565565e-05
30668	2.57509722694967e-05
30674	2.57409200841471e-05
30684	2.5406525661284e-05
30712	2.53687717557103e-05
30716	2.53215845194317e-05
30734	2.52230275725479e-05
30740	2.51966322321728e-05
30750	2.51627450807398e-05
30758	2.49359785049302e-05
30794	2.49045945020166e-05
30796	2.48665871475339e-05
30814	2.46978561604082e-05
30816	2.46251559340223e-05
30820	2.46065408073511e-05
30826	2.45684129895623e-05
30834	2.44923802623089e-05
30848	2.44182696656034e-05
30850	2.44020252809398e-05
30860	2.43091681724834e-05
30864	2.42778827691583e-05
30876	2.41797169650834e-05
30894	2.41513871134049e-05
30896	2.40707835438778e-05
30906	2.40291070910252e-05
30910	2.39692460977407e-05
30916	2.38912856460536e-05
30926	2.38571784288083e-05
30938	2.38442040522032e-05
30942	2.37943869584869e-05
30946	2.37304415127683e-05
30948	2.36149624427907e-05
30956	2.35683780476156e-05
30958	2.34778644017431e-05
30968	2.33863951654944e-05
30976	2.33206354716481e-05
30984	2.32971344795034e-05
30986	2.32519421989083e-05
31002	2.31098874329453e-05
31008	2.30727355017918e-05
31026	2.30140613769723e-05
31028	2.29222838620008e-05
31040	2.28749207876926e-05
31062	2.27287151236014e-05
31074	2.26029385627172e-05
31086	2.26004733185419e-05
31098	2.23611514049632e-05
31112	2.20775789080153e-05
31124	2.20230670874500e-05
31170	2.17376263328729e-05
31194	2.14748445015909e-05
31210	2.12978069929185e-05
31220	2.11498603252314e-05
31244	2.10551816726954e-05
31248	2.09170191117409e-05
31252	2.08840779345139e-05
31274	2.0544692161532e-05
31280	2.04248107127522e-05
31284	2.03408113572305e-05
31292	2.02683097729482e-05
31296	2.02556207947912e-05
31302	2.01192348607891e-05
31314	2.00988181928821e-05
31316	1.99949967090954e-05
31318	1.99938829409702e-05
31320	1.98514375172776e-05
31340	1.94788494637729e-05
31350	1.94528713587547e-05
31366	1.92029836740484e-05
31380	1.91932056376050e-05
31390	1.90977502167347e-05
31394	1.89776604739415e-05
31446	1.88569444530216e-05
31448	1.87146135999373e-05
31450	1.86943732877838e-05
31460	1.84774601814121e-05
31470	1.83870902075334e-05
31476	1.83232372072316e-05
31492	1.81960460117211e-05
31496	1.81813859945468e-05
31498	1.81122193777969e-05
31500	1.80012241235681e-05
31520	1.79881341002864e-05
31530	1.78875548156786e-05
31532	1.78324189884409e-05
31540	1.77592473017873e-05
31542	1.77097655524634e-05
31544	1.76796750681951e-05
31546	1.76356929819357e-05
31550	1.75288978337763e-05
31560	1.72803524092052e-05
31574	1.7196201444662e-05
31576	1.71960147668619e-05
31596	1.70995059355045e-05
31616	1.70400188148144e-05
31620	1.70326225631246e-05
31626	1.68870702710441e-05
31644	1.67906132016862e-05
31674	1.66833246516378e-05
31694	1.66622835288841e-05
31702	1.66133624963046e-05
31708	1.65949620231530e-05
31710	1.64917758578472e-05
31720	1.62669795476833e-05
31726	1.60855482642757e-05
31732	1.60747615149574e-05
31734	1.60562697322498e-05
31746	1.58646659294805e-05
31752	1.55735875970949e-05
31786	1.53011273225424e-05
31796	1.50326527067592e-05
31826	1.49993587142959e-05
31840	1.49745923369714e-05
31848	1.45979580635134e-05
31868	1.45653550999929e-05
31870	1.45064231675605e-05
31878	1.43916934234020e-05
31882	1.42772576948377e-05
31894	1.41479972707279e-05
31904	1.41075523845887e-05
31908	1.35605325815470e-05
31922	1.34314564483822e-05
31958	1.33221044867165e-05
31968	1.33166998633903e-05
31974	1.32904772956105e-05
31978	1.29415502302738e-05
31992	1.29040487598404e-05
32002	1.27555524922590e-05
32026	1.25672758546789e-05
32028	1.23942875946448e-05
32054	1.23424481501947e-05
32056	1.23408665921177e-05
32064	1.22841137839917e-05
32070	1.20752659926455e-05
32092	1.19004369176247e-05
32094	1.18210865622349e-05
32108	1.16890857198203e-05
32126	1.14835615528590e-05
32142	1.14071999067984e-05
32184	1.13613196099081e-05
32186	1.13505792778844e-05
32192	1.12446746148598e-05
32194	1.12392798435115e-05
32198	1.10879182014358e-05
32218	1.09671693858211e-05
32226	1.08554364034918e-05
32238	1.08110166171619e-05
32242	1.07846520996174e-05
32256	1.07805420970726e-05
32264	1.05057199253747e-05
32278	1.04916113414501e-05
32280	1.03427283173250e-05
32294	1.02876855050660e-05
32310	1.02457784262956e-05
32318	1.01649041475526e-05
32324	1.00921655993887e-05
32348	1.00904208981311e-05
32350	1.00395871489724e-05
32366	1.00004807603138e-05
32374	9.987607983268e-06
32380	9.96305052975e-06
32388	9.49118484481742e-06
32426	9.44834851402852e-06
32440	9.34685294472113e-06
32490	9.31484981360275e-06
32506	9.16740748086232e-06
32508	9.00761483031874e-06
32530	9.00196197578952e-06
32536	8.97717678305062e-06
32540	8.90438180614743e-06
32550	8.88790781006559e-06
32582	8.82192332174554e-06
32600	8.80780615877075e-06
32606	8.66998789020229e-06
32640	8.50812390170194e-06
32654	8.47850088488299e-06
32664	8.3760842722227e-06
32692	8.23466853036448e-06
32738	8.21877039491434e-06
32752	8.05452025890036e-06
32778	8.02714176292227e-06
32790	8.00359908377716e-06
32796	8.0003342374791e-06
32812	7.97660757101596e-06
32816	7.87316530967647e-06
32818	7.82782387388614e-06
32832	7.81248068300405e-06
32838	7.78707287198558e-06
32840	7.77211563195691e-06
32848	7.75673523742788e-06
32854	7.72901986350809e-06
32858	7.62502755035403e-06
32870	7.6229992083171e-06
32874	7.5108461152289e-06
32876	7.4449180365679e-06
32878	7.442705126425e-06
32892	7.41494330291989e-06
32904	7.36994236620876e-06
32908	7.32987209821285e-06
32910	7.29655258102647e-06
32914	7.29049858971557e-06
32920	7.23562525839231e-06
32928	7.07261927931439e-06
32930	6.98571527831305e-06
32954	6.88859666209759e-06
32960	6.8715403707399e-06
32964	6.83571408838878e-06
32966	6.6951574793261e-06
32968	6.5841930272335e-06
32976	6.57497178945019e-06
32994	6.4528511228432e-06
33010	6.35216917640258e-06
33016	6.22626805975357e-06
33070	6.15052964557986e-06
33074	6.1292685734167e-06
33080	6.01505463573411e-06
33094	5.98380722522097e-06
33108	5.83342673607637e-06
33126	5.83152135695132e-06
33130	5.78433792163048e-06
33140	5.72368921900983e-06
33150	5.72240711027609e-06
33152	5.60191672128548e-06
33158	5.58393803746761e-06
33192	5.39457665129172e-06
33196	5.35101428883944e-06
33200	5.16793362348077e-06
33204	5.0822602788529e-06
33220	5.04530916595655e-06
33222	4.89956385426787e-06
33230	4.87442666135691e-06
33236	4.81077412639965e-06
33256	4.80269392547696e-06
33264	4.70682345184856e-06
33298	4.7013800402773e-06
33302	4.68134854129056e-06
33310	4.6248952372204e-06
33322	4.57416411973014e-06
33332	4.48864588353396e-06
33336	4.47788726314900e-06
33338	4.47481535507341e-06
33344	4.47223242778845e-06
33346	4.42855694494421e-06
33348	4.38413610378144e-06
33362	4.27780707068608e-06
33370	4.20647900249268e-06
33388	4.20583546014952e-06
33396	4.02999941502133e-06
33400	3.85628701814763e-06
33438	3.8258437829391e-06
33450	3.82527643508288e-06
33454	3.81666763827753e-06
33456	3.80775263823399e-06
33458	3.72188580171112e-06
33462	3.71775793143907e-06
33470	3.65525673012203e-06
33476	3.58153708733466e-06
33522	3.56780853677276e-06
33524	3.53869048339013e-06
33530	3.52025211505502e-06
33532	3.47030474175362e-06
33534	3.4081130359374e-06
33548	3.38337605811352e-06
33552	3.37390024619697e-06
33562	3.36770154678421e-06
33566	3.3653295902178e-06
33572	3.35187562262899e-06
33580	3.32255348966686e-06
33582	3.25970601752732e-06
33596	3.16905476914545e-06
33620	3.06397690314814e-06
33624	3.03728638358607e-06
33636	3.00629982859460e-06
33650	2.99803244971099e-06
33668	2.88499153965027e-06
33698	2.85471129466735e-06
33714	2.83856897469969e-06
33718	2.82285550969649e-06
33726	2.78005255764945e-06
33728	2.77003040081583e-06
33758	2.73215316547908e-06
33788	2.71722665846205e-06
33796	2.70194797535457e-06
33802	2.69871718147805e-06
33806	2.69072684328694e-06
33808	2.67845237056126e-06
33832	2.63929671559064e-06
33852	2.62237154250458e-06
33866	2.62083367327048e-06
33874	2.60260888327038e-06
33896	2.59697476688293e-06
33898	2.58125529098618e-06
33906	2.57875752837759e-06
33920	2.55050853750564e-06
33936	2.54093238483236e-06
33956	2.53171560910679e-06
33960	2.49383023505015e-06
33964	2.48609987209163e-06
33966	2.47717813088329e-06
33974	2.44485132813113e-06
33994	2.43880781291093e-06
33996	2.43093003040170e-06
34004	2.42525677813651e-06
34008	2.39968508403558e-06
34010	2.36682717411884e-06
34036	2.35620688563795e-06
34072	2.34700478204466e-06
34080	2.33226202760466e-06
34084	2.31233710850978e-06
34104	2.297319741156e-06
34106	2.29640901342908e-06
34110	2.29230863592983e-06
34152	2.28805127403546e-06
34154	2.28397696336376e-06
34162	2.27950389334931e-06
34172	2.27872244968962e-06
34174	2.27544451837078e-06
34178	2.26189345167952e-06
34184	2.26140508041388e-06
34192	2.25821241968145e-06
34210	2.23332636100274e-06
34222	2.23196566414875e-06
34244	2.22874020166243e-06
34248	2.2247220639872e-06
34266	2.21281254457841e-06
34270	2.19878969351073e-06
34272	2.16449121133651e-06
34282	2.16276385280021e-06
34300	2.14133344720218e-06
34326	2.13881992927540e-06
34344	2.13541341861743e-06
34350	2.13106682266981e-06
34356	2.12901943551203e-06
34358	2.11749698545126e-06
34362	2.11597606931594e-06
34364	2.11162900497847e-06
34368	2.08858556588515e-06
34388	2.07689010810085e-06
34392	2.07610852482332e-06
34418	2.07142728542380e-06
34420	2.07068433777856e-06
34422	2.06217220327993e-06
34430	2.05926730272196e-06
34442	2.04693679819742e-06
34454	2.04319060947251e-06
34462	2.02818032087391e-06
34472	2.01391684713501e-06
34476	2.01060980279986e-06
34478	2.00553337010727e-06
