28080
27540
29640
28860
29220
29580
28800
28920
28500
29520
29040
28740
29160
29280
28140
28500
29340
28920
29160
27300
28560
28440
28620
28680
29040
28740
28800
29220
29220
28620
29160
29100
28980
28320
28680
28920
27840
28920
28860
29220
28800
28800
28860
29160
28560
29280
29460
28680
28080
29160
29040
28560
29100
29160
28680
28740
28980
28680
29160
29220
27780
29100
28560
28860
29160
28440
28800
28680
29400
29280
28380
29160
29340
29040
28740
29220
28680
28260
28680
29640
29100
29700
28500
28440
29280
28380
29160
28500
28380
28260
29520
28500
28800
28920
28800
28500
28500
28860
27960
28860
29580
