35100
33780
33780
36780
35340
34500
36060
34560
34980
35100
34920
33960
34140
32040
33240
34800
34980
34620
34800
33960
34260
32640
36420
36600
36540
34740
35700
35520
35640
34920
35700
32760
35280
36840
37260
35520
35280
36120
35160
36060
37020
34200
33540
35340
35280
31980
34920
35940
34860
34380
34920
34080
35760
36840
37560
35280
34800
34260
34020
35280
35640
34980
35220
36840
35280
34620
34380
34920
36060
35400
33060
36840
37140
35640
36300
33240
36960
34260
34440
36300
35160
36420
34740
34740
33780
34140
33960
34500
36420
33060
34440
35400
35880
34260
35340
34980
37080
36720
35520
34920
34440
