31920
33060
33180
33840
33420
34380
33420
33600
34140
33540
33540
34200
34560
33300
33000
33240
32880
33420
33120
33780
33480
34020
33540
33720
34080
34200
33780
32640
33240
33000
33360
32940
33420
33300
33000
33600
33060
33600
33840
32820
33120
33420
32940
33420
33420
32940
32820
32880
33060
33420
33480
33060
33420
33060
33780
32940
33360
33660
33420
32940
33360
33540
33360
32460
33240
31860
33720
34200
33480
34560
33480
34140
32880
33900
33180
32940
33180
33420
33720
32640
32580
33840
33000
33360
34080
33720
33180
33600
32640
33180
32820
32700
33240
33060
32940
33180
33180
34260
33060
32940
33300
