30840
30420
31320
30420
28980
30300
31920
31920
31620
30480
30480
31860
29640
29700
30240
29100
30900
32340
28740
30120
29160
29400
30060
31020
30780
32880
29340
31980
32460
29880
30000
29880
30660
31080
29580
30840
31860
32280
31200
30780
29760
30000
30000
28800
29220
30060
29640
30900
29880
29400
30060
31380
31320
31440
29580
31020
30480
30960
31020
30720
29700
30240
30660
31320
32100
31080
30600
30300
31680
32580
30900
28980
31380
28440
31080
28440
32100
30300
30240
30300
31800
30540
30480
30780
30840
32340
29880
29880
31020
30600
30600
30060
29220
31200
28560
30660
29940
31860
31200
30780
29400
